<?xml version="1.0" encoding="UTF-8"?>
<kml xmlns="http://www.opengis.net/kml/2.2" xmlns:atom="http://www.w3.org/2005/Atom">
<Document>
<name>2009早同トレース１日目</name>
<atom:author>
<atom:name>どらごん</atom:name>
</atom:author> 
<atom:link href="https://latlonglab.yahoo.co.jp/route/watch?id=afe445cddf91cb938c71ccd996fe5a6b" />
<description><![CDATA[770up 71.9km]]></description>
<tags><![CDATA[WCC 47代]]></tags>  
<Placemark>
<Style>
<LineStyle>
<color>99ff0000</color>
<width>6</width>
</LineStyle>
</Style>
<LineString>
<coordinates>
137.50337166666668,35.49979027777778,295
137.50350416666666,35.49975138888889,296
137.50367083333333,35.50011666666666,294
137.50374055555557,35.50027388888889,294
137.50387694444444,35.500610555555554,294
137.503915,35.500680833333334,294
137.50393916666667,35.500731944444446,294
137.50395416666666,35.50078305555556,294
137.50397694444445,35.50082416666667,294
137.504015,35.500909444444446,295
137.50410638888889,35.50098166666667,295
137.5043425,35.50111805555556,296
137.5041138888889,35.501331944444445,295
137.5044425,35.50197277777778,297
137.5039925,35.502135555555554,295
137.50418305555556,35.50249138888889,295
137.5042513888889,35.50255805555555,296
137.50412888888889,35.502699444444445,296
137.50399194444444,35.50278138888889,295
137.50377805555556,35.502858055555556,295
137.503695,35.50287333333333,294
137.50374055555557,35.50290805555556,294
137.50373305555556,35.50313305555556,295
137.50367888888889,35.50320888888889,295
137.50351916666668,35.50335638888889,294
137.50328277777777,35.50362527777778,295
137.5032675,35.50391583333333,297
137.50328277777777,35.50397666666667,297
137.50329027777778,35.504016944444444,298
137.50334333333333,35.5040475,298
137.50314444444444,35.504281666666664,297
137.5026413888889,35.50484138888889,300
137.50266416666668,35.50492277777778,301
137.50235166666667,35.505268055555554,302
137.50178,35.50591444444444,304
137.50140555555555,35.50635166666667,301
137.50107027777779,35.50679805555556,297
137.50071888888888,35.50735805555556,296
137.5006275,35.50748083333333,296
137.50002416666666,35.50812666666667,296
137.4999938888889,35.50815138888889,296
137.49971916666667,35.50844638888889,296
137.49959027777777,35.50861416666667,295
137.49950527777779,35.508783055555554,289
137.49934583333334,35.50922444444444,280
137.49933055555556,35.509255,279
137.49917027777778,35.5096775,280
137.49894166666667,35.51032333333333,281
137.4987125,35.51096916666667,282
137.4984838888889,35.51161416666667,283
137.49843055555556,35.51173166666667,283
137.49855194444444,35.51174666666667,284
137.49862916666666,35.51175777777778,285
137.49868166666667,35.51174666666667,286
137.49876555555556,35.511715833333334,286
137.49911694444444,35.51154916666667,282
137.49924583333333,35.51150777777778,282
137.49934583333334,35.51148305555556,282
137.49945194444444,35.5114625,280
137.50004055555556,35.511431944444446,272
137.50025305555556,35.51142138888889,271
137.5004438888889,35.51142138888889,271
137.50064277777778,35.51144194444444,271
137.50119166666667,35.511538333333334,273
137.50206916666667,35.51173166666667,272
137.50263333333334,35.51189027777778,278
137.50273305555555,35.511915,277
137.50319027777778,35.511965833333335,272
137.50326694444445,35.51198138888889,270
137.50341916666667,35.51204194444445,275
137.50359444444445,35.51206277777778,272
137.50393027777778,35.51213888888889,274
137.50409055555556,35.512165,273
137.50484555555556,35.51237305555556,274
137.50490666666667,35.512388055555554,273
137.5051202777778,35.512413055555555,271
137.50557805555556,35.512505555555556,271
137.50606638888888,35.51264777777778,272
137.5068063888889,35.512815555555555,274
137.50753805555556,35.51298305555556,273
137.50765333333334,35.51302416666667,276
137.50827833333332,35.513238055555554,282
137.5084163888889,35.51329888888889,282
137.50867555555556,35.51342555555556,281
137.50878166666666,35.513466666666666,283
137.50925527777778,35.513624166666666,283
137.50960666666666,35.51377166666666,287
137.510095,35.51401555555555,297
137.5103925,35.51418388888889,293
137.51060555555554,35.51432583333333,294
137.5107888888889,35.51448305555556,296
137.51094083333334,35.51462083333333,295
137.51101805555555,35.514742777777776,293
137.51105583333333,35.51485,294
137.51105583333333,35.5149825,295
137.51106388888888,35.51501277777778,297
137.51117,35.51513416666667,295
137.51121555555557,35.515190555555556,295
137.51123833333332,35.515256666666666,292
137.51125305555556,35.51531777777778,292
137.51125305555556,35.515429166666664,295
137.51127,35.515480555555555,298
137.5113,35.515505555555556,298
137.51141416666667,35.515571666666666,297
137.51144444444444,35.51562277777778,297
137.5114825,35.515679166666665,296
137.5115825,35.51580583333333,294
137.5116052777778,35.51591777777778,296
137.51178083333335,35.51624833333333,294
137.51194055555555,35.51654333333333,294
137.51226916666667,35.51718916666667,294
137.51241305555556,35.517408055555556,297
137.51293194444443,35.517896666666665,292
137.5130775,35.518105,285
137.51320666666666,35.51840416666667,287
137.5132152777778,35.51862333333333,288
137.51323805555555,35.518704444444445,284
137.513405,35.519,284
137.51342805555555,35.51912138888889,288
137.5133825,35.51929916666667,289
137.51327583333332,35.519488055555556,293
137.5132913888889,35.51956416666667,293
137.51346666666666,35.519980555555556,296
137.51358805555554,35.52006194444444,294
137.5137413888889,35.52007305555556,291
137.51400055555555,35.52003694444444,296
137.51415277777778,35.52000666666667,298
137.51422916666667,35.51996555555556,297
137.51445055555556,35.5197475,298
137.5145877777778,35.51967055555556,300
137.51471805555556,35.51967055555556,303
137.51516805555556,35.51981388888889,303
137.51586916666668,35.520046666666666,308
137.51631944444443,35.520220555555554,310
137.51696805555557,35.520474444444446,313
137.5174563888889,35.52072416666667,313
137.51790666666668,35.52094777777778,314
137.5181888888889,35.521074444444444,315
137.51871527777777,35.521278333333335,316
137.51906555555556,35.52146638888889,319
137.51967638888888,35.52184805555556,316
137.5199888888889,35.522015,319
137.52025555555556,35.522131944444446,318
137.52057666666667,35.52218888888889,312
137.52067555555556,35.522239444444445,315
137.52088916666668,35.522396944444445,314
137.52100305555555,35.522463333333334,316
137.52120166666666,35.52252388888889,316
137.52141555555556,35.522575,320
137.52153055555556,35.52259027777778,319
137.52167444444444,35.52260555555556,318
137.5226438888889,35.5227075,313
137.52361277777777,35.52280416666667,308
137.52387916666666,35.52288027777778,307
137.52410055555555,35.5229725,307
137.52427666666668,35.52312416666667,308
137.52444444444444,35.52325666666667,308
137.52465,35.52346444444444,309
137.52481805555556,35.523653055555556,308
137.52496333333335,35.52386166666667,308
137.52501666666666,35.52392805555556,309
137.52547416666667,35.52457305555556,311
137.52564166666667,35.524771944444446,312
137.5260538888889,35.52529638888889,315
137.52635138888888,35.52559138888889,313
137.52699194444443,35.52623666666667,310
137.52762583333333,35.5268825,307
137.52783083333333,35.52729444444444,304
137.5278538888889,35.52751388888889,304
137.52757916666667,35.527839166666666,307
137.52752583333333,35.52800638888889,308
137.52761805555556,35.528128333333335,308
137.52780805555557,35.52811333333333,313
137.52832666666666,35.52808777777778,325
137.52846444444444,35.52787,323
137.5287013888889,35.52795555555556,324
137.52889194444444,35.52808805555556,323
137.52909055555557,35.52835777777778,326
137.5294638888889,35.52898277777778,325
137.52958666666666,35.52910527777778,324
137.52950166666668,35.529180833333335,328
137.5294638888889,35.52929833333334,331
137.52964,35.52948166666667,335
137.5297913888889,35.529536944444445,331
137.52991416666666,35.529629444444446,333
137.52996666666667,35.529715,335
137.5299138888889,35.52976638888889,335
137.52977666666666,35.529780833333334,344
137.52950166666668,35.52976638888889,342
137.52936527777777,35.52974138888889,343
137.52921166666667,35.52965416666667,347
137.52911333333333,35.52952166666667,346
137.52907416666667,35.52935388888889,347
137.5290288888889,35.529094444444446,343
137.52899083333332,35.52901305555555,346
137.52887666666666,35.528958055555556,347
137.52875416666666,35.52896305555556,346
137.5287013888889,35.52901305555555,347
137.5286252777778,35.52926277777778,350
137.5285252777778,35.52948166666667,352
137.52834194444443,35.52976638888889,353
137.52825083333335,35.529853055555556,354
137.52801416666668,35.53013694444444,355
137.52793055555554,35.53026916666666,356
137.5278625,35.53053944444444,360
137.52770166666667,35.53098138888889,362
137.52770166666667,35.53107333333333,362
137.52783833333334,35.53133805555556,366
137.52783833333334,35.53141388888889,366
137.52783083333333,35.53149555555556,368
137.52781555555555,35.53156166666667,370
137.52774,35.53165305555556,372
137.52761805555556,35.53173,378
137.52728944444445,35.53181555555555,379
137.5271752777778,35.53185666666667,378
137.5271138888889,35.53189666666667,381
137.5271375,35.531978055555555,381
137.52720555555555,35.53201388888889,384
137.5273125,35.53202916666667,384
137.52758666666668,35.532019166666664,385
137.52779305555555,35.53202916666667,384
137.52790055555556,35.53208027777778,383
137.5281138888889,35.532288333333334,383
137.52815194444443,35.53241527777778,385
137.52806694444445,35.53272138888889,390
137.52812916666667,35.53312805555556,391
137.5282813888889,35.533590555555556,392
137.52844916666666,35.5339875,393
137.52879944444445,35.534419166666666,395
137.52916638888888,35.53503027777778,395
137.529265,35.53536555555556,395
137.52924944444445,35.535615,395
137.52922694444445,35.53610305555556,396
137.52920416666666,35.53635694444444,396
137.52918916666667,35.53642277777778,396
137.529365,35.536926666666666,398
137.52932694444445,35.53744527777778,398
137.5292802777778,35.53778583333333,397
137.5292425,35.53796916666667,396
137.52921166666667,35.538381666666666,395
137.529265,35.53884333333333,385
137.52940305555555,35.53919527777778,385
137.53002805555556,35.539485,384
137.53015055555557,35.53957166666667,380
137.53031083333335,35.53971388888889,378
137.53088305555556,35.54035916666667,371
137.53090555555556,35.54038027777778,370
137.53143944444443,35.54085305555556,365
137.53208055555555,35.541376944444444,358
137.53226416666666,35.54151916666667,356
137.53253833333332,35.541803333333334,349
137.5326677777778,35.54188055555556,346
137.53302666666667,35.54202277777778,346
137.5333013888889,35.54214527777778,340
137.5335,35.5422875,334
137.53359083333334,35.54236888888889,333
137.53363666666667,35.542434444444446,333
137.53373666666667,35.542785555555554,336
137.53377416666666,35.54287194444444,336
137.53439916666667,35.54338083333333,336
137.53447666666668,35.543486944444446,334
137.53465055555554,35.54388888888889,335
137.53473555555556,35.54403638888889,336
137.53490277777777,35.544235,334
137.53525416666668,35.54461166666667,334
137.53542944444445,35.544795,337
137.53578777777778,35.545094166666665,332
137.5358325,35.545135555555554,332
137.53583083333334,35.54513444444444,332
137.53590166666666,35.545201666666664,332
137.5360777777778,35.54546083333334,336
137.53613833333333,35.54559777777778,334
137.53622305555555,35.54582194444444,336
137.53629166666667,35.54607055555555,342
137.53633694444446,35.546554444444446,341
137.53633694444446,35.54678777777778,340
137.53631416666667,35.546995833333334,343
137.53625333333332,35.54717,341
137.53613833333333,35.54732694444444,342
137.53578777777778,35.54767833333333,342
137.53510888888889,35.54832416666667,353
137.53508555555555,35.548344444444446,353
137.53492555555556,35.54852666666667,354
137.5347888888889,35.54873638888889,353
137.53457444444444,35.549325555555555,352
137.53452916666666,35.54942166666667,354
137.53439166666666,35.54954444444444,354
137.53398805555557,35.549971944444444,356
137.53388055555556,35.55016944444444,356
137.5338275,35.550286666666665,354
137.53378916666668,35.55072916666666,351
137.5337125,35.55087666666667,355
137.53361333333334,35.55096805555556,354
137.53346055555556,35.551045,352
137.53330083333333,35.55107,352
137.53314055555555,35.551095833333335,353
137.53262916666668,35.55138027777778,352
137.5324913888889,35.55146166666667,346
137.53198833333335,35.55176194444444,348
137.53132555555555,35.552371666666666,346
137.53132555555555,35.552549444444445,344
137.53151527777777,35.55280916666667,345
137.53163055555555,35.55292083333333,352
137.53177555555556,35.552950833333334,353
137.53206527777778,35.552844444444446,353
137.5330113888889,35.552260277777776,355
137.53318583333333,35.552194166666666,352
137.53337666666667,35.55221916666667,358
137.5337438888889,35.55210666666667,362
137.53471277777777,35.551811944444445,374
137.53497944444445,35.551811944444445,376
137.53518555555556,35.55184388888889,376
137.5355663888889,35.55242805555555,375
137.53564277777778,35.55262166666667,368
137.5355663888889,35.55286,365
137.53537555555556,35.55309416666667,365
137.53494916666668,35.55343527777778,364
137.53439166666666,35.554050555555555,354
137.5339727777778,35.554695555555554,351
137.53355277777777,35.55534277777778,347
137.53330083333333,35.55571805555556,345
137.53324,35.555815555555554,345
137.53286583333335,35.55646083333333,344
137.53277444444444,35.55666388888889,343
137.5324913888889,35.55731055555555,339
137.53243833333335,35.55781833333333,339
137.5323852777778,35.55846527777778,337
137.53237777777778,35.55846916666667,337
137.53218666666666,35.558993055555554,336
137.53202666666667,35.559345,334
137.5317288888889,35.559710555555554,333
137.53136305555554,35.56006194444444,332
137.530775,35.56059583333333,333
137.53018805555556,35.56115027777778,333
137.52969944444445,35.56172388888889,332
137.52923416666667,35.56237055555555,332
137.52889833333333,35.562828055555556,332
137.52873805555555,35.563158055555554,333
137.528555,35.563805,331
137.52847916666667,35.56404388888889,331
137.52841055555555,35.56468916666667,325
137.52840277777779,35.56474027777778,324
137.52844805555554,35.565218333333334,333
137.5285625,35.56568638888889,338
137.52875305555557,35.56633166666666,339
137.52893666666668,35.56693166666667,340
137.52892916666667,35.56711527777778,340
137.52883805555555,35.56730805555556,340
137.52834944444444,35.56764888888889,341
137.52824194444443,35.56772027777778,342
137.52728833333333,35.56836583333333,344
137.52652555555557,35.568980833333335,345
137.52623583333335,35.56921555555556,346
137.52591555555554,35.56957666666667,346
137.52556416666667,35.569785,346
137.5254275,35.569850833333334,346
137.52544277777778,35.56992666666667,346
137.5254113888889,35.57009,345
137.52527444444445,35.57055888888889,339
137.5250988888889,35.57076694444444,335
137.52489277777778,35.57093944444444,333
137.52450416666667,35.57125944444444,336
137.52436666666668,35.57151416666667,333
137.52413027777777,35.57194166666667,333
137.52409916666667,35.572043055555554,335
137.52415277777777,35.57212416666667,333
137.52445083333333,35.572581944444444,331
137.52542,35.57249083333333,324
137.525725,35.57246055555556,321
137.52589166666667,35.572449444444445,321
137.52686083333333,35.57239416666667,320
137.52748666666668,35.572383333333335,319
137.5277538888889,35.57239888888889,318
137.5283102777778,35.572475555555556,317
137.52852416666667,35.57246527777778,317
137.5287975,35.57240888888889,317
137.5287952777778,35.57240888888889,317
137.52852416666667,35.57246527777778,317
137.5283102777778,35.572475555555556,317
137.5277538888889,35.57239888888889,318
137.52748666666668,35.572383333333335,319
137.52686083333333,35.57239416666667,320
137.52589166666667,35.572449444444445,321
137.525725,35.57246055555556,321
137.52542,35.57249083333333,324
137.52445083333333,35.572581944444444,331
137.52415277777777,35.57212416666667,333
137.52409916666667,35.572043055555554,335
137.52413027777777,35.57194166666667,333
137.52436666666668,35.57151416666667,333
137.52450416666667,35.57125944444444,336
137.52489277777778,35.57093944444444,333
137.5250988888889,35.57076694444444,335
137.52527444444445,35.57055888888889,339
137.5254113888889,35.57009,345
137.52544277777778,35.56992666666667,346
137.5254275,35.569850833333334,346
137.52537333333333,35.569785,346
137.52523666666667,35.569698055555556,346
137.52501555555557,35.56968305555556,346
137.5246488888889,35.56972416666667,348
137.52437416666666,35.569698055555556,350
137.524115,35.56955583333333,353
137.52397805555555,35.56934777777778,356
137.5239163888889,35.569160277777776,355
137.5239238888889,35.56868166666667,358
137.52397805555555,35.56838138888889,364
137.52397805555555,35.56773555555556,371
137.52398555555556,35.56720166666667,377
137.52409944444443,35.56690138888889,387
137.524115,35.56667777777778,384
137.52401583333332,35.566515,384
137.52362666666667,35.566195,395
137.52329166666667,35.56610277777778,403
137.52240583333332,35.566113333333334,404
137.52143694444445,35.56611777777778,406
137.52123805555556,35.56610277777778,401
137.52078916666667,35.56601666666667,398
137.5206288888889,35.56596583333334,401
137.52059055555554,35.56597555555555,401
137.52053777777778,35.56597555555555,402
137.52036166666667,35.566159166666665,402
137.52004916666667,35.566315833333334,403
137.51978916666667,35.566403055555554,402
137.51951416666665,35.56645833333334,401
137.51885166666668,35.566494166666665,404
137.5181875,35.56668305555556,404
137.51773,35.56681944444444,405
137.51749305555555,35.56688555555556,406
137.51724916666666,35.5669825,406
137.51716555555555,35.56705916666667,406
137.5167913888889,35.56746638888889,406
137.51613444444445,35.56811166666667,410
137.51589916666666,35.56833527777778,411
137.515655,35.568508333333334,411
137.51468583333335,35.56905777777778,416
137.5138538888889,35.569540555555555,419
137.51382333333333,35.56955555555555,419
137.51325166666666,35.56986638888889,423
137.51312916666666,35.56992666666667,422
137.513,35.56993194444444,422
137.5128013888889,35.56992666666667,421
137.5122675,35.56983555555556,423
137.51185527777778,35.569810555555556,422
137.51146583333335,35.569810555555556,423
137.51049666666665,35.56987138888889,425
137.50952805555556,35.5699375,428
137.509475,35.569941666666665,428
137.50912416666668,35.56993194444444,428
137.5089638888889,35.56989194444444,427
137.50878805555556,35.569815,428
137.5086513888889,35.56973333333333,428
137.50854333333334,35.5696425,428
137.50841444444444,35.56951,428
137.5083388888889,35.56943416666667,429
137.50817833333332,35.56928083333333,431
137.50805555555556,35.56919,436
137.50785055555556,35.569118055555556,432
137.50765194444443,35.5690825,434
137.50743055555554,35.569093055555555,435
137.50727805555556,35.569118055555556,432
137.50727,35.56912388888889,432
137.5063013888889,35.569408055555556,434
137.5053325,35.56968777777778,437
137.50436305555556,35.56996777777778,439
137.50405055555555,35.57010944444445,443
137.5037988888889,35.570281944444446,445
137.50376888888889,35.57030805555556,445
137.50313527777777,35.57095416666667,446
137.50250194444445,35.571600555555555,447
137.50179305555557,35.572245833333334,451
137.50150333333335,35.57250555555556,453
137.50119,35.572963055555554,457
137.50107555555556,35.5732475,455
137.50101527777778,35.57389388888889,458
137.50095305555556,35.57443194444444,461
137.50087694444446,35.57507888888889,462
137.50079333333332,35.57572416666667,463
137.50077805555554,35.57581555555556,463
137.50083916666668,35.575988333333335,464
137.50095305555556,35.57609083333333,462
137.50107555555556,35.57622194444444,465
137.50117416666666,35.57635416666667,464
137.50124277777778,35.57648277777778,466
137.50136527777778,35.576929444444445,468
137.50136527777778,35.57709777777778,469
137.50128916666668,35.57734638888889,474
137.50096805555555,35.57784,477
137.50086166666668,35.57808388888889,478
137.50085416666667,35.578313055555554,480
137.50087694444446,35.578541666666666,487
137.50093777777778,35.57869916666667,487
137.50105277777777,35.578831666666666,487
137.50128916666668,35.579015,487
137.50150305555556,35.57917166666667,484
137.50170055555554,35.57923805555556,483
137.5018763888889,35.57925916666667,481
137.5020675,35.57924944444444,481
137.5022888888889,35.57917166666667,483
137.50252527777778,35.57901527777778,485
137.50291388888888,35.578714444444444,494
137.50305166666666,35.57861805555556,495
137.50343944444444,35.57848138888889,495
137.50382916666666,35.57837388888889,494
137.50397416666667,35.578358333333334,495
137.50418055555556,35.578358333333334,497
137.5044163888889,35.578409444444446,498
137.50457666666668,35.57845527777778,499
137.50469166666667,35.578475555555556,500
137.50482833333334,35.57846583333333,500
137.50520305555557,35.57829805555556,507
137.50541666666666,35.578155555555554,507
137.5055988888889,35.577981944444446,508
137.505805,35.57765666666667,511
137.50595055555556,35.577331666666666,512
137.5061025,35.57706777777778,513
137.50613388888888,35.577020555555556,513
137.50653,35.57637555555556,516
137.5066752777778,35.57614083333333,516
137.50676666666666,35.57613138888889,516
137.50764416666667,35.576501944444445,519
137.50861277777778,35.57690916666667,523
137.50912416666668,35.57712305555555,525
137.50942916666668,35.57727583333333,524
137.50956666666667,35.57734638888889,522
137.50971055555556,35.57742388888889,523
137.50988666666666,35.57756555555556,522
137.51011555555556,35.57778916666667,521
137.51033694444445,35.578114444444445,517
137.51042805555556,35.578273055555556,516
137.51050416666666,35.57844027777778,517
137.51074055555554,35.57905138888889,517
137.51109194444444,35.57969638888889,517
137.5113288888889,35.58012388888889,518
137.51148805555556,35.58043444444444,514
137.51159555555554,35.5806125,512
137.5119613888889,35.58125805555556,505
137.51197666666667,35.58137527777778,503
137.51190027777778,35.58170583333333,498
137.5117788888889,35.58210777777778,495
137.51168666666666,35.582366666666665,492
137.51161055555556,35.58251416666667,493
137.51150416666667,35.58262583333333,494
137.5113513888889,35.58276388888889,493
137.51115305555555,35.582855,493
137.51087805555557,35.582905833333335,492
137.51007777777778,35.58316527777778,496
137.5093525,35.583464444444445,504
137.509215,35.583530833333334,508
137.50906277777779,35.58363833333333,512
137.50901638888888,35.58375,514
137.50901638888888,35.58384083333333,514
137.50897833333335,35.58448777777778,522
137.50896305555557,35.584695833333335,525
137.50899333333334,35.585341666666665,523
137.5090013888889,35.58544888888889,522
137.50898583333333,35.585524444444445,525
137.50895555555556,35.58563138888889,524
137.5088413888889,35.58576388888889,525
137.50851305555557,35.58595666666667,525
137.50833055555555,35.58604888888889,523
137.50775027777777,35.58619083333333,524
137.50752888888888,35.5862975,527
137.50735416666666,35.58640416666667,533
137.50729194444443,35.586465555555556,535
137.50725416666666,35.586531666666666,535
137.50720055555556,35.58660777777778,536
137.50720055555556,35.586638055555554,536
137.5071175,35.586820833333334,532
137.50708583333332,35.586846944444446,535
137.50704055555556,35.586908055555554,533
137.5069875,35.58693805555556,535
137.50696444444444,35.58696333333334,535
137.50688833333334,35.587004444444446,532
137.50676583333333,35.58705055555556,535
137.50661305555556,35.587070555555556,535
137.5064763888889,35.58708055555555,535
137.50636166666666,35.587070555555556,535
137.506225,35.58705055555556,534
137.50608666666668,35.586999166666665,536
137.50588944444445,35.586908055555554,536
137.50581194444445,35.5868875,537
137.50491305555556,35.5868725,543
137.5044775,35.58688194444444,546
137.504455,35.58688194444444,546
137.5042488888889,35.586908055555554,547
137.50376805555555,35.58696305555556,548
137.50348555555556,35.58702527777778,549
137.50314166666666,35.58710638888889,549
137.50305083333333,35.5871575,549
137.50302805555555,35.58721305555556,549
137.5030052777778,35.58732444444444,549
137.502975,35.58750777777778,549
137.50295083333333,35.587625,549
137.50290527777778,35.587695555555555,549
137.5028675,35.587736666666665,549
137.50282944444444,35.58777277777778,549
137.5027613888889,35.58781305555556,549
137.50260055555555,35.58787916666667,549
137.50238666666667,35.58797138888889,550
137.50218055555555,35.588056944444446,553
137.5019288888889,35.58811333333333,557
137.50179277777778,35.58813833333333,558
137.50171555555556,35.58813833333333,558
137.50165416666667,35.58813833333333,559
137.5015788888889,35.58812888888889,559
137.50144083333333,35.588098055555555,558
137.50128916666668,35.5880475,558
137.5011738888889,35.58801666666667,558
137.50099055555555,35.58795583333333,558
137.50069333333334,35.587808333333335,558
137.50040388888888,35.58769138888889,558
137.50019,35.587630555555556,558
137.49995305555555,35.58757416666667,562
137.49982416666666,35.58755333333333,563
137.49965583333332,35.587579444444444,563
137.49928916666667,35.58769083333333,564
137.49913694444444,35.58773138888889,563
137.49899916666666,35.58774638888889,563
137.49885527777778,35.58778777777778,563
137.49877805555556,35.58784833333333,562
137.498725,35.587920277777776,564
137.4987175,35.588031666666666,564
137.498725,35.588189166666666,563
137.49877805555556,35.588565555555554,555
137.4988175,35.588683055555556,556
137.4988627777778,35.588880833333334,556
137.49885527777778,35.58898777777778,556
137.498825,35.58909944444444,557
137.49876277777778,35.58922166666667,556
137.4987025,35.58931305555556,556
137.4986188888889,35.58937916666667,557
137.49854916666666,35.589415,557
137.49846555555555,35.589420555555556,557
137.49836694444446,35.589420555555556,557
137.49826666666667,35.58938944444444,558
137.49819833333333,35.58933916666667,558
137.49813055555555,35.589258055555554,557
137.49786333333333,35.58889138888889,558
137.49765,35.58864166666667,559
137.49758916666667,35.58858055555555,559
137.49751166666667,35.588545277777776,558
137.49741333333333,35.588545277777776,558
137.4973288888889,35.58855583333333,559
137.49697833333335,35.58867194444444,559
137.49656583333334,35.588815277777776,558
137.4963525,35.58891166666667,558
137.49580305555557,35.589195555555555,555
137.49539944444444,35.589415,550
137.49478083333332,35.58990305555555,548
137.49464305555554,35.590015,545
137.49452916666667,35.59016277777778,542
137.49453666666668,35.590289444444444,542
137.49465083333334,35.590380555555555,541
137.49494166666668,35.59064083333333,543
137.49494916666666,35.59077777777778,543
137.4948875,35.59094555555556,543
137.49481916666667,35.5910825,543
137.494575,35.591205,542
137.49439166666667,35.59119416666667,543
137.49435333333332,35.591189444444446,543
137.49420166666667,35.59114888888889,545
137.49412416666667,35.59099666666667,541
137.49410166666667,35.590670833333334,539
137.49421666666666,35.590024444444445,538
137.49423944444445,35.589913055555556,538
137.494255,35.58967416666667,537
137.49416277777777,35.5895725,537
137.49401805555556,35.58945527777778,536
137.49401805555556,35.58945527777778,536
137.49380444444444,35.58943027777778,535
137.49283555555556,35.58937916666667,535
137.4927675,35.589373333333334,535
137.49262944444445,35.589348333333334,535
137.49221805555555,35.58927305555556,533
137.49173027777778,35.58922166666667,534
137.49092805555554,35.5892825,533
137.4906538888889,35.58938888888889,532
137.49036416666667,35.5895625,531
137.4901275,35.589795555555554,530
137.48994416666667,35.590004444444446,531
137.48977694444446,35.5901775,531
137.4895013888889,35.590538333333335,531
137.48915083333333,35.591006666666665,530
137.48875333333334,35.59153027777778,529
137.48859416666667,35.59160638888889,528
137.48822777777778,35.591723333333334,526
137.48761777777779,35.591921944444444,522
137.4873663888889,35.59172888888889,523
137.48717555555555,35.59159666666667,527
137.48703722222223,35.59143805555556,527
137.48691555555556,35.59128055555556,527
137.48648083333333,35.59072166666667,525
137.48389416666666,35.589195555555555,523
137.48358166666668,35.5890025,519
137.48335305555557,35.588855,516
137.48313916666666,35.5887225,516
137.48236888888889,35.58812805555556,508
137.48178916666666,35.58767,505
137.48166666666665,35.587603333333334,499
137.4815377777778,35.587603333333334,497
137.48145305555556,35.587654444444446,497
137.48146805555555,35.587756666666664,497
137.4816438888889,35.58798027777778,496
137.4817663888889,35.58820388888889,493
137.48172833333334,35.58854027777778,491
137.4816438888889,35.58873777777778,490
137.48145305555556,35.58895666666667,488
137.48126305555556,35.58907388888889,488
137.48119333333332,35.58909888888889,488
137.48107944444445,35.589129166666666,489
137.4808888888889,35.58915527777778,489
137.48020194444445,35.58914444444444,480
137.47918,35.58921027777778,483
137.47884444444443,35.589393333333334,478
137.47840194444444,35.589439166666665,473
137.47826416666666,35.58956166666667,476
137.47811944444445,35.58983638888889,479
137.47790583333332,35.590044444444445,475
137.47766944444444,35.5902225,474
137.47742555555556,35.590314444444445,476
137.47724194444444,35.590314444444445,476
137.4770902777778,35.59023777777778,477
137.47685333333334,35.58985666666667,467
137.47669305555556,35.58972888888889,464
137.47655527777778,35.589713055555556,462
137.47647916666668,35.589820833333334,465
137.47638055555555,35.590065,465
137.47615166666668,35.59043638888889,455
137.4760063888889,35.59065555555556,456
137.47589194444444,35.59068555555555,457
137.4758302777778,35.59070555555556,455
137.4755788888889,35.59064027777778,452
137.47548,35.5905025,455
137.47544194444444,35.59030388888889,458
137.47544194444444,35.58985666666667,457
137.47541916666665,35.58967333333333,457
137.47522833333332,35.589444444444446,458
137.47506805555557,35.5893275,458
137.47474027777778,35.58918527777778,458
137.47445055555556,35.58911916666667,459
137.47419083333332,35.589128333333335,456
137.4739088888889,35.589155,448
137.47310666666667,35.58923055555555,439
137.47258833333333,35.589281666666665,437
137.47155138888888,35.589373055555555,438
137.47117694444444,35.589393333333334,438
137.47105555555555,35.58940305555556,438
137.47052916666667,35.589444444444446,440
137.46968916666665,35.589505,438
137.46864444444444,35.5896375,439
137.468255,35.5896375,439
137.46809555555555,35.589596944444445,440
137.4679425,35.58956166666667,439
137.46778944444443,35.58944416666667,439
137.46768305555557,35.589286666666666,438
137.46757666666667,35.58908805555556,438
137.46747694444446,35.58896166666667,438
137.4672938888889,35.58882944444444,437
137.4670888888889,35.588839166666666,436
137.46653083333334,35.58893555555556,429
137.4664325,35.58892027777778,427
137.4663325,35.58888,427
137.46624083333333,35.58880305555556,427
137.46611944444444,35.588681666666666,426
137.46573055555555,35.587995,420
137.46563916666668,35.587919166666666,419
137.46553166666666,35.58781166666667,417
137.4653025,35.587669166666664,417
137.46489166666666,35.58748583333333,414
137.464655,35.58736888888889,412
137.46426555555556,35.58709416666667,411
137.4640138888889,35.58744027777778,404
137.46398305555556,35.58761305555556,402
137.46402916666668,35.58788833333333,404
137.46408916666667,35.588030555555555,402
137.46418944444446,35.58833,402
137.46422,35.58864555555556,396
137.46415166666668,35.58882888888889,395
137.46391444444444,35.589169444444444,389
137.4637925,35.58930194444444,388
137.4636013888889,35.589419166666666,385
137.46339527777778,35.58948027777778,382
137.4624577777778,35.58954638888889,376
137.46251833333332,35.590095,375
137.46259416666666,35.59133638888889,376
137.4625413888889,35.5917225,376
137.4624263888889,35.59211416666667,375
137.46203027777779,35.59342138888889,376
137.4615038888889,35.59500194444445,359
137.46144194444443,35.59517555555556,362
137.46142666666665,35.595435,364
137.46145833333333,35.59567944444444,363
137.46152666666666,35.595978333333335,357
137.4616938888889,35.596243333333334,354
137.46224416666666,35.59681805555555,354
137.46257916666667,35.59715888888889,354
137.46306777777778,35.5976475,354
137.46379194444444,35.59837,364
137.46405166666668,35.598710555555556,364
137.46440305555555,35.59936166666667,364
137.4644563888889,35.599534166666665,366
137.46453194444445,35.59978805555556,357
137.46449416666667,35.600185,355
137.46429555555557,35.60082083333333,354
137.46414388888888,35.60140055555556,355
137.46401333333333,35.60213805555556,354
137.4638302777778,35.60322055555555,354
137.46391444444444,35.60511805555556,359
137.46376916666668,35.6056675,352
137.46332666666666,35.606719444444444,366
137.46300666666667,35.6071775,365
137.46260166666667,35.607436666666665,366
137.4608775,35.6080175,365
137.46051944444446,35.60818416666667,365
137.46006916666667,35.608494444444446,365
137.45975666666666,35.6089825,365
137.45970194444445,35.60926277777778,363
137.4597327777778,35.60993416666667,365
137.4599163888889,35.611958333333334,364
137.45989333333333,35.61215194444444,364
137.45958833333333,35.6127825,364
137.45958083333332,35.61302638888889,366
137.4595275,35.613168333333334,367
137.45934416666665,35.613484166666666,365
137.45919138888888,35.6137025,368
137.45916833333334,35.613825,367
137.45913055555556,35.613993055555554,366
137.45913805555554,35.61421138888889,366
137.45915333333335,35.61429277777778,366
137.45926805555555,35.614745,366
137.45948055555556,35.615115833333334,366
137.45997694444443,35.615766666666666,367
137.4623038888889,35.61832555555556,371
137.46248,35.61850888888889,371
137.46283805555555,35.618875555555555,373
137.46296805555556,35.619033055555555,373
137.4630138888889,35.619210833333334,373
137.463105,35.61925083333333,374
137.46315055555556,35.61926638888889,373
137.46322,35.61926638888889,373
137.46328055555554,35.61924138888889,373
137.4635575,35.61879944444444,373
137.4635575,35.61879944444444,375
137.46328055555554,35.61924138888889,373
137.46320444444444,35.61935833333333,374
137.4631202777778,35.619409166666664,374
137.46300638888889,35.619445,374
137.46294555555556,35.6196575,376
137.46290638888888,35.61973916666667,376
137.46263166666665,35.62038555555556,382
137.4622813888889,35.621025833333334,383
137.46186916666667,35.6216725,382
137.46159444444444,35.62209416666666,382
137.46150333333333,35.622190833333335,384
137.46149555555556,35.62219555555556,384
137.46083166666668,35.622841944444446,388
137.46034333333333,35.6234875,388
137.46012944444445,35.623758055555555,388
137.45997666666668,35.624026666666666,395
137.45981694444444,35.6246725,394
137.45970194444445,35.62510916666667,393
137.45947305555555,35.62575638888889,396
137.45938944444444,35.62598527777778,397
137.45904666666667,35.62663055555556,397
137.45884055555555,35.62701666666667,397
137.45839805555556,35.62766333333333,396
137.45839055555555,35.627673055555555,396
137.45821416666666,35.62789138888889,395
137.45797777777778,35.62803916666667,395
137.45737555555556,35.62827305555555,402
137.45640694444444,35.62868,403
137.45626916666666,35.62874055555555,403
137.4556288888889,35.62900027777778,406
137.45547583333334,35.62912277777778,402
137.45501055555556,35.62976805555556,402
137.45481944444444,35.63003305555556,402
137.4546525,35.63017527777778,404
137.45407944444443,35.63034833333333,406
137.45355333333333,35.63052666666667,406
137.45312555555554,35.63069333333333,405
137.45253888888888,35.630983055555554,404
137.451905,35.63119666666667,406
137.45149416666666,35.631375,405
137.45089083333335,35.63183277777778,411
137.45036444444443,35.632173055555555,411
137.44959416666666,35.632600555555555,411
137.4493425,35.63278944444444,410
137.44837333333334,35.633435,410
137.44780166666666,35.63381583333334,410
137.44740444444443,35.63402527777778,411
137.44689333333332,35.6343,411
137.4467177777778,35.63451777777778,410
137.44632944444444,35.63516416666667,410
137.44594,35.63581,410
137.44580194444444,35.63603333333333,410
137.44558055555555,35.63634916666667,410
137.44548166666667,35.63662388888889,409
137.44548166666667,35.6368625,412
137.445505,35.63750888888889,414
137.44552777777778,35.63788916666667,415
137.44554305555556,35.638149166666665,416
137.44556555555556,35.63854638888889,420
137.44554305555556,35.63863166666667,420
137.44552027777777,35.638713055555556,421
137.4454213888889,35.63889666666667,421
137.44486444444445,35.639543055555556,421
137.44430666666668,35.640188333333334,422
137.44410833333333,35.640406666666664,422
137.44352916666668,35.64105333333333,422
137.44339194444444,35.64120527777778,423
137.44313916666667,35.641490555555556,424
137.44262055555555,35.642090555555555,424
137.44217166666667,35.642695833333335,424
137.44169083333333,35.64334138888889,424
137.44145416666666,35.643656944444444,424
137.44100416666666,35.6443025,425
137.44080555555556,35.64458277777778,425
137.44059944444444,35.644866666666665,426
137.44014166666668,35.645513333333334,428
137.43976833333335,35.646011666666666,428
137.43960805555557,35.646195,429
137.43935583333334,35.64645388888889,430
137.43861583333333,35.64706916666667,435
137.43826555555555,35.64736416666667,432
137.43816555555554,35.64744,430
137.43790666666666,35.647644166666666,431
137.43709055555556,35.648289444444444,431
137.43695277777778,35.64839583333333,432
137.43653277777778,35.64886444444444,434
137.43624305555556,35.64926055555556,435
137.43605194444444,35.64962694444444,438
137.435855,35.65027277777778,441
137.4356488888889,35.65091833333334,443
137.4354425,35.65156527777778,446
137.43523638888888,35.652210555555556,448
137.43503027777777,35.652855833333334,451
137.43493166666667,35.65315666666667,452
137.4347177777778,35.653801666666666,451
137.43461916666666,35.65407666666667,451
137.43433555555555,35.65472305555556,454
137.43411555555556,35.65521138888889,456
137.43377166666667,35.655856666666665,463
137.43374083333333,35.6559025,464
137.43335916666666,35.656486666666666,464
137.4329402777778,35.657133333333334,464
137.43273416666668,35.65743805555555,464
137.43230666666668,35.65808388888889,462
137.4322913888889,35.65810416666667,462
137.43183305555556,35.658749444444446,459
137.43137555555555,35.659396666666666,456
137.4310025,35.659909444444445,454
137.43072,35.66025027777778,452
137.43020916666666,35.6606775,451
137.42946805555556,35.661323055555556,452
137.42917055555554,35.66157694444444,453
137.42894166666667,35.66179638888889,454
137.4282713888889,35.66238638888889,452
137.42782083333333,35.662793055555554,453
137.42762222222223,35.662976666666665,455
137.42693555555556,35.663621666666664,461
137.4262563888889,35.66426694444444,468
137.42598166666667,35.664685,476
137.42593638888889,35.66475555555556,477
137.42554666666666,35.66540055555556,477
137.4253263888889,35.66583888888889,482
137.42500527777779,35.66648444444444,488
137.4248838888889,35.66664194444444,483
137.4247838888889,35.66674416666667,483
137.42474583333333,35.66677416666667,483
137.42453944444443,35.6669275,483
137.42381527777778,35.667385,481
137.4235788888889,35.66753277777778,480
137.42260944444445,35.6681175,477
137.42234277777777,35.66824416666667,477
137.42195416666667,35.668416666666666,486
137.4210613888889,35.6690625,492
137.4207563888889,35.66927583333333,494
137.42005416666666,35.669850555555556,492
137.41928416666667,35.670496666666665,497
137.41873527777778,35.670949444444446,500
137.41866555555555,35.67099916666667,500
137.41842166666666,35.67124916666667,500
137.418285,35.6714575,500
137.4181927777778,35.671681944444444,501
137.41791805555556,35.67231666666667,502
137.4175752777778,35.672963055555556,506
137.4172313888889,35.67358388888889,510
137.41685805555556,35.67422916666667,510
137.41665916666668,35.67456444444444,511
137.41623166666668,35.67521083333333,515
137.41601805555555,35.67553138888889,517
137.41544638888888,35.67616666666667,524
137.4152552777778,35.67628416666667,524
137.41485916666667,35.67658333333333,526
137.41447,35.676858055555556,528
137.41409666666667,35.67702583333333,531
137.41337916666666,35.67718888888889,534
137.41316555555557,35.677255,536
137.41308055555555,35.67727555555555,537
137.4125775,35.677504444444445,537
137.41230305555555,35.6776975,532
137.41214333333335,35.67790027777778,529
137.41199055555555,35.678134444444446,542
137.41183,35.678358055555556,554
137.41161555555556,35.67872527777778,565
137.41147166666667,35.679029444444446,565
137.41141833333333,35.67913166666666,569
137.41129583333333,35.679456944444446,575
137.41126555555556,35.67974666666667,575
137.41129583333333,35.68006694444444,576
137.41157055555556,35.68071388888889,583
137.41161555555556,35.680805,584
137.41161555555556,35.681155555555556,584
137.41159305555556,35.68132305555555,583
137.4115175,35.681491666666666,583
137.4113338888889,35.6817,583
137.41112,35.68179083333333,581
137.41073166666666,35.68186277777778,584
137.40988416666667,35.68190805555555,583
137.40967805555556,35.681959166666665,582
137.40948055555555,35.682004444444445,584
137.40851166666667,35.68237555555555,588
137.40754305555555,35.68274777777778,591
137.40673333333334,35.6830625,593
137.40665777777778,35.68310805555556,594
137.40634527777777,35.68324027777778,595
137.40623,35.68329138888889,596
137.40588694444443,35.683413333333334,596
137.40491805555556,35.683749166666665,594
137.40473444444444,35.683785,594
137.40376583333332,35.6839725,592
137.40358277777779,35.683998333333335,592
137.40261333333333,35.68412527777778,591
137.40164583333333,35.6842525,589
137.40067666666667,35.684375,588
137.39970805555555,35.68449666666667,586
137.39943277777778,35.68458305555556,586
137.39914305555556,35.68469527777778,586
137.39873166666666,35.68489805555556,585
137.39848,35.68505638888889,577
137.39802944444443,35.68526444444444,573
137.39792194444445,35.685315555555555,573
137.39695333333333,35.68577333333333,566
137.39671666666666,35.685940555555554,567
137.3960313888889,35.68646416666667,557
137.39567194444444,35.68671416666667,557
137.3950927777778,35.68702888888889,556
137.39497,35.687095,554
137.39460416666665,35.6874975,544
137.39420694444445,35.68791916666667,539
137.3940313888889,35.68811777777778,535
137.39346694444444,35.688763333333334,523
137.39315444444443,35.68906305555556,525
137.3927725,35.68935388888889,527
137.39236916666667,35.68952055555555,526
137.39185694444444,35.68962777777778,514
137.39098805555557,35.68981027777778,512
137.39001916666666,35.69000916666667,510
137.38905027777778,35.690201944444446,508
137.38808166666666,35.69039638888889,505
137.3874175,35.69053805555556,504
137.38695944444444,35.690756666666665,501
137.38657083333334,35.690980833333334,499
137.38602944444443,35.69142277777778,496
137.38596027777777,35.69147916666667,495
137.38538083333333,35.6919575,482
137.38492305555556,35.692231666666665,482
137.38416,35.69259777777778,478
137.38347305555556,35.6928375,476
137.38320666666667,35.69292305555555,476
137.38255777777778,35.69311166666667,474
137.38213166666668,35.693289444444446,472
137.38163555555556,35.69352833333333,472
137.38132194444444,35.693778055555555,473
137.38122305555555,35.693914444444445,473
137.38118555555556,35.69397083333333,473
137.38107027777778,35.69426055555556,474
137.3809713888889,35.694676944444446,475
137.38095583333333,35.69497777777778,475
137.38095583333333,35.69516138888889,476
137.38096416666667,35.695324166666666,476
137.3809713888889,35.695969444444444,477
137.3809713888889,35.69661527777778,478
137.3809713888889,35.697026944444445,480
137.3809713888889,35.697673055555555,482
137.3809713888889,35.69776916666667,482
137.38093305555554,35.69841638888889,483
137.3809102777778,35.698745833333334,484
137.38089555555555,35.69901055555555,485
137.38087166666668,35.69927,485
137.38079555555555,35.69957027777778,487
137.38057416666666,35.69989555555556,488
137.38014666666666,35.70035388888889,488
137.38005527777779,35.700455,488
137.37995666666666,35.70055166666667,488
137.37935305555555,35.70119805555556,490
137.37875916666667,35.70182305555556,491
137.37823305555557,35.702373055555555,491
137.37784305555556,35.70283,492
137.37769805555556,35.70305416666667,493
137.3774688888889,35.70345555555556,494
137.37730916666666,35.70381166666667,495
137.37714888888888,35.70421833333333,496
137.3771338888889,35.704345555555555,496
137.37711833333333,35.70452888888889,497
137.37707277777778,35.705154444444446,498
137.37707277777778,35.70522555555556,498
137.37707277777778,35.70587166666667,500
137.3770275,35.706243055555554,500
137.37695805555555,35.70688833333333,501
137.37685916666666,35.7071175,502
137.37676055555556,35.70731055555556,502
137.37635555555556,35.707793333333335,504
137.37621805555557,35.70793666666667,505
137.3757688888889,35.708353055555555,506
137.37508166666666,35.708999166666665,508
137.3750363888889,35.709035,508
137.37486805555557,35.70916666666667,508
137.37412805555556,35.709808055555555,510
137.37339555555556,35.710453333333334,512
137.37267055555554,35.71108,511
137.37198416666666,35.71166888888889,514
137.37113027777778,35.71223833333333,514
137.3701613888889,35.71279305555556,518
137.3699325,35.71292527777778,519
137.36896305555555,35.71356055555555,520
137.36849805555556,35.71387138888889,521
137.36767305555554,35.714420277777776,522
137.36697138888889,35.71502,524
137.3665677777778,35.71537694444444,525
137.36588055555555,35.71602277777778,528
137.36572,35.71617027777778,528
137.3651863888889,35.716658333333335,531
137.36482055555555,35.7169425,531
137.36466777777778,35.717075,531
137.36462944444443,35.717105277777776,531
137.3639125,35.717751666666665,533
137.36378944444445,35.71785805555555,534
137.3630575,35.71850388888889,537
137.36292805555556,35.71861138888889,537
137.36215805555557,35.719256666666666,539
137.3613875,35.719901944444445,541
137.36074638888888,35.72029416666667,543
137.36058555555556,35.72039027777778,544
137.36021277777778,35.72056805555555,545
137.35924333333332,35.72096,551
137.3590827777778,35.721025555555556,552
137.35870944444446,35.72119444444444,552
137.35842666666667,35.72132138888889,552
137.35745888888889,35.72174305555556,553
137.35700805555555,35.72204333333333,554
137.3567263888889,35.722384166666664,555
137.35633666666666,35.722878055555555,559
137.35583305555556,35.72352333333333,563
137.35553583333333,35.7239,565
137.3553677777778,35.724041944444444,565
137.3550325,35.7243275,561
137.35455916666666,35.7246575,564
137.35417,35.72486527777778,564
137.35359027777778,35.725094166666665,565
137.35262083333333,35.725475833333334,567
137.3517588888889,35.7258775,571
137.35152194444444,35.726,571
137.35084277777779,35.72652388888889,573
137.35046944444446,35.726910555555556,575
137.3501102777778,35.7273175,576
137.34990555555555,35.727606944444446,578
137.34948527777777,35.7282525,581
137.34938555555556,35.7284,582
137.34904277777778,35.729010555555554,583
137.34879833333332,35.729330555555556,582
137.34861527777778,35.729535,583
137.34805055555555,35.73018027777778,586
137.34749416666668,35.730825555555555,589
137.3474713888889,35.730851666666666,589
137.34693666666666,35.7314975,592
137.34657055555556,35.731990833333334,594
137.34631916666666,35.73233166666667,595
137.34584583333333,35.732976944444445,597
137.34537305555557,35.733623055555555,599
137.3449,35.734269166666664,602
137.34443416666667,35.734915,604
137.34422055555555,35.735194444444446,605
137.3437475,35.735840555555555,607
137.34356527777777,35.736180555555556,611
137.3432288888889,35.736826666666666,617
137.34289333333334,35.737473055555554,623
137.34261916666668,35.73811888888889,627
137.34234416666666,35.73876416666667,631
137.34216083333334,35.73917083333333,633
137.34187083333333,35.73981777777778,637
137.34158055555557,35.74046333333333,641
137.34155777777778,35.740499166666666,642
137.34147416666667,35.74061638888889,642
137.34138305555555,35.74073777777778,642
137.34129833333333,35.74082888888889,643
137.34071166666666,35.74147527777778,647
137.34012416666667,35.74212083333333,651
137.33999416666666,35.74225888888889,652
137.33948333333333,35.742848055555555,655
137.33936055555554,35.742980555555555,656
137.33869777777778,35.74345888888889,659
137.33843083333332,35.74360638888889,659
137.33746166666666,35.743946944444446,659
137.33685805555555,35.744165,658
137.33588944444443,35.74446555555556,658
137.3358213888889,35.74449055555556,658
137.33504333333335,35.74468916666667,659
137.33493583333333,35.744704166666665,659
137.334525,35.744770555555554,659
137.33418083333333,35.74479083333333,659
137.33321166666667,35.7448475,658
137.33283083333333,35.7448725,658
137.33225805555554,35.74493833333333,659
137.33178555555557,35.74505027777778,664
137.33129694444443,35.74525833333333,671
137.33114527777778,35.745355277777776,672
137.3310075,35.745446944444446,673
137.3307477777778,35.74571666666667,677
137.3307252777778,35.7457425,677
137.3303202777778,35.746388055555556,681
137.33000805555557,35.74700305555555,683
137.32979416666666,35.74762916666667,686
137.32978666666668,35.747659444444444,686
137.32965777777778,35.748305,694
137.32958805555555,35.74869666666667,692
137.329535,35.74903166666667,692
137.32942083333333,35.749363055555555,693
137.32926055555555,35.74975444444444,695
137.32924527777777,35.74977527777778,695
137.3287875,35.75042055555556,691
137.32836,35.75096527777778,687
137.32814583333334,35.751356666666666,685
137.32802416666667,35.75161055555556,684
137.32785583333333,35.752119444444446,683
137.3277725,35.752430277777776,682
137.32775,35.752744444444446,683
137.32775,35.7531725,684
137.32775777777778,35.75378694444444,671
137.3277725,35.75389888888889,672
137.32781805555555,35.75438055555556,672
137.32781805555555,35.754379444444446,672
137.32783333333333,35.75454555555555,673
137.32788666666667,35.754931666666664,665
137.32795583333333,35.75555277777778,652
137.32793333333333,35.75582166666667,650
137.32781805555555,35.75617777777778,648
137.32763444444444,35.756523333333334,646
137.32740583333333,35.75678805555555,644
137.3268113888889,35.75722555555556,643
137.32593333333332,35.757870555555556,643
137.32563638888888,35.758085,639
137.32475916666667,35.75873055555556,630
137.32424,35.75911194444444,626
137.3233627777778,35.75975777777778,620
137.3224852777778,35.76040416666667,614
137.3222863888889,35.76069416666667,610
137.32211194444446,35.761029444444446,603
137.32198166666666,35.76133027777778,602
137.32190555555556,35.76165527777778,599
137.32190555555556,35.761920277777776,597
137.32198166666666,35.76221916666667,596
137.32217277777778,35.76269777777778,597
137.32235583333335,35.763105,598
137.32239416666667,35.763221944444446,597
137.32240916666666,35.76337916666667,597
137.32242444444444,35.76347055555556,598
137.32235583333335,35.763714444444446,598
137.32221805555557,35.763888333333334,596
137.32208166666666,35.76405555555556,596
137.32184527777778,35.76422888888889,595
137.32156166666667,35.764319444444446,592
137.32146305555557,35.764319444444446,591
137.32124916666666,35.764335,588
137.32101305555557,35.764314444444445,585
137.32070777777778,35.76422888888889,581
137.32043305555555,35.76403555555556,579
137.32025027777777,35.76383694444444,576
137.32005916666665,35.76348138888889,573
137.31972416666667,35.762835,568
137.31960916666668,35.76268666666667,566
137.31949527777778,35.762545,565
137.3193575,35.76242777777778,564
137.31923555555557,35.76237277777778,563
137.3190825,35.76231055555556,561
137.31886083333333,35.76226055555556,560
137.31807583333332,35.762189166666666,555
137.31796944444446,35.76217916666667,555
137.31747388888888,35.762101944444446,552
137.31675666666666,35.762005555555554,547
137.31639,35.76196,544
137.31542083333332,35.76184305555556,539
137.31484916666668,35.761721666666666,536
137.31422305555554,35.761496666666666,535
137.31397166666667,35.761405555555555,534
137.31340722222222,35.76118777777778,532
137.31323916666668,35.76112166666667,531
137.31301027777778,35.761044166666665,529
137.31204166666666,35.76072416666667,524
137.31156166666668,35.76056166666667,521
137.31115694444443,35.76042916666667,520
137.31072166666667,35.76017916666667,515
137.3104852777778,35.759970833333334,513
137.30995944444444,35.75953944444444,513
137.30976055555556,35.7594225,512
137.30927277777778,35.759148055555556,509
137.3083038888889,35.758761666666665,505
137.30749555555556,35.758430555555556,501
137.3068088888889,35.75814555555556,499
137.30602305555556,35.75783055555556,497
137.30563333333333,35.75767777777778,494
137.3054275,35.75758666666667,493
137.30492416666667,35.75745416666667,490
137.30438305555555,35.75742805555556,488
137.30427666666668,35.757418333333334,489
137.30390194444445,35.75742805555556,488
137.30322305555555,35.75754527777778,488
137.30238416666666,35.75769805555556,487
137.30141555555556,35.75787638888889,486
137.30044666666666,35.75805416666667,485
137.30024805555556,35.75809527777778,485
137.299775,35.758226666666665,482
137.29937166666667,35.75842055555555,478
137.29882138888888,35.75873527777778,477
137.29873,35.75879638888889,477
137.2977613888889,35.7593975,476
137.29771555555556,35.75942777777778,476
137.29674666666668,35.76000166666667,474
137.29577777777777,35.76057083333333,473
137.29522805555555,35.76089666666667,473
137.29426,35.76146166666667,474
137.29329055555556,35.76202555555555,475
137.29254305555557,35.76247277777778,470
137.29157416666666,35.76304277777778,463
137.2906438888889,35.763601944444446,458
137.28967444444444,35.7641775,454
137.28934694444445,35.76437055555556,451
137.28837805555557,35.76493027777778,445
137.2883163888889,35.764964444444445,445
137.2873475,35.76553027777778,445
137.28637833333335,35.76608888888889,445
137.28606555555555,35.76626666666667,443
137.28566138888888,35.76650138888889,438
137.28496055555556,35.766913333333335,435
137.28428916666667,35.76744166666667,430
137.28350333333333,35.7680875,432
137.28333527777778,35.76821916666667,432
137.282885,35.768388055555555,433
137.28191583333333,35.76877,432
137.28108527777778,35.769105,430
137.2807488888889,35.7692525,433
137.28062694444444,35.76931305555556,433
137.27965805555556,35.76969916666667,434
137.27868944444444,35.770086666666664,435
137.2779038888889,35.770401666666665,436
137.276935,35.7707375,429
137.27626305555555,35.77097055555556,425
137.27573694444445,35.7710425,424
137.2749352777778,35.7710275,419
137.27396777777778,35.77086444444444,417
137.27299833333333,35.77070166666667,415
137.27293694444444,35.77068666666667,415
137.27244083333332,35.770650555555555,409
137.2719375,35.77068666666667,408
137.27120555555555,35.77076805555556,413
137.27067916666667,35.770828333333334,415
137.27019083333334,35.77085916666667,414
137.26985555555555,35.77079305555556,415
137.26926777777777,35.77062027777778,410
137.2682988888889,35.77034555555556,403
137.26750555555554,35.77022888888889,403
137.26671222222222,35.77000916666667,402
137.26635305555556,35.769999444444444,402
137.26634555555555,35.77000527777778,402
137.26537666666667,35.77012638888889,398
137.26443833333335,35.770136944444445,397
137.264035,35.77010166666667,394
137.2630663888889,35.77002,389
137.26232583333334,35.76992777777778,389
137.2619363888889,35.76982666666667,388
137.2614027777778,35.769643333333335,388
137.2609752777778,35.769419444444445,388
137.26056416666665,35.76920055555556,386
137.26030444444444,35.769170555555554,380
137.26001416666668,35.769195555555555,379
137.25972416666667,35.76928777777778,379
137.25952583333333,35.76936888888889,379
137.25940416666666,35.769485833333334,378
137.25934333333333,35.76963277777778,379
137.25931194444445,35.77000916666667,377
137.25928166666668,35.770294444444446,379
137.2590763888889,35.77068638888889,384
137.25884027777778,35.771011666666666,385
137.25867916666667,35.77116888888889,385
137.25860333333333,35.77122527777778,388
137.258305,35.77146916666667,400
137.25823666666668,35.771515,403
137.25795444444444,35.77171777777778,416
137.25758055555556,35.771951944444446,411
137.25703166666668,35.77233416666667,403
137.25649027777777,35.77276555555556,396
137.2559488888889,35.773248333333335,387
137.2552388888889,35.773895,376
137.25510083333333,35.77401666666667,374
137.25492666666668,35.774225,371
137.25484166666666,35.77432666666667,370
137.25452916666666,35.774703333333335,364
137.25395777777777,35.77534888888889,359
137.2538502777778,35.775460555555554,358
137.25371333333334,35.775593055555554,357
137.25314055555555,35.77601055555556,355
137.25304194444445,35.776111666666665,353
137.25296444444444,35.77623416666667,354
137.25291916666666,35.77635138888889,355
137.25291916666666,35.776518055555556,356
137.25295694444443,35.77668138888889,357
137.25304166666666,35.77683416666667,358
137.25353777777778,35.777479444444445,359
137.25376666666668,35.77777416666667,359
137.2538502777778,35.77798277777778,357
137.2538502777778,35.77834416666666,354
137.25386555555556,35.778599166666666,347
137.25388805555556,35.77872638888889,349
137.25394083333333,35.778823055555556,348
137.25423194444446,35.779423055555554,348
137.2542777777778,35.77960083333333,347
137.254255,35.779718055555556,347
137.25424694444445,35.77972777777778,347
137.25394083333333,35.78037305555556,345
137.2535775,35.78009,347
137.25357194444445,35.78008666666667,347
137.25316305555555,35.77976888888889,350
137.25286583333335,35.77959083333333,353
137.25262916666668,35.77948333333333,352
137.252355,35.7794325,349
137.25138583333333,35.779381666666666,347
137.25065333333333,35.77934138888889,347
137.25020333333333,35.779285,345
137.25016555555555,35.77952416666667,348
137.2501425,35.779835,349
137.2501425,35.780094166666665,350
137.25015055555556,35.78038388888889,350
137.25018805555555,35.780591944444446,350
137.2502413888889,35.780815555555556,351
137.25032583333333,35.78105,351
137.25043194444444,35.78124833333333,352
137.25057805555556,35.781533055555556,352
137.2507527777778,35.78176694444444,353
137.25089027777778,35.781935555555556,353
137.25108083333333,35.78212305555556,354
137.25131777777779,35.78232583333333,354
137.25149222222223,35.78246388888889,355
137.25180583333332,35.782668055555554,355
137.25229416666667,35.782941944444445,356
137.25259166666666,35.78312416666667,357
137.25285055555557,35.783343333333335,358
137.2531175,35.78361805555556,354
137.2533388888889,35.78391888888889,353
137.25359055555555,35.78443166666667,355
137.25372805555557,35.784910555555555,358
137.25380416666667,35.78525555555556,358
137.25382666666667,35.785383055555556,359
137.25390305555555,35.78594777777778,357
137.25398027777777,35.78659305555556,355
137.25411666666668,35.78703027777778,353
137.25423916666668,35.787396944444446,354
137.25441333333333,35.78776805555555,355
137.25458944444443,35.78807305555556,354
137.25465027777778,35.788265833333334,355
137.25468916666668,35.78843416666667,354
137.25471194444444,35.78864277777778,361
137.25471194444444,35.78884138888889,361
137.25468166666667,35.789049166666665,362
137.25462777777778,35.78923805555556,362
137.25457416666666,35.78938027777778,361
137.25450583333333,35.78953305555556,362
137.25406305555555,35.79016388888889,365
137.2539875,35.79029055555556,366
137.25376583333335,35.79093638888889,364
137.25364305555556,35.791293055555556,363
137.25357527777777,35.79143944444444,362
137.25342944444444,35.791851666666666,363
137.25321694444443,35.7924975,365
137.25317805555557,35.79266555555556,365
137.25317805555557,35.79282305555556,364
137.25317805555557,35.79346916666667,365
137.25317805555557,35.79389166666667,365
137.25307916666668,35.794425555555556,364
137.25301833333333,35.79467916666667,362
137.25288055555555,35.795030555555556,365
137.2527513888889,35.795254166666666,366
137.25264416666667,35.7954475,368
137.2522013888889,35.796061944444446,368
137.25202666666667,35.7963175,367
137.25188888888889,35.79649,367
137.2515688888889,35.796932777777776,366
137.25141555555555,35.79705416666667,366
137.25112583333333,35.797221944444445,365
137.25066805555556,35.797466666666665,366
137.25037805555556,35.79759888888889,367
137.25031027777777,35.79762916666667,367
137.2493413888889,35.79799055555556,367
137.24892916666667,35.798163055555555,367
137.24870777777778,35.798274444444445,366
137.24773833333333,35.79875833333333,364
137.24755555555555,35.79884944444444,364
137.24738805555555,35.79891583333333,363
137.24699166666667,35.799058055555555,364
137.24620555555555,35.799348333333334,362
137.24607555555556,35.79939805555556,362
137.2451063888889,35.799755555555556,362
137.2448777777778,35.799840833333334,362
137.24466416666667,35.799933055555556,362
137.2444663888889,35.80004527777778,362
137.2443438888889,35.800130833333334,362
137.24409944444446,35.80030444444444,363
137.24386305555555,35.80049777777778,363
137.24372666666667,35.800603333333335,364
137.24329166666666,35.80097055555556,363
137.2429788888889,35.80126555555555,364
137.2425513888889,35.80170805555556,365
137.24249055555555,35.80177888888889,364
137.24229194444445,35.80204916666667,365
137.24195583333332,35.80252194444444,367
137.24168083333333,35.802928333333334,369
137.241445,35.80324888888889,372
137.24135388888888,35.803355277777776,370
137.24115527777778,35.803599166666665,370
137.24085027777778,35.803894166666666,372
137.2404,35.80432166666667,374
137.2397975,35.804966944444445,368
137.23976638888888,35.80499777777778,368
137.2396752777778,35.80506916666667,367
137.2395913888889,35.805165833333334,367
137.2394538888889,35.805298055555554,367
137.23930166666668,35.80543055555555,368
137.2391413888889,35.80558777777778,368
137.2390263888889,35.805705,369
137.23895027777777,35.80580694444444,369
137.2388288888889,35.805995,369
137.23853805555555,35.80647305555556,369
137.23851555555555,35.806513333333335,369
137.23832555555555,35.806865,369
137.2381802777778,35.80708805555555,369
137.23810416666666,35.80719055555556,369
137.23791305555557,35.80740388888889,368
137.23780555555555,35.80755583333333,368
137.23771444444444,35.807673055555554,368
137.23769166666668,35.80772916666667,368
137.23757666666666,35.807963055555554,369
137.23753833333333,35.808065,369
137.2374325,35.80825277777778,369
137.23727916666667,35.80851166666667,369
137.23718055555557,35.80873666666667,369
137.2370202777778,35.8091475,367
137.23690638888888,35.809463055555554,366
137.23682916666667,35.809580555555556,366
137.23677583333333,35.809646666666666,366
137.23666944444443,35.809753055555554,367
137.23646333333335,35.80990583333333,368
137.23634055555556,35.80997194444444,369
137.23624194444446,35.8100125,369
137.23591444444443,35.810114166666665,371
137.23576916666667,35.81015416666666,372
137.23534166666667,35.81035277777778,371
137.2352275,35.81039416666667,373
137.23505166666666,35.810430277777776,377
137.23496805555556,35.81048555555556,379
137.2349152777778,35.81053638888889,379
137.23481527777778,35.81070416666667,381
137.23475444444443,35.81075555555555,383
137.23461666666665,35.810831666666665,381
137.2342663888889,35.81096388888889,382
137.23405194444445,35.81106027777778,382
137.23397666666668,35.81111138888889,382
137.23369416666668,35.81138055555556,382
137.2335263888889,35.811476666666664,384
137.2334502777778,35.811548333333334,384
137.23341833333333,35.811614444444444,385
137.23336555555557,35.811771944444445,383
137.23332027777778,35.811843055555556,382
137.23309166666667,35.81198055555556,384
137.2329775,35.81205166666667,383
137.23279416666668,35.812239444444444,385
137.23262555555556,35.81233638888889,393
137.23248916666665,35.812423055555556,396
137.2324275,35.81251,397
137.23236666666668,35.812621666666665,395
137.2323438888889,35.81285555555556,392
137.23221333333333,35.813185555555556,396
137.23209194444445,35.813719166666665,396
137.23206916666666,35.81423916666667,396
137.23219055555555,35.81469583333333,394
137.23219055555555,35.81511305555556,399
137.23225194444444,35.81529666666667,396
137.23250416666667,35.81563777777778,394
137.23286944444445,35.81628305555556,399
137.23296916666666,35.81644583333333,401
137.23328194444446,35.81690388888889,402
137.23350333333335,35.817371666666666,403
137.2335563888889,35.817478055555554,404
137.23371694444444,35.81769694444444,405
137.23380055555555,35.817793333333334,405
137.23412805555554,35.81806805555556,402
137.23525,35.819070555555555,402
137.23539555555556,35.81923777777778,400
137.23545583333333,35.81930888888889,399
137.23550166666666,35.81939583333333,397
137.23566194444444,35.81974666666667,397
137.23571555555554,35.819919166666665,396
137.23573833333333,35.82008694444445,396
137.23582916666666,35.82131888888889,393
137.23581416666667,35.821445555555556,394
137.23579138888888,35.82165388888889,394
137.23573055555556,35.821913055555555,393
137.23563055555556,35.82210055555556,395
137.23550166666666,35.82227888888889,395
137.23505083333333,35.82281388888889,395
137.23490694444445,35.82300138888889,394
137.23477666666668,35.823230555555554,394
137.23470055555555,35.82337777777778,395
137.23465416666667,35.82355027777778,396
137.23449444444444,35.82402888888889,394
137.23436416666667,35.82417638888889,394
137.23416583333332,35.824333055555556,394
137.2335563888889,35.82477055555555,398
137.23338055555556,35.824954444444444,396
137.23283916666668,35.82564638888889,394
137.23252666666667,35.82592527777778,395
137.23230527777778,35.82612916666667,398
137.23215222222223,35.82632777777778,399
137.23206833333333,35.826485,399
137.23187777777778,35.8269375,399
137.2317563888889,35.82716055555556,398
137.23162555555555,35.82731916666667,398
137.2313513888889,35.827618333333334,401
137.23045083333332,35.82864638888889,405
137.23013805555556,35.828940833333334,405
137.22966555555556,35.82948555555556,408
137.22954388888888,35.82964305555556,408
137.2294288888889,35.829861944444445,408
137.22936805555557,35.830075,407
137.22933,35.830243055555556,408
137.22913916666667,35.83157527777778,414
137.22895555555556,35.83241916666667,412
137.2289252777778,35.832566944444444,408
137.22894055555557,35.83320277777778,407
137.22895555555556,35.833395555555555,407
137.22894055555557,35.833777777777776,405
137.22891777777778,35.83398583333334,405
137.22874166666668,35.834941666666666,409
137.22872666666666,35.83505888888889,409
137.22870416666666,35.83649333333334,407
137.2286813888889,35.83773444444444,407
137.2286813888889,35.83788166666667,407
137.2287188888889,35.838385555555554,406
137.2287038888889,35.83849166666667,406
137.22860444444444,35.83866944444444,406
137.228315,35.83918388888889,406
137.22821555555555,35.83932583333333,405
137.2279638888889,35.83951916666667,405
137.22752888888888,35.839824166666666,403
137.22739194444443,35.840001666666666,403
137.22733027777778,35.84014944444444,403
137.22726944444443,35.84037388888889,402
137.22669027777778,35.84247444444444,401
137.22652916666667,35.84287583333333,401
137.22637777777777,35.84314055555556,404
137.22605583333333,35.84350055555556,400
137.22567555555557,35.84381666666667,400
137.22537694444443,35.84410166666667,400
137.22498083333332,35.84455888888889,397
137.224455,35.84530138888889,396
137.22375277777778,35.84623277777778,398
137.22332555555556,35.84692305555556,398
137.22321916666667,35.84717305555556,398
137.2231575,35.847365833333335,398
137.2230888888889,35.8477425,398
137.22302805555555,35.847905555555556,397
137.22250166666666,35.84858166666667,399
137.222105,35.84934944444444,399
137.22186805555555,35.849955,398
137.22175416666667,35.850188055555556,398
137.2214025,35.850656666666666,398
137.22135694444444,35.85079888888889,398
137.22124305555556,35.85179055555555,399
137.22118166666667,35.85261416666667,400
137.22118916666668,35.85286333333333,400
137.22136444444445,35.85424166666667,401
137.22135666666668,35.85445083333333,401
137.220945,35.85570583333333,403
137.22069305555556,35.856449166666664,403
137.22046416666666,35.8572325,403
137.22028944444443,35.85767416666667,403
137.22003777777778,35.85855,404
137.21996805555557,35.85881333333333,405
137.21971666666667,35.85970416666667,405
137.21940416666666,35.860349444444445,406
137.21918277777777,35.86083194444444,406
137.21887805555556,35.86147888888889,406
137.21875527777777,35.86172305555556,407
137.21842,35.86222083333333,407
137.217985,35.86286666666667,408
137.2175575,35.86351305555556,409
137.21739027777778,35.86369055555556,410
137.21721416666668,35.86383305555555,415
137.21696277777778,35.863945,414
137.21600916666668,35.86426027777778,414
137.21504027777777,35.86457055555555,414
137.2145975,35.864738055555556,414
137.21362833333333,35.86509916666667,415
137.21340694444444,35.86512944444444,413
137.21294277777778,35.86510444444444,419
137.21272916666666,35.865145,416
137.21256888888888,35.86521055555556,417
137.21230166666666,35.86539416666667,414
137.21209555555555,35.86557166666667,414
137.21194277777778,35.86571388888889,413
137.211615,35.8661625,412
137.21114944444443,35.86680805555556,412
137.21068416666665,35.86745416666667,412
137.21061555555556,35.86754555555556,412
137.21025777777777,35.86801833333333,414
137.20976944444445,35.86866416666667,415
137.20957833333333,35.86888777777778,415
137.20903694444445,35.86953416666667,416
137.20849416666667,35.870179444444446,416
137.2086325,35.87025555555555,416
137.2096013888889,35.870795,415
137.2096775,35.87083638888889,415
137.2098227777778,35.8709275,415
137.21079083333333,35.8715025,415
137.21089,35.871563055555555,418
137.21025,35.87220833333333,413
137.21024083333333,35.872214166666666,413
137.20958583333334,35.872859444444444,414
137.2094177777778,35.873021944444446,414
137.20881555555556,35.873668333333335,415
137.20865527777778,35.87383583333333,415
137.20853194444445,35.87404,416
137.20839555555557,35.874345,416
137.20836305555557,35.87443666666667,416
</coordinates>
</LineString>
</Placemark>
</Document>
</kml>
