<?xml version="1.0" encoding="UTF-8"?>
<kml xmlns="http://www.opengis.net/kml/2.2" xmlns:atom="http://www.w3.org/2005/Atom">
<Document>
<name>2012北海道前プラ　最終日　～始まりの終わり～</name>
<atom:author>
<atom:name>ceo50</atom:name>
</atom:author> 
<atom:link href="https://latlonglab.yahoo.co.jp/route/watch?id=54c909e1742df386d630744b3558a9e9" />
<description><![CDATA[合宿六日目に相当。お待ちかねの温泉日。昨日に引き続きスーパーダート日。これでもかとダート。もはやゲシュタルト崩壊。

合宿での宿泊予定地を下見したのち新得駅解散予定。時間によっては先に新得で解散するかも。この辺は流動的。旭川までは電車で一発なので余裕で間に合うはず。新得事態にはあまり何もなさそうなので早めに旭川に行くのが吉か。

新得に飲み屋はあるのか？]]></description>
<tags><![CDATA[wcc]]></tags>  
<Placemark>
<Style>
<LineStyle>
<color>99ff0000</color>
<width>6</width>
</LineStyle>
</Style>
<LineString>
<coordinates>
142.86451194444444,43.46187444444445,683
142.8650761111111,43.46169666666667,681
142.86518361111112,43.46166083333333,680
142.8661522222222,43.46165111111111,676
142.86624333333333,43.461645555555556,676
142.86721222222224,43.46165638888889,671
142.8681813888889,43.46167166666667,665
142.86823444444445,43.46167611111111,665
142.8682875,43.46168138888889,665
142.86925638888889,43.461711944444446,665
142.86947777777777,43.461645555555556,665
142.86995833333333,43.46139194444444,664
142.87027083333334,43.461244444444446,667
142.87037833333332,43.46122916666667,666
142.87068305555556,43.46122916666667,666
142.8708436111111,43.461193333333334,663
142.8711563888889,43.46097972222222,665
142.87135472222224,43.460791944444445,663
142.87185833333334,43.46017138888889,661
142.8720188888889,43.46001833333333,662
142.87225555555557,43.459896666666666,663
142.87246777777779,43.45975388888889,664
142.87262083333334,43.45970388888889,663
142.87288027777777,43.45967777777778,665
142.87336833333333,43.459693055555555,663
142.8739402777778,43.45987638888889,662
142.8742311111111,43.45991222222222,663
142.87439055555555,43.45988611111111,662
142.8753063888889,43.45957583333333,667
142.87558083333334,43.45950972222222,665
142.87642055555557,43.4593675,663
142.87693916666666,43.45922,669
142.87719083333334,43.45912888888889,672
142.87738944444445,43.459026944444446,673
142.87779305555554,43.4587275,674
142.8780827777778,43.45856916666666,677
142.8783963888889,43.458468333333336,682
142.87854055555556,43.458376111111114,685
142.8785711111111,43.45829472222222,685
142.8785711111111,43.45795944444444,684
142.87851777777777,43.45784222222222,683
142.87832694444444,43.457501388888886,694
142.87830416666668,43.45733861111111,694
142.87835833333332,43.45720083333333,695
142.87848,43.45706416666667,695
142.87865555555555,43.4569775,695
142.8789911111111,43.45693722222222,693
142.87912111111112,43.45686027777778,693
142.87916666666666,43.45676388888889,693
142.8791061111111,43.456672777777776,692
142.87889222222222,43.456535,695
142.87884666666667,43.456428611111114,693
142.87884666666667,43.45623,692
142.8788075,43.456118333333336,692
142.87869361111112,43.456046666666666,695
142.8785711111111,43.45597083333333,695
142.878495,43.45585361111111,696
142.878495,43.45569611111111,694
142.87844194444443,43.45560388888889,697
142.87822805555555,43.45544666666667,701
142.87819027777778,43.455304444444444,704
142.87828888888887,43.4552025,708
142.878495,43.4552025,707
142.8788152777778,43.455151388888886,704
142.87896833333335,43.455085277777776,703
142.87904416666666,43.45500388888889,704
142.87905166666667,43.45491277777778,705
142.87898333333334,43.454795555555556,705
142.87893027777778,43.45461777777778,707
142.87895305555554,43.45448555555556,708
142.87900833333333,43.454386944444444,710
142.87900833333333,43.454386944444444,710
142.8791061111111,43.454211111111114,714
142.87912888888889,43.45406333333333,714
142.87908222222222,43.45395166666667,714
142.87870916666665,43.453646666666664,721
142.8782588888889,43.45312805555555,724
142.87811444444444,43.45292944444444,725
142.87803,43.452710277777776,732
142.87796916666667,43.4522025,734
142.87791583333333,43.452055,736
142.87779333333333,43.451922777777774,739
142.87754166666667,43.45183611111111,741
142.87725944444443,43.451820833333336,743
142.87629083333334,43.45178472222222,749
142.8758936111111,43.45181083333333,752
142.8756647222222,43.45181083333333,752
142.8752838888889,43.45171861111111,753
142.87495611111112,43.451663333333336,750
142.87455916666667,43.451663333333336,751
142.8742313888889,43.45174472222222,754
142.8740175,43.451769722222224,753
142.87374333333332,43.451769722222224,753
142.87327027777778,43.45167861111111,760
142.87295666666665,43.45167861111111,760
142.87246833333333,43.45178472222222,764
142.87223194444445,43.451795555555556,767
142.87204194444445,43.45173916666667,776
142.87145388888888,43.451393055555556,774
142.87115694444444,43.45112833333334,773
142.8710188888889,43.45097638888889,772
142.87072916666668,43.45081916666667,773
142.87013472222222,43.450584722222224,779
142.8698525,43.45046222222222,776
142.86973,43.450361111111114,777
142.86965388888888,43.45026472222222,777
142.86960833333333,43.450136666666666,778
142.86963111111112,43.44974527777778,775
142.8697222222222,43.44950638888889,775
142.8698222222222,43.44929805555556,775
142.86992083333334,43.44918083333334,774
142.87034083333333,43.44898777777778,770
142.8707825,43.44873833333333,763
142.87115694444444,43.44848972222222,764
142.87146944444444,43.448280277777776,765
142.8715388888889,43.448234722222224,765
142.87249138888888,43.447589444444446,765
142.87307916666666,43.447203055555555,763
142.87323972222222,43.44704027777778,762
142.87384194444445,43.44639388888889,762
142.87405583333333,43.4461,762
142.8745213888889,43.445453055555554,762
142.87466555555557,43.44509722222222,762
142.87466555555557,43.44490416666667,757
142.87454416666668,43.44472611111111,756
142.87410916666667,43.44408083333333,754
142.87410166666666,43.444065555555554,754
142.87386527777778,43.443418888888885,756
142.87366666666668,43.44324638888889,756
142.87352222222222,43.44320527777778,754
142.87317833333333,43.443220277777776,752
142.87290388888889,43.44336361111111,753
142.87240777777777,43.44385611111111,746
142.87219416666667,43.4439225,747
142.87190444444445,43.44397305555555,746
142.87115722222222,43.444029444444446,749
142.87080666666665,43.44401861111111,744
142.87063083333334,43.443963333333336,743
142.870455,43.44383111111111,739
142.87018055555555,43.44351527777778,734
142.86995916666666,43.44338861111111,734
142.8697075,43.44340361111111,735
142.86943277777777,43.443505555555554,735
142.8690825,43.44370416666667,736
142.86882972222222,43.4439125,733
142.86828083333333,43.444522222222226,736
142.8681136111111,43.44466,734
142.8673347222222,43.44530527777778,727
142.86700694444446,43.44560583333333,723
142.8669688888889,43.44576333333333,723
142.8669688888889,43.44593694444445,722
142.86706027777777,43.44617,719
142.86699166666668,43.44628194444444,718
142.8668311111111,43.44632305555555,717
142.86669444444445,43.4462625,718
142.8665036111111,43.44613,717
142.86629722222222,43.445819722222225,714
142.86616833333332,43.44560583333333,716
142.8660911111111,43.44545277777778,712
142.86612166666666,43.44515333333333,705
142.8662213888889,43.4448625,704
142.86647305555556,43.44444611111111,698
142.8668463888889,43.443800555555555,689
142.86722083333333,43.44315388888889,680
142.8673963888889,43.4427125,674
142.86748777777777,43.44235111111111,670
142.86764055555557,43.44170555555556,664
142.867785,43.441405,663
142.86818222222223,43.44084111111111,657
142.8686325,43.440194444444444,650
142.86871583333334,43.439864444444446,645
142.86871583333334,43.4394825,639
142.86868555555554,43.43942722222222,638
142.86840333333333,43.43878055555555,634
142.86834194444444,43.43841944444444,629
142.86837333333332,43.438027777777776,628
142.8682886111111,43.437865,627
142.8679838888889,43.437219444444445,622
142.8676788888889,43.43657388888889,618
142.86764083333333,43.436502222222224,618
142.86730444444444,43.435856944444446,615
142.86704527777778,43.435475,617
142.86706055555555,43.43519611111111,616
142.86710638888889,43.43482916666667,611
142.8668861111111,43.43422388888889,604
142.86667972222222,43.43359916666667,602
142.86661027777777,43.4332475,597
142.86664944444445,43.43289166666667,594
142.86671777777778,43.43224611111111,589
142.866695,43.43186,589
142.86665694444446,43.43121333333333,588
142.86661805555556,43.430567777777775,587
142.86658,43.429921944444445,586
142.86651916666668,43.429479722222226,584
142.86634333333333,43.42916388888889,576
142.8660236111111,43.42894027777778,575
142.86583277777777,43.42889916666667,573
142.86532916666667,43.428849166666666,572
142.8643602777778,43.428756944444444,570
142.86356722222223,43.428579166666665,564
142.8634686111111,43.428558333333335,564
142.86287277777777,43.42853888888889,561
142.86254527777777,43.42844222222222,562
142.8617825,43.427841111111114,560
142.86146888888888,43.42765888888889,558
142.8614536111111,43.42764361111111,558
142.861035,43.42699694444445,557
142.8610275,43.42691138888889,556
142.86099611111112,43.426265,548
142.86104277777778,43.426046666666664,548
142.86124777777778,43.42592416666667,547
142.86144638888888,43.42589916666667,546
142.862415,43.425776666666664,541
142.86338388888888,43.425655,537
142.86409361111112,43.42543166666667,537
142.86455916666668,43.42525805555555,536
142.8651461111111,43.42511583333334,533
142.86555805555557,43.42492277777778,534
142.86626777777778,43.42454083333333,531
142.8664588888889,43.42449,534
142.86685472222223,43.424505277777776,534
142.86757972222222,43.424591944444444,527
142.86774777777777,43.42457666666667,527
142.86871638888888,43.42451611111111,524
142.8690288888889,43.424413888888886,524
142.86937305555554,43.42420027777778,522
142.86979944444445,43.42415472222222,521
142.87076833333333,43.424058055555555,519
142.87115805555555,43.42404305555556,514
142.87157,43.42406777777778,513
142.87227194444444,43.424149166666666,517
142.87264527777776,43.42410944444445,515
142.8732713888889,43.42385,511
142.87359138888888,43.423748055555556,512
142.87411,43.42361555555556,514
142.87435416666668,43.423458333333336,509
142.87449194444446,43.423275,508
142.87485777777778,43.422665277777774,504
142.87501055555555,43.4225175,506
142.8752925,43.422405,505
142.87548361111112,43.42228361111111,506
142.8755975,43.42206,506
142.87578083333332,43.421774722222224,507
142.87617138888888,43.42146861111111,507
142.87617138888888,43.42146861111111,507
142.87659694444446,43.42113444444445,507
142.87732916666667,43.420655833333335,505
142.87816916666668,43.42024388888889,506
142.87829055555557,43.420091944444444,503
142.87829833333333,43.41977083333333,502
142.87830583333334,43.419125,502
142.87819194444444,43.418926666666664,503
142.8780313888889,43.418708333333335,496
142.8776188888889,43.418367777777775,495
142.8774975,43.41819,495
142.877505,43.41805222222222,492
142.8775961111111,43.41791444444444,488
142.878245,43.41726888888889,485
142.8787788888889,43.41675027777778,482
142.87887111111112,43.41650611111111,476
142.87889388888888,43.41621083333333,474
142.87872583333333,43.41556555555555,476
142.87871055555556,43.41553527777778,476
142.87852722222223,43.41488861111111,476
142.8783363888889,43.41424277777778,476
142.8783061111111,43.41415611111111,476
142.87820722222222,43.41368305555556,476
142.8781161111111,43.41307333333334,472
142.87809222222222,43.41285972222222,470
142.87805972222222,43.412399722222226,460
142.87805972222222,43.41239861111111,460
142.87805444444444,43.412315,458
142.87804666666668,43.412172777777776,460
142.8783061111111,43.412193333333335,465
142.8787563888889,43.412350833333335,463
142.87894722222222,43.41238111111111,460
142.87922944444443,43.412376944444446,461
142.879695,43.41247333333333,462
142.87996916666665,43.41260027777778,464
142.88039666666666,43.412976944444445,460
142.88077,43.413516111111115,464
142.88084694444444,43.41392305555556,473
142.88061805555554,43.414568333333335,471
142.88061055555556,43.41458361111111,471
142.8805725,43.41495027777778,472
142.88084694444444,43.415550277777776,472
142.8812352777778,43.41612444444444,472
142.8818688888889,43.41677111111111,472
142.8825013888889,43.41741638888889,473
142.88260888888888,43.417518333333334,473
142.8830436111111,43.418164166666664,475
142.8830663888889,43.41819,475
142.883455,43.41869361111111,483
142.88370666666665,43.41912527777778,481
142.88404305555557,43.41977111111111,482
142.88437833333333,43.4204175,484
142.8843936111111,43.420432777777776,484
142.88447805555555,43.420656111111114,484
142.8845311111111,43.420900277777775,485
142.8845311111111,43.421307222222225,484
142.8844086111111,43.42154166666667,483
142.8843552777778,43.42162722222222,482
142.88398194444446,43.42221722222222,482
142.88395805555555,43.422400555555555,484
142.88399722222223,43.42247666666667,484
142.88462972222223,43.42295527777778,488
142.88503444444444,43.42360083333333,494
142.88513333333333,43.42375805555555,496
142.88573666666667,43.42440472222222,496
142.88634611111112,43.42505027777778,496
142.88695694444445,43.425695833333336,495
142.887315,43.426072222222224,495
142.88739333333334,43.42626555555555,495
142.88739222222222,43.42626444444444,495
142.88743,43.42635777777778,495
142.88739972222223,43.42700333333333,496
142.88739222222222,43.42709,496
142.88739222222222,43.42773555555556,506
142.88739222222222,43.427816666666665,507
142.88780305555557,43.428314722222225,503
142.8879713888889,43.428961666666666,503
142.88797888888888,43.428965833333336,503
142.88825333333332,43.429363055555555,502
142.8888025,43.42982638888889,503
142.8890086111111,43.43005,507
142.88924527777777,43.43047166666667,507
142.88930583333334,43.43056277777778,505
142.8893525,43.43060833333333,506
142.8894586111111,43.430664722222225,506
142.88973305555555,43.43070055555555,508
142.89070222222222,43.430685555555556,507
142.8911525,43.43067472222222,507
142.89141944444444,43.43077111111111,510
142.89173194444444,43.430924166666664,511
142.89183166666666,43.431015277777774,511
142.8919911111111,43.43143305555556,513
142.8921061111111,43.431554722222224,513
142.89230444444445,43.431717222222225,514
142.89327333333333,43.43229777777778,516
142.89343305555556,43.43239888888889,516
142.8936163888889,43.432541944444445,517
142.89375416666667,43.43271444444444,517
142.89399083333333,43.43324833333333,520
142.89406666666667,43.433456666666665,521
142.8940513888889,43.43366611111111,524
142.8940211111111,43.43378194444445,523
142.89388333333332,43.43365527777778,526
142.89383,43.43355861111111,525
142.89381916666667,43.43353583333333,525
142.89381805555556,43.43353472222222,525
142.8935175,43.43291305555555,525
142.89341777777778,43.43281638888889,530
142.89318111111112,43.43263861111111,532
142.89310527777778,43.432541944444445,530
142.89253333333335,43.43225666666667,533
142.8921513888889,43.432048333333334,535
142.89183166666666,43.43188,543
142.89136611111113,43.43169777777778,546
142.89096916666668,43.43159583333333,544
142.89044277777776,43.43160555555556,551
142.89022916666667,43.4316925,551
142.890115,43.43181388888889,558
142.8901075,43.431890833333334,558
142.89015305555554,43.43194638888889,563
142.89109166666665,43.43203305555556,561
142.89122083333334,43.432114444444444,561
142.89128166666666,43.43222083333333,563
142.89126638888888,43.43232277777778,563
142.89119027777778,43.432404166666664,564
142.891045,43.43241388888889,567
142.89080944444444,43.43235861111111,566
142.89032138888888,43.43219583333333,572
142.8901836111111,43.43222083333333,571
142.890115,43.4322675,575
142.890115,43.43234888888889,575
142.8901911111111,43.43241388888889,577
142.8904961111111,43.432541944444445,575
142.89056555555555,43.432633055555556,576
142.89070222222222,43.43296388888889,582
142.89079333333333,43.43303,583
142.8910688888889,43.43303,583
142.89135861111112,43.43290777777778,581
142.8915027777778,43.432897777777775,582
142.8916025,43.43294888888889,584
142.89163277777777,43.433015,585
142.891595,43.433100555555555,586
142.89107638888888,43.43347166666667,589
142.890855,43.433548611111114,589
142.89055666666667,43.43360388888889,595
142.8903897222222,43.43365055555556,597
142.89028222222223,43.43372111111111,599
142.89022916666667,43.43380805555555,596
142.89022916666667,43.433925277777774,596
142.890305,43.43407277777778,598
142.89070194444446,43.4343875,599
142.89073972222224,43.434489444444445,598
142.89081694444445,43.43461638888889,598
142.89085472222223,43.434754166666664,599
142.8908775,43.434956944444444,599
142.89085472222223,43.43515027777778,598
142.89080916666666,43.43543,601
142.89077777777777,43.43580638888889,608
142.8906986111111,43.436059166666666,606
142.8906986111111,43.436058055555556,606
142.89067916666667,43.436122222222224,606
142.89060305555554,43.43644777777778,604
142.89060305555554,43.436574722222225,604
142.89070194444446,43.43665611111111,604
142.8908397222222,43.43665055555556,607
142.8909688888889,43.436665833333336,608
142.8910913888889,43.43671666666667,606
142.8912586111111,43.437129166666665,606
142.89132805555556,43.43719,605
142.89156444444444,43.43723111111111,606
142.89178583333333,43.43725611111111,606
142.89275333333333,43.4373625,604
142.8929063888889,43.43741333333333,605
142.89386777777779,43.43786583333333,598
142.89419555555557,43.43807972222222,593
142.89433333333332,43.43821194444445,592
142.89451666666668,43.4385375,591
142.89453944444443,43.438786944444445,592
142.89463027777776,43.438989722222225,592
142.89485166666665,43.4393,593
142.89508055555555,43.43954,598
142.8953325,43.43969166666667,601
142.8957675,43.439880555555554,603
142.89631666666668,43.440104166666664,612
142.89665194444444,43.440195277777775,613
142.89685805555555,43.44027222222222,613
142.89698055555556,43.44038833333333,613
142.89721694444444,43.44079527777778,622
142.89739166666666,43.440999166666664,624
142.89762805555554,43.441248888888886,621
142.89781916666666,43.44142138888889,624
142.89791888888888,43.44157444444444,623
142.89801777777777,43.44200583333333,629
142.8981163888889,43.44216333333333,634
142.89827694444443,43.44230638888889,634
142.89858944444444,43.442479166666665,635
142.89884111111112,43.442590833333334,636
142.89892583333332,43.442723055555554,642
142.8989411111111,43.44287083333333,643
142.89890305555556,43.44304861111111,644
142.89891833333334,43.44316583333333,646
142.8989938888889,43.44323638888889,643
142.89966555555554,43.44338944444444,654
142.8998175,43.44348055555555,655
142.8999022222222,43.44369972222222,657
142.9000161111111,43.44406638888889,664
142.9000313888889,43.44423888888889,663
142.89997805555555,43.44435611111111,665
142.8998175,43.444564444444445,667
142.89975666666666,43.4447325,668
142.89971888888888,43.444986388888886,667
142.89979472222223,43.44527055555555,674
142.89979472222223,43.44543888888889,674
142.89974166666667,43.44551472222222,677
142.89926833333334,43.44580555555556,674
142.8991002777778,43.445856666666664,683
142.89897861111112,43.445947777777775,685
142.89890277777778,43.44605416666667,685
142.89888,43.44614083333333,685
142.8988875,43.44645666666667,693
142.89897861111112,43.44667472222222,694
142.89907,43.4468675,694
142.89937583333332,43.447514166666664,692
142.89954305555557,43.447737777777775,694
142.89974166666667,43.44793638888889,697
142.89986416666667,43.448124166666666,699
142.89997777777776,43.44842888888889,698
142.89999305555557,43.44858194444444,696
142.9000927777778,43.448638333333335,696
142.90025222222224,43.44868833333334,697
142.90065694444445,43.44873944444444,691
142.90084055555556,43.448704722222224,686
142.90171722222223,43.44826194444445,694
142.9021522222222,43.44808833333333,705
142.90235083333334,43.44804805555555,704
142.9026025,43.4480275,705
142.90306805555556,43.448078611111114,714
142.90371555555555,43.44822055555556,716
142.90416583333334,43.44840416666667,715
142.90444055555557,43.44851583333333,724
142.90469222222222,43.448699166666664,725
142.90483,43.448861944444445,725
142.90486805555557,43.448994444444445,727
142.90487555555555,43.44936555555555,730
142.90488305555556,43.45001111111111,735
142.90489083333333,43.45065777777778,740
142.90489083333333,43.451303055555556,745
142.90494388888888,43.45139416666667,743
142.90508916666667,43.45150611111111,745
142.90521944444444,43.45153638888889,747
142.9052802777778,43.451572222222225,747
142.90551694444446,43.45188805555556,753
142.90576833333333,43.452065833333336,755
142.9059125,43.45208111111111,756
142.90622611111112,43.45209638888889,758
142.90647777777778,43.452198333333335,756
142.90667638888888,43.4521875,755
142.90690444444445,43.45212222222222,759
142.90701166666668,43.452065833333336,761
142.9072938888889,43.452065833333336,768
142.90745444444445,43.45212222222222,771
142.90746194444444,43.452198333333335,769
142.90743916666668,43.45229472222222,769
142.90732416666665,43.452463055555555,765
142.90725583333332,43.452711388888886,766
142.90708777777778,43.45294055555556,767
142.9069511111111,43.45306305555555,766
142.90693583333334,43.45307277777778,766
142.90693583333334,43.45307277777778,766
142.9067902777778,43.45316944444444,764
142.90666777777778,43.45328666666666,765
142.90662972222222,43.45337333333333,768
142.9066375,43.45350583333333,772
142.90669916666667,43.453581666666665,772
142.9068436111111,43.453647777777775,774
142.9075,43.45382055555555,775
142.9077061111111,43.45391277777778,779
142.9078125,43.45403944444445,775
142.9079502777778,43.45418138888889,775
142.90805666666665,43.45420222222222,775
142.90821722222222,43.454186944444444,774
142.90862944444444,43.45409055555555,775
142.9090025,43.454054722222224,773
142.9092163888889,43.45401888888889,775
142.90947555555556,43.45393222222222,773
142.90965138888888,43.453810555555556,773
142.91013972222223,43.45344388888889,778
142.91029916666668,43.45337333333333,776
142.91045222222223,43.4533625,775
142.9106888888889,43.453403888888886,776
142.91073444444444,43.453403888888886,776
142.91170333333332,43.453403888888886,777
142.91181833333334,43.45346444444444,778
142.91191694444444,43.45361222222222,775
142.91200027777776,43.45379,777
142.91203083333335,43.4539475,774
142.91206222222223,43.45397777777778,776
142.91225222222224,43.45401361111111,777
142.91235944444443,43.454009166666665,777
142.9133286111111,43.45400388888889,779
142.91350305555557,43.45404388888889,775
142.91401527777776,43.45423805555556,777
142.9141747222222,43.45426305555556,772
142.91438861111112,43.45422222222222,776
142.91465555555556,43.454095277777775,774
142.91489972222223,43.45397361111111,773
142.91516666666666,43.45376972222222,777
142.91540305555554,43.453561388888886,773
142.9155863888889,43.4533075,775
142.915655,43.45322055555555,776
142.9158,43.45315444444444,773
142.91620472222223,43.45301222222222,764
142.9167613888889,43.45263055555556,757
142.91692944444443,43.452620833333334,754
142.91708916666667,43.45265666666667,752
142.91724194444444,43.45276305555556,754
142.9173027777778,43.45288027777778,757
142.9173027777778,43.452982222222225,758
142.91724194444444,43.45309916666667,758
142.91710416666666,43.45315444444444,755
142.91686777777778,43.45319583333333,754
142.91667666666666,43.45321527777778,754
142.91644888888888,43.45329666666667,749
142.9160138888889,43.453515833333334,747
142.9159138888889,43.4536125,746
142.91585305555554,43.453673055555555,746
142.91589861111112,43.45375444444444,743
142.91599861111112,43.45379583333333,740
142.9162525,43.453783888888886,738
142.9162513888889,43.453783888888886,738
142.91632638888888,43.453780555555554,738
142.91681444444444,43.4536275,738
142.91693722222223,43.45362222222222,738
142.9170511111111,43.453648055555554,737
142.9172497222222,43.45375444444444,727
142.91753944444446,43.454029166666665,726
142.91779111111111,43.45417222222222,727
142.91791361111112,43.45426333333333,727
142.91818055555555,43.45472138888889,725
142.91826416666666,43.454797222222226,725
142.9189736111111,43.45530611111111,716
142.91912666666667,43.45536138888889,715
142.91936194444443,43.45542777777778,715
142.91978944444443,43.4554125,714
142.92065222222223,43.45516416666667,714
142.92087361111112,43.455153055555556,710
142.92102527777777,43.455194444444444,708
142.92112527777778,43.45527027777778,706
142.92115555555554,43.45538222222222,704
142.921125,43.455815,705
142.921025,43.456180833333335,705
142.92100222222223,43.45641944444444,707
142.9210175,43.456674444444445,705
142.92114027777777,43.456964166666666,703
142.92129194444445,43.45702055555556,708
142.9213613888889,43.45710638888889,705
142.92146777777776,43.45722888888889,705
142.92156777777777,43.457524166666666,704
142.92165111111112,43.45762055555556,704
142.92182694444443,43.45771166666667,702
142.9219486111111,43.4577725,705
142.92219277777778,43.45794611111111,704
142.92255194444445,43.4580525,703
142.9227263888889,43.458082777777776,704
142.92306277777777,43.458063333333335,703
142.9234663888889,43.4580275,700
142.92364194444446,43.45800694444444,703
142.9242986111111,43.4577725,697
142.92440472222222,43.45776277777778,697
142.92513722222222,43.45775722222222,697
142.92523722222222,43.45776277777778,697
142.92544222222222,43.457813888888886,695
142.9255875,43.45794083333333,695
142.92567861111112,43.45807305555556,695
142.9257786111111,43.45824555555556,696
142.92580138888889,43.4583725,694
142.9258925,43.45842888888889,695
142.926015,43.45847027777778,695
142.92630472222223,43.458444166666666,697
142.92652611111112,43.45843888888889,697
142.92678527777778,43.45845388888889,696
142.92695333333333,43.45840416666667,695
142.9275252777778,43.45816416666667,694
142.92765444444444,43.45807333333333,695
142.92789083333332,43.45782388888889,695
142.9280363888889,43.45777833333333,698
142.92827277777778,43.457747777777776,697
142.92850166666668,43.457788055555554,698
142.9292875,43.45800722222222,697
142.92947833333332,43.45811361111111,696
142.92969222222223,43.45832305555555,693
142.92985166666668,43.45839888888889,690
142.93020305555555,43.458505277777775,686
142.9303786111111,43.45860722222222,684
142.93104916666667,43.45905527777778,684
142.93120972222223,43.45928861111111,676
142.9314161111111,43.45953277777778,675
142.93159166666666,43.45964444444444,674
142.93188916666668,43.45986361111111,675
142.93249138888888,43.46047333333333,666
142.93273555555555,43.46075333333334,668
142.9327886111111,43.46091611111111,666
142.9328277777778,43.461282777777775,655
142.93287305555555,43.461394444444444,656
142.93331555555557,43.461907777777775,659
142.93349805555556,43.46227888888889,648
142.93361305555555,43.46239611111111,648
142.9338038888889,43.462579444444444,660
142.93413916666665,43.462874444444445,649
142.93428472222223,43.46299611111111,654
142.93428472222223,43.46299611111111,654
142.93428472222223,43.46299611111111,654
142.93445944444446,43.46312416666667,651
142.93449722222223,43.4632,648
142.93467305555555,43.46353111111111,635
142.93488694444446,43.46389666666666,639
142.93490972222222,43.46443555555555,634
142.93490194444445,43.46450194444444,634
142.93490194444445,43.4651475,633
142.9349475,43.46532111111111,634
142.9351838888889,43.46578861111111,640
142.93522944444445,43.46585916666667,640
142.93557333333334,43.46650611111111,644
142.9356875,43.466612222222224,644
142.93593916666666,43.46680555555555,646
142.93615277777778,43.466922777777775,644
142.9367638888889,43.46716138888889,644
142.93741166666666,43.467619166666665,643
142.93754944444444,43.46769638888889,641
142.9384725,43.46799583333333,645
142.93863944444445,43.46809777777778,647
142.9388761111111,43.46829638888889,644
142.9389911111111,43.46843861111111,645
142.93900638888888,43.46845916666667,645
142.93934916666666,43.46910472222222,646
142.93950972222223,43.46958722222222,646
142.93954027777778,43.469770555555556,646
142.93961611111112,43.46986277777778,645
142.94006638888888,43.470167777777775,645
142.94099722222222,43.47081333333333,646
142.9415461111111,43.47109888888889,649
142.94175222222222,43.471215,649
142.94272138888888,43.471738888888886,649
142.94311083333332,43.47195277777778,649
142.94342305555554,43.472181666666664,652
142.94363694444445,43.47239555555556,653
142.94374305555556,43.47251277777778,654
142.94430083333333,43.47315833333333,656
142.94485,43.47380388888889,658
142.94491083333332,43.47389611111111,657
142.9449713888889,43.47443,657
142.94497916666666,43.47443972222222,657
142.94502583333335,43.47508638888889,657
142.9450486111111,43.47544194444445,658
142.9450625,43.47582722222222,659
142.94506166666667,43.47582611111111,659
142.9450711111111,43.47608777777778,659
142.94504833333335,43.47661166666666,662
142.94503305555557,43.47678416666667,662
142.94500277777777,43.47743111111111,663
142.94500277777777,43.47780222222222,666
142.94543666666667,43.47837166666667,668
142.94547472222223,43.47848861111111,667
142.94545944444445,43.47860472222222,667
142.94543666666667,43.478676388888886,667
142.94531527777778,43.47906277777778,665
142.9453,43.47913972222222,665
142.94555166666666,43.47937833333334,669
142.94594027777777,43.479484722222224,673
142.94624611111112,43.4796475,670
142.94652055555557,43.479821111111114,669
142.94668777777778,43.47999361111111,669
142.94682555555556,43.48031916666667,671
142.9468861111111,43.48073138888889,670
142.94684805555556,43.480964722222225,670
142.94676444444445,43.48116888888889,670
142.9463525,43.481696944444444,676
142.9463372222222,43.48179361111111,675
142.94635222222223,43.482348055555555,676
142.94641305555555,43.482480277777775,676
142.94667222222222,43.48278527777778,676
142.9468861111111,43.48293833333334,677
142.94717583333335,43.48303472222222,676
142.94735166666666,43.48305555555555,676
142.9476261111111,43.48307055555556,675
142.948595,43.483110833333335,674
142.9488088888889,43.483151944444444,673
142.94894666666667,43.48322805555556,674
142.94907583333332,43.483380833333335,675
142.94937305555555,43.48383888888889,678
142.94945777777778,43.48399083333333,679
142.949785,43.4846375,682
142.94992277777777,43.48484583333333,682
142.95005972222222,43.48497805555556,682
142.95012916666667,43.48502361111111,682
142.95107416666667,43.48566944444445,682
142.95109694444446,43.485684444444445,682
142.95206583333334,43.48629,686
142.9530347222222,43.486895555555556,690
142.9531875,43.48704305555555,690
142.95323305555556,43.48721111111111,690
142.95321027777777,43.48745944444445,691
142.95314972222224,43.48771444444444,693
142.95314972222224,43.487877222222224,693
142.95321027777777,43.48800416666667,691
142.95332527777776,43.48811055555556,690
142.95346972222222,43.488218055555556,689
142.95414888888888,43.488619444444446,692
142.95483555555555,43.488995833333334,695
142.95518611111112,43.48912833333333,694
142.9553011111111,43.489153333333334,695
142.95556027777778,43.48914361111111,695
142.95610944444445,43.48912277777778,694
142.9562625,43.48912833333333,694
142.95642194444446,43.48923027777778,696
142.95654444444443,43.4893725,698
142.956895,43.489936666666665,703
142.95706305555555,43.49007888888889,703
142.95729944444443,43.490226388888885,706
142.95755111111112,43.49032833333333,706
142.95781055555557,43.49039444444445,706
142.9581611111111,43.490430277777776,709
142.95855805555556,43.49045527777778,712
142.9588327777778,43.49048583333333,707
142.95883166666667,43.49048583333333,707
142.9588327777778,43.49048583333333,707
142.95855805555556,43.49045527777778,712
142.9581611111111,43.490430277777776,709
142.95781055555557,43.49039444444445,706
142.95755111111112,43.49032833333333,706
142.95729944444443,43.490226388888885,706
142.95706305555555,43.49007888888889,703
142.956895,43.489936666666665,703
142.95654444444443,43.4893725,698
142.95642194444446,43.48923027777778,696
142.9562625,43.48912833333333,694
142.95610944444445,43.48912277777778,694
142.95556027777778,43.48914361111111,695
142.9553011111111,43.489153333333334,695
142.95518611111112,43.48912833333333,694
142.95483555555555,43.488995833333334,695
142.95414888888888,43.488619444444446,692
142.95346972222222,43.488218055555556,689
142.95332527777776,43.48811055555556,690
142.95321027777777,43.48800416666667,691
142.95314972222224,43.487877222222224,693
142.95314972222224,43.48771444444444,693
142.95321027777777,43.48745944444445,691
142.95323305555556,43.48721111111111,690
142.9531875,43.48704305555555,690
142.9530347222222,43.486895555555556,690
142.95206583333334,43.48629,686
142.95109694444446,43.485684444444445,682
142.95107416666667,43.48566944444445,682
142.95012916666667,43.48502361111111,682
142.95005972222222,43.48497805555556,682
142.94992277777777,43.48484583333333,682
142.949785,43.4846375,682
142.94945777777778,43.48399083333333,679
142.94937305555555,43.48383888888889,678
142.94907583333332,43.483380833333335,675
142.94894666666667,43.48322805555556,674
142.9488088888889,43.483151944444444,673
142.948595,43.483110833333335,674
142.9476261111111,43.48307055555556,675
142.94735166666666,43.48305555555555,676
142.94717583333335,43.48303472222222,676
142.9468861111111,43.48293833333334,677
142.94667222222222,43.48278527777778,676
142.94641305555555,43.482480277777775,676
142.94635222222223,43.482348055555555,676
142.9463372222222,43.48179361111111,675
142.9463525,43.481696944444444,676
142.94676444444445,43.48116888888889,670
142.94684805555556,43.480964722222225,670
142.9468861111111,43.48073138888889,670
142.94682555555556,43.48031916666667,671
142.94668777777778,43.47999361111111,669
142.94652055555557,43.479821111111114,669
142.94624611111112,43.4796475,670
142.94594027777777,43.479484722222224,673
142.94555166666666,43.47937833333334,669
142.9453,43.47913972222222,665
142.94531527777778,43.47906277777778,665
142.94543666666667,43.478676388888886,667
142.94545944444445,43.47860472222222,667
142.94547472222223,43.47848861111111,667
142.94543666666667,43.47837166666667,668
142.94500277777777,43.47780222222222,666
142.94500277777777,43.47743111111111,663
142.94503305555557,43.47678416666667,662
142.94504833333335,43.47661166666666,662
142.9450711111111,43.47608777777778,659
142.9450486111111,43.47544194444445,658
142.94502583333335,43.47508638888889,657
142.94497916666666,43.47443972222222,657
142.9449713888889,43.47443,657
142.94491083333332,43.47389611111111,657
142.94485,43.47380388888889,658
142.94430083333333,43.47315833333333,656
142.94374305555556,43.47251277777778,654
142.94363694444445,43.47239555555556,653
142.94342305555554,43.472181666666664,652
142.94311083333332,43.47195277777778,649
142.94272138888888,43.471738888888886,649
142.94175222222222,43.471215,649
142.9415461111111,43.47109888888889,649
142.94099722222222,43.47081333333333,646
142.94006638888888,43.470167777777775,645
142.93961611111112,43.46986277777778,645
142.93954027777778,43.469770555555556,646
142.93950972222223,43.46958722222222,646
142.93934916666666,43.46910472222222,646
142.93900638888888,43.46845916666667,645
142.9389911111111,43.46843861111111,645
142.9388761111111,43.46829638888889,644
142.93863944444445,43.46809777777778,647
142.9384725,43.46799583333333,645
142.93754944444444,43.46769638888889,641
142.93741166666666,43.467619166666665,643
142.9367638888889,43.46716138888889,644
142.93615277777778,43.466922777777775,644
142.93593916666666,43.46680555555555,646
142.9356875,43.466612222222224,644
142.93557333333334,43.46650611111111,644
142.93522944444445,43.46585916666667,640
142.9351838888889,43.46578861111111,640
142.9349475,43.46532111111111,634
142.93490194444445,43.4651475,633
142.93490194444445,43.46450194444444,634
142.93490972222222,43.46443555555555,634
142.93488694444446,43.46389666666666,639
142.93467305555555,43.46353111111111,635
142.93449722222223,43.4632,648
142.93445944444446,43.46312416666667,651
142.93428472222223,43.46299611111111,654
142.93413916666665,43.462874444444445,649
142.9338038888889,43.462579444444444,660
142.93361305555555,43.46239611111111,648
142.93349805555556,43.46227888888889,648
142.93331555555557,43.461907777777775,659
142.93287305555555,43.461394444444444,656
142.9328277777778,43.461282777777775,655
142.9327886111111,43.46091611111111,666
142.93273555555555,43.46075333333334,668
142.93249138888888,43.46047333333333,666
142.93210611111112,43.46008388888889,672
142.932105,43.46008305555556,672
142.93188916666668,43.45986361111111,675
142.93159166666666,43.45964444444444,674
142.9314161111111,43.45953277777778,675
142.93120972222223,43.45928861111111,676
142.93104916666667,43.45905527777778,684
142.9303786111111,43.45860722222222,684
142.93020305555555,43.458505277777775,686
142.92985166666668,43.45839888888889,690
142.92969222222223,43.45832305555555,693
142.92947833333332,43.45811361111111,696
142.9292875,43.45800722222222,697
142.92850166666668,43.457788055555554,698
142.92827277777778,43.457747777777776,697
142.9280363888889,43.45777833333333,698
142.92789083333332,43.45782388888889,695
142.92765444444444,43.45807333333333,695
142.9275252777778,43.45816416666667,694
142.92695333333333,43.45840416666667,695
142.92678527777778,43.45845388888889,696
142.92652611111112,43.45843888888889,697
142.92630472222223,43.458444166666666,697
142.926015,43.45847027777778,695
142.9258925,43.45842888888889,695
142.92580138888889,43.4583725,694
142.9257786111111,43.45824555555556,696
142.92567861111112,43.45807305555556,695
142.9255875,43.45794083333333,695
142.92544222222222,43.457813888888886,695
142.92523722222222,43.45776277777778,697
142.92513722222222,43.45775722222222,697
142.92440472222222,43.45776277777778,697
142.9242986111111,43.4577725,697
142.92364194444446,43.45800694444444,703
142.9234663888889,43.4580275,700
142.92306277777777,43.458063333333335,703
142.9227263888889,43.458082777777776,704
142.92255194444445,43.4580525,703
142.92219277777778,43.45794611111111,704
142.9219486111111,43.4577725,705
142.92182694444443,43.45771166666667,702
142.92165111111112,43.45762055555556,704
142.92156777777777,43.457524166666666,704
142.92146777777776,43.45722888888889,705
142.9213613888889,43.45710638888889,705
142.92129194444445,43.45702055555556,708
142.92114027777777,43.456964166666666,703
142.9210175,43.456674444444445,705
142.92100222222223,43.45641944444444,707
142.921025,43.456180833333335,705
142.921125,43.455815,705
142.92115555555554,43.45538222222222,704
142.92112527777778,43.45527027777778,706
142.92102527777777,43.455194444444444,708
142.92087361111112,43.455153055555556,710
142.92065222222223,43.45516416666667,714
142.91978944444443,43.4554125,714
142.91936194444443,43.45542777777778,715
142.91912666666667,43.45536138888889,715
142.9189736111111,43.45530611111111,716
142.91826416666666,43.454797222222226,725
142.91818055555555,43.45472138888889,725
142.91791361111112,43.45426333333333,727
142.91779111111111,43.45417222222222,727
142.91753944444446,43.454029166666665,726
142.9172497222222,43.45375444444444,727
142.9170511111111,43.453648055555554,737
142.91693722222223,43.45362222222222,738
142.91681444444444,43.4536275,738
142.91632638888888,43.453780555555554,738
142.91599861111112,43.45379583333333,740
142.91589861111112,43.45375444444444,743
142.91585305555554,43.453673055555555,746
142.9159138888889,43.4536125,746
142.9160138888889,43.453515833333334,747
142.91644888888888,43.45329666666667,749
142.91667666666666,43.45321527777778,754
142.91686777777778,43.45319583333333,754
142.91710416666666,43.45315444444444,755
142.91724194444444,43.45309916666667,758
142.9173027777778,43.452982222222225,758
142.9173027777778,43.45288027777778,757
142.91724194444444,43.45276305555556,754
142.91708916666667,43.45265666666667,752
142.91692944444443,43.452620833333334,754
142.9167613888889,43.45263055555556,757
142.91620472222223,43.45301222222222,764
142.9158,43.45315444444444,773
142.915655,43.45322055555555,776
142.9155863888889,43.4533075,775
142.91540305555554,43.453561388888886,773
142.91516666666666,43.45376972222222,777
142.91489972222223,43.45397361111111,773
142.91465555555556,43.454095277777775,774
142.91438861111112,43.45422222222222,776
142.9141747222222,43.45426305555556,772
142.91401527777776,43.45423805555556,777
142.91350305555557,43.45404388888889,775
142.9133286111111,43.45400388888889,779
142.91235944444443,43.454009166666665,777
142.91225222222224,43.45401361111111,777
142.91206222222223,43.45397777777778,776
142.91203083333335,43.4539475,774
142.91200027777776,43.45379,777
142.91191694444444,43.45361222222222,775
142.91181833333334,43.45346444444444,778
142.91170333333332,43.453403888888886,777
142.91073444444444,43.453403888888886,776
142.9106888888889,43.453403888888886,776
142.91045222222223,43.4533625,775
142.91029916666668,43.45337333333333,776
142.91013972222223,43.45344388888889,778
142.90965138888888,43.453810555555556,773
142.90947555555556,43.45393222222222,773
142.9092163888889,43.45401888888889,775
142.9090025,43.454054722222224,773
142.90862944444444,43.45409055555555,775
142.90821722222222,43.454186944444444,774
142.90805666666665,43.45420222222222,775
142.9079502777778,43.45418138888889,775
142.9078125,43.45403944444445,775
142.9077061111111,43.45391277777778,779
142.9075,43.45382055555555,775
142.9068436111111,43.453647777777775,774
142.90669916666667,43.453581666666665,772
142.9066375,43.45350583333333,772
142.90662972222222,43.45337333333333,768
142.90666777777778,43.45328666666666,765
142.9067902777778,43.45316944444444,764
142.9069511111111,43.45306305555555,766
142.90708777777778,43.45294055555556,767
142.90725583333332,43.452711388888886,766
142.90732416666665,43.452463055555555,765
142.90743916666668,43.45229472222222,769
142.90746194444444,43.452198333333335,769
142.90745444444445,43.45212222222222,771
142.9072938888889,43.452065833333336,768
142.90701166666668,43.452065833333336,761
142.90690444444445,43.45212222222222,759
142.90667638888888,43.4521875,755
142.90647777777778,43.452198333333335,756
142.90622611111112,43.45209638888889,758
142.9059125,43.45208111111111,756
142.90576833333333,43.452065833333336,755
142.90551694444446,43.45188805555556,753
142.9052802777778,43.451572222222225,747
142.90521944444444,43.45153638888889,747
142.90508916666667,43.45150611111111,745
142.90494388888888,43.45139416666667,743
142.90489083333333,43.451303055555556,745
142.90489083333333,43.45065777777778,740
142.90488305555556,43.45001111111111,735
142.90487555555555,43.44936555555555,730
142.90486805555557,43.448994444444445,727
142.90483,43.448861944444445,725
142.90469222222222,43.448699166666664,725
142.90444055555557,43.44851583333333,724
142.90416583333334,43.44840416666667,715
142.90371555555555,43.44822055555556,716
142.90306805555556,43.448078611111114,714
142.90287166666667,43.448056944444446,710
142.90287055555555,43.448056944444446,710
142.9026025,43.4480275,705
142.90235083333334,43.44804805555555,704
142.9021522222222,43.44808833333333,705
142.90171722222223,43.44826194444445,694
142.90084055555556,43.448704722222224,686
142.90065694444445,43.44873944444444,691
142.90025222222224,43.44868833333334,697
142.9000927777778,43.448638333333335,696
142.89999305555557,43.44858194444444,696
142.89997777777776,43.44842888888889,698
142.89986416666667,43.448124166666666,699
142.89974166666667,43.44793638888889,697
142.89954305555557,43.447737777777775,694
142.89937583333332,43.447514166666664,692
142.89907,43.4468675,694
142.89897861111112,43.44667472222222,694
142.8988875,43.44645666666667,693
142.89888,43.44614083333333,685
142.89890277777778,43.44605416666667,685
142.89897861111112,43.445947777777775,685
142.8991002777778,43.445856666666664,683
142.89926833333334,43.44580555555556,674
142.89974166666667,43.44551472222222,677
142.89979472222223,43.44543888888889,674
142.89979472222223,43.44527055555555,674
142.89971888888888,43.444986388888886,667
142.89975666666666,43.4447325,668
142.8998175,43.444564444444445,667
142.89997805555555,43.44435611111111,665
142.9000313888889,43.44423888888889,663
142.9000161111111,43.44406638888889,664
142.8999022222222,43.44369972222222,657
142.8998175,43.44348055555555,655
142.89966555555554,43.44338944444444,654
142.8989938888889,43.44323638888889,643
142.89891833333334,43.44316583333333,646
142.89890305555556,43.44304861111111,644
142.8989411111111,43.44287083333333,643
142.89892583333332,43.442723055555554,642
142.89884111111112,43.442590833333334,636
142.89858944444444,43.442479166666665,635
142.89827694444443,43.44230638888889,634
142.8981163888889,43.44216333333333,634
142.89801777777777,43.44200583333333,629
142.89791888888888,43.44157444444444,623
142.89781916666666,43.44142138888889,624
142.89762805555554,43.441248888888886,621
142.89739166666666,43.440999166666664,624
142.89721694444444,43.44079527777778,622
142.89698055555556,43.44038833333333,613
142.89685805555555,43.44027222222222,613
142.89665194444444,43.440195277777775,613
142.89631666666668,43.440104166666664,612
142.8957675,43.439880555555554,603
142.8953325,43.43969166666667,601
142.89508055555555,43.43954,598
142.89485166666665,43.4393,593
142.89463027777776,43.438989722222225,592
142.89453944444443,43.438786944444445,592
142.89451666666668,43.4385375,591
142.89433333333332,43.43821194444445,592
142.89419555555557,43.43807972222222,593
142.89386777777779,43.43786583333333,598
142.8929063888889,43.43741333333333,605
142.89275333333333,43.4373625,604
142.89178583333333,43.43725611111111,606
142.89156444444444,43.43723111111111,606
142.89132805555556,43.43719,605
142.8912586111111,43.437129166666665,606
142.8910913888889,43.43671666666667,606
142.8909688888889,43.436665833333336,608
142.8908397222222,43.43665055555556,607
142.89070194444446,43.43665611111111,604
142.89060305555554,43.436574722222225,604
142.89060305555554,43.43644777777778,604
142.89067916666667,43.436122222222224,606
142.89077777777777,43.43580638888889,608
142.89080916666666,43.43543,601
142.89085472222223,43.43515027777778,598
142.8908775,43.434956944444444,599
142.89085472222223,43.434754166666664,599
142.89081694444445,43.43461638888889,598
142.89073972222224,43.434489444444445,598
142.89070194444446,43.4343875,599
142.890305,43.43407277777778,598
142.89022916666667,43.433925277777774,596
142.89022916666667,43.43380805555555,596
142.89028222222223,43.43372111111111,599
142.8903897222222,43.43365055555556,597
142.89055666666667,43.43360388888889,595
142.89070527777778,43.43357694444445,592
142.89070416666667,43.43357694444445,592
142.890855,43.433548611111114,589
142.89107638888888,43.43347166666667,589
142.891595,43.433100555555555,586
142.89163277777777,43.433015,585
142.8916025,43.43294888888889,584
142.8915027777778,43.432897777777775,582
142.89135861111112,43.43290777777778,581
142.8910688888889,43.43303,583
142.89079333333333,43.43303,583
142.89070222222222,43.43296388888889,582
142.89056555555555,43.432633055555556,576
142.8904961111111,43.432541944444445,575
142.8901911111111,43.43241388888889,577
142.890115,43.43234888888889,575
142.890115,43.4322675,575
142.8901836111111,43.43222083333333,571
142.89032138888888,43.43219583333333,572
142.89080944444444,43.43235861111111,566
142.891045,43.43241388888889,567
142.89119027777778,43.432404166666664,564
142.89126638888888,43.43232277777778,563
142.89128166666666,43.43222083333333,563
142.89122083333334,43.432114444444444,561
142.89109166666665,43.43203305555556,561
142.89015305555554,43.43194638888889,563
142.8901075,43.431890833333334,558
142.890115,43.43181388888889,558
142.89022916666667,43.4316925,551
142.89044277777776,43.43160555555556,551
142.89096916666668,43.43159583333333,544
142.89136611111113,43.43169777777778,546
142.89183166666666,43.43188,543
142.8921513888889,43.432048333333334,535
142.89253333333335,43.43225666666667,533
142.89310527777778,43.432541944444445,530
142.89318111111112,43.43263861111111,532
142.89341777777778,43.43281638888889,530
142.8935175,43.43291305555555,525
142.89383,43.43355861111111,525
142.89388333333332,43.43365527777778,526
142.8940211111111,43.43378194444445,523
142.8940513888889,43.43366611111111,524
142.89406666666667,43.433456666666665,521
142.89399083333333,43.43324833333333,520
142.89375416666667,43.43271444444444,517
142.8936163888889,43.432541944444445,517
142.89343305555556,43.43239888888889,516
142.89327333333333,43.43229777777778,516
142.89230444444445,43.431717222222225,514
142.8921061111111,43.431554722222224,513
142.8919911111111,43.43143305555556,513
142.89183166666666,43.431015277777774,511
142.89173194444444,43.430924166666664,511
142.89141944444444,43.43077111111111,510
142.8911525,43.43067472222222,507
142.89070222222222,43.430685555555556,507
142.88973305555555,43.43070055555555,508
142.8894586111111,43.430664722222225,506
142.8893525,43.43060833333333,506
142.88930583333334,43.43056277777778,505
142.88924527777777,43.43047166666667,507
142.8890086111111,43.43005,507
142.8888025,43.42982638888889,503
142.88825333333332,43.429363055555555,502
142.88797888888888,43.428965833333336,503
142.8879713888889,43.428961666666666,503
142.88780305555557,43.428314722222225,503
142.88739222222222,43.427816666666665,507
142.88739222222222,43.42773555555556,506
142.88739222222222,43.42709,496
142.88739972222223,43.42700333333333,496
142.88743,43.42635777777778,495
142.887315,43.426072222222224,495
142.88695694444445,43.425695833333336,495
142.88634611111112,43.42505027777778,496
142.88573666666667,43.42440472222222,496
142.8853775,43.42402083333333,496
142.8853763888889,43.42401972222222,496
142.88513333333333,43.42375805555555,496
142.88503444444444,43.42360083333333,494
142.88462972222223,43.42295527777778,488
142.88399722222223,43.42247666666667,484
142.88395805555555,43.422400555555555,484
142.88398194444446,43.42221722222222,482
142.8843552777778,43.42162722222222,482
142.8844086111111,43.42154166666667,483
142.8845311111111,43.421307222222225,484
142.8845311111111,43.420900277777775,485
142.88447805555555,43.420656111111114,484
142.8843936111111,43.420432777777776,484
142.88437833333333,43.4204175,484
142.88404305555557,43.41977111111111,482
142.88370666666665,43.41912527777778,481
142.883455,43.41869361111111,483
142.8830663888889,43.41819,475
142.8830436111111,43.418164166666664,475
142.88260888888888,43.417518333333334,473
142.8825013888889,43.41741638888889,473
142.8818688888889,43.41677111111111,472
142.8812352777778,43.41612444444444,472
142.88084694444444,43.415550277777776,472
142.8805725,43.41495027777778,472
142.88061055555556,43.41458361111111,471
142.88061805555554,43.414568333333335,471
142.88084694444444,43.41392305555556,473
142.88077,43.413516111111115,464
142.88039666666666,43.412976944444445,460
142.87996916666665,43.41260027777778,464
142.879695,43.41247333333333,462
142.87922944444443,43.412376944444446,461
142.87894722222222,43.41238111111111,460
142.8787563888889,43.412350833333335,463
142.8783061111111,43.412193333333335,465
142.87804666666668,43.412172777777776,460
142.87797833333335,43.41194388888889,464
142.8779175,43.41177666666667,465
142.8777875,43.4115425,465
142.87743694444444,43.410896944444445,465
142.87709333333333,43.41025027777778,464
142.87692611111112,43.409752222222224,462
142.8767125,43.409106666666666,459
142.87649861111112,43.40846,457
142.87643027777779,43.4079775,457
142.8765061111111,43.407560833333335,457
142.87687194444445,43.406934722222225,457
142.87696833333334,43.406795833333334,457
142.87696833333334,43.406795833333334,457
142.87700972222223,43.40673611111111,456
142.87697944444446,43.40638555555556,453
142.87688722222222,43.40617722222222,452
142.87662805555556,43.40553083333333,450
142.8763686111111,43.40488527777778,449
142.8763686111111,43.40470722222222,449
142.87655972222223,43.40441222222222,449
142.876705,43.40425472222222,449
142.87726944444444,43.40360805555556,448
142.877315,43.40355861111111,448
142.87781083333334,43.40291194444445,445
142.87789527777778,43.40266777777778,445
142.87811666666667,43.40202194444444,444
142.87832944444443,43.40137638888889,444
142.87853555555554,43.40108166666667,443
142.87898583333333,43.400435,442
142.8794286111111,43.399789166666665,441
142.8798713888889,43.399143611111114,440
142.88014583333333,43.398736944444444,440
142.88057333333333,43.398091388888886,440
142.88099222222223,43.397444722222225,439
142.88139694444445,43.39716027777778,438
142.8815261111111,43.39707888888889,438
142.88249472222222,43.39648361111111,438
142.8826097222222,43.396413055555556,438
142.88279305555557,43.39629583333333,438
142.8831588888889,43.39606694444444,437
142.88349527777777,43.395491944444444,436
142.883785,43.39484638888889,435
142.88407444444445,43.394200833333336,434
142.88436416666667,43.39355416666667,433
142.8846538888889,43.39290861111111,432
142.8849436111111,43.39226333333333,431
142.88523444444445,43.391616666666664,430
142.88553194444444,43.390970833333334,429
142.88582944444445,43.39032527777778,428
142.88612666666666,43.38967888888889,427
142.886425,43.38903333333333,426
142.8867225,43.38838777777778,425
142.8869361111111,43.387929722222225,425
142.8871575,43.387614166666665,424
142.88760666666667,43.38696861111111,424
142.88807222222223,43.38667888888889,424
142.88846944444444,43.386470555555555,423
142.8886225,43.386363055555556,423
142.8895063888889,43.38571777777778,425
142.89039194444445,43.38507222222222,428
142.89126861111112,43.38442555555555,430
142.89214638888888,43.38378027777778,432
142.89238305555557,43.38341888888889,433
142.89240583333333,43.38337333333333,433
142.8926575,43.38272777777778,434
142.89269555555555,43.38266138888889,434
142.89300916666667,43.38201472222222,433
142.89332166666668,43.381369444444445,431
142.89363416666666,43.38072388888889,429
142.89394666666666,43.38007722222222,428
142.89426,43.37943138888889,426
142.894565,43.37878611111111,425
142.89487,43.37813944444444,423
142.89492333333334,43.37789111111111,423
142.8950461111111,43.377244166666664,422
142.8951675,43.376598888888886,422
142.89522944444445,43.37629944444444,422
142.89535083333334,43.37565277777778,422
142.8954736111111,43.37500722222222,422
142.895595,43.374361944444445,423
142.89571777777778,43.373715,423
142.8957838888889,43.37338416666667,423
142.8957838888889,43.37338305555556,422
142.89584666666667,43.37306944444445,422
142.89595416666666,43.37259638888889,422
142.89626694444445,43.37195111111111,420
142.89657944444446,43.37130444444445,418
142.89689944444444,43.37065861111111,416
142.897045,43.37037888888889,415
142.8975561111111,43.36976388888889,414
142.89847194444445,43.36911833333333,413
142.8985175,43.36908777777778,413
142.8994863888889,43.36846722222222,415
142.900455,43.36784111111111,417
142.9006611111111,43.36770472222222,417
142.90115722222222,43.367449722222226,415
142.90158472222222,43.36720555555556,414
142.90244611111112,43.36691583333333,413
142.90321666666668,43.366550277777776,412
142.9041475,43.36590361111111,412
142.9050861111111,43.36525805555556,412
142.90600944444444,43.3646125,408
142.9064977777778,43.36427166666667,406
142.90703166666665,43.364016944444444,405
142.90800055555556,43.3637025,405
142.90861777777778,43.36349833333333,405
142.90958666666666,43.363275,404
142.91055583333332,43.36305138888889,404
142.91152472222223,43.36282277777778,403
142.9118611111111,43.36274138888889,403
142.91283,43.36249166666666,402
142.91296666666668,43.362455833333335,402
142.9135925,43.362359444444444,401
142.9145613888889,43.362298611111115,399
142.91553055555556,43.3622325,396
142.91649944444444,43.36216638888889,394
142.9169725,43.36213055555555,393
142.91765805555556,43.36198861111111,393
142.91862694444444,43.36145916666667,392
142.91884083333332,43.36134305555556,392
142.91926833333332,43.361133611111114,393
142.92023722222223,43.36058472222222,393
142.9212061111111,43.360035555555555,392
142.92217527777777,43.35948666666667,392
142.92314416666667,43.358936666666665,392
142.92365527777778,43.358642777777774,392
142.92457861111112,43.35811861111111,392
142.9255475,43.35756972222222,392
142.9265163888889,43.35702527777778,391
142.92748527777778,43.35648055555556,391
142.92772944444445,43.356389444444446,391
142.92803416666666,43.35641,391
142.9283163888889,43.35652722222222,390
142.92928527777778,43.35690805555556,386
142.92962944444446,43.356943888888885,390
142.93007083333333,43.35680611111111,392
142.9309563888889,43.356293055555554,390
142.93192527777776,43.355738611111114,389
142.93289388888888,43.35518416666667,388
142.93386305555555,43.35463,386
142.93483194444445,43.35407555555555,385
142.9348775,43.35405055555555,385
142.93584638888888,43.35356222222222,386
142.93681555555557,43.353074166666666,386
142.93778444444445,43.352585833333336,387
142.93875333333332,43.35210194444444,388
142.9395313888889,43.35159888888889,386
142.93955416666665,43.351573888888886,385
142.93992972222222,43.35100638888889,383
142.93992972222222,43.35100638888889,383
142.93998166666665,43.350928333333336,383
142.94029416666666,43.350404166666664,382
142.9406686111111,43.349758888888886,382
142.94104166666668,43.349111944444445,382
142.94141611111112,43.34846638888889,382
142.9416527777778,43.34820722222222,382
142.94213333333335,43.34780055555556,383
142.9428961111111,43.347155,384
142.94365888888888,43.34650805555555,385
142.94406361111112,43.34610138888889,384
142.94470388888888,43.34545583333333,383
142.9453452777778,43.344810277777775,381
142.94597777777778,43.344163888888886,380
142.94661166666666,43.343518333333336,379
142.94724527777777,43.34287277777778,377
142.94787805555555,43.34222638888889,376
142.947955,43.34204388888889,377
142.94799305555554,43.34179972222222,376
142.94809166666667,43.34115305555556,375
142.94819166666667,43.3405075,373
142.94829027777777,43.33986194444444,372
142.9482827777778,43.33924138888889,373
142.94812972222223,43.3387425,376
142.94809166666667,43.33867611111111,376
142.94774166666667,43.338030555555555,374
142.94739,43.337385,371
142.9470472222222,43.33673944444445,369
142.94670305555556,43.33609277777778,367
142.9465436111111,43.33580333333333,365
142.94633027777778,43.335411388888886,363
142.94618472222223,43.33514666666667,364
142.9460936111111,43.334938333333334,365
142.9460327777778,43.334669166666664,366
142.94601777777777,43.33452166666667,366
142.94601,43.33399222222222,366
142.94601,43.333641666666665,367
142.94601,43.33305166666667,367
142.94601777777777,43.33283361111111,368
142.94601777777777,43.332186944444445,371
142.94601777777777,43.33154138888889,370
142.94601805555556,43.33089583333334,369
142.94601805555556,43.33024916666667,368
142.94601805555556,43.32960361111111,367
142.94601805555556,43.32895805555555,366
142.94601805555556,43.32831138888889,365
142.94601805555556,43.32801194444444,365
142.94595611111112,43.32736555555555,362
142.94589555555555,43.32671972222222,360
142.94583472222223,43.326074166666665,357
142.94579694444445,43.325763888888886,356
142.94568944444444,43.325118333333336,356
142.94558305555555,43.32447194444445,356
142.94547555555556,43.32382611111111,356
142.94536944444445,43.32318055555555,356
142.94526333333334,43.32253388888889,355
142.94525583333333,43.32250361111111,355
142.9452861111111,43.32203055555556,355
142.94560611111112,43.321385,355
142.9457438888889,43.321110555555556,355
142.94585027777777,43.320465,354
142.94587305555555,43.32037805555556,354
142.94587305555555,43.3197325,354
142.94586555555554,43.31908611111111,354
142.94585777777777,43.31856194444445,354
142.94605638888888,43.318018333333335,353
142.94627027777778,43.31753,355
142.94630833333332,43.317346666666666,354
142.9462086111111,43.316828055555554,356
142.94606444444443,43.316182777777776,355
142.9459113888889,43.31553611111111,353
142.94575944444443,43.31489055555556,352
142.94560638888888,43.31424472222222,350
142.94545333333335,43.31359805555556,349
142.9453247222222,43.31307972222222,348
142.94520972222222,43.31295277777778,348
142.94424055555555,43.31231694444445,350
142.94327166666667,43.31167666666666,352
142.9425938888889,43.31122305555556,354
142.94203611111112,43.31079666666667,351
142.941945,43.3105625,351
142.94181472222223,43.309916666666666,350
142.9417463888889,43.30961083333333,350
142.9416325,43.3090725,351
142.94149472222222,43.308431666666664,349
142.94122027777777,43.30803,348
142.9408461111111,43.307673055555554,346
142.93987694444445,43.30722611111111,342
142.93912194444445,43.306870277777776,339
142.9388625,43.306758333333335,340
142.93789388888888,43.30634611111111,343
142.9376725,43.30624944444445,344
142.9370475,43.30594472222222,347
142.93611638888888,43.305685277777776,346
142.9351475,43.30542055555556,345
142.93485055555556,43.30527305555555,345
142.9346975,43.30520666666666,346
142.93415611111112,43.30477916666667,347
142.93414833333333,43.304769444444446,347
142.93371333333334,43.30412388888889,345
142.93346916666667,43.303670555555556,343
142.93280611111112,43.3031475,345
142.93243194444443,43.30296972222222,345
142.93146305555555,43.30251611111111,345
142.93049416666668,43.30206361111111,346
142.9295711111111,43.301590555555556,347
142.92912083333334,43.30129111111111,346
142.92815166666668,43.30065944444444,346
142.92718277777777,43.30002916666667,345
142.92657333333332,43.299464722222226,353
142.92632166666667,43.29907305555555,352
142.92614583333332,43.29859472222222,354
142.92590916666666,43.29794916666667,356
142.92578777777777,43.2975175,354
142.9256122222222,43.29687083333334,350
142.92551333333333,43.296596111111114,347
142.92551333333333,43.29649972222222,347
142.92551333333333,43.29585388888889,347
142.92551333333333,43.2957575,345
142.92547444444443,43.295299722222225,347
142.9254136111111,43.29491361111111,349
142.9253225,43.294266944444445,351
142.92523888888888,43.29362111111111,354
142.9252075,43.293305555555555,356
142.9252,43.29322416666667,355
142.92506305555557,43.292990833333334,355
142.92462083333334,43.292635,356
142.92382,43.291988333333336,357
142.92326222222223,43.29134833333333,354
142.92307222222223,43.29094583333333,348
142.92306472222222,43.29067666666667,347
142.92306472222222,43.29050194444444,347
142.92306472222222,43.29050083333333,347
142.92306472222222,43.29003111111111,347
142.9228588888889,43.289546944444446,345
142.92247694444444,43.28903416666667,346
142.92243888888888,43.28899277777778,346
142.92185194444446,43.28834722222222,354
142.92171416666667,43.28801638888889,356
142.92163805555555,43.28773638888889,353
142.92148527777778,43.28709083333333,346
142.92145472222222,43.286943055555554,348
142.92133361111112,43.286297777777776,355
142.92127166666666,43.28588555555555,363
142.92119583333334,43.28524,374
142.9211652777778,43.285067222222224,373
142.92119583333334,43.28470055555555,372
142.92130194444445,43.284329444444445,370
142.92148555555556,43.28368416666667,367
142.92179805555554,43.28304833333333,364
142.92214944444444,43.282473333333336,362
142.92237083333333,43.28200555555556,360
142.92243166666665,43.28183777777778,359
142.92263777777777,43.281191944444444,356
142.9226225,43.28055611111111,353
142.92251555555555,43.280276111111114,352
142.9222713888889,43.279630555555556,349
142.92203472222224,43.27898416666667,346
142.92179833333333,43.27833861111111,344
142.92158555555557,43.27777444444445,340
142.9213488888889,43.2771275,336
142.92111277777778,43.27648222222222,332
142.92101277777778,43.27634444444445,338
142.92079916666665,43.27603972222222,351
142.92018944444445,43.275551388888886,353
142.9199375,43.27514,355
142.91978472222223,43.27457027777778,354
142.91962527777778,43.27392361111111,353
142.91962527777778,43.27366444444444,355
142.9200138888889,43.273019166666664,356
142.9200138888889,43.27279,355
142.91976222222223,43.272332222222225,353
142.91954083333334,43.27203166666666,357
142.91950277777778,43.271792777777776,356
142.91950277777778,43.27174194444444,354
142.91950277777778,43.27125916666667,342
142.91951805555556,43.270699444444446,344
142.91953305555555,43.27005388888889,346
142.9195411111111,43.26940833333333,349
142.9195411111111,43.26915861111111,358
142.9195411111111,43.2690675,357
142.91950305555557,43.268924166666665,358
142.9190602777778,43.26828444444445,356
142.91898444444445,43.26796861111111,357
142.91897666666668,43.26772444444445,358
142.91903,43.26707888888889,357
142.91907555555557,43.26662638888889,356
142.91912861111112,43.26606638888889,361
142.9192136111111,43.26542111111111,360
142.9192972222222,43.26477444444444,358
142.919335,43.264541111111114,357
142.91948055555557,43.263894444444446,356
142.91962583333333,43.26324916666667,354
142.91968666666668,43.26302027777778,354
142.91999166666668,43.2625275,352
142.9201977777778,43.262344166666665,352
142.92057861111113,43.26210972222222,351
142.92099083333332,43.262007777777775,350
142.92125027777777,43.2619925,341
142.9222188888889,43.26201361111111,340
142.92318805555556,43.26203944444445,339
142.92415694444443,43.26206444444445,338
142.92512583333334,43.26208944444444,337
142.92594944444446,43.26211555555555,336
142.92632361111112,43.26213611111111,336
142.92656,43.26213611111111,343
142.9266738888889,43.26211555555555,344
142.92720138888888,43.261916944444444,344
142.9277502777778,43.26157611111111,343
142.928025,43.261408055555556,345
142.92826916666667,43.26105777777778,344
142.92871166666666,43.26041222222222,342
142.92917722222222,43.26007583333333,343
142.92953527777777,43.25987722222222,344
142.92996277777777,43.25942472222222,343
142.930565,43.25877944444444,343
142.9307636111111,43.258270555555555,341
142.9312747222222,43.25772694444444,341
142.93147333333334,43.25727361111111,341
142.93174027777778,43.25662805555555,342
142.93201472222222,43.25625138888889,342
142.93252583333333,43.25571222222222,344
142.9325725,43.25564166666667,344
142.93291527777777,43.25499527777778,340
142.93325055555556,43.25467527777778,341
142.93401333333333,43.25412083333333,342
142.9340525,43.25405444444444,342
142.93441055555556,43.253409166666664,342
142.9347077777778,43.25312388888889,342
142.93536416666666,43.252478333333336,341
142.9359663888889,43.2518325,332
142.93597416666665,43.251827222222225,332
142.93643972222222,43.25129361111111,329
142.93707333333333,43.25067833333333,328
142.9374388888889,43.2500425,337
142.93750083333333,43.24968666666667,340
142.9375311111111,43.24904027777778,340
142.93754638888888,43.24888833333333,340
142.93766027777778,43.248602777777776,340
142.93799666666666,43.24809388888889,340
142.93824833333332,43.247637222222224,340
142.93838555555556,43.246990833333335,340
142.93841583333332,43.24686916666667,340
142.9386372222222,43.2462225,336
142.93881305555556,43.245734166666665,333
142.9391102777778,43.24543472222222,341
142.93924805555557,43.245109166666666,341
142.93924055555556,43.24479361111111,341
142.93921,43.24445305555555,340
142.93934666666667,43.24398,336
142.9395377777778,43.243695555555554,341
142.9401486111111,43.24312055555556,341
142.94028527777778,43.24292194444445,343
142.9403536111111,43.24259638888889,340
142.94073555555556,43.24236361111111,343
142.94104055555556,43.24209333333334,337
142.9413,43.241935833333336,342
142.94139972222223,43.2417125,342
142.94137694444444,43.241436944444445,342
142.94114805555554,43.24126416666667,342
142.94017916666667,43.240883333333336,342
142.9392102777778,43.24049611111111,343
142.93824138888888,43.24010972222222,343
142.93760555555556,43.23985583333333,343
142.93760444444445,43.23985583333333,343
142.9372725,43.23972361111111,344
142.93647944444444,43.239402222222225,344
142.93634166666666,43.23920472222222,346
142.93625055555555,43.23862972222222,342
142.93607472222223,43.238238333333335,335
142.93574694444445,43.23759277777778,336
142.93568527777776,43.237480833333336,336
142.93564722222223,43.23709361111111,335
142.93577027777778,43.236448055555556,331
142.93589166666666,43.23580222222222,327
142.93591444444445,43.23571,327
142.93622805555555,43.23545638888889,331
142.93719555555555,43.23510611111111,321
142.93732583333335,43.235055,319
142.9380277777778,43.234428888888885,319
142.9380277777778,43.233940555555556,319
142.93804333333333,43.23329527777778,314
142.9380586111111,43.23264861111111,309
142.9380661111111,43.232572777777776,308
142.93807361111112,43.23221138888889,305
142.93770055555555,43.231565833333335,298
142.9375777777778,43.2313575,296
142.9375777777778,43.23108722222222,297
142.93770055555555,43.23047777777778,290
142.93814972222222,43.22983194444444,288
142.9386075,43.22918527777778,286
142.93883666666667,43.22886527777778,285
142.9392488888889,43.22822,282
142.93926416666667,43.22819916666667,282
142.93951583333333,43.227786944444446,274
142.9395538888889,43.227731666666664,273
142.93998888888888,43.227085,272
142.9404238888889,43.226439444444445,271
142.94075916666668,43.22582972222222,267
142.94111083333334,43.225183055555554,264
142.94128555555557,43.22492361111111,265
142.94169805555555,43.22427805555556,267
142.94180444444444,43.22403972222222,268
142.9418122222222,43.22400833333333,267
142.94182722222223,43.2233625,266
142.9417361111111,43.222945833333334,265
142.94159944444445,43.22264527777778,265
142.94147694444445,43.22251833333333,265
142.94086694444445,43.221872777777776,266
142.94042444444443,43.221415,268
142.9401425,43.221048055555556,269
142.94011111111112,43.22101222222222,268
142.94000472222223,43.22073361111111,269
142.93996666666666,43.22038222222222,268
142.93989083333332,43.220122777777775,268
142.93976055555555,43.21983861111111,268
142.93953916666666,43.21942611111111,268
142.93921166666667,43.218780555555554,267
142.93899027777778,43.218358611111114,267
142.93893722222222,43.218266388888885,268
142.93867777777777,43.21766638888889,267
142.93847944444445,43.217239166666666,268
142.93812777777777,43.21660861111111,268
142.93796083333334,43.21615083333333,268
142.9378913888889,43.215967222222226,268
142.937655,43.21532166666667,269
142.9375411111111,43.21495055555555,269
142.9373425,43.214350555555555,269
142.93722861111112,43.21412194444444,269
142.93695277777778,43.21377583333334,269
142.9367936111111,43.21346555555556,269
142.93631305555556,43.212870833333334,268
142.93603833333333,43.21261138888889,268
142.93536666666665,43.21196472222222,269
142.9353136111111,43.21181722222222,269
142.93510027777776,43.211171666666665,269
142.93511527777778,43.21096861111111,269
142.93513805555557,43.210322222222224,270
142.93530638888888,43.209875277777776,269
142.9355125,43.209534444444444,269
142.93597694444443,43.20911666666667,269
142.93618305555555,43.209000555555555,269
142.93715194444445,43.20847138888889,269
142.93764027777777,43.20809055555556,268
142.93783888888888,43.20773361111111,269
142.93781611111112,43.20731694444444,268
142.93769444444445,43.2070325,268
142.93722916666667,43.20665611111111,268
142.9364425,43.20600944444445,268
142.93600111111112,43.205623333333335,269
142.93585555555555,43.20517638888889,269
142.93582527777778,43.204565555555554,268
142.9356647222222,43.20424972222222,268
142.93507777777776,43.203808055555555,268
142.93484138888888,43.20352277777778,267
142.93471888888888,43.20290194444444,267
142.93458972222223,43.20264805555556,267
142.9340938888889,43.20238888888889,268
142.93365111111112,43.20195611111111,269
142.93351361111112,43.20160555555555,269
142.93327694444446,43.20103611111111,269
142.9330177777778,43.20039027777778,269
142.93301,43.200339444444445,269
142.93294166666666,43.19969277777778,269
142.93295694444444,43.19952555555555,268
142.93297972222223,43.199185,269
142.93301805555555,43.198640555555556,269
142.933095,43.19840722222222,269
142.93330111111112,43.197760555555554,268
142.93343027777777,43.197358888888886,275
142.93365166666666,43.197094166666666,269
142.93378083333334,43.19694222222222,269
142.93413222222222,43.19675361111111,270
142.93510111111112,43.196240555555555,273
142.93517694444444,43.19621444444444,269
142.93613083333332,43.19579777777778,268
142.9366797222222,43.19538555555555,258
142.93699333333333,43.19506527777778,255
142.93709222222222,43.194648055555554,254
142.93708444444445,43.194582777777775,253
142.93706944444443,43.193936111111114,246
142.9368175,43.193402222222225,242
142.93679472222223,43.193356666666666,241
142.93649027777778,43.19271111111111,239
142.93619944444444,43.19227277777778,238
142.93578055555557,43.1916275,236
142.93536055555555,43.190981666666666,234
142.93494083333334,43.190335,232
142.93456777777777,43.19000944444444,231
142.93397972222223,43.18971972222222,232
142.9335911111111,43.18957777777778,232
142.9328438888889,43.18931833333333,229
142.9319052777778,43.18897777777778,225
142.9314777777778,43.18877361111111,225
142.93076833333333,43.1883775,226
142.9305775,43.18829083333333,226
142.9304177777778,43.18819972222222,226
142.92991444444445,43.1878025,225
142.92949444444446,43.18750305555555,225
142.9294563888889,43.187467222222224,225
142.928785,43.186820555555556,225
142.92811333333333,43.186175,225
142.92744277777777,43.18552944444444,224
142.92677916666668,43.18488277777778,224
142.92650444444445,43.184486944444444,226
142.92638944444445,43.18420138888889,227
142.9263061111111,43.183926944444444,226
142.9262225,43.18356555555555,226
142.92609222222222,43.18292,224
142.92601638888888,43.18266611111111,223
142.92595444444444,43.18252833333333,222
142.9258025,43.182295,222
142.92564222222222,43.18206083333333,221
142.92542083333333,43.18191861111111,223
142.92517666666666,43.18183194444445,223
142.92434555555556,43.181669166666666,220
142.92397111111111,43.181557222222224,220
142.92362083333333,43.181449722222226,221
142.92314027777778,43.18119055555555,221
142.92244583333334,43.18073277777778,221
142.92161472222222,43.18010777777778,220
142.92111888888888,43.17971055555556,221
142.9207827777778,43.179385,221
142.92032472222223,43.178739444444446,222
142.92029444444444,43.17870361111111,222
142.92027916666666,43.17826083333333,222
142.92023361111112,43.177615277777775,222
142.92018055555556,43.17697,222
142.92012722222222,43.176323333333336,221
142.9201197222222,43.17630805555556,221
142.92002,43.17601833333333,222
142.91955472222222,43.17537277777778,223
142.91908166666667,43.174727222222224,224
142.91898277777779,43.17459916666667,224
142.9186552777778,43.17395361111111,218
142.9186161111111,43.17389277777778,217
142.91855527777778,43.17373444444444,217
142.91826555555556,43.173561944444444,217
142.91731972222223,43.173251388888886,217
142.9169075,43.17308333333333,216
142.91615972222223,43.172605833333336,213
142.91519083333333,43.171995277777775,208
142.91478,43.17172611111111,212
142.91449666666668,43.17154277777778,215
142.91370361111112,43.171085,217
142.91364055555556,43.171037222222225,217
142.91363944444444,43.171037222222225,217
142.91314694444443,43.17066833333333,217
142.9125286111111,43.17017444444444,217
142.91175055555556,43.16952888888889,217
142.9112927777778,43.16915222222222,217
142.9108813888889,43.16881166666667,215
142.91037055555555,43.16860777777778,215
142.90980527777776,43.16849583333333,214
142.9089438888889,43.168374444444446,208
142.90848583333334,43.168170277777776,205
142.90779138888888,43.16781,203
142.90750944444446,43.16763638888889,205
142.90725777777777,43.16737722222222,207
142.90708222222221,43.1671125,208
142.90681527777778,43.166466944444444,212
142.90654833333335,43.165821111111114,215
142.90628138888889,43.165174444444446,219
142.90623583333334,43.16508361111111,219
142.90610555555557,43.16477861111111,220
142.9059375,43.1643925,220
142.90566305555555,43.16374583333333,220
142.90539611111112,43.1631,220
142.905305,43.16289166666667,220
142.90502305555555,43.162245,220
142.90474083333334,43.16159972222222,220
142.90446555555556,43.16095416666667,219
142.90419111111112,43.1603075,219
142.9039163888889,43.159661944444444,219
142.90364194444444,43.159016111111114,219
142.9033675,43.158370833333336,219
142.90310083333333,43.15772416666667,218
142.9028338888889,43.15707861111111,217
142.90255944444445,43.15643305555555,217
142.9022836111111,43.15578611111111,216
142.90200916666666,43.155140833333334,215
142.901735,43.15449527777778,214
142.90146055555556,43.15384861111111,214
142.9013463888889,43.15359472222222,213
142.90107944444443,43.152949166666666,213
142.90081166666667,43.1523025,213
142.90053722222223,43.15165694444445,212
142.90026277777778,43.15101138888889,212
142.89998833333334,43.15036472222222,211
142.8997136111111,43.149719166666664,211
142.89943944444445,43.14907361111111,210
142.89932444444443,43.14881444444445,210
142.8990575,43.14816777777778,209
142.89878305555555,43.14752194444444,208
142.8985086111111,43.14687638888889,207
142.89823416666667,43.14623,206
142.89795972222223,43.145584444444445,205
142.89768527777778,43.14493888888889,204
142.89740972222222,43.14429333333333,203
142.89735638888888,43.14418027777778,203
142.89731083333334,43.14405333333333,203
142.8970438888889,43.143407777777774,203
142.89677722222223,43.1427625,203
142.89651027777776,43.142115833333335,203
142.89623583333332,43.14147,204
142.89596138888888,43.14082444444445,204
142.8956861111111,43.14017805555556,204
142.8954113888889,43.1395325,204
142.89533555555556,43.13936416666667,205
142.89519,43.139049722222225,204
142.89490027777777,43.13840277777778,204
142.89461083333333,43.13775722222222,203
142.8943213888889,43.13711194444444,203
142.89403166666668,43.13646527777778,202
142.89374083333334,43.13581972222222,202
142.8934586111111,43.135173888888886,201
142.89317666666668,43.134528333333336,201
142.89338305555555,43.13388194444445,200
142.89358916666666,43.13323638888889,200
142.89379527777777,43.13259083333333,199
142.89400138888888,43.13194444444444,199
142.89421416666667,43.13129861111111,199
142.89442777777776,43.130653055555555,198
142.89464166666667,43.13000638888889,198
142.89473388888888,43.12974722222222,197
142.8949388888889,43.129101666666664,197
142.895145,43.12845611111111,197
142.89535138888888,43.127809444444445,197
142.89555777777778,43.12716416666667,196
142.89577138888887,43.12651833333334,196
142.89598527777778,43.12587166666667,196
142.89619888888888,43.12522638888889,196
142.89631277777778,43.124895555555554,195
142.89645833333333,43.1244225,195
142.8966252777778,43.12389944444445,195
142.8968238888889,43.12325277777778,194
142.8970225,43.12260722222222,193
142.89722111111112,43.121961666666664,193
142.89741972222222,43.121315,192
142.8976172222222,43.120669722222225,192
142.89780805555554,43.12002416666667,191
142.89800694444443,43.11937722222222,191
142.89820555555556,43.11873166666667,190
142.89836277777778,43.11822083333333,190
142.89836277777778,43.11822,190
142.89840416666667,43.11808638888889,190
142.89860166666668,43.11744083333333,190
142.89880027777778,43.116794166666665,189
142.8990063888889,43.116148333333335,189
142.8992125,43.11550305555556,188
142.89932638888888,43.11515694444444,188
142.89944916666667,43.114785833333336,188
142.8996475,43.11413916666667,187
142.899845,43.11349388888889,187
142.9000436111111,43.11284833333333,186
142.90024222222223,43.112201666666664,186
142.90044111111112,43.111555833333334,186
142.90063972222222,43.110910555555556,185
142.90083833333333,43.11026388888889,185
142.90102805555554,43.10961833333333,185
142.90121916666666,43.10897305555556,185
142.90141,43.10832722222222,184
142.90160111111112,43.107680555555554,184
142.90177583333335,43.10709027777778,184
142.90189833333332,43.106715,184
142.9020275,43.106293055555554,184
142.90210444444443,43.106053333333335,184
142.90228666666667,43.10540777777778,183
142.90247027777778,43.10476194444445,183
142.90264583333334,43.104166666666664,182
142.9028525,43.103541666666665,182
142.90289805555557,43.10338333333333,182
142.90291305555556,43.10330722222222,182
142.9030888888889,43.10283416666667,181
142.90311166666666,43.102758333333334,181
142.9032875,43.102152777777775,181
142.90337861111112,43.10187861111111,181
142.90356972222222,43.10123166666666,180
142.90375944444443,43.10058611111111,180
142.90380611111112,43.10044944444444,180
142.9039961111111,43.099802777777775,179
142.90414916666666,43.09929944444445,178
142.90425638888888,43.09896972222222,178
142.9044538888889,43.098323055555554,178
142.9046525,43.0976775,177
142.90479027777778,43.09726083333333,177
142.9049347222222,43.09675222222222,177
142.90513333333334,43.096136944444446,177
142.90527111111112,43.09565833333333,176
142.9054847222222,43.09511916666667,176
142.90562166666666,43.094676666666665,175
142.90565222222222,43.09458,175
142.90565222222222,43.09457888888889,175
142.90577472222222,43.09419388888889,175
142.9050347222222,43.094076666666666,175
142.90406583333333,43.09390833333333,176
142.9033713888889,43.09379222222222,176
142.90260111111112,43.093649166666665,176
142.90236472222222,43.09361861111111,176
142.90210527777776,43.09357277777778,176
142.9011363888889,43.09341972222222,176
142.9001675,43.093268055555555,175
142.8991986111111,43.09312027777778,175
142.8985725,43.093003055555556,175
142.89760361111112,43.09282527777778,175
142.896635,43.09265277777778,175
142.8956661111111,43.092479166666664,176
142.89469694444443,43.092306666666666,176
142.89372805555556,43.09213416666667,176
142.89369,43.092108055555556,176
142.89296555555555,43.091990833333334,176
142.89199666666667,43.09183888888889,176
142.8910275,43.09168583333334,176
142.8900588888889,43.09152861111111,175
142.88909,43.09137027777778,175
142.88827388888888,43.091233333333335,175
142.8876402777778,43.09119222222222,176
142.8874502777778,43.091228055555554,177
142.88670305555556,43.09135027777778,179
142.8865272222222,43.091456666666666,179
142.88648916666668,43.091456666666666,179
142.88598583333334,43.09174194444444,183
142.88546722222222,43.09210777777778,187
142.88525333333334,43.09236694444444,191
142.88500166666665,43.092682777777775,194
142.8849625,43.09280972222222,192
142.884955,43.092866111111114,192
142.88488666666666,43.092911666666666,193
142.88488666666666,43.09294222222222,192
142.88478805555556,43.093048055555556,193
142.88478805555556,43.09307416666667,193
142.88474222222223,43.09312527777778,193
142.88471083333334,43.093175277777775,194
142.88467277777778,43.09321083333333,194
142.88456666666667,43.09337361111111,194
142.88456666666667,43.09339972222222,194
142.88445166666668,43.093536388888886,195
142.8842388888889,43.09389777777778,197
142.884215,43.093984722222224,196
142.8841011111111,43.09417777777778,197
142.88384944444445,43.09482333333333,200
142.8835975,43.09546972222222,204
142.88334583333332,43.09611527777778,207
142.8830863888889,43.096761111111114,211
142.88294833333333,43.09709194444444,213
142.88291055555555,43.097209166666666,214
142.8827738888889,43.097406666666664,214
142.88246027777777,43.097676666666665,217
142.88182777777777,43.09804222222222,220
142.88151416666668,43.09815944444444,220
142.881065,43.09822555555556,220
142.8806375,43.09825611111111,220
142.88022527777778,43.098240833333335,220
142.87930944444443,43.098037777777776,220
142.87834083333334,43.09782416666667,220
142.87737166666668,43.097610277777775,220
142.87640277777777,43.09740194444444,220
142.87602194444443,43.09731527777778,220
142.87505333333334,43.097097222222224,220
142.87408416666668,43.09687805555556,220
142.87311527777777,43.09665861111111,220
142.87214666666668,43.09644055555555,220
142.87117777777777,43.096226944444446,220
142.8702086111111,43.09604888888889,221
142.86982666666665,43.095977222222224,221
142.86915611111112,43.09581444444444,223
142.8681875,43.09559111111111,226
142.8672186111111,43.0953675,229
142.86624944444443,43.09514388888889,232
142.86528083333334,43.09491944444444,234
142.86431194444444,43.09469583333333,237
142.86334277777777,43.09447222222222,240
142.8624802777778,43.094273888888885,241
142.86151166666667,43.09406,242
142.8605425,43.09384638888889,243
142.8595736111111,43.0936325,244
142.8586061111111,43.09341861111111,245
142.85763694444444,43.09320611111111,246
142.85666805555556,43.09299222222222,247
142.85569916666665,43.09278388888889,248
142.85473055555556,43.092574444444445,249
142.8537613888889,43.09236083333333,249
142.85331888888888,43.09226,250
142.85234972222221,43.09202555555556,250
142.85138111111112,43.091791111111114,250
142.85129,43.09176611111111,250
142.8503211111111,43.091745555555555,250
142.8502288888889,43.09174111111111,250
142.8497786111111,43.091837777777776,248
142.84880944444444,43.092035,244
142.84784083333332,43.09223361111111,240
142.84781055555555,43.09224444444445,240
142.8468413888889,43.092416944444444,237
142.84615583333334,43.09246805555556,233
142.84558277777776,43.092350833333334,232
142.84514,43.0921575,231
142.84442277777777,43.091750833333336,228
142.84345416666667,43.09120166666667,225
142.84304305555557,43.091033333333336,222
142.84298222222222,43.09101833333333,222
142.84201305555555,43.09081416666667,216
142.8412113888889,43.090631944444446,211
142.84024277777777,43.09041833333333,204
142.83967833333332,43.09030638888889,203
142.83932805555557,43.090199166666665,202
142.83893083333334,43.09005138888889,200
142.83851833333333,43.08984861111111,201
142.83815277777776,43.08961444444444,193
142.83769527777778,43.08922277777778,191
142.8374661111111,43.08906555555556,190
142.8370538888889,43.088815833333335,191
142.8365275,43.08855222222222,189
142.83601666666667,43.08836888888889,188
142.83556638888888,43.08826138888889,187
142.83459722222221,43.08804333333333,186
142.83362861111112,43.087824166666664,184
142.83342777777779,43.0884525,184
142.83342888888888,43.0884525,184
142.8334225,43.08847083333333,184
142.83333888888887,43.088724722222224,184
142.83316305555556,43.08937,184
142.83299583333334,43.08996583333333,185
142.83296416666667,43.09002666666667,185
142.83278944444444,43.090672222222224,186
142.83272,43.090916388888886,187
142.83266694444444,43.09124138888889,187
142.83264416666665,43.09135861111111,187
142.8326138888889,43.09176027777778,186
142.83262888888888,43.0921325,186
142.83265166666666,43.092325555555554,186
142.832705,43.09254361111111,186
142.83284277777778,43.09319027777778,186
142.83291111111112,43.09349527777778,187
142.8330413888889,43.094140555555555,189
142.83306416666667,43.094231666666666,189
142.83311694444444,43.09448138888889,189
142.8331777777778,43.09478194444444,189
142.83331555555554,43.09537638888889,189
142.83345222222223,43.096021944444445,190
142.83359,43.09666861111111,190
142.83372777777777,43.09731416666666,191
142.83386472222222,43.09795972222222,191
142.83399444444444,43.098525,192
142.83414638888888,43.09917027777778,193
142.83429944444444,43.09981611111111,194
142.834345,43.09997444444444,194
142.83449805555554,43.10062,194
142.83465,43.10126555555556,194
142.83481055555555,43.101911944444446,195
142.83482583333333,43.101972777777775,195
142.83496333333332,43.10261833333333,195
142.8351,43.10326416666667,196
142.8352377777778,43.10391083333333,196
142.83537444444445,43.10455611111111,197
142.83551222222223,43.105201666666666,197
142.8356488888889,43.105848333333334,198
142.83579416666666,43.106494166666664,198
142.83590166666667,43.106946111111114,198
142.83603833333333,43.107593055555554,199
142.83617611111112,43.10823861111111,199
142.83631277777778,43.10888416666667,200
142.83645055555556,43.10952944444445,200
142.83658722222222,43.11017611111111,201
142.8367325,43.110821944444446,201
142.83687777777777,43.1114675,202
142.8369688888889,43.11186444444444,202
142.83706,43.112250555555555,203
142.83720555555556,43.11289722222222,204
142.83734972222223,43.11354277777778,204
142.83749527777778,43.11418833333333,205
142.83764027777778,43.114835,205
142.83777694444444,43.11548055555556,206
142.837915,43.116126111111114,207
142.83805166666667,43.116771388888885,207
142.83814388888888,43.117174166666665,208
142.83828805555555,43.11781972222222,208
142.83843333333334,43.11846527777778,209
142.8385775,43.11911194444444,210
142.83872305555556,43.11975722222222,210
142.83886833333332,43.120403055555556,211
142.839005,43.121049722222224,211
142.83914277777777,43.121695277777775,212
142.83915805555554,43.121740555555554,212
142.83928694444444,43.12238611111111,212
142.8394172222222,43.12303277777778,212
142.8395461111111,43.12367861111111,212
142.83967638888888,43.12432388888889,212
142.83980666666668,43.12497055555556,212
142.8399511111111,43.125616111111114,213
142.84010361111112,43.126261666666664,214
142.84017972222222,43.12657222222222,214
142.84031,43.12721861111111,215
142.8404011111111,43.12761472222222,216
142.8405388888889,43.12826138888889,217
142.84067555555555,43.128906944444445,217
142.84081333333333,43.12955222222222,218
142.84094972222223,43.13019777777778,218
142.84109527777778,43.13084444444444,219
142.84123944444445,43.131459722222225,220
142.84137722222223,43.132105,220
142.841515,43.13275194444444,221
142.84165194444444,43.1333975,221
142.84178944444446,43.13404305555556,222
142.84192833333333,43.134663333333336,223
142.8419272222222,43.1346625,223
142.8419336111111,43.13468944444445,223
142.84207916666668,43.135335,223
142.84222333333332,43.135980833333335,224
142.8423688888889,43.13662638888889,224
142.84239916666667,43.13675861111111,225
142.84243722222223,43.13740527777778,225
142.84245194444443,43.13754194444444,226
142.84236083333334,43.138035555555554,226
142.84233805555556,43.13811694444444,226
142.84225444444445,43.13840111111111,226
142.8419788888889,43.138936111111114,226
142.8415222222222,43.13958138888889,227
142.84105666666667,43.14022722222222,228
142.84096444444444,43.140349722222226,228
142.84040027777777,43.140995277777776,230
142.83982833333334,43.141640833333334,232
142.8396525,43.14183388888889,233
142.83917194444444,43.14248055555556,232
142.8386911111111,43.14312611111111,232
142.83821055555555,43.14377138888889,232
142.83810416666665,43.143903888888886,232
142.83808027777778,43.143945,232
142.83772972222224,43.14459083333333,234
142.83737944444445,43.14523638888889,236
142.8370277777778,43.14588277777778,238
142.83667722222222,43.146528333333336,239
142.83633333333333,43.14717388888889,241
142.83599055555555,43.147820555555555,243
142.83564638888888,43.14846611111111,244
142.8353036111111,43.14911166666667,246
142.83496083333333,43.14975805555556,248
142.83461666666668,43.15040361111111,249
142.83430416666667,43.15078444444445,252
142.83358694444445,43.15135,255
142.8327711111111,43.15199527777778,259
142.83196166666667,43.152640833333336,263
142.83157305555557,43.15294138888889,264
142.83150472222223,43.152971666666666,264
142.83053583333333,43.15336333333333,270
142.82956694444445,43.15374944444444,276
142.82915444444444,43.15398388888889,275
142.82862833333334,43.15443638888889,275
142.82833861111112,43.1547825,276
142.82814,43.15535194444445,279
142.8279186111111,43.1559975,283
142.8276972222222,43.156643055555556,287
142.82747583333332,43.157289444444444,291
142.82725444444443,43.157935277777774,295
142.82710166666666,43.15831722222222,299
142.8268888888889,43.15873916666666,302
142.82683472222223,43.158815,302
142.82638527777777,43.159460555555555,302
142.82591222222223,43.15990861111111,307
142.82526333333334,43.16032527777778,314
142.82446277777777,43.16066611111111,314
142.82376055555557,43.16090972222222,318
142.8230511111111,43.16108333333333,322
142.82240222222222,43.16113444444444,321
142.82165444444445,43.16110833333333,323
142.82083111111112,43.16095111111111,329
142.8198622222222,43.16077305555556,336
142.81909944444445,43.16072222222222,336
142.81837472222222,43.160691666666665,340
142.81740583333334,43.16080888888889,343
142.8169861111111,43.16086416666667,345
142.81601694444444,43.16114388888889,349
142.81586416666667,43.161189444444446,350
142.814895,43.161520555555555,355
142.8140486111111,43.161815555555556,360
142.81336222222222,43.16206416666667,362
142.81239333333335,43.16242,367
142.81142416666665,43.162776666666666,372
142.81045527777778,43.163136944444446,377
142.8094863888889,43.16349833333334,382
142.8090675,43.16365666666667,384
142.8089838888889,43.163693611111114,384
142.80898277777777,43.163693611111114,384
142.8090675,43.16365666666667,384
142.8094863888889,43.16349833333334,382
142.81045527777778,43.163136944444446,377
142.81142416666665,43.162776666666666,372
142.81239333333335,43.16242,367
142.81336222222222,43.16206416666667,362
142.8140486111111,43.161815555555556,360
142.814895,43.161520555555555,355
142.81586416666667,43.161189444444446,350
142.81601694444444,43.16114388888889,349
142.8169861111111,43.16086416666667,345
142.81740583333334,43.16080888888889,343
142.81837472222222,43.160691666666665,340
142.81909944444445,43.16072222222222,336
142.8198622222222,43.16077305555556,336
142.82083111111112,43.16095111111111,329
142.82165444444445,43.16110833333333,323
142.82240222222222,43.16113444444444,321
142.8230511111111,43.16108333333333,322
142.82376055555557,43.16090972222222,318
142.82446277777777,43.16066611111111,314
142.82526333333334,43.16032527777778,314
142.82591222222223,43.15990861111111,307
142.82638527777777,43.159460555555555,302
142.82683472222223,43.158815,302
142.8268888888889,43.15873916666666,302
142.82710166666666,43.15831722222222,299
142.82725444444443,43.157935277777774,295
142.82747583333332,43.157289444444444,291
142.8276972222222,43.156643055555556,287
142.8279186111111,43.1559975,283
142.82814,43.15535194444445,279
142.82833861111112,43.1547825,276
142.82862833333334,43.15443638888889,275
142.82915444444444,43.15398388888889,275
142.82956694444445,43.15374944444444,276
142.83053583333333,43.15336333333333,270
142.83150472222223,43.152971666666666,264
142.83157305555557,43.15294138888889,264
142.8315927777778,43.152926111111114,263
142.8315927777778,43.152926111111114,263
142.83196166666667,43.152640833333336,263
142.8327711111111,43.15199527777778,259
142.83358694444445,43.15135,255
142.83430416666667,43.15078444444445,252
142.83461666666668,43.15040361111111,249
142.83496083333333,43.14975805555556,248
142.8353036111111,43.14911166666667,246
142.83564638888888,43.14846611111111,244
142.83599055555555,43.147820555555555,243
142.83633333333333,43.14717388888889,241
142.83667722222222,43.146528333333336,239
142.8370277777778,43.14588277777778,238
142.83737944444445,43.14523638888889,236
142.83772972222224,43.14459083333333,234
142.83808027777778,43.143945,232
142.83810416666665,43.143903888888886,232
142.83821055555555,43.14377138888889,232
142.8386911111111,43.14312611111111,232
142.83917194444444,43.14248055555556,232
142.8396525,43.14183388888889,233
142.83982833333334,43.141640833333334,232
142.84040027777777,43.140995277777776,230
142.84096444444444,43.140349722222226,228
142.84105666666667,43.14022722222222,228
142.8415222222222,43.13958138888889,227
142.8419788888889,43.138936111111114,226
142.84225444444445,43.13840111111111,226
142.84233805555556,43.13811694444444,226
142.84236083333334,43.138035555555554,226
142.84245194444443,43.13754194444444,226
142.84243722222223,43.13740527777778,225
142.84239916666667,43.13675861111111,225
142.8423688888889,43.13662638888889,224
142.84222333333332,43.135980833333335,224
142.84207916666668,43.135335,223
142.8419336111111,43.13468944444445,223
142.84178944444446,43.13404305555556,222
142.84165194444444,43.1333975,221
142.841515,43.13275194444444,221
142.84137722222223,43.132105,220
142.84123944444445,43.131459722222225,220
142.84109527777778,43.13084444444444,219
142.84094972222223,43.13019777777778,218
142.84081333333333,43.12955222222222,218
142.84067555555555,43.128906944444445,217
142.8405388888889,43.12826138888889,217
142.8404011111111,43.12761472222222,216
142.84031,43.12721861111111,215
142.84017972222222,43.12657222222222,214
142.84010361111112,43.126261666666664,214
142.8399511111111,43.125616111111114,213
142.83980666666668,43.12497055555556,212
142.83967638888888,43.12432388888889,212
142.8395461111111,43.12367861111111,212
142.8394172222222,43.12303277777778,212
142.83928694444444,43.12238611111111,212
142.83915805555554,43.121740555555554,212
142.83914277777777,43.121695277777775,212
142.839005,43.121049722222224,211
142.83886833333332,43.120403055555556,211
142.83872305555556,43.11975722222222,210
142.8385775,43.11911194444444,210
142.83843333333334,43.11846527777778,209
142.83828805555555,43.11781972222222,208
142.83814388888888,43.117174166666665,208
142.83805166666667,43.116771388888885,207
142.837915,43.116126111111114,207
142.83777694444444,43.11548055555556,206
142.83764027777778,43.114835,205
142.83749527777778,43.11418833333333,205
142.83734972222223,43.11354277777778,204
142.83720555555556,43.11289722222222,204
142.83706,43.112250555555555,203
142.8369688888889,43.11186444444444,202
142.83687777777777,43.1114675,202
142.8367325,43.110821944444446,201
142.83658722222222,43.11017611111111,201
142.83645055555556,43.10952944444445,200
142.83631277777778,43.10888416666667,200
142.83617611111112,43.10823861111111,199
142.83603833333333,43.107593055555554,199
142.83590166666667,43.106946111111114,198
142.83579416666666,43.106494166666664,198
142.8356488888889,43.105848333333334,198
142.83551222222223,43.105201666666666,197
142.83537444444445,43.10455611111111,197
142.8352377777778,43.10391083333333,196
142.8351,43.10326416666667,196
142.83496333333332,43.10261833333333,195
142.83482583333333,43.101972777777775,195
142.83481055555555,43.101911944444446,195
142.83465,43.10126555555556,194
142.83449805555554,43.10062,194
142.834345,43.09997444444444,194
142.83429944444444,43.09981611111111,194
142.83414638888888,43.09917027777778,193
142.83399444444444,43.098525,192
142.83386472222222,43.09795972222222,191
142.83372777777777,43.09731416666666,191
142.83359,43.09666861111111,190
142.83345222222223,43.096021944444445,190
142.83331555555554,43.09537638888889,189
142.8331777777778,43.09478194444444,189
142.83311694444444,43.09448138888889,189
142.83306416666667,43.094231666666666,189
142.8330413888889,43.094140555555555,189
142.83291111111112,43.09349527777778,187
142.83284277777778,43.09319027777778,186
142.832705,43.09254361111111,186
142.83265166666666,43.092325555555554,186
142.83262888888888,43.0921325,186
142.8326138888889,43.09176027777778,186
142.83264416666665,43.09135861111111,187
142.83266694444444,43.09124138888889,187
142.832515,43.09118083333333,187
142.83245333333332,43.09115055555556,187
142.83243055555556,43.09110944444444,188
142.83235444444443,43.090717777777776,188
142.8323425,43.09065694444445,188
142.8323425,43.09065583333334,188
142.83235444444443,43.090717777777776,188
142.83243055555556,43.09110944444444,188
142.83245333333332,43.09115055555556,187
142.832515,43.09118083333333,187
142.83266694444444,43.09124138888889,187
142.83272,43.090916388888886,187
142.83278944444444,43.090672222222224,186
142.83296416666667,43.09002666666667,185
142.83299583333334,43.08996583333333,185
142.83316305555556,43.08937,184
142.83333888888887,43.088724722222224,184
142.8334225,43.08847083333333,184
142.83362861111112,43.087824166666664,184
142.83374361111112,43.08754972222222,186
142.83405611111112,43.08701027777778,186
142.8342927777778,43.086710833333335,187
142.83450638888888,43.08649166666667,187
142.83475805555557,43.08626833333334,186
142.83520833333333,43.08594277777778,184
142.83542972222222,43.08582583333333,184
142.83639888888888,43.08533194444444,182
142.8364063888889,43.08532777777778,182
142.83677972222222,43.08514972222222,181
142.83683277777777,43.08512361111111,180
142.83690222222222,43.08508361111111,180
142.83694027777779,43.08506833333333,180
142.83736777777779,43.084824166666664,180
142.83771805555557,43.08456916666667,180
142.83785583333332,43.08445777777778,180
142.83806833333333,43.08428527777778,181
142.8382138888889,43.08413222222222,180
142.83846555555556,43.0838675,178
142.83859583333333,43.08371555555556,178
142.83875527777778,43.083490833333336,178
142.8383313888889,43.08340527777778,178
142.83833027777777,43.08340527777778,178
142.83830527777778,43.083399722222225,178
142.83816861111112,43.08338444444444,178
142.83748166666666,43.08327277777778,179
142.83694027777779,43.083216388888886,179
142.83676444444444,43.083216388888886,179
142.83648222222223,43.08320111111111,179
142.8360775,43.083150277777776,179
142.83593333333334,43.083135,179
142.83549055555557,43.08304916666667,180
142.8347811111111,43.082901666666665,182
142.83413222222222,43.082748611111114,183
142.83339222222222,43.08257611111111,184
142.83290416666668,43.08244916666666,185
142.83284333333333,43.08238305555555,185
142.83283583333332,43.08235472222222,185
</coordinates>
</LineString>
</Placemark>
</Document>
</kml>
