<?xml version="1.0" encoding="UTF-8"?>
<kml xmlns="http://www.opengis.net/kml/2.2" xmlns:atom="http://www.w3.org/2005/Atom">
<Document>
<name>2012北海道前プラ　二日目っ！</name>
<atom:author>
<atom:name>ceo50</atom:name>
</atom:author> 
<atom:link href="https://latlonglab.yahoo.co.jp/route/watch?id=84bc3a0e0d4adc2983a6312ff82c0fdf" />
<description><![CDATA[合宿ルートに合流。二日目の最後の方。その後ルート通りに日勝峠へ。

ルート通りに走ることは走るがキャンプ場に泊まるつもりはないです。道の駅はいくつかあった。

珍しくダートのない平和日]]></description>
<tags><![CDATA[wcc]]></tags>  
<Placemark>
<Style>
<LineStyle>
<color>99ff0000</color>
<width>6</width>
</LineStyle>
</Style>
<LineString>
<coordinates>
142.40861361111112,42.9764775,340
142.40915083333334,42.97631027777778,341
142.41011972222222,42.97601083333333,342
142.4110886111111,42.97571027777778,343
142.41168444444443,42.9755225,343
142.41177527777776,42.975496666666665,343
142.4120725,42.97542055555556,343
142.41269861111113,42.9752125,343
142.41310333333334,42.97515611111111,343
142.41349944444445,42.97513111111111,345
142.4142013888889,42.97519194444445,348
142.41517027777778,42.97540027777778,348
142.41542194444443,42.975456666666666,348
142.41637555555556,42.97559888888889,348
142.41708527777777,42.975625,344
142.41776416666667,42.97553805555555,343
142.41838916666666,42.975339444444444,343
142.4191522222222,42.974830833333336,344
142.41970972222222,42.97425694444444,342
142.42016666666666,42.97361027777778,343
142.42062444444446,42.972965,345
142.4210825,42.972319166666665,346
142.42128861111112,42.97203388888889,346
142.421815,42.97150555555555,346
142.42221194444446,42.971134722222224,347
142.4230736111111,42.970488055555556,348
142.42336444444445,42.97027416666667,348
142.4238525,42.969903055555555,350
142.4246838888889,42.96925777777778,351
142.4248213888889,42.96915583333333,350
142.42506555555556,42.9689725,352
142.42591194444444,42.96832666666667,357
142.42675055555554,42.96768138888889,362
142.4271097222222,42.967263611111115,364
142.42737666666667,42.96671472222222,365
142.4274147222222,42.96651611111111,365
142.42752194444444,42.965870833333334,367
142.4276211111111,42.965225,368
142.4276438888889,42.96511777777778,367
142.42775138888888,42.96447194444445,366
142.4278575,42.96382638888889,364
142.42796388888888,42.96318,362
142.4280638888889,42.962534444444444,360
142.4281625,42.961888888888886,358
142.42826222222223,42.9612425,357
142.42836111111112,42.96059666666667,355
142.42846,42.95995111111111,353
142.42849916666665,42.95961027777778,353
142.428575,42.95906611111111,355
142.42865111111112,42.958441111111114,354
142.4287736111111,42.958170833333334,356
142.42904055555556,42.957525277777776,360
142.42921638888888,42.95728138888889,360
142.42966555555554,42.95663583333333,362
142.43018527777778,42.95608555555555,361
142.43049027777778,42.95581638888889,360
142.4312,42.9553025,360
142.4314136111111,42.955150555555555,362
142.43190194444443,42.95490638888889,361
142.43287055555555,42.954433333333334,361
142.43318305555556,42.954259722222226,361
142.43415222222222,42.95373166666667,360
142.4351211111111,42.953201944444444,360
142.43609,42.95267361111111,360
142.43698916666668,42.95218555555556,360
142.43795833333334,42.95165166666666,360
142.43802,42.951615833333335,360
142.43876,42.951209166666665,360
142.4390575,42.95104083333333,360
142.4400263888889,42.95050722222222,360
142.440995,42.949978888888886,360
142.4418261111111,42.94944388888889,356
142.44231444444443,42.9490275,362
142.4425738888889,42.94868666666667,362
142.44265083333335,42.94849361111111,366
142.44281027777777,42.94791861111111,366
142.44295583333334,42.947273055555556,366
142.4430397222222,42.94694222222222,366
142.44315472222223,42.94647472222222,366
142.44330666666667,42.94582888888889,367
142.44345944444444,42.94518222222222,367
142.4436125,42.944536944444444,368
142.44375694444443,42.943891388888886,369
142.44390222222222,42.943244722222225,369
142.44404666666668,42.94259916666667,370
142.44419194444444,42.94195361111111,370
142.4443363888889,42.94130694444444,371
142.44448194444445,42.94066138888889,372
142.4446272222222,42.94001611111111,372
142.44477166666667,42.939369444444445,373
142.44477916666668,42.939365,373
142.4448486111111,42.938718333333334,375
142.44484111111112,42.93852527777778,376
142.4448336111111,42.93787972222222,377
142.44482472222222,42.93723416666667,378
142.44482472222222,42.9365875,380
142.444825,42.935942222222224,381
142.444825,42.935296666666666,382
142.444825,42.93468138888889,383
142.444825,42.93403472222222,384
142.44472638888888,42.933612777777775,383
142.4446961111111,42.933480277777775,383
142.4446047222222,42.93329277777778,384
142.44431444444444,42.93264694444444,387
142.44397138888888,42.9321025,386
142.44357444444444,42.93145694444444,386
142.44355916666666,42.93142666666667,386
142.44338472222222,42.93078,387
142.443415,42.93016472222222,388
142.44346833333333,42.9300075,389
142.44367444444444,42.929360555555554,393
142.44382638888888,42.92905611111111,394
142.4441322222222,42.92841055555556,395
142.44443722222223,42.92776472222222,396
142.4446661111111,42.927281111111114,398
142.44491027777778,42.9267625,398
142.4449786111111,42.926569444444446,401
142.44503944444443,42.92620361111111,399
142.44507861111111,42.926071388888886,401
142.44504694444444,42.92561333333333,401
142.4449486111111,42.925114444444446,405
142.44482583333334,42.92446888888889,410
142.44470444444445,42.92382333333333,416
142.44459055555555,42.92317666666667,421
142.44447555555556,42.92253138888889,426
142.44447583333334,42.922088611111114,421
142.44467444444444,42.921656666666664,420
142.44502472222223,42.92127472222222,433
142.44572666666667,42.9208075,437
142.4465663888889,42.92038,444
142.44694722222224,42.92009027777778,446
142.4472761111111,42.91959638888889,453
142.4472761111111,42.91916444444445,460
142.4472761111111,42.9189,462
142.44713083333335,42.91825444444444,463
142.4470625,42.91796472222222,464
142.4469475,42.917318055555555,465
142.4468261111111,42.91667277777778,466
142.44676416666667,42.916358055555555,467
142.44666555555557,42.91571138888889,469
142.4466502777778,42.91562555555556,469
142.44664277777778,42.91497888888889,478
142.44663527777777,42.91433361111111,488
142.4466277777778,42.914231666666666,489
142.44667333333334,42.91394722222222,490
142.44667333333334,42.91330055555556,492
142.44667333333334,42.91295,493
142.4466125,42.912304722222224,498
142.4465972222222,42.91218222222222,499
142.44653555555556,42.91199888888889,497
142.44629166666667,42.91155722222222,495
142.44562861111112,42.91091055555555,494
142.444965,42.910265,493
142.44481194444444,42.91011722222222,493
142.44424,42.90974638888889,495
142.4432711111111,42.90926805555556,494
142.4423025,42.908790555555555,494
142.44133333333335,42.90830666666667,493
142.44083777777777,42.90805805555556,493
142.4406013888889,42.908007222222224,495
142.43974722222222,42.90783361111111,488
142.43877833333335,42.90764027777778,479
142.43780972222223,42.90745277777778,471
142.43684083333332,42.90726388888889,463
142.43626805555556,42.907065277777775,462
142.4357038888889,42.90664888888889,461
142.4353686111111,42.9062475,461
142.43523833333333,42.905657222222224,465
142.43535333333332,42.90530111111111,459
142.43559,42.904955,452
142.436215,42.904360833333335,446
142.43687888888888,42.90371416666667,439
142.43754305555555,42.90306833333333,432
142.4382061111111,42.90242305555556,425
142.4384425,42.902005277777775,426
142.43848055555554,42.90159833333333,426
142.4383513888889,42.901223055555555,421
142.43805416666666,42.900825833333336,413
142.43733722222223,42.900347777777775,414
142.4366122222222,42.89995583333334,413
142.43636805555556,42.89979861111111,413
142.43615444444444,42.89965111111111,414
142.435865,42.89928527777778,407
142.43572722222223,42.89892388888889,400
142.43568166666665,42.89865916666667,395
142.43566638888888,42.89846611111111,392
142.43568166666665,42.89832416666667,392
142.43568916666666,42.898023611111114,393
142.43577277777777,42.89738777777778,388
142.43584972222223,42.89674222222222,382
142.43589527777777,42.89646222222222,382
142.43597888888888,42.89581694444445,381
142.43597916666667,42.895364444444446,381
142.43597916666667,42.89471777777778,381
142.4359488888889,42.89461138888889,380
142.43576555555555,42.893965,372
142.43555166666667,42.893451666666664,366
142.43528472222224,42.89280611111111,359
142.43502555555557,42.892159444444445,352
142.43491944444443,42.89171805555556,350
142.4348813888889,42.8913775,353
142.43498,42.89100083333334,356
142.4354,42.890543055555554,352
142.43546833333335,42.89048666666667,351
142.4362311111111,42.88984111111111,338
142.43661305555557,42.889444166666664,334
142.43671944444444,42.88921083333334,334
142.43678138888887,42.8890425,335
142.43674972222223,42.888686666666665,333
142.4365752777778,42.88832527777778,330
142.43627666666666,42.88800972222222,326
142.43584277777776,42.88772,320
142.43560638888889,42.887618055555556,320
142.4346375,42.8872275,321
142.43457555555557,42.88720138888889,320
142.4345072222222,42.88717666666667,320
142.43394305555555,42.8868,310
142.43371444444443,42.886499444444446,310
142.43353861111112,42.88610777777778,311
142.43363833333333,42.88557388888889,312
142.43380555555555,42.88514222222222,313
142.43391305555556,42.88485166666667,312
142.43413444444445,42.88420583333333,305
142.43427861111113,42.88379361111111,301
142.43439361111112,42.88344305555555,300
142.43445444444444,42.883270555555555,298
142.43472888888888,42.88285305555556,294
142.43490472222223,42.882604722222226,292
142.43498833333334,42.8824875,291
142.4350413888889,42.88232472222222,288
142.4350413888889,42.88214138888889,289
142.4350186111111,42.88200888888889,289
142.43495027777777,42.88184611111111,289
142.43466805555556,42.88206,288
142.43456833333335,42.88195361111111,288
142.43446972222222,42.88189166666667,288
142.43437833333334,42.88186666666667,289
142.43422333333334,42.88186666666667,288
142.43422222222222,42.88186666666667,288
142.43437833333334,42.88186666666667,289
142.43446972222222,42.88189166666667,288
142.43456833333335,42.88195361111111,288
142.43466805555556,42.88206,288
142.43495027777777,42.88184611111111,289
142.43521722222224,42.881643333333336,288
142.43527805555556,42.88160194444445,288
142.43627722222223,42.880809166666666,288
142.43760555555556,42.87975111111111,284
142.43850583333332,42.87903388888889,283
142.43878777777778,42.87882583333333,283
142.43919166666666,42.878495,282
142.43967972222222,42.87813361111111,282
142.43993166666667,42.877935,281
142.44055,42.87746305555556,281
142.4406261111111,42.87740111111111,281
142.44070305555556,42.87734583333334,280
142.44145055555555,42.87674611111111,280
142.44240416666668,42.87601361111111,280
142.4429,42.87630333333333,280
142.4434186111111,42.87660277777778,280
142.44594333333333,42.878078333333335,284
142.44601944444443,42.87811833333333,284
142.44629361111112,42.878276944444444,285
142.44692722222223,42.87865222222222,285
142.4475686111111,42.879019166666666,286
142.45039027777779,42.880651666666665,286
142.4513061111111,42.88117472222222,288
142.45297666666667,42.88212638888889,290
142.4566536111111,42.88422694444444,295
142.45791222222223,42.88494416666666,296
142.46194805555555,42.88726805555556,294
142.46730305555556,42.89035055555556,292
142.4694838888889,42.89161111111111,296
142.47272666666666,42.89346777777778,299
142.47439722222222,42.89397666666667,299
142.47602166666667,42.89442916666667,305
142.47787583333334,42.8949425,308
142.480485,42.89570055555556,309
142.48069777777778,42.89570055555556,309
142.4823761111111,42.895736666666664,317
142.48462722222223,42.895670555555554,307
142.48721277777778,42.895268055555555,307
142.48940972222223,42.895268333333334,306
142.4962225,42.895334444444444,308
142.4971836111111,42.895400555555554,307
142.49839666666668,42.89572611111111,308
142.4989,42.89584333333333,309
142.49959444444445,42.89586972222222,314
142.50058583333333,42.8957525,316
142.50109694444444,42.89561027777778,318
142.50640694444445,42.894267222222226,316
142.51002305555556,42.893951666666666,328
142.51351666666667,42.893661944444446,326
142.51546944444445,42.89349527777778,330
142.51768194444443,42.89331194444444,331
142.51987888888888,42.89312861111111,331
142.52100833333333,42.89302638888889,331
142.52312083333334,42.89284444444444,332
142.52412,42.892763055555555,332
142.5265311111111,42.89255361111111,335
142.53015444444443,42.89224361111111,336
142.53046694444444,42.89221861111111,336
142.53234416666666,42.89206138888889,341
142.5327336111111,42.89203083333334,343
142.5334963888889,42.891959444444446,345
142.53457916666667,42.8918725,340
142.53570861111112,42.891775833333334,342
142.5368836111111,42.89167972222222,345
142.53708111111112,42.89174583333333,345
142.53760833333334,42.89170555555555,345
142.53789055555555,42.89167972222222,346
142.53885916666667,42.89160805555556,346
142.53982833333333,42.8915375,346
142.54023194444446,42.8915375,347
142.54074305555557,42.89161333333333,349
142.54093361111111,42.89165916666666,349
142.5419025,42.89187277777778,350
142.54287166666666,42.892086666666664,351
142.54384027777778,42.892295,352
142.544565,42.89246861111111,353
142.54553388888888,42.8926975,354
142.5465027777778,42.892921111111114,355
142.54695305555555,42.89302722222222,355
142.54792166666667,42.89325638888889,356
142.54889083333333,42.893479722222224,357
142.5498597222222,42.893704444444445,357
142.55082833333333,42.893927777777776,358
142.55163666666667,42.89411138888889,358
142.5526052777778,42.894329444444445,359
142.55301777777777,42.89443694444444,359
142.5534288888889,42.89460388888889,360
142.55439805555557,42.895092222222225,360
142.55536666666666,42.895585833333335,360
142.5556411111111,42.89572805555556,360
142.5556488888889,42.89573333333333,361
142.55661777777777,42.89620111111111,363
142.5575863888889,42.89666972222222,365
142.55855527777777,42.89713722222222,367
142.55883,42.89718833333333,368
142.55937972222222,42.8974575,369
142.56034861111112,42.897925,370
142.5613177777778,42.89839388888889,371
142.5622561111111,42.898897222222224,373
142.56262916666665,42.89909472222222,374
142.56282027777777,42.89924222222222,374
142.56363583333334,42.89988888888889,374
142.56394833333334,42.90022388888889,373
142.56453666666667,42.900869722222225,372
142.5646277777778,42.900976944444444,372
142.56516166666665,42.901622777777774,374
142.56518333333332,42.901649722222224,374
142.56518222222223,42.90164861111111,374
142.5656886111111,42.90226833333333,375
142.5662147222222,42.90291472222222,377
142.5667411111111,42.90356027777778,378
142.56717583333332,42.90413,380
142.5672138888889,42.90416583333333,381
142.56787805555555,42.90481138888889,384
142.5683425,42.90512722222222,386
142.56881555555555,42.905295277777775,384
142.56905194444445,42.905345277777776,385
142.5694186111111,42.905431944444445,384
142.5703875,42.90564583333333,383
142.5709136111111,42.9057425,384
142.57150055555556,42.90583888888889,385
142.57245416666666,42.905925833333335,387
142.57289694444444,42.90592027777778,388
142.57386583333334,42.90592027777778,389
142.57483472222222,42.90592027777778,390
142.5758036111111,42.90592027777778,391
142.57677222222222,42.90592027777778,392
142.57774138888888,42.905920555555554,393
142.5778097222222,42.905926111111114,393
142.5784661111111,42.90597694444445,394
142.57927416666666,42.906037777777776,397
142.58013694444443,42.90622111111111,398
142.58109055555556,42.90661722222222,399
142.581815,42.90705444444445,401
142.58278416666667,42.90763472222222,403
142.5837527777778,42.908208888888886,405
142.583935,42.908321666666666,406
142.58407277777778,42.908524444444446,405
142.58450027777778,42.90917,404
142.58492694444445,42.909816944444444,403
142.5853463888889,42.9104625,402
142.58535416666666,42.910472222222225,402
142.5857511111111,42.911118611111114,400
142.5859725,42.911505,399
142.5860863888889,42.91169277777778,402
142.58629277777777,42.91197805555556,403
142.58674305555556,42.91262361111111,405
142.5871852777778,42.91327,407
142.5873222222222,42.91353361111111,406
142.5873525,42.913855,407
142.587345,42.913895,407
142.58727666666667,42.914540555555554,408
142.58720805555555,42.9151875,409
142.5871386111111,42.91544666666667,412
142.58702472222222,42.915639444444444,411
142.58667444444444,42.916285277777774,408
142.58644527777778,42.916692222222224,409
142.58628472222222,42.91699277777778,413
142.5861622222222,42.91737888888889,415
142.58617833333332,42.91765861111111,415
142.58631527777777,42.91793305555556,415
142.58649861111113,42.91814138888889,414
142.58700944444445,42.91852333333333,415
142.58787083333334,42.91916888888889,416
142.5882375,42.919423055555555,418
142.58914555555555,42.92006972222222,422
142.5896338888889,42.92042555555555,425
142.590045,42.920679444444445,426
142.59062555555556,42.920883333333336,427
142.59122,42.92099527777778,426
142.5921888888889,42.921167777777775,424
142.5924711111111,42.921351111111115,421
142.5927075,42.92161055555555,426
142.59286055555555,42.922041944444445,426
142.5928602777778,42.92248472222222,427
142.5928375,42.922668055555555,426
142.59277666666668,42.92331361111111,425
142.5927225,42.92396055555555,424
142.59270722222223,42.92409277777778,424
142.59270722222223,42.92434111111111,423
142.59273777777778,42.92475861111111,424
142.59289833333332,42.925241666666665,426
142.5930361111111,42.925510833333334,428
142.5933486111111,42.9261575,431
142.59366083333333,42.92680277777778,434
142.5936761111111,42.92683861111111,434
142.5938972222222,42.927484166666666,434
142.5939125,42.92787583333333,434
142.59385944444443,42.928044166666666,433
142.59344694444445,42.92867444444445,436
142.59327222222223,42.92919277777778,437
142.59325722222223,42.92957916666667,437
142.59324833333332,42.93022583333333,438
142.5933102777778,42.93054055555555,437
142.59354694444445,42.930907222222224,437
142.5938136111111,42.931155833333335,437
142.59450027777777,42.931802222222224,438
142.59481277777778,42.932183055555555,438
142.59486611111112,42.93223416666667,439
142.5954538888889,42.932880833333336,442
142.59603333333334,42.933526388888886,445
142.59622416666667,42.9336175,443
142.59684916666666,42.93389194444445,440
142.59728444444445,42.93409055555556,440
142.5974977777778,42.934223055555556,441
142.59763444444445,42.934309722222224,444
142.5978863888889,42.93450305555555,449
142.59844388888888,42.935051944444446,454
142.5986577777778,42.93528611111111,455
142.59892472222222,42.93554972222222,456
142.59926,42.93588611111111,454
142.59964916666667,42.936145555555555,454
142.60061833333333,42.936775833333336,454
142.60072444444444,42.936841944444446,451
142.60077,42.9368725,451
142.6017236111111,42.93751916666667,453
142.60233444444444,42.9380475,453
142.60234972222221,42.93808333333333,453
142.6023952777778,42.93821027777778,454
142.60241805555555,42.93853555555555,452
142.60233444444444,42.938764444444445,451
142.60221194444443,42.93908472222222,452
142.6018688888889,42.93956861111111,456
142.6016627777778,42.93986805555556,457
142.60122027777777,42.940513333333335,460
142.600785,42.94116,463
142.60041944444444,42.94165805555556,462
142.60023611111112,42.941902222222225,462
142.59977805555556,42.9425475,461
142.59932027777776,42.943194444444444,461
142.5988622222222,42.94383972222222,460
142.59879388888888,42.943936111111114,461
142.59838277777777,42.944581944444444,464
142.59806138888888,42.945141666666665,466
142.59798555555557,42.945391388888886,465
142.5979702777778,42.945589444444444,464
142.59795527777777,42.94570138888889,464
142.59799305555555,42.94601611111111,465
142.5980311111111,42.94618416666667,466
142.59806916666668,42.94634166666667,466
142.59808444444445,42.946398055555555,466
142.59826777777778,42.94671805555556,468
142.5985575,42.94705888888889,471
142.59873305555556,42.94721722222222,472
142.5989313888889,42.947359444444444,473
142.5989847222222,42.94738972222222,469
142.5991061111111,42.94746555555555,469
142.59928194444444,42.94756777777778,470
142.59938166666666,42.947624166666664,470
142.59983111111111,42.94778138888889,472
142.6003736111111,42.947898611111114,477
142.60086944444444,42.94791388888889,476
142.6012575,42.94794972222222,476
142.60154722222222,42.948015833333336,477
142.60182277777778,42.948122222222224,477
142.60237194444446,42.94849861111111,477
142.6024936111111,42.94856472222222,477
142.6028677777778,42.94875805555556,478
142.60346972222223,42.94907361111111,478
142.6036836111111,42.94918,478
142.60373666666666,42.949215833333334,479
142.60384416666668,42.94929194444445,479
142.60399722222223,42.94942416666667,479
142.60415666666665,42.9495925,479
142.60427166666668,42.949734444444445,479
142.6043325,42.949846111111114,479
142.60438555555555,42.94997305555555,479
142.6044311111111,42.950075,479
142.6044311111111,42.950090277777775,479
142.6044613888889,42.95017166666667,481
142.60446916666666,42.950207222222225,481
142.60449305555557,42.95032444444445,482
142.60456888888888,42.95069027777778,483
142.60460694444444,42.9508475,483
142.60466,42.95102111111111,484
142.60470555555557,42.951189444444445,484
142.60476722222222,42.951346666666666,485
142.60483555555555,42.951524722222224,485
142.60490388888888,42.95167222222222,486
142.6050113888889,42.95184027777778,486
142.605095,42.95199222222222,487
142.6051936111111,42.95214,487
142.6052936111111,42.952281944444444,488
142.6054075,42.952414166666664,488
142.60554527777776,42.95258222222222,489
142.60565916666667,42.952709166666665,489
142.60578166666667,42.95281666666666,490
142.60589583333334,42.9529175,490
142.60603361111112,42.95302944444445,491
142.60617027777778,42.95314222222222,491
142.60630805555556,42.953248611111114,492
142.6064911111111,42.953365833333336,492
142.60672,42.95350777777778,493
142.60693388888888,42.95361416666667,493
142.6071313888889,42.95371611111111,494
142.607345,42.953808333333335,495
142.6075436111111,42.95388972222222,495
142.6077725,42.953965833333335,496
142.60801666666666,42.95404166666667,496
142.6084213888889,42.95413833333333,497
142.6095725,42.95443888888889,500
142.60973305555555,42.954478888888886,500
142.6099088888889,42.95454083333333,501
142.61006833333334,42.954590833333334,501
142.61022888888888,42.954656944444444,502
142.61039722222222,42.954723055555554,502
142.61055666666667,42.95480027777778,502
142.61075527777777,42.95489138888889,503
142.6109536111111,42.95500861111111,503
142.61114472222224,42.95511472222222,504
142.61132027777776,42.95523194444444,505
142.6114797222222,42.955349166666664,505
142.6116175,42.95546638888889,506
142.6117313888889,42.9555575,506
142.61188444444446,42.95568027777778,505
142.61200583333334,42.95580722222222,505
142.61214388888888,42.95595472222222,505
142.61267,42.956498333333336,507
142.6127688888889,42.95662083333333,509
142.6153475,42.95959583333333,519
142.61555361111112,42.959815,520
142.61603416666668,42.96017527777778,522
142.6166438888889,42.960566944444444,524
142.61710944444445,42.96079611111111,515
142.61749111111112,42.960948888888886,515
142.6179338888889,42.961081388888886,517
142.61836805555555,42.96121361111111,517
142.61869638888888,42.961305,517
142.61959611111112,42.96158916666667,521
142.62029055555556,42.96203194444445,521
142.62096944444446,42.962291111111114,525
142.62120611111112,42.9623575,525
142.62153361111112,42.96243888888889,527
142.62273888888888,42.9629575,527
142.62316638888888,42.963233055555555,533
142.62330416666666,42.96353222222222,533
142.62334222222222,42.96405638888889,532
142.62331944444443,42.96459027777778,535
142.62330416666666,42.96482888888889,535
142.62334222222222,42.96494611111111,535
142.62339527777777,42.96505777777778,536
142.6234713888889,42.965154444444444,536
142.6241427777778,42.965581944444445,535
142.6246311111111,42.96588694444444,537
142.62592,42.96644666666667,541
142.62714055555554,42.966772222222225,546
142.62858222222224,42.96701638888889,545
142.62920083333333,42.967122777777774,545
142.62958916666668,42.96720416666667,546
142.6298952777778,42.96726611111111,552
142.6308325,42.96776416666667,554
142.63125222222223,42.96790611111111,557
142.6317025,42.96792138888889,555
142.63184055555556,42.96789111111111,557
142.63277805555555,42.96750472222222,556
142.63335083333334,42.96727055555556,556
142.6339375,42.967058055555555,557
142.63452583333333,42.966833333333334,565
142.63528861111112,42.96667055555555,568
142.63579194444443,42.96657388888889,571
142.63673805555555,42.966274722222224,575
142.6371186111111,42.96613166666667,578
142.637455,42.965898333333335,582
142.6382636111111,42.964870833333336,590
142.63843916666667,42.964708055555555,593
142.63900361111112,42.9643675,599
142.63936916666665,42.964214444444444,605
142.6396525,42.96413861111111,605
142.63981944444444,42.964108055555556,602
142.64099472222222,42.96394,602
142.64171916666666,42.963838055555556,603
142.64187972222223,42.963813055555555,608
142.64471694444444,42.96340111111111,636
142.64566305555556,42.96323833333334,630
142.64605277777778,42.963208055555555,631
142.64683805555555,42.963208055555555,632
142.64744027777778,42.963299166666665,633
142.64851666666667,42.96359972222222,638
142.6492638888889,42.96378333333333,646
142.65207833333332,42.96379833333334,652
142.6523613888889,42.9637475,653
142.65275,42.96359972222222,656
142.6536125,42.963142222222224,657
142.65447416666666,42.96278083333333,663
142.65513055555556,42.96259305555556,666
142.65560333333335,42.9625725,665
142.6559538888889,42.96264861111111,666
142.65640416666668,42.962765833333336,665
142.65674805555557,42.96288833333333,661
142.65722888888888,42.96306638888889,662
142.6591275,42.963793333333335,668
142.65976111111112,42.96400694444444,673
142.66024916666666,42.96420555555556,675
142.66059972222223,42.96439861111111,676
142.66096638888888,42.964597222222224,675
142.66124833333333,42.96482638888889,676
142.6621111111111,42.96545138888889,675
142.6624613888889,42.965609722222226,676
142.6628661111111,42.96572583333333,678
142.66314055555554,42.96575722222222,677
142.66397944444444,42.96575722222222,681
142.66439166666666,42.96570611111111,686
142.6655513888889,42.96546638888889,683
142.666375,42.96545694444445,684
142.66664166666666,42.965497222222226,686
142.66722222222222,42.96570638888889,687
142.6676486111111,42.96584333333333,686
142.66806083333333,42.96588888888889,686
142.67003666666668,42.96569138888889,705
142.67047194444444,42.96564027777778,704
142.67151638888888,42.96561,706
142.67237138888888,42.96558388888889,712
142.67261555555555,42.96561,716
142.67285972222223,42.965741111111114,715
142.67303444444445,42.96591472222222,716
142.67311138888888,42.96613305555555,714
142.67307222222223,42.967175833333336,713
142.67307222222223,42.96735916666667,714
142.6732025,42.967663611111114,715
142.67343888888888,42.968040277777774,717
142.6736375,42.96829944444445,716
142.67400305555554,42.968651111111114,717
142.67496416666665,42.969296666666665,724
142.67549055555557,42.969815277777776,726
142.67617722222224,42.97040527777778,724
142.67700944444445,42.971249722222225,728
142.6774975,42.971626111111114,728
142.67800111111112,42.97182472222222,727
142.6793277777778,42.972139444444444,727
142.6795263888889,42.97220111111111,725
142.6823102777778,42.973081111111114,736
142.68438583333332,42.97439833333333,736
142.68505,42.974713055555554,746
142.68561416666665,42.97484,742
142.68682694444445,42.97489638888889,742
142.68964888888888,42.97515583333333,746
142.69166361111112,42.975298055555555,745
142.69264777777778,42.97538472222222,746
142.69333361111111,42.97559305555556,748
142.69421888888888,42.976056388888885,753
142.69553916666666,42.9766,756
142.69662194444444,42.977133888888886,763
142.69704944444445,42.97725638888889,761
142.69885722222222,42.97740944444445,763
142.70110722222222,42.97759194444444,767
142.70242,42.977648611111114,764
142.702725,42.97770916666666,766
142.7039075,42.97805,776
142.70476916666667,42.978233333333336,774
142.70521166666666,42.978299444444445,777
142.70578333333333,42.97835055555556,775
142.70795777777778,42.978431944444445,784
142.70946138888888,42.97846777777778,785
142.71179527777778,42.97853388888889,783
142.71265777777776,42.97837583333333,785
142.7141227777778,42.97794833333333,795
142.71506861111112,42.9778475,795
142.7169827777778,42.97785722222222,805
142.7175936111111,42.97793305555555,805
142.71897444444446,42.97821833333333,813
142.7193325,42.97826416666667,816
142.7199813888889,42.97826444444444,820
142.72132333333334,42.97813194444444,824
142.7220786111111,42.978091666666664,825
142.7225288888889,42.97813194444444,826
142.72619833333334,42.97817305555556,846
142.72651861111112,42.97823388888889,844
142.72704583333334,42.97846833333333,846
142.7290213888889,42.97964777777778,858
142.7295552777778,42.97985166666667,860
142.73098194444444,42.980090555555556,867
142.7345286111111,42.980959722222224,884
142.73571916666666,42.98128083333334,887
142.73677138888888,42.98154,890
142.73770222222223,42.98199805555556,895
142.73893027777777,42.98276083333333,905
142.7393425,42.9828975,906
142.74147888888888,42.98309166666667,901
142.74199,42.98309166666667,913
142.74249333333333,42.982974722222224,914
142.74314222222222,42.98274027777778,913
142.74380527777777,42.98263388888889,913
142.7442025,42.98264361111111,920
142.74535444444444,42.982933333333335,928
142.74593388888889,42.98309166666667,927
142.74607166666667,42.98311666666667,927
142.74619333333334,42.983131944444445,926
142.7467802777778,42.983131944444445,925
142.74826861111111,42.98305083333333,933
142.748695,42.98308111111111,934
142.75015222222223,42.983264444444444,935
142.75096916666666,42.9834175,943
142.75148027777777,42.9836,947
142.75184583333333,42.98379305555556,947
142.752395,42.984006666666666,954
142.75279194444445,42.984048055555554,955
142.7532575,42.98397638888889,953
142.7537761111111,42.98375277777778,951
142.75412777777777,42.98348277777778,953
142.75451611111112,42.98299,965
142.75475277777778,42.982501944444444,966
142.75478305555555,42.98208972222222,962
142.75456944444446,42.98173388888889,965
142.75424166666667,42.98148416666667,971
142.75374583333334,42.98115861111111,973
142.75331833333334,42.98100138888889,975
142.75277722222222,42.98085916666667,981
142.75194583333334,42.98070083333333,983
142.7511288888889,42.98054888888889,992
142.7502825,42.980375277777775,990
142.74958083333334,42.98016694444444,991
142.74906972222223,42.98000972222222,994
142.7483525,42.979750277777775,992
142.74755166666668,42.97939888888889,993
142.7470397222222,42.97913944444444,992
142.74668166666666,42.97885,995
142.74646805555557,42.97863611111111,997
142.74619361111112,42.97831083333333,997
142.7459188888889,42.97797555555555,1003
142.74584305555555,42.977674722222226,1006
142.74584305555555,42.97750222222222,1007
142.74584305555555,42.977345,1006
142.74619388888888,42.976785,1012
142.74633166666666,42.976576944444446,1013
142.74676555555556,42.975875,1014
142.74697944444443,42.97554944444445,1013
142.74750555555556,42.974715277777776,1014
142.7475902777778,42.974583055555556,1014
142.74774222222223,42.97438555555556,1021
142.74846694444443,42.973485,1021
142.74915388888888,42.972885,1021
142.7504277777778,42.97196944444445,1021
142.75119055555555,42.971511666666665,1021
142.75195416666668,42.97112,1020
142.75336472222222,42.970495,1020
142.75420444444444,42.970260833333334,1020
142.75496722222223,42.9700375,1013
142.75553916666667,42.96971194444444,1003
142.75650805555554,42.96909138888889,996
142.75745416666666,42.968491388888886,989
142.757645,42.968379722222224,1008
142.7582786111111,42.96812027777778,1006
142.75850666666668,42.96805833333333,1005
142.7590338888889,42.967911111111114,1004
142.7594452777778,42.96783527777778,1003
142.75997138888889,42.967795,1002
142.76042916666665,42.96780472222222,993
142.76165722222223,42.96786027777778,984
142.76297027777778,42.96788611111111,980
142.76329027777777,42.96789611111111,975
142.76377861111112,42.96780472222222,974
142.76426694444444,42.967575833333335,975
142.76483083333332,42.96716388888889,966
142.7654188888889,42.96666027777778,966
142.76569361111112,42.966411944444445,966
142.76593,42.96609611111111,958
142.7660438888889,42.96577055555556,958
142.76604416666666,42.965511666666664,958
142.7660138888889,42.965246944444445,957
142.76586944444443,42.96469222222222,955
142.7653813888889,42.96377666666667,945
142.7649688888889,42.96312138888889,943
142.76463388888888,42.96281111111111,944
142.76338166666667,42.96219583333333,935
142.76276444444446,42.961885555555554,925
142.7626961111111,42.96185527777778,926
142.7625813888889,42.96179333333333,925
142.76232944444445,42.961579444444446,923
142.76216888888888,42.961285555555556,926
142.7621311111111,42.96107611111111,925
142.7621311111111,42.96091333333333,924
142.7621386111111,42.96090888888889,923
142.76216888888888,42.9602625,919
142.76218527777777,42.959795,916
142.76218527777777,42.95957138888889,914
142.76219277777778,42.95950527777778,914
142.76220805555556,42.95919472222222,914
142.76234472222222,42.95898638888889,915
142.76264194444445,42.95872722222222,912
142.76305444444444,42.958487777777776,906
142.7634438888889,42.958309722222225,904
142.7635427777778,42.958284722222224,903
142.76377916666667,42.95824361111111,902
142.7641536111111,42.95822833333333,904
142.7651225,42.95823361111111,896
142.7652061111111,42.958239166666665,895
142.7656411111111,42.95838138888889,891
142.76614444444445,42.95862,891
142.76653277777777,42.958737222222226,893
142.76704388888888,42.95872194444444,891
142.76785333333333,42.95863083333333,883
142.76827972222222,42.95863527777778,882
142.76866944444444,42.95869694444445,880
142.76890555555556,42.958778333333335,881
142.76987444444444,42.95917027777778,873
142.76999722222223,42.95922,872
142.77030194444444,42.95928638888889,872
142.77059166666666,42.95930138888889,872
142.77154555555555,42.95925583333333,871
142.77185777777777,42.95928638888889,862
142.77240694444444,42.95941416666667,860
142.77285722222223,42.959601944444444,858
142.7738261111111,42.960075,855
142.77479472222223,42.960548333333335,852
142.77548916666666,42.96088888888889,850
142.77597,42.96109722222222,851
142.77622916666667,42.96116333333333,849
142.77656444444443,42.96118833333333,850
142.77710694444445,42.961148333333334,840
142.77769416666666,42.96101055555555,842
142.7780911111111,42.960970277777776,832
142.77860194444443,42.961061388888886,831
142.77957111111112,42.96134694444444,828
142.78054,42.96163111111111,825
142.78120305555555,42.96182972222222,823
142.78166805555554,42.962094444444446,823
142.78214111111112,42.962495833333335,818
142.78269138888888,42.96274,815
142.78326333333334,42.9628875,816
142.7840563888889,42.962995,803
142.78446833333334,42.963121944444445,803
142.7849263888889,42.96340638888889,801
142.78565111111112,42.96405277777778,797
142.78585611111112,42.96423055555555,795
142.78644444444444,42.9646875,795
142.7871536111111,42.965226666666666,784
142.78764972222223,42.96561833333333,782
142.78820611111112,42.966030833333335,781
142.7886186111111,42.96628472222222,782
142.78896916666667,42.966477777777776,780
142.78950277777778,42.966660833333336,782
142.79047166666666,42.96691583333333,771
142.79048666666668,42.96692027777778,770
142.79145583333334,42.96710361111111,773
142.79148722222223,42.96711333333333,773
142.79232583333334,42.967286944444446,764
142.79308111111112,42.96749527777778,763
142.79405,42.96781111111111,757
142.7941563888889,42.967845833333335,757
142.79512527777777,42.96820722222222,753
142.79537694444446,42.96830361111111,752
142.7958425,42.96850222222222,753
142.79621666666668,42.96872138888889,746
142.79652916666666,42.96897,743
142.79682666666668,42.96935194444445,742
142.79706305555555,42.96962111111111,742
142.79731444444445,42.96980972222222,741
142.79759027777777,42.96993666666667,741
142.79790277777778,42.969946388888886,743
142.79823027777778,42.969885833333336,737
142.79846694444444,42.96975333333334,738
142.79856666666666,42.96956027777778,738
142.79857444444445,42.969295555555554,736
142.79847444444445,42.9690925,735
142.7981925,42.96874638888889,733
142.79780305555556,42.96830388888889,731
142.7972313888889,42.96778527777778,725
142.79634583333333,42.96713972222222,722
142.79546166666665,42.96649416666666,719
142.79502666666667,42.96617833333333,718
142.79411861111112,42.965532777777774,710
142.7937375,42.96526277777778,707
142.79283694444445,42.96461722222222,706
142.79192916666668,42.963971666666666,705
142.79161666666667,42.9637525,705
142.79066277777778,42.96310666666667,700
142.79014416666666,42.962760555555555,697
142.78932833333334,42.962185833333336,687
142.7886263888889,42.9616725,685
142.7881152777778,42.96128083333333,686
142.78784083333332,42.96095527777778,681
142.787665,42.9605375,675
142.78762694444444,42.96009611111111,675
142.78772583333333,42.95968944444444,673
142.7879927777778,42.95930194444445,674
142.78842777777777,42.95892111111111,667
142.78903,42.95859027777778,664
142.78971694444445,42.95827027777778,661
142.79020527777777,42.958056666666664,655
142.79042666666666,42.95795472222222,657
142.79121972222222,42.95757388888889,657
142.7921127777778,42.95716138888889,649
142.79255555555557,42.95697805555555,648
142.792945,42.956805833333334,647
142.79341694444443,42.956673333333335,644
142.7939125,42.956698333333335,642
142.79424138888888,42.956795,641
142.7945311111111,42.95699888888889,640
142.7946536111111,42.95733972222222,640
142.79457666666667,42.95764,633
142.79434,42.95787861111111,634
142.79366833333333,42.9583725,635
142.79322694444446,42.958713055555556,634
142.79273083333334,42.95917083333333,627
142.79255527777778,42.95946055555556,627
142.7924563888889,42.959780555555554,625
142.79251722222222,42.96008111111111,622
142.79273083333334,42.96032944444445,624
142.79300555555557,42.96057916666667,622
142.79397444444444,42.96101111111111,616
142.7942261111111,42.961128055555555,614
142.795195,42.96156555555555,610
142.79547694444443,42.96169777777778,608
142.79641555555557,42.962160833333336,604
142.797315,42.96266972222222,598
142.79828388888888,42.963300277777776,592
142.7985747222222,42.96349333333333,590
142.7991538888889,42.96395555555556,587
142.79944361111112,42.964286666666666,586
142.7999925,42.964932222222224,584
142.8005425,42.96557861111111,581
142.80109166666668,42.96622416666667,578
142.80164083333332,42.96686972222222,575
142.8016636111111,42.96689583333333,575
142.80201472222222,42.96732333333333,576
142.80244888888888,42.967730277777775,567
142.80291444444444,42.96805583333333,566
142.80341777777778,42.96834,563
142.80406666666667,42.96868083333333,554
142.80451666666667,42.96890972222222,552
142.80479111111111,42.96926138888889,547
142.80489,42.9696625,547
142.80487472222222,42.970039166666666,547
142.80477611111112,42.970328611111114,546
142.80444083333333,42.97061305555555,540
142.8036161111111,42.97121833333333,545
142.8029911111111,42.971736944444444,542
142.8026775,42.9720625,542
142.80254833333333,42.97225111111111,542
142.80231194444445,42.97287611111111,529
142.80228916666667,42.972922777777775,528
142.8021361111111,42.973288333333336,528
142.80196777777778,42.973655,519
142.8014263888889,42.974153055555554,516
142.80113666666668,42.97432111111111,517
142.80064833333333,42.97452944444444,516
142.80027527777779,42.974625833333334,514
142.79978694444443,42.974712777777775,510
142.79925194444445,42.97478861111111,508
142.79868,42.97484388888889,507
142.7977113888889,42.97490027777778,508
142.79755083333333,42.97491027777778,508
142.79690305555556,42.97499694444444,498
142.79646805555555,42.97515972222222,498
142.79620111111112,42.97541888888889,497
142.79602527777777,42.975678055555555,494
142.7959872222222,42.97602972222222,488
142.79606305555555,42.97635527777778,485
142.79625388888888,42.976593888888885,482
142.7965511111111,42.9768175,481
142.79696361111112,42.97695944444445,474
142.79739111111112,42.977021388888886,473
142.7978488888889,42.976934722222225,473
142.79827527777778,42.9768175,473
142.79924444444444,42.97645194444444,473
142.79936694444444,42.97640111111111,474
142.80033583333332,42.976014722222224,475
142.80119,42.97566861111111,476
142.80199916666666,42.97535277777778,468
142.80234944444445,42.97521638888889,466
142.8033186111111,42.97484,461
142.8042875,42.974468888888886,457
142.80502,42.97418916666667,455
142.8059888888889,42.9738225,453
142.80646944444445,42.97362916666667,451
142.8074386111111,42.97324305555556,447
142.80778138888888,42.97311611111111,444
142.80875,42.97276472222222,435
142.80949,42.97251083333333,433
142.81007833333334,42.97234805555556,434
142.81068805555554,42.97223638888889,433
142.81131416666668,42.972144444444446,428
142.81196194444445,42.97210416666667,423
142.81255,42.97210416666667,422
142.81296194444445,42.97211388888889,423
142.81347305555556,42.97220611111111,423
142.81417416666667,42.97236361111111,420
142.8147622222222,42.97253611111111,416
142.81534166666665,42.972770555555556,414
142.81571583333334,42.9729125,412
142.81601305555554,42.97302972222222,412
142.81632555555555,42.973146944444444,411
142.81675305555555,42.97334,409
142.81736388888888,42.97361472222222,404
142.8183013888889,42.9740725,399
142.81855305555555,42.97418972222222,398
142.81952166666667,42.97463666666667,394
142.8203161111111,42.97500361111111,391
142.82078166666668,42.97522166666667,388
142.82175027777777,42.97566416666667,382
142.82237527777778,42.975944166666665,378
142.82240555555555,42.97595944444444,378
142.8233747222222,42.97640222222222,374
142.82338222222222,42.97640638888889,374
142.8243511111111,42.97685472222222,370
142.8248011111111,42.977063055555554,368
142.82498444444445,42.97714972222222,367
142.82595361111112,42.97759694444444,363
142.8269225,42.97803944444444,358
142.82750166666668,42.97830972222222,356
142.82847055555555,42.97875138888889,352
142.82943972222222,42.979194166666666,349
142.83040833333334,42.979636666666664,346
142.83103444444444,42.97992638888889,343
142.83200333333335,42.98037472222222,338
142.83297083333332,42.980821666666664,334
142.8333788888889,42.981008333333335,332
142.83337777777777,42.981007222222225,332
142.83394,42.98126444444444,329
142.83409277777778,42.981340277777775,329
142.83506194444445,42.98181888888889,325
142.8358775,42.98223111111111,322
142.83684666666667,42.98271944444444,320
142.83722083333333,42.98297861111111,319
142.83739666666668,42.983130277777775,318
142.83753333333334,42.983293055555556,317
142.83762555555555,42.98347111111111,316
142.83777722222223,42.9838475,314
142.8380138888889,42.984361944444444,312
142.83812111111112,42.98457583333333,312
142.83842611111112,42.98522138888889,312
142.83868555555554,42.98585138888889,309
142.83893722222223,42.98649722222222,305
142.83911277777779,42.98693,302
142.83947083333334,42.98753555555555,299
142.83957055555555,42.987652777777775,298
142.83967694444445,42.98773416666667,298
142.84052333333332,42.98837972222222,294
142.84101916666665,42.988684722222224,293
142.84198777777777,42.98927444444445,291
142.84295666666668,42.98985944444444,289
142.84392555555556,42.99044416666667,287
142.84478055555556,42.99094222222222,285
142.84574916666668,42.99150222222222,282
142.84671805555556,42.99206222222222,280
142.84768722222222,42.99261666666666,278
142.84865583333334,42.99317,275
142.84869277777779,42.993145,275
142.8486938888889,42.993145,275
142.84922,42.992671944444446,271
142.8498461111111,42.9921175,264
142.8505861111111,42.99147222222222,266
142.85086083333334,42.991237777777776,268
142.85160833333333,42.99059222222222,271
142.85193611111112,42.990317777777776,272
142.85211944444444,42.990155,271
142.85246194444446,42.989885,271
142.85318694444445,42.98923944444444,268
142.85332472222223,42.98912222222222,268
142.8535838888889,42.98889333333333,267
142.8538127777778,42.988695,267
142.85455305555556,42.98804916666667,271
142.8545986111111,42.988013611111114,271
142.85499555555555,42.98764777777778,271
142.85572805555555,42.9870025,269
142.85618583333334,42.98660527777778,267
142.8568488888889,42.986020555555555,269
142.85757361111112,42.98537527777778,265
142.8579327777778,42.98506472222222,263
142.85864222222222,42.98444416666667,262
142.8593747222222,42.98379777777778,261
142.8601072222222,42.98315222222222,260
142.86083944444445,42.982506388888886,259
142.86157194444445,42.98186,257
142.86229666666668,42.98121444444445,256
142.86302166666667,42.98056888888889,253
142.8637463888889,42.97992361111111,250
142.8644713888889,42.979276666666664,247
142.86520333333334,42.978631388888886,244
142.86593583333334,42.977985833333335,240
142.86666833333334,42.97733916666667,237
142.86666833333334,42.97733916666667,237
142.86666833333334,42.97733916666667,237
142.86666833333334,42.97733916666667,237
142.86728555555555,42.97686638888889,230
142.86752222222222,42.97654611111111,227
142.867545,42.97650055555555,227
142.8678575,42.975855,224
142.86804083333334,42.975406944444444,223
142.8682925,42.974761666666666,222
142.86854444444444,42.974115,221
142.8687125,42.973774166666665,220
142.8689186111111,42.97342361111111,221
142.86932222222222,42.97295611111111,221
142.8696663888889,42.97269694444444,222
142.87052027777779,42.972050277777775,223
142.87077194444444,42.97174,226
142.87090972222222,42.971399166666664,225
142.8709022222222,42.971333055555554,225
142.87089472222223,42.970687777777776,223
142.8709477777778,42.97022444444445,222
142.87107055555555,42.969771944444446,225
142.8711847222222,42.96953305555556,226
142.87138305555555,42.969050277777775,229
142.87149722222222,42.96867388888889,233
142.87158166666666,42.96815,235
142.8716425,42.96763138888889,233
142.87171083333334,42.96698583333333,231
142.87177916666667,42.96633888888889,229
142.8718411111111,42.965693611111114,226
142.87190194444443,42.965048055555556,224
142.87196277777778,42.96440138888889,222
142.8721461111111,42.96381638888889,217
142.87230694444443,42.96364944444444,218
142.87290916666666,42.96300305555555,218
142.87350444444445,42.9623575,218
142.87409916666667,42.961711666666666,218
142.8746936111111,42.96106527777778,218
142.8754413888889,42.96062805555555,218
142.87564305555554,42.96050972222222,218
142.87564305555554,42.96051083333333,218
142.87641027777778,42.96006388888889,219
142.87703638888888,42.959692777777775,218
142.8780052777778,42.95912333333333,218
142.87897388888888,42.95855805555556,217
142.87994305555554,42.957993888888886,217
142.88091194444445,42.95739944444444,217
142.88188083333333,42.95680361111111,218
142.88285,42.95620916666667,219
142.8838188888889,42.95560944444444,220
142.8847875,42.95500833333333,221
142.8851836111111,42.95475972222222,221
142.8861525,42.95417916666667,221
142.88712166666667,42.9536,221
142.88809055555555,42.953020555555554,221
142.88905916666667,42.95244,221
142.89002805555555,42.951860833333335,221
142.8909972222222,42.95128166666667,221
142.89196611111112,42.950695555555555,221
142.892935,42.95011083333333,222
142.8939036111111,42.94952611111111,222
142.89487277777778,42.94894138888889,222
142.89564305555555,42.94847361111111,222
142.89661194444443,42.947894444444444,221
142.89758111111112,42.947313888888885,220
142.8985497222222,42.946734722222224,219
142.89951861111112,42.94615527777778,218
142.90048777777778,42.945569444444445,216
142.9008925,42.945325277777776,216
142.90117027777777,42.945155,216
142.90117027777777,42.945155,216
142.90136555555554,42.945035555555556,215
142.90233444444445,42.944450833333335,215
142.90330305555557,42.94386611111111,214
142.90427222222223,42.94328138888889,213
142.9052411111111,42.942701944444444,212
142.9062088888889,42.942121666666665,211
142.90717805555556,42.941542222222225,210
142.90814666666665,42.94096277777778,210
142.90911555555556,42.9403825,209
142.91008444444444,42.93979777777778,208
142.9110536111111,42.939213055555555,207
142.91143555555556,42.93897888888889,206
142.91184027777777,42.93873472222222,206
142.9128088888889,42.93815527777778,204
142.91377666666668,42.937575833333334,202
142.91474583333334,42.93700111111111,201
142.91571472222222,42.93642583333333,199
142.91668361111113,42.93585222222222,197
142.91676166666667,42.935806666666664,197
142.91676166666667,42.935806666666664,197
142.91668361111113,42.93585222222222,197
142.91740833333333,42.9364975,196
142.91813305555556,42.93714305555556,195
142.9188575,42.93778972222222,193
142.9195825,42.93843555555556,192
142.92030722222222,42.93908111111111,191
142.92103166666666,42.939727777777776,189
142.92113166666667,42.93981361111111,189
142.9218563888889,42.94046,187
142.9225813888889,42.94110555555555,185
142.92330583333333,42.94175111111111,182
142.92402944444444,42.94239666666667,180
142.92476194444444,42.94304361111111,178
142.9252813888889,42.94349583333333,176
142.92589138888889,42.94406027777778,173
142.92658583333332,42.94470666666667,171
142.92728,42.94535222222222,168
142.92796666666666,42.94599777777778,165
142.9286525,42.946644444444445,162
142.92896611111112,42.946893055555556,161
142.92917972222222,42.94710138888889,160
142.9292536111111,42.94716638888889,160
142.9292525,42.94716527777778,160
142.92917972222222,42.94710138888889,160
142.93014861111112,42.946709722222224,160
142.9311175,42.94631916666667,160
142.93193333333335,42.94598833333333,160
142.9329025,42.94540361111111,160
142.93368055555555,42.94493055555556,160
142.93420666666665,42.94463,160
142.93484,42.94426888888889,159
142.93542722222222,42.943918333333336,159
142.93601527777778,42.9435775,157
142.93664027777777,42.94323722222222,157
142.93722083333333,42.942860555555555,156
142.93780777777778,42.942495,156
142.9384327777778,42.94215333333333,156
142.93896777777778,42.94183861111111,155
142.93955444444444,42.94146222222222,155
142.94002,42.94117694444444,155
142.940455,42.94092305555556,154
142.94092055555555,42.94066361111111,154
142.94143166666666,42.940379444444446,153
142.9415836111111,42.94030222222222,152
142.9425525,42.93982944444444,151
142.942675,42.93976333333333,151
142.94364416666667,42.93925,150
142.9446127777778,42.93873611111111,149
142.94558166666667,42.938228333333335,148
142.94531472222224,42.938003611111114,148
142.94531472222224,42.938003611111114,148
142.94531472222224,42.938003611111114,148
142.9451161111111,42.93783111111111,148
142.94493277777778,42.937663055555554,148
142.94420833333334,42.937017222222224,149
142.94348333333335,42.936371666666666,149
142.94275861111112,42.93572527777778,150
142.94203416666667,42.93507972222222,151
142.94130916666666,42.93443416666667,152
142.94102722222223,42.93419,153
142.94036305555557,42.933594166666666,154
142.9396461111111,42.93294861111111,156
142.93893,42.93230305555556,157
142.93821277777778,42.93165666666667,159
142.93749583333334,42.93101083333333,160
142.93677861111112,42.93036527777778,162
142.93672444444445,42.93031972222222,162
142.93600805555556,42.929673055555554,164
142.9352911111111,42.9290275,165
142.93458166666667,42.92838166666667,167
142.93387194444443,42.92773527777778,168
142.9331625,42.92708972222222,170
142.93245305555556,42.92644416666667,171
142.93239972222221,42.92639861111111,171
142.9316825,42.92575194444444,173
142.93097305555557,42.92510638888889,174
142.93026361111112,42.924460555555555,175
142.92955388888888,42.923814166666666,176
142.92884444444445,42.92316861111111,177
142.928135,42.92252305555556,178
142.92800583333334,42.92241111111111,178
142.92726611111112,42.92176444444444,179
142.92652611111112,42.92111888888889,181
142.92579361111112,42.920473333333334,182
142.92506138888888,42.919826944444445,184
142.92432916666667,42.91918111111111,185
142.92375611111112,42.9186625,186
142.92305444444443,42.918016944444446,186
142.92235333333332,42.91737027777778,187
142.92165166666666,42.91672472222222,187
142.92154416666668,42.916628055555556,187
142.9209952777778,42.9159825,188
142.92044611111112,42.91533611111111,189
142.9198975,42.914700277777776,190
142.91972916666666,42.914476666666665,190
142.9192486111111,42.91383111111111,190
142.91918777777778,42.91375388888889,191
142.91869194444445,42.913108333333334,193
142.9181963888889,42.912462777777776,195
142.91770805555555,42.9118175,198
142.91721972222223,42.91117083333334,200
142.91673166666666,42.910525,202
142.91641805555557,42.9100975,201
142.91596027777777,42.909467222222226,203
142.9154961111111,42.90882166666667,204
142.91503055555555,42.90817527777778,206
142.914565,42.90752944444444,207
142.9141,42.90688388888889,209
142.91364194444444,42.906237222222224,210
142.91318416666667,42.905591666666666,212
142.91300388888888,42.90569472222222,212
142.91300388888888,42.90569472222222,212
142.91318416666667,42.905591666666666,212
142.91319916666666,42.905408333333334,212
142.91406944444444,42.90488444444444,211
142.9150386111111,42.904305,210
142.9160075,42.90372555555555,208
142.91613666666666,42.90364861111111,208
142.91651083333332,42.90342527777778,209
142.91706722222222,42.903084444444445,208
142.91803611111112,42.902499722222224,207
142.91900527777779,42.901920555555556,206
142.91997416666666,42.90134,205
142.92094305555557,42.90076055555556,203
142.92191222222223,42.90018138888889,202
142.92288083333332,42.89960083333333,201
142.92384972222223,42.89902138888889,200
142.9248186111111,42.89844138888889,199
142.92578777777777,42.89786194444444,198
142.92675666666668,42.8972825,197
142.92772555555555,42.896702222222224,196
142.92869444444443,42.89612277777778,195
142.92966333333334,42.895537777777776,193
142.93063222222221,42.89495333333333,192
142.93067027777778,42.89492722222222,192
142.93163916666666,42.894347777777774,189
142.93227944444445,42.89395611111111,187
142.93324083333334,42.89337166666667,185
142.93420972222222,42.892786666666666,184
142.9351786111111,42.8922075,182
142.9361475,42.89162694444445,181
142.93711638888888,42.89104777777778,179
142.9380852777778,42.8904675,177
142.93905416666666,42.88988805555555,176
142.94002333333333,42.88930861111111,174
142.94099222222223,42.888733888888886,172
142.94193083333334,42.88816944444444,170
142.94289944444444,42.88791444444445,173
142.94299833333332,42.887884166666666,174
142.94354722222224,42.88792,172
142.9445161111111,42.88811305555556,173
142.94548527777778,42.88830611111111,173
142.94610333333333,42.88843305555555,174
142.94672083333333,42.88852,171
142.94734694444443,42.88845944444444,167
142.94831583333334,42.88829138888889,162
142.94928472222222,42.88812305555555,157
142.95025361111112,42.887950555555555,152
142.9512225,42.88777805555556,147
142.95126055555556,42.88776722222222,147
142.95197,42.88765111111111,143
142.95293916666665,42.88750388888889,137
142.95320611111111,42.8874625,136
142.95394583333334,42.8874625,133
142.95457194444444,42.88760027777778,132
142.95554083333334,42.887945555555554,134
142.95561666666666,42.887976944444446,134
142.95658555555556,42.88832194444444,133
142.95755444444444,42.888668055555556,133
142.95852333333335,42.88901416666667,132
142.95949194444444,42.889364722222226,131
142.9604611111111,42.889716388888885,130
142.96097972222222,42.88990388888889,129
142.9619486111111,42.89037166666667,128
142.9629175,42.89084472222222,126
142.96388638888888,42.8913175,125
142.964855,42.89179055555555,123
142.96582388888888,42.89226388888889,122
142.96622,42.89246222222222,121
142.96655638888888,42.89259472222222,121
142.96684611111112,42.89263472222222,121
142.96781472222222,42.89261527777778,120
142.96878388888888,42.892595,119
142.96975277777779,42.89256888888889,117
142.97055361111111,42.89254388888889,116
142.9715225,42.892095833333336,116
142.9724911111111,42.89164888888889,116
142.97342972222222,42.89121166666666,116
142.97372694444445,42.89117611111111,113
142.97469611111111,42.89105333333333,109
142.97507027777777,42.89100333333333,108
142.97603944444444,42.89087555555555,107
142.97631388888888,42.890835277777775,107
142.9772825,42.890682222222225,107
142.97825166666667,42.89053055555556,107
142.97922055555554,42.89037777777778,108
142.98016555555554,42.89022027777778,108
142.98113416666666,42.890072777777775,107
142.9820425,42.88992527777778,107
142.9825763888889,42.889584444444445,107
142.98270666666667,42.88923305555556,107
142.98293555555554,42.8885875,107
142.98316444444444,42.88794194444444,107
142.98339333333334,42.88729527777778,107
142.9836222222222,42.88665,107
142.9838513888889,42.886004166666666,107
142.98388194444445,42.88576027777778,107
142.98375944444444,42.88545527777778,107
142.9835075,42.88480861111111,108
142.98325583333335,42.88416333333333,109
142.9833013888889,42.883583888888886,110
142.98333944444445,42.882937222222225,110
142.98430833333333,42.88292722222222,112
142.9852775,42.88291638888889,113
142.9862463888889,42.88290694444444,114
142.9867886111111,42.88289722222222,115
142.98695555555557,42.88288638888889,116
142.98761972222223,42.88261194444444,117
142.9885886111111,42.88221583333333,118
142.98955777777778,42.881818611111115,120
142.99052666666665,42.88142166666667,121
142.99149527777777,42.88102583333333,123
142.99246416666668,42.88062861111111,124
142.99327277777778,42.880293333333334,126
142.99424166666665,42.879891111111114,128
142.99521055555556,42.879495,130
142.99617972222222,42.87909777777778,132
142.99646916666666,42.878970833333334,133
142.99743805555556,42.87855888888889,136
142.99840694444444,42.8781475,138
142.99937583333335,42.87775055555556,140
143.000345,42.87735333333333,141
143.0013138888889,42.8769575,143
143.0022825,42.876555,144
143.0028163888889,42.876331388888886,145
143.00378527777778,42.8757975,145
143.00390027777777,42.87573138888889,145
143.00416722222224,42.87540611111111,144
143.00426611111112,42.87502972222222,142
143.00426611111112,42.87468888888889,141
143.004075,42.87404333333333,137
143.00388555555554,42.873396666666665,133
143.00369444444445,42.87275138888889,129
143.0035036111111,42.87210555555556,126
143.003305,42.87146,122
143.00322888888888,42.87121583333333,121
143.00326694444445,42.87087944444445,120
143.0033897222222,42.87058,120
143.00391583333334,42.870086666666666,121
143.0045027777778,42.86978166666667,122
143.00547194444445,42.869374722222226,123
143.00644083333333,42.868968055555555,124
143.00696694444446,42.868739166666664,125
143.00708194444445,42.86868833333333,125
143.00805111111112,42.86828138888889,126
143.00901972222223,42.86788,127
143.0099886111111,42.86747722222222,127
143.01095777777778,42.86707611111111,128
143.01192666666665,42.86667472222222,129
143.01289444444444,42.86627222222222,130
143.0133911111111,42.86606388888889,129
143.01435916666668,42.865656944444446,129
143.01474,42.865498611111114,129
143.01474,42.865499722222225,129
143.01532805555556,42.86525555555556,129
143.01483972222223,42.86460888888889,130
143.01435166666667,42.86396333333333,130
143.01385583333334,42.86331777777778,131
143.01336,42.8626725,132
143.01286444444443,42.862025833333334,132
143.0123686111111,42.86138,133
143.01201805555556,42.860931944444445,134
143.01160583333333,42.86041361111111,134
143.0111102777778,42.859768055555556,134
143.01061416666667,42.859122222222226,134
143.01011833333334,42.85847555555556,135
143.0096225,42.85783027777778,135
143.00912694444443,42.85718472222222,135
143.0086311111111,42.85653805555555,136
143.00821861111112,42.856015,136
143.0077227777778,42.85536833333333,137
143.0072272222222,42.85472305555555,138
143.00673138888888,42.85407722222222,139
143.00623555555555,42.853430555555555,140
143.00574,42.852785,140
143.00524388888888,42.85213972222222,141
143.00474805555555,42.85149305555556,142
143.00425222222222,42.85084722222222,143
143.00374916666667,42.85020166666666,144
143.00356555555555,42.84996722222222,144
143.0030775,42.84932194444445,145
143.0025813888889,42.84867638888889,146
143.00208583333333,42.84802972222222,146
143.0018797222222,42.847765,147
143.00172027777776,42.84760222222222,147
143.00110944444444,42.846956666666664,148
143.00049944444444,42.84631111111111,148
142.99988888888888,42.845665555555556,149
142.99928666666668,42.84501888888889,150
142.99868333333333,42.84437333333333,151
142.99862277777777,42.84426138888889,151
142.99831805555556,42.84361472222222,152
142.99809666666667,42.843183333333336,153
142.99777666666665,42.8425375,154
142.9974552777778,42.84189083333333,154
142.99713555555556,42.84124527777778,155
142.99681555555554,42.84059972222222,156
142.99649444444444,42.839953333333334,157
142.99618194444446,42.839307777777776,158
142.99593,42.838794444444446,159
142.99576972222224,42.83844277777778,159
142.99548777777778,42.83779722222222,160
142.99520555555554,42.83715194444444,161
142.99492333333333,42.836505277777775,162
142.99464138888888,42.835859722222224,163
142.99435944444446,42.83521388888889,164
142.9940761111111,42.8345675,165
142.99379416666667,42.83392194444444,166
142.9937713888889,42.83388611111111,166
142.99349694444444,42.83329694444444,166
142.99319972222222,42.83265027777778,167
142.9929025,42.83200472222222,167
142.99260416666667,42.831359166666665,167
142.9925888888889,42.831338611111114,167
142.99230666666668,42.83069305555556,168
142.9921625,42.83040777777778,169
142.99185666666668,42.82976194444444,170
142.99155944444445,42.82911527777778,170
142.9914986111111,42.82899388888889,170
142.9911938888889,42.82834861111111,171
142.99088805555556,42.82770166666667,172
142.9908577777778,42.82765083333334,172
142.9908425,42.827625833333336,172
142.99065916666666,42.82724916666667,172
142.99034666666665,42.82660361111111,173
142.99003416666667,42.82595722222222,174
142.98972916666668,42.825311666666664,175
142.9894463888889,42.82492,175
142.98874527777778,42.82434583333333,177
142.98821805555556,42.82395861111111,177
142.9873413888889,42.82331305555556,179
142.9864636111111,42.82266722222222,180
142.98559444444444,42.82202083333333,182
142.9847247222222,42.821375277777776,183
142.98385555555555,42.820729722222225,184
142.98354944444444,42.82049527777778,185
142.98297805555555,42.82016,185
142.98200888888888,42.81959472222222,185
142.98104,42.819020555555554,187
142.9800713888889,42.818445555555556,189
142.98003333333332,42.818420555555555,189
142.97906444444445,42.81784583333334,190
142.9781336111111,42.81729138888889,191
142.97726444444444,42.81679333333334,192
142.97629555555557,42.81623888888889,193
142.97532694444445,42.81568444444444,194
142.97435777777778,42.81513416666667,195
142.9743188888889,42.815109166666666,195
142.97335,42.81455472222222,197
142.97238222222222,42.81400027777778,198
142.9714136111111,42.81344166666667,199
142.97044472222223,42.81288194444444,200
142.96947555555556,42.81231777777778,201
142.96850694444444,42.8117525,203
142.96753805555556,42.811188055555554,204
142.96656916666666,42.81062388888889,205
142.9665236111111,42.81059361111111,205
142.9657447222222,42.81014,206
142.96477583333333,42.809581111111115,208
142.96380694444446,42.80902138888889,209
142.96283805555555,42.80846138888889,210
142.9626863888889,42.808370277777776,210
142.9617175,42.807810555555555,212
142.96074833333333,42.807251666666666,214
142.9598025,42.80674277777778,214
142.95949,42.80658,214
142.95913833333333,42.80632611111111,214
142.95892472222224,42.806218888888885,214
142.95875,42.806000833333336,215
142.95826194444444,42.80549722222222,215
142.95773583333334,42.804850555555554,216
142.9574525,42.80450972222222,217
142.9571097222222,42.804093333333334,216
142.95678972222223,42.803650833333336,216
142.9564763888889,42.80325361111111,215
142.95641555555557,42.803126666666664,215
142.95620166666666,42.80267944444444,215
142.95612583333335,42.802104444444446,213
142.95612583333335,42.801835277777776,212
142.95612583333335,42.80156083333333,211
142.95620166666666,42.80121944444444,210
142.95643833333332,42.80070611111111,213
142.95686583333332,42.80032972222222,215
142.95726305555556,42.8001875,214
142.9574147222222,42.800126666666664,214
142.95772194444444,42.80001388888889,214
142.95772083333333,42.80001388888889,214
142.95838388888887,42.79977083333333,214
142.95935277777778,42.799419444444446,213
142.96020027777777,42.799185,218
142.96109972222223,42.79906888888889,218
142.96159527777777,42.79903861111111,220
142.96256444444444,42.79898222222222,225
142.96353333333334,42.79893111111111,230
142.9642961111111,42.79884444444444,230
142.964525,42.79877833333333,231
142.96458694444445,42.798763055555554,231
142.96499805555555,42.79863638888889,230
142.96596694444443,42.79833138888889,232
142.96693583333334,42.79802111111111,233
142.96790472222222,42.79771083333333,234
142.9684613888889,42.7975275,235
142.96943027777778,42.7972175,234
142.97039944444444,42.796906944444444,234
142.97083416666666,42.796765,234
142.97108583333332,42.796679166666664,233
142.972055,42.79636333333333,233
142.9730238888889,42.79604777777778,233
142.97399277777777,42.79573333333333,232
142.97496166666667,42.79542305555555,232
142.97593055555555,42.7951125,231
142.97689944444446,42.79480222222222,231
142.97786833333333,42.794492222222225,231
142.97844777777777,42.79430333333333,231
142.97941666666668,42.79398333333334,230
142.98038555555556,42.793663333333335,229
142.98135444444443,42.79334305555555,228
142.98232333333334,42.79302222222222,227
142.98326972222222,42.7927075,226
142.98423861111112,42.79238194444444,225
142.98428416666667,42.79236138888889,225
142.9852527777778,42.792051111111114,224
142.98622166666667,42.791735277777775,223
142.98719083333333,42.79142083333333,222
142.98815972222224,42.79110527777778,221
142.9891286111111,42.79078944444444,220
142.9894336111111,42.79068861111111,220
142.98975444444446,42.79058111111111,219
142.99072333333334,42.790261111111114,216
142.9916925,42.789945555555555,213
142.99266138888888,42.789630833333334,211
142.99285138888888,42.789564722222224,210
142.9938202777778,42.78923361111111,210
142.99478888888888,42.78890833333333,209
142.99575777777778,42.788582777777776,208
142.99618555555554,42.78844083333333,208
142.99715444444445,42.78814027777778,207
142.99812333333333,42.78783527777778,207
142.99909194444444,42.787530555555556,206
143.0000611111111,42.78722444444445,205
143.00103,42.78691972222222,204
143.00193805555554,42.78663,203
143.0021052777778,42.78657361111111,203
143.00307416666666,42.78626888888889,203
143.00404305555554,42.78596388888889,202
143.00501194444445,42.78565888888889,202
143.00598083333333,42.785358611111114,201
143.00627055555555,42.78521666666666,200
143.00694222222222,42.78462638888889,196
143.00767472222222,42.78398055555556,191
143.00818583333333,42.78339583333333,190
143.00830083333332,42.783233333333335,190
143.00872722222223,42.78258666666667,190
143.00914722222223,42.78194111111111,190
143.0092077777778,42.78184972222222,190
143.0092772222222,42.781753333333334,190
143.0096961111111,42.781106944444446,190
143.00996305555554,42.780659722222225,190
143.01027666666667,42.78015083333333,191
143.0106575,42.77950527777778,192
143.01100916666667,42.7790475,193
143.01144416666668,42.778706944444444,193
143.01241194444444,42.77813722222222,194
143.01338083333334,42.777567777777776,194
143.01434972222222,42.77699277777778,195
143.01498333333333,42.77661638888889,195
143.0155325,42.77630166666667,195
143.0157538888889,42.776158333333335,195
143.01672277777777,42.775558333333336,195
143.01769166666668,42.77495861111111,195
143.01866083333334,42.77435861111111,195
143.0193625,42.77393111111111,195
143.02025555555556,42.77345805555556,196
143.02068944444446,42.77319444444444,196
143.02165861111112,42.77260972222222,196
143.0226275,42.77202916666667,196
143.02359638888888,42.77145,196
143.024565,42.77086944444444,196
143.02553416666666,42.77029,196
143.02650305555557,42.76972583333333,196
143.02708361111112,42.76938555555556,195
143.0276325,42.76904472222222,194
143.02860166666667,42.76846,195
143.02957055555555,42.767875,196
143.03053916666667,42.767289444444444,197
143.0308061111111,42.76712666666667,197
143.0312413888889,42.766863055555554,197
143.03221027777778,42.7662825,196
143.03317916666666,42.765703333333335,196
143.03414805555556,42.76512388888889,196
143.03511583333332,42.764543333333336,196
143.03608472222223,42.76396972222222,196
143.0370536111111,42.76335861111111,195
143.0377936111111,42.76289111111111,194
143.03834388888887,42.76255027777778,194
143.03931277777778,42.761985277777775,195
143.0402813888889,42.76142111111111,196
143.04125055555556,42.76085694444444,198
143.04134166666665,42.760800277777776,198
143.04231055555556,42.760821388888886,195
143.04327944444444,42.760841944444444,192
143.04421027777778,42.76086138888889,190
143.0447061111111,42.76086138888889,190
143.04529305555556,42.76086138888889,190
143.04536916666666,42.760866944444444,190
143.04633805555557,42.76087777777778,191
143.04730666666666,42.7608875,191
143.047895,42.760775833333334,191
143.0479861111111,42.760734444444445,191
143.048955,42.7603275,190
143.0490927777778,42.760266944444446,190
143.05006138888888,42.759860277777776,190
143.05103055555554,42.75945333333333,190
143.05199944444445,42.75904638888889,190
143.05296833333333,42.75863972222222,190
143.05393722222223,42.75823833333333,190
143.0549061111111,42.75783583333333,190
143.055875,42.75737888888889,190
143.05654555555554,42.75705361111111,190
143.0572097222222,42.75674333333333,190
143.05817833333333,42.756346111111114,189
143.0591472222222,42.75594916666667,188
143.0601163888889,42.75555333333333,188
143.06080305555557,42.755268055555554,187
143.06176444444444,42.754845833333334,187
143.06273305555555,42.75442361111111,187
143.06370222222222,42.75400194444445,186
143.06467111111112,42.75357972222222,186
143.06564,42.753163055555554,186
143.0666077777778,42.75274527777778,185
143.0671425,42.7525375,185
143.06767638888888,42.75230305555556,184
143.06864555555555,42.75188083333333,184
143.06961444444445,42.751464166666665,183
143.07058305555555,42.75104777777778,182
143.07155194444445,42.75063,182
143.07252111111112,42.750213333333335,181
143.07256666666666,42.75019277777778,181
143.07353555555557,42.74977111111111,180
143.07450416666666,42.74934888888889,179
143.07547333333332,42.74893222222222,178
143.07644222222223,42.748514722222225,177
143.0774111111111,42.74809805555556,176
143.07837972222222,42.747680277777775,175
143.0784177777778,42.747660833333335,175
143.07867944444445,42.747546944444444,175
143.07867944444445,42.747546944444444,175
143.0784177777778,42.747660833333335,175
143.07837972222222,42.747680277777775,175
143.07786916666666,42.747034722222224,176
143.07735805555555,42.746389444444446,177
143.07684583333332,42.74574388888889,178
143.076335,42.74509694444444,179
143.0758238888889,42.74445138888889,179
143.07531277777778,42.74380583333333,180
143.07495472222223,42.743363055555555,181
143.07444416666667,42.74271666666667,182
143.07393194444444,42.74207111111111,182
143.07342083333333,42.74142555555556,183
143.07290972222222,42.74077972222222,183
143.0723988888889,42.74013305555555,184
143.0718877777778,42.7394875,185
143.07145277777778,42.73894861111111,185
143.0710797222222,42.73849611111111,186
143.0705536111111,42.73785055555555,187
143.0700261111111,42.73720361111111,187
143.0695,42.736558055555555,188
143.06897388888888,42.7359125,189
143.06844777777778,42.73526611111111,190
143.06792916666666,42.73462055555556,190
143.06741833333334,42.73397472222222,191
143.06690722222223,42.73332805555555,192
143.06639611111112,42.7326825,192
143.06587638888888,42.732037222222225,193
143.06535805555555,42.731390555555556,194
143.06483944444443,42.730745,195
143.06455722222222,42.73039861111111,195
143.06422194444445,42.72998194444445,196
143.06370361111112,42.72933638888889,196
143.0631838888889,42.72869,197
143.062665,42.72804444444444,198
143.06214666666668,42.72739888888889,198
143.06162805555556,42.726752222222224,199
143.06111694444445,42.72610638888889,200
143.0606061111111,42.72546111111111,200
143.06009527777778,42.72481444444445,200
143.05958416666667,42.72416888888889,200
143.05906583333334,42.72352333333333,201
143.05854583333334,42.722877777777775,201
143.05802722222222,42.722231111111114,201
143.05766944444446,42.721788333333336,201
143.0573102777778,42.72134694444444,202
143.05679166666667,42.72070027777778,203
143.05628055555556,42.72005472222222,204
143.0557697222222,42.719409166666665,205
143.0552586111111,42.7187625,206
143.05474777777778,42.718116944444446,206
143.05423694444445,42.71747111111111,207
143.05372583333335,42.71682472222222,208
143.05321472222224,42.71617916666667,208
143.0526952777778,42.71553361111111,208
143.05217666666667,42.714886944444444,209
143.05165805555555,42.714241666666666,209
143.05113944444443,42.713595833333336,210
143.0507738888889,42.71314777777778,210
143.0504375,42.71273111111111,211
143.04991916666665,42.712085555555554,211
143.04940055555556,42.711439166666665,212
143.04888194444445,42.710793611111114,213
143.04837111111112,42.71014777777778,214
143.04786,42.70950111111111,215
143.04750083333334,42.7090475,215
143.04749972222223,42.709046388888886,215
143.04734888888888,42.70885555555556,215
143.04831777777778,42.708439166666665,214
143.04928694444445,42.708016944444445,213
143.05025472222223,42.707595,211
143.05122333333333,42.70717277777778,210
143.0521925,42.70675,208
143.05312333333333,42.70634305555556,207
143.0540922222222,42.70592638888889,206
143.05506111111112,42.70551,205
143.05603,42.70508805555556,203
143.0569988888889,42.70466583333334,202
143.05796777777778,42.70424361111111,201
143.05892138888888,42.70382638888889,200
143.05937916666667,42.70362333333333,200
143.06034833333334,42.703201388888886,200
143.05996638888888,42.702554444444445,199
143.05958583333333,42.70190916666667,198
143.0593947222222,42.701593611111115,197
143.0592961111111,42.70143083333333,197
143.05891416666665,42.700785,194
143.05853222222223,42.700139444444446,192
143.05815916666666,42.69949277777778,190
143.0579225,42.699081944444444,190
143.0576861111111,42.698675,190
143.05741166666667,42.698211666666666,190
143.0570375,42.69756611111111,191
143.05691583333333,42.69737277777778,190
143.0565263888889,42.69672611111111,190
143.05643527777778,42.696441944444445,190
143.0564125,42.69605027777778,190
143.05638222222223,42.69540472222222,190
143.05635833333332,42.69475805555555,190
143.05632805555555,42.6941125,193
143.05632055555554,42.69401055555556,193
143.05624444444445,42.69358444444445,195
143.0561761111111,42.69338583333333,197
143.05590166666667,42.69300916666667,201
143.05536666666666,42.69236361111111,202
143.05483305555555,42.691716944444444,204
143.0547875,42.69166583333333,204
143.0545586111111,42.69150305555556,205
143.05358972222223,42.69114305555556,207
143.0526211111111,42.69077611111111,210
143.0524225,42.69070027777778,210
143.05213277777779,42.69058305555556,211
143.0518886111111,42.69043555555555,211
143.0516597222222,42.690176111111114,211
143.05156083333333,42.69003388888889,211
143.05128666666667,42.689637222222224,211
143.0512713888889,42.68962194444445,211
143.05085916666667,42.68897638888889,213
143.05044666666666,42.68832972222222,215
143.05003555555555,42.68768388888889,217
143.04962361111112,42.687038333333334,219
143.0492111111111,42.686391944444445,221
143.0488,42.68574638888889,223
143.04838777777778,42.68510083333334,225
143.04813611111112,42.684714444444445,226
143.0477161111111,42.68406777777778,226
143.0472963888889,42.68342222222222,227
143.0468852777778,42.68277666666667,227
143.04647305555557,42.68213,228
143.04606055555556,42.68148444444444,228
143.0456497222222,42.680838888888886,229
143.0452375,42.680192222222225,229
143.044825,42.679546944444446,229
143.04441416666666,42.67890111111111,230
143.04400166666667,42.67825444444444,230
143.04358944444445,42.67760888888889,231
143.04317722222223,42.67696333333333,231
143.04284972222223,42.67651083333333,232
143.0426977777778,42.67631222222222,232
143.04237666666666,42.67598666666667,232
143.04201083333334,42.67567666666667,232
143.04189583333334,42.67558972222222,232
143.04107277777777,42.67494416666667,231
143.0404161111111,42.67473583333334,231
143.04003527777778,42.67465444444444,234
143.03948527777777,42.67454722222222,233
143.0385163888889,42.674369166666665,232
143.03831888888888,42.67433888888889,233
143.03735,42.67420055555556,234
143.03718944444444,42.67416055555555,235
143.03712861111111,42.674079166666665,234
143.03711361111112,42.673946944444445,233
143.03712861111111,42.673784166666664,230
143.0372502777778,42.67316916666667,230
143.03727305555554,42.6730725,231
143.0374111111111,42.672426944444446,235
143.03754027777777,42.67178027777778,239
143.03758694444446,42.671577222222226,238
143.03764777777778,42.67146972222222,237
143.0378613888889,42.67118583333333,237
143.03820416666667,42.67084944444444,239
143.03885305555556,42.67020388888889,242
143.03788416666666,42.66970583333333,241
143.03707472222223,42.669288055555555,241
143.0369227777778,42.66921194444444,241
143.03595416666667,42.668708611111114,242
143.03498527777776,42.66820527777778,243
143.03455027777778,42.66797611111111,244
143.03358138888888,42.667452222222224,245
143.0326125,42.66692388888889,246
143.03164361111112,42.66639444444444,247
143.03067472222222,42.665866111111114,248
143.02970611111112,42.66533638888889,249
143.0287988888889,42.664838333333336,250
143.02860027777777,42.66473638888889,251
143.02818055555556,42.664522777777776,251
143.0278911111111,42.66437083333334,251
143.02692194444444,42.66397361111111,253
143.02595305555556,42.66357222222222,254
143.02561777777777,42.66342888888889,255
143.02464916666668,42.662996944444444,255
143.02416833333334,42.66277777777778,255
143.0240838888889,42.66273777777778,255
143.02311472222223,42.66231027777778,252
143.02241305555555,42.66175583333333,255
143.0216577777778,42.661475833333334,255
143.02068888888888,42.66112,256
143.01972027777776,42.66076388888889,256
143.0187511111111,42.66041361111111,256
143.0177825,42.66006194444444,257
143.01708916666666,42.65991972222222,252
143.01634166666668,42.659817777777775,251
143.01600527777777,42.65979277777778,253
143.01528027777778,42.65973638888889,256
143.01475444444443,42.65974722222222,257
143.01447972222223,42.6598025,255
143.0142813888889,42.659914444444446,254
143.0137777777778,42.66020416666667,254
143.01348055555556,42.66033638888889,258
143.01330472222222,42.66037222222222,260
143.01336555555557,42.660535,260
143.01351833333334,42.66069777777778,261
143.01448722222221,42.661251944444444,261
143.01515111111112,42.661638333333336,261
143.01602027777778,42.662285,258
143.01689777777779,42.662930555555555,254
143.01736333333332,42.66327138888889,252
143.01813388888888,42.663916944444445,252
143.01816416666668,42.663943055555556,252
143.01843083333333,42.664145833333336,252
143.01863694444444,42.664253333333335,252
143.01896472222222,42.664385555555555,252
143.01947583333333,42.664654722222224,252
143.01978166666666,42.664878333333334,253
143.02035361111112,42.66542833333333,253
143.0204675,42.66558027777778,253
143.02100222222222,42.666225833333336,252
143.02153611111112,42.6668725,252
143.02189416666667,42.66730416666667,251
143.02196361111112,42.66746694444444,251
143.02189833333333,42.66762555555555,251
</coordinates>
</LineString>
</Placemark>
</Document>
</kml>
