<?xml version="1.0" encoding="UTF-8"?>
<kml xmlns="http://www.opengis.net/kml/2.2" xmlns:atom="http://www.w3.org/2005/Atom">
<Document>
<name>50代春合宿5日目（実走）</name>
<atom:author>
<atom:name>早稲田大学サイクリングクラブ（WCC）</atom:name>
</atom:author> 
<atom:link href="https://latlonglab.yahoo.co.jp/route/watch?id=b8d0f63a9258e88d9727fee9377ff36e" />
<description><![CDATA[]]></description>
<tags><![CDATA[]]></tags>  
<Placemark>
<Style>
<LineStyle>
<color>99ff0000</color>
<width>6</width>
</LineStyle>
</Style>
<LineString>
<coordinates>
131.07235472222223,32.92038083333333,702
131.07238416666667,32.92003138888889,702
131.0724297222222,32.919715833333335,703
131.0724525,32.91953361111111,705
131.07248388888888,32.919375,705
131.07254472222223,32.91926333333333,707
131.07280416666666,32.9188975,709
131.07313166666665,32.91842916666667,714
131.07326944444443,32.91823611111111,714
131.0737275,32.91759027777778,714
131.07385666666667,32.917406944444444,715
131.07400944444444,32.91724,716
131.07410833333333,32.91715861111111,717
131.07423083333333,32.91712277777778,718
131.0749786111111,32.917117222222224,724
131.07502416666668,32.91711194444444,724
131.07599305555556,32.91706638888889,723
131.0761386111111,32.917051111111114,723
131.0771075,32.91697527777778,728
131.07735888888888,32.91693388888889,731
131.0775563888889,32.91687861111111,734
131.0777322222222,32.916806944444446,733
131.07822805555554,32.91649666666667,737
131.07885416666667,32.916115833333336,738
131.07930444444443,32.91587166666667,740
131.07981555555557,32.91565777777778,742
131.08078444444445,32.91527194444444,748
131.0809438888889,32.91520555555555,749
131.081555,32.91494083333333,752
131.08200527777777,32.9147325,753
131.0822797222222,32.91460027777778,751
131.08243166666668,32.91448305555556,752
131.0825463888889,32.914365833333335,752
131.08259194444443,32.91429,753
131.08263,32.91418777777778,754
131.08265305555557,32.914025,755
131.08264527777777,32.913898055555556,757
131.08255416666665,32.91379611111111,758
131.08243166666668,32.913740833333335,759
131.08225694444445,32.91369972222222,762
131.08128805555555,32.913694166666666,769
131.0812186111111,32.91368972222222,769
131.08024944444443,32.91370944444444,775
131.08024194444445,32.913714722222224,775
131.07927305555555,32.91374527777778,782
131.07926527777778,32.91375055555555,782
131.07898333333333,32.91372555555556,782
131.07867861111112,32.91357277777778,785
131.07774,32.91292694444444,791
131.0774047222222,32.91269805555556,794
131.0770075,32.91244861111111,796
131.07695444444445,32.91242361111111,796
131.0768786111111,32.91242361111111,794
131.0767711111111,32.91245833333333,795
131.07659527777778,32.91249944444444,799
131.07628277777778,32.912596111111114,802
131.07531416666666,32.91290111111111,806
131.07489416666667,32.91303333333333,807
131.07456638888888,32.91313,809
131.07391,32.91334888888889,821
131.0732925,32.913470277777776,826
131.07259055555556,32.91354194444445,826
131.0721175,32.91354638888889,833
131.07162166666666,32.91353111111111,835
131.0712411111111,32.913470277777776,836
131.07118666666668,32.91345527777778,837
131.07021777777777,32.913180555555556,842
131.0702025,32.913175277777775,842
131.06923361111112,32.91292138888889,847
131.06892861111112,32.912865,847
131.06805888888888,32.91284972222222,852
131.06760194444445,32.912824722222226,855
131.06663305555554,32.912773888888886,861
131.06622055555556,32.91271305555556,861
131.06600694444444,32.912641388888886,862
131.06580833333334,32.91251444444445,862
131.06519083333333,32.91201638888889,867
131.06464111111111,32.911562777777775,873
131.0642222222222,32.91131444444444,873
131.06370361111112,32.91108972222222,876
131.06334444444445,32.9109475,876
131.06249805555555,32.91063305555556,882
131.06228444444446,32.91054611111111,882
131.0621463888889,32.91042888888889,883
131.06197944444443,32.910291111111114,884
131.06170416666666,32.910021944444445,885
131.0615977777778,32.90987444444445,886
131.06150666666667,32.90974222222222,890
131.0614675,32.90957944444445,892
131.06146,32.90949361111111,892
131.06142944444446,32.90884694444444,893
131.06139166666668,32.908699444444444,894
131.06133083333333,32.9085725,893
131.06119305555555,32.90849111111111,894
131.06091083333334,32.90837388888889,893
131.06062888888889,32.908272777777775,896
131.0605072222222,32.90819583333333,900
131.06043027777778,32.90808944444444,902
131.0601786111111,32.9076675,903
131.05980527777777,32.907020833333334,905
131.0596675,32.906848333333336,903
131.05952333333335,32.90674194444444,905
131.05930972222222,32.906598611111114,907
131.05895805555556,32.906461944444445,909
131.05866083333333,32.90638055555556,912
131.0583938888889,32.906354444444446,912
131.05784472222223,32.906375,914
131.05730972222221,32.906395833333335,921
131.05715805555556,32.90636527777778,922
131.05702,32.906283888888886,923
131.05684555555555,32.90613111111111,922
131.05656972222224,32.90591722222222,921
131.0564102777778,32.90582055555556,923
131.05576944444445,32.90558222222222,924
131.0555936111111,32.90547472222222,926
131.05545694444444,32.90534777777778,928
131.05529611111112,32.905164444444445,933
131.05509777777777,32.90488027777778,934
131.0548925,32.90457527777778,932
131.0545486111111,32.9041175,937
131.05431972222223,32.903847222222225,936
131.05403,32.90361388888889,937
131.05364805555556,32.90333944444444,942
131.05312944444444,32.90302916666667,943
131.052435,32.902591944444445,944
131.05224527777779,32.90243916666667,947
131.05212277777778,32.90228166666667,945
131.05203166666666,32.902164444444445,946
131.05197083333334,32.90198111111111,947
131.05195555555557,32.901899722222225,948
131.05187083333334,32.90125416666667,952
131.05185583333332,32.901157777777776,953
131.051795,32.90051111111111,955
131.05173416666668,32.89986555555556,957
131.05171916666666,32.899549722222226,957
131.05171916666666,32.89926555555556,957
131.05175694444443,32.89906694444444,957
131.0518936111111,32.89868083333333,962
131.05209222222223,32.898248055555555,964
131.05214555555557,32.89810583333333,963
131.05214555555557,32.8978725,964
131.05209222222223,32.89769888888889,963
131.05197083333334,32.89750027777778,965
131.051795,32.89727138888889,966
131.05161166666667,32.89709888888889,967
131.05154333333334,32.89705861111111,967
131.05057416666668,32.896524166666666,978
131.04971916666668,32.8960825,987
131.0495977777778,32.89599027777778,987
131.04950555555556,32.89586861111111,986
131.04940666666667,32.89563444444445,985
131.04929277777777,32.89512555555556,993
131.04922333333334,32.89498861111111,994
131.04911694444445,32.894892222222225,994
131.04895666666667,32.89476527777778,993
131.04833166666666,32.89434222222222,1004
131.0472175,32.893549166666666,1013
131.04684416666666,32.893259444444446,1012
131.0467747222222,32.893168333333335,1012
131.04674416666666,32.89304027777778,1012
131.04675944444443,32.89294916666667,1012
131.046805,32.892832222222225,1014
131.04688194444444,32.89275083333333,1014
131.04703388888888,32.892699722222225,1018
131.0471488888889,32.892715,1020
131.04729333333333,32.89280138888889,1023
131.0475688888889,32.893101944444446,1029
131.04768277777777,32.8931725,1027
131.04782055555555,32.89322361111111,1027
131.04799527777777,32.89324972222222,1026
131.04826222222223,32.893259444444446,1031
131.04836972222222,32.89323888888889,1033
131.04850638888888,32.89318333333333,1034
131.04859861111112,32.893076111111114,1036
131.04888083333333,32.892699444444446,1039
131.0489186111111,32.89259305555556,1039
131.04889583333335,32.89244055555555,1042
131.04878194444444,32.89232444444445,1043
131.04842277777777,32.89203888888889,1042
131.04815583333334,32.89181,1041
131.04808,32.89165694444444,1041
131.0480572222222,32.891535555555556,1042
131.0480725,32.891418333333334,1042
131.04811027777777,32.89129138888889,1042
131.04819388888887,32.89120027777778,1043
131.0483622222222,32.89109277777778,1045
131.04848361111112,32.89106777777778,1046
131.0486061111111,32.891083055555555,1048
131.04911694444445,32.89143888888889,1055
131.05016944444444,32.89205944444444,1065
131.05039861111112,32.892140833333336,1066
131.05068055555554,32.892201666666665,1067
131.05089444444445,32.89219194444444,1069
131.05103222222223,32.892135555555555,1072
131.05110805555555,32.89203888888889,1073
131.05112333333332,32.8919175,1074
131.05110805555555,32.89183055555556,1076
131.051055,32.89174916666666,1077
131.05098666666666,32.89167333333334,1077
131.050635,32.891510555555556,1077
131.05039861111112,32.89136722222222,1082
131.05024666666668,32.891185,1083
131.05016944444444,32.89103194444444,1083
131.05016194444445,32.890884444444445,1084
131.0501847222222,32.89077277777778,1083
131.05028444444446,32.89065,1084
131.05084888888888,32.89019777777778,1093
131.0512611111111,32.889918055555555,1097
131.0522225,32.889399166666664,1105
131.05303055555555,32.88894138888889,1114
131.05347333333333,32.888666944444445,1124
131.05369472222222,32.88849972222222,1125
131.05386944444444,32.88842277777778,1124
131.05416777777776,32.888352222222224,1128
131.0548611111111,32.888235,1132
131.05510527777778,32.88815805555556,1133
131.05518222222221,32.8881025,1134
131.05524305555556,32.88795,1135
131.05531888888888,32.88766555555556,1137
131.05535694444444,32.887543055555554,1139
131.05551722222222,32.88725861111111,1145
131.05561722222222,32.88706555555556,1145
131.0556475,32.88699388888889,1146
131.05561722222222,32.88693305555555,1146
131.05559333333332,32.88689194444444,1145
131.05551722222222,32.88685611111111,1146
131.05528083333334,32.88681611111111,1148
131.0548611111111,32.88677472222222,1145
131.05383138888888,32.88673472222222,1154
131.05233611111112,32.88665861111111,1165
131.0522677777778,32.88665861111111,1165
131.05206944444444,32.88662277777778,1164
131.05184805555555,32.88654138888889,1164
131.0516725,32.88643416666667,1165
131.05136,32.88614444444445,1166
131.05097027777776,32.885752777777775,1161
131.05081833333332,32.885575,1161
131.05064277777777,32.88543277777778,1160
131.04999388888888,32.88494444444444,1150
131.04971166666667,32.88468527777778,1150
131.04962055555555,32.884543055555554,1151
131.04953694444444,32.88435,1151
131.04942944444446,32.884074444444444,1144
131.04942194444445,32.88395833333333,1145
131.04946,32.88388694444444,1146
131.04953694444444,32.88381527777778,1148
131.0496586111111,32.883775,1146
131.0497736111111,32.883775,1145
131.05098666666666,32.884501944444445,1137
131.05124583333333,32.884634166666665,1136
131.0514825,32.88471027777778,1137
131.05174944444445,32.8848025,1137
131.05296972222223,32.885152777777776,1134
131.0535113888889,32.885310277777776,1133
131.05408305555557,32.88547833333333,1133
131.05558555555555,32.885890833333335,1129
131.05598277777779,32.88600777777778,1128
131.05625722222223,32.88605888888889,1127
131.05650916666667,32.886068611111114,1125
131.05698222222222,32.8860025,1120
131.05719583333334,32.88594166666667,1119
131.05748555555556,32.885824444444445,1118
131.05766888888888,32.88570722222222,1119
131.0582861111111,32.885260277777775,1117
131.0585075,32.885132222222225,1116
131.05882861111112,32.88501083333333,1112
131.05923222222222,32.88493472222222,1112
131.05949166666667,32.88490861111111,1109
131.05974333333333,32.884883888888886,1109
131.0599038888889,32.88490861111111,1109
131.0600797222222,32.88496527777778,1109
131.06099555555556,32.88543277777778,1108
131.06109416666666,32.88548388888889,1107
131.06124722222222,32.88555,1107
131.06133083333333,32.88555,1107
131.06144472222223,32.88551972222222,1107
131.0616961111111,32.88543277777778,1105
131.06223111111112,32.88515833333334,1101
131.06408444444443,32.884258055555556,1101
131.0666711111111,32.88299194444444,1102
131.06693027777777,32.882849722222225,1103
131.06726555555557,32.882641666666665,1104
131.06969166666667,32.88081583333334,1112
131.07000416666668,32.880611944444446,1113
131.07023305555555,32.88051,1115
131.07011916666667,32.88034277777778,1114
131.06933361111112,32.879650833333336,1111
131.06879083333334,32.87922861111111,1108
131.06805888888888,32.87858305555555,1102
131.06760944444446,32.87811,1094
131.06741861111112,32.87786027777778,1096
131.0673036111111,32.87762722222222,1095
131.06724277777778,32.87736777777778,1092
131.06722,32.877179166666664,1088
131.06722,32.87694583333333,1087
131.06724277777778,32.87674194444445,1084
131.06738055555556,32.87620277777778,1086
131.0675097222222,32.87587722222222,1081
131.06768527777777,32.875485833333336,1087
131.06776888888888,32.8752925,1086
131.06790666666666,32.875053888888885,1082
131.06806722222223,32.87487055555555,1084
131.0683113888889,32.874651388888886,1083
131.06853166666667,32.87450472222222,1083
131.06880722222223,32.87437694444444,1086
131.06930305555557,32.87415361111111,1084
131.06958527777778,32.874026666666666,1085
131.06972944444445,32.87393,1080
131.06980666666666,32.87383777777778,1086
131.06982166666666,32.87372166666667,1080
131.06972944444445,32.87356861111111,1085
131.0696536111111,32.87352861111111,1086
131.06943222222222,32.8735025,1086
131.0692411111111,32.8735025,1088
131.0687075,32.8735025,1074
131.06855555555555,32.8734775,1071
131.06841,32.873421111111114,1067
131.06827222222222,32.87331916666667,1066
131.06815833333334,32.87316722222222,1065
131.0679675,32.8729025,1063
131.0677838888889,32.87269416666667,1057
131.067655,32.872617222222225,1056
131.0673727777778,32.872480277777775,1056
131.06708194444445,32.8723175,1049
131.06695277777777,32.872195,1047
131.06693,32.872078888888886,1045
131.0669452777778,32.871986666666665,1043
131.0670211111111,32.871854166666665,1044
131.06715888888888,32.87172722222222,1039
131.0674563888889,32.87151388888889,1043
131.06759416666668,32.871361944444445,1043
131.06767,32.871188333333336,1036
131.06767,32.87107666666667,1033
131.067655,32.870955,1034
131.06751694444444,32.87048638888889,1036
131.06749416666668,32.870268333333335,1032
131.06750944444445,32.870110833333335,1023
131.067555,32.8699275,1026
131.06764722222223,32.86981027777778,1032
131.06779166666666,32.869663055555556,1034
131.06816583333332,32.869439444444446,1033
131.06890583333333,32.869078055555555,1034
131.06902,32.86900222222222,1031
131.06908166666668,32.86890555555556,1031
131.06908166666668,32.868788333333335,1025
131.06902,32.868656111111115,1021
131.06888305555555,32.868518333333334,1013
131.06880722222223,32.86848777777778,1013
131.06866944444445,32.868478055555556,1007
131.06854666666666,32.86851388888889,1006
131.06837972222223,32.868610555555556,1007
131.06814305555557,32.8687775,1006
131.06783055555556,32.86897611111111,1007
131.06757027777778,32.86915416666667,1005
131.06726527777778,32.86932222222222,1004
131.0669225,32.869484722222225,1005
131.06667083333335,32.869571666666666,1005
131.06640388888889,32.869611666666664,1006
131.06614472222222,32.869611666666664,1007
131.0659311111111,32.869571666666666,1006
131.06571722222222,32.86952055555555,1001
131.06548055555555,32.86941861111111,994
131.06519083333333,32.86927638888889,991
131.06475583333332,32.86902694444444,983
131.06403111111112,32.86851361111111,973
131.0632302777778,32.86790277777778,979
131.06246,32.8672575,991
131.06219222222222,32.86703833333333,995
131.06166583333334,32.866703055555554,993
131.0612925,32.86646861111111,991
131.0606286111111,32.86615388888889,988
131.05965972222222,32.86575666666667,984
131.0587438888889,32.86538027777778,980
131.0578297222222,32.865029722222225,976
131.05737916666666,32.86485611111111,974
131.05650916666667,32.86459722222222,970
131.05617388888888,32.86457222222222,969
131.05554805555556,32.86456138888889,966
131.0545788888889,32.86448,962
131.05435777777777,32.86446027777778,961
131.05435,32.864455,961
131.05402222222222,32.86440388888889,948
131.05361027777778,32.864286666666665,944
131.05325972222224,32.864154444444445,945
131.05302333333333,32.864063333333334,939
131.0528475,32.86393638888889,935
131.05229833333334,32.86344805555556,937
131.05226805555554,32.86342194444445,936
131.05159666666665,32.86277666666667,927
131.05095555555556,32.86218638888889,923
131.05049861111112,32.86186638888889,920
131.04959833333334,32.861220555555555,915
131.04943,32.861046944444446,913
131.04939972222223,32.860931111111114,915
131.04936944444444,32.860778333333336,915
131.04938444444446,32.860645833333336,914
131.04943,32.860528611111114,913
131.0495375,32.86042777777778,913
131.04967416666668,32.86035611111111,915
131.0498575,32.86026944444444,914
131.05008666666666,32.86023888888889,915
131.0505063888889,32.860265,906
131.05078083333333,32.86029,905
131.05098694444445,32.860280277777775,904
131.05109333333334,32.860265,904
131.05116916666665,32.860213888888886,898
131.0512461111111,32.860121666666664,894
131.0512688888889,32.86001,895
131.0512613888889,32.85984722222222,896
131.05120722222222,32.859745277777776,895
131.0511236111111,32.85966916666667,895
131.05094805555555,32.859587777777776,893
131.0507961111111,32.85954777777778,892
131.05074305555556,32.85953694444444,889
131.0505063888889,32.85950638888889,877
131.05013222222223,32.85948583333333,883
131.049735,32.85944583333333,883
131.049545,32.85939472222222,882
131.04936166666667,32.859298055555556,882
131.0489875,32.85904861111111,886
131.0487586111111,32.85892194444445,883
131.04863722222223,32.85888611111111,878
131.04836277777778,32.85890666666667,878
131.04775944444444,32.85898805555556,876
131.0474088888889,32.85899777777778,871
131.04711916666668,32.85903916666667,866
131.04646277777778,32.859206944444445,864
131.0463325,32.85918638888889,862
131.04623416666666,32.85914527777778,862
131.0461125,32.85903916666667,860
131.0459975,32.858403333333335,853
131.04593666666668,32.8580625,854
131.0459138888889,32.85784888888889,852
131.04584444444444,32.85720305555556,847
131.0457988888889,32.85688777777778,847
131.04578361111112,32.85669444444444,845
131.04582166666665,32.856587222222224,843
131.0458988888889,32.85649611111111,842
131.04598222222222,32.856429722222224,841
131.04613527777778,32.85637888888889,838
131.04625694444445,32.85637888888889,836
131.04638694444444,32.85641472222222,834
131.04666916666667,32.85664888888889,833
131.047195,32.857121666666664,822
131.04737083333333,32.85726388888889,826
131.0475,32.857315,826
131.0476075,32.857315,825
131.04774416666666,32.85726388888889,826
131.0478363888889,32.85720305555556,827
131.04788194444444,32.85713166666667,827
131.04785916666665,32.85668916666667,826
131.0478363888889,32.856516666666664,824
131.04777666666666,32.855892777777775,816
131.04777666666666,32.855890555555554,816
131.04777444444446,32.855871111111114,816
131.04778222222222,32.85563666666667,816
131.04784388888888,32.85549888888889,816
131.0480186111111,32.855331666666665,808
131.04837027777776,32.85509722222222,805
131.0484688888889,32.854995555555554,803
131.04848416666667,32.854929444444444,803
131.04846138888888,32.854823055555556,805
131.04836277777778,32.854731944444445,805
131.04826277777778,32.85471138888889,807
131.04811083333334,32.85471138888889,806
131.047585,32.8548025,806
131.04740916666665,32.8548025,804
131.04721055555555,32.85474722222222,802
131.04692083333333,32.85461472222222,803
131.04658555555557,32.85442166666667,794
131.04640972222222,32.854329444444446,794
131.04615805555557,32.85425333333333,795
131.04572333333334,32.85416222222222,787
131.04560055555555,32.854080833333335,785
131.04527305555555,32.85384666666667,785
131.04484555555555,32.85353611111111,784
131.04462416666667,32.853388611111114,775
131.0443961111111,32.8532975,774
131.0441825,32.85324138888889,777
131.0439613888889,32.853205555555554,774
131.0430986111111,32.85308833333333,775
131.04283194444446,32.85302333333333,776
131.04273305555554,32.85294611111111,772
131.0426875,32.85286472222222,769
131.0427102777778,32.85277361111111,766
131.0427711111111,32.85268694444444,766
131.042885,32.852646666666665,763
131.04307583333335,32.85264138888889,757
131.043435,32.85268138888889,753
131.04412083333332,32.85286472222222,756
131.04438861111112,32.85292111111111,755
131.0447086111111,32.85297222222222,745
131.04531083333333,32.852981944444444,735
131.04558555555556,32.85302333333333,736
131.045975,32.853144444444446,735
131.04648583333332,32.85328222222222,736
131.04679833333333,32.8533225,735
131.04701972222222,32.85331277777778,733
131.0471347222222,32.85328222222222,730
131.04718777777776,32.85322055555555,726
131.04719527777777,32.85309888888889,725
131.0471725,32.853006666666666,724
131.0471347222222,32.85294611111111,724
131.04703472222224,32.852895277777776,723
131.04666166666667,32.85288,714
131.04632555555557,32.85286472222222,714
131.04601305555556,32.852804166666665,717
131.0455475,32.85268138888889,715
131.04508194444443,32.85255444444444,713
131.04484555555555,32.85246333333333,716
131.04453305555555,32.85232111111111,714
131.0441361111111,32.8521075,712
131.0435338888889,32.85180694444445,707
131.04328222222222,32.851689722222225,707
131.04306083333333,32.85164944444445,704
131.0427861111111,32.851639722222224,704
131.04258777777778,32.85167444444444,703
131.04229805555556,32.85174611111111,704
131.04204638888888,32.85180694444445,706
131.04188583333334,32.85180694444445,704
131.04177194444443,32.85174055555556,699
131.0417338888889,32.85162888888889,696
131.0417338888889,32.85156277777778,694
131.0417872222222,32.85147166666667,694
131.04187083333332,32.851415277777775,691
131.04213777777778,32.85137944444445,686
131.0424813888889,32.85133916666667,682
131.042695,32.85131416666667,684
131.04292416666667,32.85124805555556,685
131.04315944444446,32.85116138888889,676
131.04338833333333,32.85112,675
131.0435338888889,32.851130833333336,677
131.04370972222222,32.851171111111114,674
131.04416,32.851395555555555,674
131.04462416666667,32.851639722222224,674
131.0448075,32.851705,672
131.0450972222222,32.85176138888889,665
131.04541833333334,32.85178194444445,663
131.04573083333332,32.85171583333333,665
131.04594472222223,32.85168,662
131.04611277777778,32.85168,663
131.04646333333332,32.85177111111111,664
131.04666944444443,32.85178638888889,663
131.0468752777778,32.85176138888889,663
131.04725611111112,32.85167444444444,655
131.0475622222222,32.851655,652
131.04823277777777,32.851689722222225,640
131.0484236111111,32.851705,636
131.04888166666666,32.85177111111111,645
131.0494075,32.85180694444445,636
131.04967444444443,32.85181222222222,633
131.04982,32.85180694444445,626
131.04994916666666,32.85174611111111,625
131.05009444444445,32.85162888888889,633
131.05019305555555,32.85148138888889,642
131.05030833333333,32.85124805555556,644
131.05040694444443,32.8509325,644
131.0504222222222,32.850764444444444,642
131.05039944444445,32.85049,634
131.05030833333333,32.85028166666667,633
131.0501325,32.84998638888889,635
131.0499113888889,32.84969666666667,624
131.04963694444444,32.84934527777778,620
131.04920916666666,32.84889805555556,607
131.0490575,32.848715,603
131.04899555555556,32.848597777777776,603
131.04898805555555,32.84845555555555,605
131.04899555555556,32.848308055555556,606
131.04904972222224,32.84816583333333,607
131.04917138888888,32.84803888888889,606
131.04936222222221,32.847921666666664,605
131.04956833333333,32.84786527777778,604
131.04985055555557,32.84782527777778,605
131.05016305555554,32.847830555555554,598
131.05036166666667,32.84785027777778,595
131.05073611111112,32.84789138888889,593
131.05091805555554,32.847946666666665,595
131.05104833333334,32.84803361111111,596
131.05116972222223,32.84816583333333,595
131.05132277777778,32.84851222222222,597
131.05154416666667,32.84912166666667,596
131.05159722222223,32.84921388888889,594
131.05167333333333,32.84928,594
131.05178055555555,32.84928,590
131.0520325,32.84928,591
131.05220805555555,32.84923333333333,592
131.05230694444444,32.849178055555555,594
131.05238277777778,32.849091111111115,595
131.05252055555556,32.84885722222222,595
131.0527952777778,32.84825722222222,597
131.0529936111111,32.84784055555556,594
131.0531,32.84764722222222,590
131.0532,32.847505,586
131.0533213888889,32.84741277777778,586
131.0538322222222,32.84721444444445,579
131.05422166666668,32.847072222222224,576
131.05519083333334,32.84674166666667,575
131.05615972222222,32.84641166666667,574
131.05623555555556,32.84638138888889,574
131.05720444444444,32.846045,572
131.05723472222223,32.84602972222222,572
131.05778388888888,32.84580611111111,571
131.05808222222223,32.84563361111111,572
131.05823416666667,32.84549583333333,572
131.05831111111112,32.84539916666667,572
131.05838694444444,32.84524638888889,574
131.0584175,32.845083611111114,572
131.0584477777778,32.84466722222222,571
131.0584477777778,32.844280833333336,572
131.05847055555554,32.84406722222222,571
131.0585086111111,32.84395,569
131.05857055555555,32.84383805555556,566
131.0587072222222,32.84370583333333,564
131.0588297222222,32.843584166666666,563
131.05898166666665,32.8434975,560
131.05925611111113,32.84340527777778,558
131.0595622222222,32.84332388888889,557
131.05970638888888,32.84332388888889,552
131.05983666666665,32.84335,548
131.0599811111111,32.84340527777778,545
131.0600961111111,32.843491944444445,546
131.06021,32.843649444444445,546
131.06028694444444,32.843873888888886,545
131.06038583333333,32.844316666666664,544
131.0604236111111,32.84459555555556,546
131.06046166666667,32.84475833333333,547
131.0605463888889,32.844880833333335,545
131.06066,32.84495694444445,543
131.06080527777777,32.84498722222222,543
131.0609572222222,32.84496222222222,544
131.06107222222224,32.84491666666667,546
131.06117111111112,32.84482444444444,545
131.0614302777778,32.844407777777775,538
131.06179722222222,32.84389888888889,529
131.06187305555557,32.84377194444444,527
131.06194916666666,32.84359944444444,526
131.06201083333335,32.84328361111111,522
131.0620186111111,32.843085,521
131.0620188888889,32.842439722222224,517
131.0619961111111,32.84207305555555,515
131.0620111111111,32.841930833333336,517
131.06207194444445,32.84184944444444,516
131.06217083333334,32.84179861111111,517
131.0628725,32.84168138888889,514
131.06315444444445,32.84160527777778,511
131.06336083333332,32.84150888888889,513
131.06348333333332,32.841366666666666,513
131.06355944444445,32.84121361111111,512
131.063605,32.841050833333334,514
131.063605,32.840781666666665,516
131.06359722222223,32.84074611111111,515
131.0635063888889,32.84010055555556,514
131.0634836111111,32.83988138888889,515
131.0634836111111,32.839779444444446,515
131.06352166666667,32.839708888888886,515
131.06372027777778,32.83960694444445,514
131.06442194444443,32.83929666666667,502
131.064475,32.83927166666667,502
131.06544416666668,32.83882361111111,507
131.06574138888888,32.83867055555555,507
131.0667102777778,32.83818222222222,505
131.06720611111112,32.837892777777775,499
131.06757194444444,32.837674722222225,505
131.06774777777778,32.83756722222222,511
131.06824361111111,32.83723194444445,514
131.06864833333333,32.83694666666667,515
131.06885444444444,32.836708055555555,516
131.06903666666668,32.836484444444444,507
131.06913666666668,32.836376944444446,506
131.0697236111111,32.83573138888889,502
131.06992222222223,32.83549277777778,500
131.0701813888889,32.835075277777776,496
131.07031916666668,32.83477555555555,495
131.07043333333334,32.834490277777775,495
131.07051777777778,32.83414972222222,493
131.07055583333334,32.83394666666667,493
131.07057111111112,32.8333,489
131.07059388888888,32.83283222222222,486
131.07056333333333,32.832186944444445,482
131.07055583333334,32.83212611111111,482
131.07053305555556,32.83147944444445,479
131.07050166666667,32.83083388888889,477
131.07047111111112,32.83018833333333,474
131.07044083333332,32.82954194444444,471
131.07041083333334,32.828896388888886,468
131.0703802777778,32.828250555555556,466
131.0703575,32.82785888888889,464
131.07032722222223,32.82735,462
131.07030555555556,32.8268825,459
131.07030555555556,32.8268825,459
131.07029666666668,32.826704722222225,459
131.0702738888889,32.826058055555556,456
131.07124305555556,32.82597222222222,459
131.07221055555556,32.82588,462
131.07234833333334,32.82586472222222,463
131.07298194444445,32.825809444444445,466
131.0730047222222,32.825804166666664,466
131.0739738888889,32.82568694444444,467
131.07494277777778,32.825575,467
131.07542333333333,32.825519722222225,467
131.0763922222222,32.82541777777778,468
131.07736111111112,32.825315833333335,468
131.0779102777778,32.825224722222224,468
131.07839833333333,32.82508138888889,469
131.0793675,32.824751666666664,469
131.07968194444445,32.82463861111111,469
</coordinates>
</LineString>
</Placemark>
</Document>
</kml>
