<?xml version="1.0" encoding="UTF-8"?>
<kml xmlns="http://www.opengis.net/kml/2.2" xmlns:atom="http://www.w3.org/2005/Atom">
<Document>
<name>50代夏プレ合宿2日目（実走）</name>
<atom:author>
<atom:name>早稲田大学サイクリングクラブ（WCC）</atom:name>
</atom:author> 
<atom:link href="https://latlonglab.yahoo.co.jp/route/watch?id=7eb228f9ae33ac3384acbc9aaf2794d8" />
<description><![CDATA[]]></description>
<tags><![CDATA[]]></tags>  
<Placemark>
<Style>
<LineStyle>
<color>99ff0000</color>
<width>6</width>
</LineStyle>
</Style>
<LineString>
<coordinates>
138.5740238888889,35.33969111111111,617
138.57403472222222,35.3395025,616
138.57403472222222,35.33942111111111,616
138.57413333333332,35.339019444444446,614
138.57422555555556,35.3386375,610
138.57422555555556,35.33844444444444,609
138.5741727777778,35.33810416666667,607
138.5741336111111,35.33795638888889,607
138.5741336111111,35.33768194444445,606
138.57419555555555,35.33734555555556,605
138.57437027777777,35.33693861111111,602
138.57456083333332,35.33658833333333,600
138.57479,35.33594277777778,598
138.57501888888888,35.33529611111111,595
138.57514916666668,35.33494555555556,593
138.5752325,35.334538888888886,594
138.57527805555554,35.333893055555556,593
138.57530888888888,35.33350611111111,593
138.57534694444445,35.332860555555555,589
138.5753936111111,35.332214722222226,585
138.5754086111111,35.33202166666667,584
138.57549972222222,35.33137527777778,584
138.5755452777778,35.331115833333335,584
138.5755452777778,35.33067333333333,580
138.57546194444444,35.33024666666667,576
138.57538583333334,35.32992138888889,573
138.57534694444445,35.32953944444444,571
138.57532416666666,35.32933111111111,569
138.57536194444444,35.32908722222222,568
138.5755986111111,35.32874638888889,567
138.57573638888888,35.32855333333333,566
138.57618666666667,35.32809527777778,562
138.57660666666666,35.32744972222222,559
138.5767125,35.32729138888889,558
138.57707083333332,35.326905277777776,556
138.57699472222222,35.32675777777778,555
138.57696444444446,35.32669166666667,555
138.57638527777777,35.32624888888889,551
138.57634611111112,35.32619777777778,551
138.5763386111111,35.32611222222222,553
138.57634611111112,35.32604055555556,551
138.57637,35.32591361111111,552
138.576675,35.325430833333336,551
138.57709472222223,35.32478416666667,550
138.57751333333334,35.32413861111111,549
138.57759805555557,35.32402138888889,549
138.57768916666666,35.32386416666667,548
138.57775,35.32371666666667,547
138.57790305555557,35.32307138888889,546
138.578055,35.322424444444444,545
138.57807111111111,35.32238972222222,545
138.57812444444446,35.32221611111111,545
138.57813194444444,35.32219555555555,545
138.57828388888888,35.32155,544
138.57833805555555,35.32136666666667,544
138.57851277777777,35.32072138888889,542
138.5786125,35.32026333333334,541
138.57875694444445,35.31961777777778,540
138.57878722222222,35.31949083333333,540
138.5787961111111,35.31946472222222,540
138.5788263888889,35.319403888888885,540
138.57887194444444,35.3193475,540
138.5790086111111,35.31924111111111,540
138.57906277777778,35.31919555555555,540
138.57924527777777,35.319073055555556,540
138.57947416666667,35.31890083333333,540
138.57958916666666,35.31878361111111,540
138.57965,35.31865666666667,540
138.57971055555555,35.318509166666665,540
138.57972583333333,35.31837138888889,540
138.57972583333333,35.31805111111111,540
138.57972583333333,35.31740555555555,540
138.57972583333333,35.3169575,540
138.57971055555555,35.31677527777778,540
138.57971055555555,35.31671333333333,540
138.5796575,35.316068055555554,536
138.57965,35.3160225,536
138.57961194444445,35.315600277777776,534
138.5795588888889,35.314953611111115,531
138.57949694444446,35.31430805555556,529
138.57947416666667,35.31413,528
138.5794361111111,35.31397277777778,528
138.57939805555554,35.313850277777775,527
138.57933777777777,35.31377444444445,527
138.5792075,35.3136475,526
138.57913916666666,35.31358138888889,526
138.57844472222223,35.312934444444444,524
138.57775027777777,35.31228888888889,521
138.57732277777777,35.31189722222222,519
138.57687361111113,35.31138388888889,518
138.5767588888889,35.311256944444445,518
138.57685833333332,35.311215833333335,518
138.57722388888888,35.31098138888889,520
138.57747583333332,35.31086527777778,520
138.57772,35.31077333333333,521
138.57789555555556,35.31069194444444,521
138.5780713888889,35.31058027777778,521
138.5782763888889,35.310447777777775,521
138.57849777777778,35.31030027777778,520
138.57865083333334,35.31021444444445,520
138.5787725,35.31017333333333,520
138.57892527777778,35.31014833333333,520
138.57913916666666,35.31014305555556,520
138.57934527777778,35.310158055555554,520
138.57958944444445,35.31019944444444,520
138.57996277777778,35.31027527777778,520
138.58057333333332,35.3103925,515
138.5809086111111,35.310473888888886,514
138.58141972222222,35.310631111111114,514
138.5815575,35.310676944444445,513
138.58182444444444,35.31079944444444,515
138.58203805555556,35.31092638888889,513
138.58284666666665,35.311409166666664,513
138.58308277777778,35.31154166666666,510
138.58314583333333,35.311573055555556,510
138.58314472222222,35.311573055555556,510
138.58333444444443,35.31166861111111,508
138.58404416666667,35.31195833333334,506
138.58434916666667,35.31208083333333,504
138.5844488888889,35.31212638888889,504
138.58466277777777,35.31223388888889,503
138.58542555555556,35.31267555555556,495
138.58615,35.313118333333335,493
138.58711888888888,35.313693055555554,491
138.58727083333332,35.313784166666665,491
138.5874086111111,35.31384055555556,491
138.5875225,35.313855833333335,491
138.58767555555556,35.31386555555556,491
138.58846111111112,35.313784444444444,490
138.58865972222222,35.31377472222222,490
138.588995,35.3141,490
138.58968166666668,35.31395805555555,490
138.59016222222223,35.313876666666665,489
138.59054416666666,35.31381472222222,491
138.59067333333334,35.31379,493
138.59147416666667,35.313672777777775,497
138.59167277777777,35.31362166666667,497
138.59189416666666,35.31355111111111,497
138.59220666666667,35.31339805555555,496
138.59245833333333,35.31324083333333,493
138.592695,35.313051944444446,489
138.5929086111111,35.31284361111111,486
138.5930463888889,35.31266027777778,485
138.59318305555556,35.31251805555556,483
138.59392277777778,35.312335,482
138.59412138888888,35.312289444444446,482
138.59424416666667,35.312264444444445,482
138.59524333333334,35.31210611111111,485
138.5968611111111,35.31182722222222,485
138.59758472222222,35.31171,487
138.59766944444445,35.31169916666666,487
138.59793638888888,35.31168944444445,486
138.59840944444446,35.31167416666667,485
138.59901166666666,35.31164944444444,488
138.60048416666666,35.311598333333336,490
138.60168166666668,35.31155722222222,493
138.6019713888889,35.31154222222222,493
138.60214722222221,35.31154222222222,493
138.60230027777777,35.31154222222222,494
138.60257472222222,35.311526944444445,495
138.60278083333333,35.31154222222222,496
138.60295555555555,35.311568333333334,497
138.6033375,35.3114,496
138.60344388888888,35.311324166666665,495
138.6035588888889,35.3112525,496
138.60374972222223,35.31108416666667,496
138.6038561111111,35.31095722222222,496
138.60392444444443,35.31081527777778,496
138.60404722222222,35.31038222222222,493
138.60416833333332,35.31007722222222,491
138.60426833333332,35.30989944444445,491
138.6044125,35.309782222222225,491
138.604535,35.30968555555555,492
138.60479444444445,35.309533888888886,492
138.60498555555554,35.309416666666664,491
138.60499305555555,35.30941138888889,491
138.60596194444443,35.30886666666667,492
138.60688527777776,35.308323055555555,490
138.60722055555556,35.308190555555555,490
138.60737333333333,35.30816027777778,490
138.60757083333334,35.30815055555556,491
138.60774666666666,35.308165833333334,491
138.6084486111111,35.308328333333336,493
138.60941777777776,35.30854111111111,496
138.61033333333333,35.308750555555555,502
138.61086722222223,35.3088775,505
138.61102777777776,35.30891333333334,506
138.61199666666667,35.30912722222222,511
138.6121486111111,35.309151944444444,511
138.61217888888888,35.3091575,510
138.61314777777778,35.3091825,507
138.61336166666666,35.3091825,511
138.61356027777776,35.309151944444444,512
138.61410916666668,35.30896861111111,510
138.61426972222222,35.30891777777778,511
138.61519305555555,35.30860722222222,516
138.61583305555556,35.308435,516
138.61658083333333,35.30820083333333,523
138.6167336111111,35.30816055555555,523
138.61770277777777,35.307850277777774,527
138.61798472222222,35.30775916666666,528
138.61806833333333,35.30773305555556,530
138.61869444444446,35.30753444444444,533
138.61919777777777,35.3073825,536
138.61959472222222,35.30727527777778,538
138.61967083333334,35.30726,538
138.62050944444445,35.30708194444444,536
138.62092194444443,35.30699083333333,538
138.62112027777778,35.30696472222222,538
138.62129611111112,35.30697555555555,538
138.62144805555556,35.30701138888889,539
138.62188333333333,35.30717416666667,542
138.62285194444445,35.30754527777778,549
138.6231338888889,35.307657222222225,552
138.62325666666666,35.30770277777778,553
138.6235538888889,35.307473611111114,552
138.62432444444445,35.306828055555556,549
138.62454555555556,35.306645,548
138.62527055555555,35.306024444444446,547
138.62562083333333,35.30573472222222,546
138.6258725,35.30553611111111,545
138.62607111111112,35.30535805555556,545
138.6267275,35.30480361111111,544
138.62748277777777,35.30415833333333,544
138.6275813888889,35.304076944444446,545
138.62770416666666,35.30395,546
138.62781027777777,35.3038025,547
138.627895,35.30359833333333,548
138.6279786111111,35.303333611111114,547
138.628085,35.30300388888889,547
138.62829083333332,35.30235722222222,548
138.62836027777777,35.30216055555555,547
138.62836027777777,35.30215972222222,547
138.62857277777778,35.30151305555555,545
138.62877916666667,35.3008675,542
138.62897,35.30036944444444,538
138.6291838888889,35.30004388888889,537
138.62946583333334,35.29978472222222,534
138.6295886111111,35.299682777777775,534
138.63032083333334,35.299037222222225,530
138.63104583333333,35.29839055555556,526
138.63177027777778,35.297745,522
138.6318463888889,35.29767888888889,522
138.63199805555556,35.29754638888889,522
138.63271527777778,35.29690111111111,522
138.63284555555555,35.29678388888889,520
138.63300611111111,35.296596111111114,522
138.63313527777777,35.296392222222224,523
138.63316583333332,35.29631083333334,524
138.63347055555556,35.29566527777778,526
138.6336538888889,35.29528333333333,527
138.6337311111111,35.29519222222222,527
138.633845,35.2951,527
138.6342422222222,35.29486138888889,525
138.63466861111112,35.29461194444445,528
138.63474555555555,35.294535833333335,529
138.6347911111111,35.29446,530
138.6347911111111,35.29443388888889,529
138.63482166666665,35.29436777777778,529
138.63482916666666,35.29427666666667,527
138.6347911111111,35.29378277777778,524
138.6347911111111,35.29366666666667,525
138.6347911111111,35.29302,528
138.63482916666666,35.292878055555555,526
138.6348975,35.29275111111111,527
138.63505805555556,35.2925525,529
138.6352036111111,35.29242555555555,530
138.6353325,35.29233361111111,532
138.6354475,35.292278055555556,533
138.63559194444446,35.29222722222222,535
138.63627083333333,35.29206972222222,538
138.6368275,35.29166722222222,536
138.63757527777778,35.29114861111111,542
138.63849083333332,35.290503055555554,548
138.63862111111112,35.290395833333335,548
138.63870472222223,35.290284166666666,549
138.63875777777778,35.2901875,548
138.6388577777778,35.289861944444446,547
138.63904,35.28921638888889,545
138.63921583333334,35.28857083333333,544
138.63929166666668,35.28827555555556,542
138.6394675,35.287685555555555,541
138.63954361111112,35.28743611111111,540
138.63964333333334,35.287166944444444,538
138.63965861111112,35.287146388888885,538
138.63994055555557,35.286500833333335,537
138.63997111111112,35.28644,537
138.6402527777778,35.28579333333333,539
138.6403061111111,35.28529555555556,539
138.64033,35.285219444444444,539
138.64041333333333,35.28508166666666,538
138.64077138888888,35.28443611111111,534
138.640955,35.284125833333334,531
138.64109277777777,35.28393694444444,528
138.64164166666666,35.28331222222222,528
138.6416722222222,35.28327111111111,528
138.64187833333332,35.283026944444444,528
138.64199222222223,35.28293583333333,528
138.64210722222222,35.282869444444444,529
138.6422211111111,35.28281861111111,529
138.6424425,35.2827425,526
138.6433811111111,35.282493055555555,518
138.64409055555555,35.282335833333335,518
138.64430416666667,35.28230527777778,522
138.64449527777776,35.282294444444446,523
138.64496833333334,35.282335833333335,523
138.64516583333332,35.28234555555556,527
138.64531888888888,35.28232055555556,525
138.6455325,35.28225444444445,525
138.6457538888889,35.28218805555556,524
138.64586777777777,35.2821375,525
138.64599027777777,35.28205611111111,524
138.64631805555555,35.28181194444444,525
138.64650916666668,35.281664444444445,524
138.64653944444444,35.281639444444444,524
138.6467075,35.28152638888889,524
138.64682888888888,35.28147111111111,525
138.64688194444443,35.28145611111111,525
138.64695916666668,35.28143,523
138.64708055555556,35.28142027777778,524
138.64711861111113,35.28141472222222,524
138.64737805555555,35.28141472222222,525
138.64792055555554,35.28144527777778,523
138.64829361111111,35.281501666666664,523
138.64882,35.28162861111111,522
138.64951416666668,35.28165444444444,521
138.6500175,35.28177055555555,521
138.65015555555556,35.281796666666665,522
138.65026944444443,35.28180638888889,522
138.65041472222222,35.28178694444444,522
138.65055138888889,35.28174583333333,521
138.65059055555557,35.281730555555555,521
138.65070444444444,35.28167944444444,522
138.65081944444444,35.281598055555556,521
138.65089555555556,35.28149611111111,520
138.6509411111111,35.281395277777776,521
138.6511397222222,35.28095277777778,521
138.65125361111112,35.28068805555556,521
138.65141416666665,35.28042333333333,521
138.6515672222222,35.28022027777778,522
138.65162027777777,35.280143333333335,522
138.65195555555556,35.27968666666667,521
138.65207055555555,35.27952805555555,521
138.65213138888888,35.279452222222226,522
138.65226805555557,35.27931972222222,521
138.65229194444444,35.279289444444444,521
138.65265722222222,35.278979444444445,521
138.6529013888889,35.278729722222224,522
138.65303166666666,35.27857777777778,523
138.65324444444445,35.278195833333335,521
138.65328333333332,35.27812,521
138.65349722222223,35.27774333333333,517
138.65356555555556,35.277661944444446,518
138.6536413888889,35.27761111111111,518
138.65374138888888,35.277570833333336,518
138.65387055555556,35.277535,517
138.65430555555557,35.27752,516
138.65441944444444,35.27749416666666,516
138.65450416666667,35.27743888888889,513
138.6548547222222,35.2771025,510
138.6551822222222,35.27677694444444,511
138.65615083333333,35.27731611111111,518
138.65667083333332,35.277611388888886,522
138.65734138888888,35.27797805555556,526
138.65784472222222,35.2782625,532
138.65821888888888,35.27847055555556,535
138.65879055555556,35.278780833333336,537
138.65906527777778,35.27892833333333,538
138.6593636111111,35.27915194444444,541
138.65975194444445,35.27949805555556,544
138.6602022222222,35.27994611111111,550
138.66083583333332,35.280591666666666,557
138.66146833333335,35.2812375,565
138.6616061111111,35.28140527777778,567
138.66168972222223,35.2815625,570
138.66172777777777,35.28167972222222,574
138.66176555555555,35.28177083333333,574
138.66178833333333,35.28203138888889,573
138.6617427777778,35.28221361111111,575
138.66152916666667,35.282712777777775,583
138.66143805555555,35.28299694444444,586
138.6614152777778,35.28315972222222,590
138.6614152777778,35.28337888888889,591
138.66143805555555,35.28355166666667,591
138.66162138888888,35.284196944444446,597
138.66172,35.2845375,600
138.66189583333335,35.28518416666667,606
138.66207138888888,35.28583,612
138.6622536111111,35.286475277777775,617
138.6622688888889,35.28651111111111,618
138.6623763888889,35.287014444444445,622
138.6624675,35.28740611111111,626
138.66261277777778,35.28805305555556,631
138.66264305555555,35.288505,635
138.6625825,35.28879472222222,638
138.66244472222223,35.289094444444444,640
138.6623686111111,35.28920166666666,641
138.66178805555555,35.289811666666665,642
138.6615438888889,35.29016861111111,647
138.66145277777778,35.2904475,649
138.66147555555557,35.29057972222222,652
138.6615438888889,35.29069694444444,654
138.66170472222223,35.29085416666667,655
138.66178805555555,35.29089527777778,654
138.66200194444446,35.29093527777778,656
138.6622688888889,35.29094638888889,661
138.6624977777778,35.290950555555554,661
138.66346638888888,35.29097111111111,664
138.66390166666667,35.291001666666666,668
138.66406972222222,35.2910525,670
138.6643138888889,35.291185,675
138.66445055555556,35.29136833333333,678
138.66448222222223,35.29152583333333,677
138.66445055555556,35.29182083333333,678
138.6643672222222,35.29201944444444,683
138.6642911111111,35.29208555555556,684
138.66395472222223,35.29217666666667,683
138.66330694444446,35.29229388888889,683
138.663025,35.29237527777778,684
138.66282666666666,35.2924925,684
138.66271916666668,35.29260416666666,684
138.66264305555555,35.29274638888889,684
138.66261277777778,35.292878888888886,684
138.66261277777778,35.29301111111111,685
138.66266611111112,35.29314361111111,687
138.6628038888889,35.293325555555555,691
138.66294027777778,35.293417777777776,693
138.66310083333335,35.293483888888886,696
138.66332972222222,35.29350888888889,696
138.66356638888888,35.29349361111111,697
138.66365,35.293483888888886,697
138.663765,35.293417777777776,696
138.66434444444445,35.29291888888889,705
138.66445055555556,35.2928375,704
138.6646188888889,35.29274638888889,703
138.66486305555554,35.29268555555556,705
138.66540444444445,35.29268027777778,707
138.6655497222222,35.29268027777778,707
138.66569416666667,35.292695277777774,710
138.6658775,35.2928125,713
138.6659,35.29291888888889,717
138.66587722222224,35.293062222222225,721
138.66583166666666,35.293194444444445,723
138.66574083333333,35.293351944444446,724
138.6654663888889,35.29371722222222,727
138.6653925,35.293819166666665,728
138.6653925,35.293819166666665,728
138.66500083333332,35.29436388888889,731
138.6645352777778,35.295009444444446,736
138.66406972222222,35.295655277777776,740
138.66395472222223,35.2958025,743
138.6638788888889,35.296036944444445,741
138.6638788888889,35.29620944444444,743
138.66399388888888,35.29634166666666,747
138.66417611111112,35.296483888888886,747
138.6643672222222,35.296570833333334,749
138.664505,35.296596666666666,753
138.6647025,35.29655,753
138.665275,35.296347222222224,758
138.66624388888889,35.296010833333334,768
138.66699166666666,35.295766944444445,772
138.66725861111112,35.29568111111111,773
138.6682275,35.29537083333334,778
138.66863194444446,35.29524388888889,783
138.66915055555555,35.29515166666667,785
138.6696161111111,35.29512666666667,787
138.67002722222222,35.29511166666666,794
138.67079027777777,35.29512138888889,796
138.67121777777777,35.29524388888889,795
138.67135527777776,35.29535027777778,796
138.6714311111111,35.29551305555555,800
138.6714311111111,35.29567027777778,802
138.67135527777776,35.29585388888889,805
138.67118694444446,35.29596111111111,807
138.6709811111111,35.29604694444444,813
138.67081305555556,35.29607722222222,813
138.67041694444444,35.296169166666665,815
138.6701425,35.296326666666666,815
138.66985277777778,35.296570833333334,815
138.66919611111112,35.29721638888889,823
138.66904305555556,35.297359444444446,825
138.66892916666666,35.297583055555556,831
138.66882944444444,35.29792916666667,834
138.66882944444444,35.29819277777778,832
138.6689063888889,35.29841722222222,834
138.66901277777777,35.29862,834
138.66926444444445,35.29882833333333,838
138.66950111111112,35.29889472222222,838
138.66977555555556,35.29893583333333,841
138.67032472222223,35.298920833333334,845
138.67088972222223,35.298925,847
138.6715147222222,35.29893583333333,851
138.67184333333333,35.29893583333333,852
138.67215611111112,35.298920833333334,852
138.67294166666667,35.2987775,853
138.67316277777778,35.29875805555555,856
138.6733538888889,35.2987775,858
138.67351444444444,35.29886972222222,860
138.6736511111111,35.298986944444444,863
138.67374194444446,35.299119166666664,865
138.67365083333334,35.29946,866
138.67351444444444,35.29959138888889,868
138.67339944444444,35.29967805555555,870
138.67250638888888,35.30032361111111,876
138.67243055555556,35.30037472222222,877
138.67230138888888,35.30050277777778,876
138.67211805555556,35.30067527777778,881
138.67206472222222,35.300761666666666,881
138.67204083333334,35.30087777777778,882
138.67206472222222,35.30101027777778,884
138.67215611111112,35.3011425,886
138.6722938888889,35.301235,887
138.6724761111111,35.30132611111111,887
138.67263666666668,35.30136611111111,888
138.67360527777777,35.30133583333333,893
138.67457444444443,35.30130527777778,899
138.67470333333333,35.3013,900
138.67497916666667,35.30132611111111,902
138.67513861111112,35.30136611111111,903
138.67525361111112,35.30141722222222,905
138.67533722222223,35.301524722222226,906
138.67541305555557,35.30168722222222,905
138.67539027777778,35.30202805555555,910
138.6752611111111,35.30221138888889,913
138.6750625,35.30250111111111,913
138.67457444444443,35.30312583333333,917
138.67437583333333,35.303400277777776,920
138.67406333333332,35.30379222222222,923
138.67396333333335,35.303945,922
138.67390277777778,35.30426083333333,926
138.67396333333335,35.30439222222222,928
138.6741011111111,35.304499444444446,930
138.67423805555555,35.304565833333335,932
138.67440611111113,35.304590833333336,933
138.67468055555557,35.304565833333335,936
138.67519944444444,35.30439222222222,941
138.67616805555556,35.30408722222222,949
138.67693194444445,35.303843055555554,956
138.67742777777778,35.30367611111111,956
138.67764055555554,35.30365,953
138.67777833333332,35.30365,953
138.6778238888889,35.30365972222222,952
138.6779161111111,35.30369555555556,954
138.67803,35.30376166666667,954
138.67811361111112,35.30382777777778,956
138.6781363888889,35.30392,959
138.6781363888889,35.30401138888889,961
138.6781363888889,35.30416861111111,963
138.67807555555555,35.30430111111111,964
138.6779236111111,35.304560277777775,967
138.67745055555557,35.30520583333333,969
138.67712944444443,35.30562888888889,971
138.67699277777777,35.305862222222224,971
138.67693194444445,35.306151944444444,973
138.67695472222223,35.306310277777776,974
138.67701555555556,35.306416666666664,977
138.67712944444443,35.306507777777774,979
138.6772672222222,35.30654888888889,981
138.67742777777778,35.30657388888889,984
138.67775555555556,35.30657388888889,986
138.6779161111111,35.30654888888889,991
138.67835,35.30642638888889,994
138.6786713888889,35.30632555555555,997
138.67964,35.306025,1004
138.68024972222221,35.30583722222222,1013
138.6804786111111,35.30576555555555,1013
138.68063916666668,35.30567444444444,1015
138.68082916666665,35.30555722222222,1021
138.681005,35.305425,1022
138.68141722222222,35.30497805555556,1022
138.68169194444445,35.3046525,1023
138.68182194444444,35.304499444444446,1023
138.6823636111111,35.30385388888889,1024
138.6823863888889,35.30382777777778,1025
138.6829425,35.3031825,1028
138.68349166666667,35.30253694444445,1031
138.6835686111111,35.30245027777778,1032
138.68412527777778,35.30180444444444,1034
138.68437722222222,35.30157555555556,1034
138.68508666666668,35.30107666666667,1042
138.68575083333334,35.300736111111114,1042
138.68671944444444,35.30014583333333,1044
138.68687888888888,35.300044722222225,1044
138.68726083333334,35.299861388888885,1044
138.68758861111112,35.299749722222224,1050
138.68788583333333,35.299704166666665,1053
138.68870305555555,35.299617222222224,1053
138.68967194444446,35.29953583333333,1059
138.69009055555554,35.29950027777778,1062
138.69032694444445,35.299495,1063
138.69097583333334,35.29947972222222,1065
138.6917386111111,35.29938333333333,1070
138.6921738888889,35.29931694444444,1073
138.69251666666668,35.29915972222222,1074
138.69267722222222,35.29905333333333,1074
138.69297472222223,35.298854722222224,1072
138.693135,35.29875277777778,1074
138.69352333333333,35.29848805555555,1082
138.6939661111111,35.29832527777778,1081
138.6943025,35.29825916666667,1083
138.69457694444444,35.29824388888889,1085
138.69554583333334,35.298274166666666,1093
138.69572944444445,35.298285,1095
138.6958888888889,35.29825916666667,1095
138.6961102777778,35.29821888888889,1099
138.69707888888888,35.29789916666667,1104
138.69712444444446,35.29787861111111,1104
138.69743805555555,35.2978275,1105
138.69840583333334,35.297655,1113
138.6987347222222,35.29759305555555,1116
138.69922305555556,35.29750194444444,1121
138.69932166666666,35.297486666666664,1122
138.70029027777778,35.297354444444444,1129
138.70125944444445,35.297221944444445,1137
138.7016413888889,35.297095,1137
138.7019613888889,35.29697777777778,1137
138.70213722222223,35.29687583333333,1140
138.70262555555556,35.296596944444445,1145
138.70287694444445,35.296505,1146
138.70331194444444,35.296393333333334,1150
138.70360944444445,35.29634222222222,1152
138.70457833333333,35.296185,1157
138.70479972222222,35.29611888888889,1161
138.7050361111111,35.296011388888886,1164
138.70589777777778,35.29549277777778,1168
138.7061113888889,35.29535055555556,1171
138.70652361111112,35.29511194444444,1171
138.70677527777778,35.29499472222222,1172
138.70689694444445,35.29494361111111,1174
138.70704972222222,35.29488833333333,1173
138.7073472222222,35.29479638888889,1175
138.7076911111111,35.29479638888889,1177
138.70807194444444,35.2948375,1181
138.7086588888889,35.29491361111111,1183
138.70962777777777,35.295035,1187
138.71033722222222,35.295055833333336,1193
138.71094833333333,35.295035,1196
138.71136055555556,35.294959166666665,1196
138.712245,35.29477583333333,1201
138.71321361111112,35.294578333333334,1207
138.7135336111111,35.29452722222222,1210
138.7139461111111,35.2945425,1211
138.7142736111111,35.294628055555556,1212
138.71443416666668,35.29473027777778,1213
138.71461,35.29488861111111,1215
138.71476194444443,35.29507638888889,1218
138.71488444444444,35.29524444444444,1221
138.71505277777777,35.29549277777778,1224
138.7154261111111,35.2960775,1228
138.7157625,35.296597222222225,1232
138.71599138888888,35.29693805555556,1235
138.7164025,35.29758361111111,1242
138.7165552777778,35.2978275,1245
138.7169438888889,35.298473055555554,1252
138.71732555555556,35.29911972222222,1260
138.71740916666667,35.29925111111111,1261
138.7175775,35.29948,1264
138.7177761111111,35.29970472222222,1267
138.71840111111112,35.30015138888889,1268
138.718645,35.300268611111115,1268
138.71891194444444,35.300359722222225,1272
138.71898916666666,35.300375,1273
138.71995805555557,35.30051805555556,1275
138.7201413888889,35.300552777777774,1277
138.72110916666668,35.30074166666667,1284
138.72200194444446,35.301010833333336,1287
138.7222538888889,35.301118333333335,1289
138.72322277777778,35.30152527777778,1295
138.72345166666668,35.30162166666667,1297
138.72442027777777,35.302013333333335,1307
138.72476333333333,35.30215555555556,1307
138.72573222222223,35.30255277777778,1308
138.72613694444445,35.302683611111114,1314
138.7263963888889,35.302725,1312
138.7269375,35.302735,1312
138.726945,35.302730555555556,1312
138.72770888888888,35.302567777777774,1325
138.72817333333333,35.3025625,1323
138.72866166666665,35.302683888888886,1326
138.72921166666666,35.30282722222222,1327
138.72950138888888,35.3028675,1330
138.73007333333334,35.30287833333333,1333
138.73038555555556,35.30280111111111,1336
138.73081305555556,35.30257777777778,1344
138.7312102777778,35.30242027777778,1343
138.7316986111111,35.302369444444444,1346
138.73209444444444,35.302369444444444,1348
138.7324536111111,35.302435555555554,1350
138.7334225,35.3026025,1357
138.73391055555555,35.30260805555555,1361
138.73471916666668,35.30245611111111,1363
138.73568805555556,35.30227722222222,1365
138.73607,35.30224666666667,1369
138.73615361111112,35.3022575,1370
138.7371222222222,35.30233361111111,1382
138.73722083333334,35.30235416666667,1385
138.7376711111111,35.30235861111111,1387
138.73790027777778,35.30231833333333,1383
138.7387475,35.302033333333334,1387
138.73971666666668,35.30171305555555,1391
138.74068527777777,35.30139305555556,1395
138.74102055555556,35.30132694444445,1398
138.74145583333333,35.30131166666666,1402
138.74183666666667,35.3013875,1404
138.74225638888888,35.30150472222222,1403
138.74260805555556,35.3016675,1404
138.74284472222223,35.301809722222224,1406
138.74381222222223,35.302369722222224,1417
138.74422444444446,35.30251722222222,1418
138.74458361111112,35.30254222222222,1423
138.7453086111111,35.30247583333333,1425
138.74590305555554,35.30238472222222,1429
138.74687194444445,35.302237222222224,1436
138.74750555555556,35.30218611111111,1443
138.7479711111111,35.302212222222224,1443
138.74890861111112,35.30243027777778,1452
138.7498772222222,35.30258333333333,1454
138.75006805555554,35.302619166666666,1455
138.7499997222222,35.30286777777778,1456
138.74977083333334,35.303020555555555,1458
138.74938166666666,35.30299472222222,1457
138.74871861111112,35.30290333333333,1458
138.74806222222222,35.30298472222222,1457
138.74742083333334,35.30325916666666,1466
138.74687194444445,35.30338611111111,1475
138.74662,35.3034425,1475
138.74639888888888,35.30354444444445,1475
138.74609416666667,35.303803888888886,1484
138.7458575,35.30416944444445,1490
138.74568166666666,35.3046425,1492
138.74548305555555,35.30489222222222,1493
138.74504916666666,35.30518722222222,1495
138.74474305555555,35.30530861111111,1495
138.7442472222222,35.30547138888889,1501
138.74422222222222,35.305482222222224,1501
138.74422222222222,35.305482222222224,1501
138.7438588888889,35.305645,1503
138.74370583333334,35.30574583333333,1504
138.7435225,35.305908611111114,1505
138.74337055555554,35.306127777777775,1509
138.7433086111111,35.306427222222226,1512
138.7432936111111,35.306758055555555,1512
138.74339333333333,35.30715,1520
138.74337055555554,35.30743527777778,1524
138.74324805555557,35.307628055555554,1525
138.74319472222223,35.30777555555556,1525
138.74315666666666,35.3079275,1526
138.74322527777778,35.30807083333333,1525
138.74346166666666,35.30858416666667,1535
138.74346166666666,35.30874138888889,1537
138.74338583333332,35.308879166666664,1535
138.74318722222222,35.3090625,1537
138.74230944444443,35.30959111111111,1544
138.74211944444446,35.30977444444444,1545
138.74203472222223,35.310028055555556,1545
138.7420575,35.310201666666664,1546
138.74208027777777,35.310292777777775,1547
138.74217277777777,35.310542222222224,1554
138.74219555555555,35.31074527777778,1553
138.74214972222222,35.310968611111115,1554
138.74199694444445,35.31124861111111,1557
138.74164638888888,35.31189527777778,1565
138.74148583333334,35.3120625,1567
138.74084472222222,35.312510277777776,1572
138.7405475,35.31263722222222,1574
138.7398986111111,35.31271861111111,1577
138.7393952777778,35.312845555555555,1583
138.73900666666665,35.31299861111111,1583
138.73872444444444,35.31316138888889,1584
138.7385488888889,35.313267777777774,1584
138.73829694444444,35.313451111111114,1587
138.73777083333334,35.313969722222225,1595
138.73765583333332,35.314060833333336,1596
138.73755694444444,35.31408694444445,1596
138.73700833333334,35.314101944444445,1600
138.73680972222223,35.31415277777778,1602
138.7366186111111,35.314234166666665,1603
138.73593194444445,35.31487,1605
138.7354361111111,35.3152,1613
138.73454416666667,35.31569361111111,1618
138.73395638888888,35.315958333333334,1624
138.73368166666666,35.31606027777778,1627
138.73336166666667,35.31611,1631
138.7323927777778,35.31613611111111,1635
138.73191194444445,35.31615138888889,1637
138.7314088888889,35.31623277777778,1643
138.73105722222223,35.31639,1643
138.73008833333333,35.31692388888889,1649
138.72985916666667,35.317051944444444,1650
138.72903583333334,35.317590833333334,1654
138.72889805555556,35.31766694444445,1654
138.72870805555556,35.317706944444446,1656
138.72846388888888,35.31771777777778,1658
138.72805944444445,35.317640833333336,1664
138.7278227777778,35.31751916666666,1665
138.72738777777778,35.31710694444445,1671
138.72703722222224,35.316878333333335,1672
138.72678555555555,35.316807777777775,1674
138.72649583333333,35.3167775,1674
138.72632,35.31681722222222,1676
138.7262127777778,35.31686833333333,1676
138.72559555555554,35.31720888888889,1682
138.7254577777778,35.31729027777778,1685
138.72527555555556,35.31731527777778,1686
138.7250388888889,35.31726972222222,1687
138.724695,35.31706694444444,1690
138.7243825,35.31692361111111,1695
138.7241077777778,35.31688333333334,1694
138.72383333333335,35.31690833333333,1698
138.72369555555557,35.31694972222222,1700
138.72337555555555,35.3171275,1704
138.7231236111111,35.317326111111115,1702
138.7230086111111,35.317549722222225,1703
138.72304666666668,35.317748333333334,1703
138.72313888888888,35.31791638888889,1704
138.7234363888889,35.31850138888889,1704
138.72348944444445,35.3186075,1705
138.7235122222222,35.31879111111111,1708
138.7235122222222,35.31901416666667,1712
138.72345916666666,35.31933444444444,1715
138.723345,35.31959916666667,1720
138.72320722222221,35.3197825,1721
138.72293277777777,35.31996027777778,1724
138.72208555555557,35.32027611111111,1726
138.72179583333335,35.320458333333335,1727
138.7216136111111,35.32056583333333,1727
138.72142277777778,35.32078944444444,1728
138.7212847222222,35.321043333333336,1731
138.72113305555555,35.32138916666667,1731
138.7208736111111,35.32203472222222,1733
138.72060555555555,35.32268138888889,1735
138.72051444444443,35.32288444444445,1736
138.72026277777778,35.32346916666667,1739
138.7200488888889,35.32400861111111,1745
138.71985805555556,35.324623611111114,1749
138.71982,35.32489805555556,1752
138.71985805555556,35.32507694444445,1754
138.719935,35.32516833333333,1755
138.72007166666666,35.325208333333336,1756
138.72020944444444,35.325208333333336,1756
138.72032333333334,35.32519305555556,1756
138.72046138888888,35.32505111111111,1758
138.72073583333332,35.32464944444445,1762
138.7208963888889,35.324466111111114,1763
138.72104833333333,35.324349166666664,1763
138.72123916666666,35.32429388888889,1762
138.72189555555556,35.32433944444445,1770
138.72243694444444,35.32442638888889,1775
138.72265055555556,35.32449138888889,1777
138.72268861111112,35.3245325,1778
138.72268861111112,35.32464972222222,1777
138.72265833333333,35.32474055555556,1776
138.72220027777777,35.32507694444445,1782
138.72167416666667,35.32541777777778,1783
138.7215363888889,35.32550888888889,1782
138.7215136111111,35.32561527777778,1784
138.7215363888889,35.3257075,1782
138.7216513888889,35.32577361111111,1784
138.72178805555555,35.32579861111111,1786
138.72194861111112,35.32577361111111,1789
138.72220027777777,35.3257075,1794
138.7225975,35.32550888888889,1794
138.72286444444444,35.32533083333333,1793
138.72318444444446,35.325117222222225,1793
138.72342111111112,35.32505111111111,1794
138.7239625,35.32501527777778,1798
138.72414555555557,35.325005555555556,1798
138.7243138888889,35.32507694444445,1799
138.72433666666666,35.32514222222222,1801
138.72433666666666,35.32523444444445,1804
138.72428222222223,35.32530055555556,1804
138.72419888888888,35.32536666666667,1806
138.72403805555555,35.32541777777778,1806
138.72348944444445,35.325473055555555,1811
138.7233222222222,35.32552416666667,1811
138.72318444444446,35.32561527777778,1811
138.72310083333332,35.3257075,1811
138.72298583333333,35.32589083333333,1810
138.72287194444445,35.326135,1813
138.72282638888888,35.326343333333334,1815
138.72282638888888,35.32644972222222,1815
138.72284916666666,35.326566944444444,1813
138.72304666666668,35.3268825,1822
138.72314666666668,35.327151666666666,1823
138.72318444444446,35.327217777777776,1823
138.72326055555556,35.327284166666665,1822
138.72337555555555,35.327309166666666,1824
138.72348944444445,35.327309166666666,1826
138.7235588888889,35.327284166666665,1826
138.72361972222222,35.327242777777776,1827
138.7236725,35.327126666666665,1828
138.72367277777778,35.327060555555555,1830
138.72361972222222,35.326948888888886,1831
138.72342111111112,35.326856666666664,1831
138.72337555555555,35.326790277777775,1831
138.723345,35.326724166666665,1832
138.72337555555555,35.32664833333333,1831
138.72342111111112,35.32660694444444,1831
138.7235122222222,35.32658194444444,1832
138.72361972222222,35.32658194444444,1833
138.7237638888889,35.32664833333333,1835
138.72394694444444,35.32682611111111,1835
138.72403805555555,35.32683166666666,1837
138.72414555555557,35.32680555555555,1840
138.72424444444445,35.32673944444444,1843
138.72435944444445,35.32660694444444,1845
138.72447333333332,35.32638333333333,1846
138.72452638888888,35.32631722222222,1845
138.7246111111111,35.32626638888889,1845
138.724725,35.32626638888889,1846
138.72479444444446,35.32631722222222,1847
138.7248325,35.32638333333333,1848
138.72479444444446,35.32658194444444,1853
138.724725,35.32680555555555,1853
138.7244961111111,35.32740138888889,1854
138.72445055555556,35.32764,1853
138.72445055555556,35.32773111111111,1855
138.72447333333332,35.32779722222222,1859
138.72455805555555,35.327848333333336,1859
138.7246111111111,35.327848333333336,1861
138.7246947222222,35.32779722222222,1864
138.7249388888889,35.327441388888886,1862
138.72502333333333,35.327375277777776,1865
138.72513722222223,35.327309166666666,1864
138.7252513888889,35.327284166666665,1866
138.7255497222222,35.327217777777776,1869
138.72562555555555,35.327172222222224,1871
138.72566361111112,35.327126666666665,1871
138.7256863888889,35.32703444444444,1876
138.72570916666666,35.32642472222222,1874
138.72573194444445,35.32635861111111,1874
138.7258013888889,35.32629222222222,1875
138.72586972222223,35.32622611111111,1874
138.7259836111111,35.32618055555555,1876
138.72614444444446,35.32616,1880
138.72637333333333,35.326135,1884
138.72734194444445,35.32631722222222,1890
138.7278225,35.326409444444444,1893
138.72798333333333,35.32642472222222,1893
138.7284097222222,35.32642472222222,1894
138.72937861111112,35.32638333333333,1902
138.72988194444446,35.32635861111111,1907
138.73023333333333,35.32638333333333,1913
138.73059916666668,35.32642472222222,1913
138.73073694444443,35.326500555555555,1915
138.73085083333334,35.326566944444444,1916
138.73107222222222,35.326724166666665,1917
138.73114916666665,35.32673944444444,1918
138.73126305555556,35.32673944444444,1921
138.73137055555554,35.32667305555555,1926
138.731835,35.32624138888889,1924
138.73219416666666,35.32591055555555,1933
138.73227,35.32584,1933
138.732385,35.32579888888889,1934
138.7324986111111,35.32577388888889,1931
138.73285777777778,35.32579888888889,1936
138.733025,35.32577388888889,1943
138.7332311111111,35.32570777777778,1945
138.7333688888889,35.32568166666667,1947
138.73348277777777,35.32570777777778,1949
138.73354361111112,35.32574777777778,1949
138.73354361111112,35.32584,1953
138.73351333333332,35.32591055555555,1956
138.7333688888889,35.3260225,1958
138.7331325,35.32607333333333,1955
138.7327961111111,35.32616027777778,1955
138.73260611111112,35.32626666666667,1957
138.7324986111111,35.32635861111111,1961
138.73238472222224,35.32651583333333,1963
138.73232333333334,35.32667305555555,1962
138.73228527777778,35.32680111111111,1963
138.7322472222222,35.3268825,1963
138.7321713888889,35.32701388888889,1971
138.73208666666667,35.327085555555556,1971
138.731645,35.32724833333333,1972
138.7315375,35.327335,1970
138.7314236111111,35.327441388888886,1970
138.73126305555556,35.32764,1974
138.7311263888889,35.32773111111111,1976
138.73068361111112,35.32779722222222,1983
138.73047,35.32786888888889,1982
138.7302486111111,35.32794055555556,1983
138.72968444444444,35.32818888888889,1991
138.72950083333333,35.328275833333336,1991
138.72931,35.32839305555556,1991
138.72921888888888,35.32848416666667,1992
138.72917333333334,35.32859138888889,1994
138.7290888888889,35.32878888888889,2001
138.72903583333334,35.328855,2001
138.72894472222222,35.32893194444444,2002
138.7285475,35.32915555555556,2001
138.72821222222223,35.32935833333333,2002
138.72798333333333,35.32954194444444,2000
138.72783777777778,35.329725277777776,2003
138.7276013888889,35.32999972222222,2003
138.72747222222222,35.33016805555555,2006
138.72743305555557,35.330285,2006
138.72747222222222,35.330350277777775,2012
138.72754805555556,35.33039138888889,2012
138.72766194444443,35.33037638888889,2014
138.7284325,35.32974027777778,2012
138.7285322222222,35.329699166666664,2014
138.72870805555556,35.32967416666666,2016
138.7287838888889,35.32967416666666,2017
138.72887527777777,35.32971555555556,2017
138.72889805555556,35.32978055555556,2018
138.72887527777777,35.32987277777778,2021
138.7287611111111,35.32996388888889,2023
138.7282502777778,35.330223333333336,2022
138.72807444444445,35.330325277777774,2021
138.72796055555557,35.33041638888889,2021
138.72791388888888,35.330508611111114,2026
138.72793666666666,35.330599722222225,2031
138.72798333333333,35.330665833333335,2031
138.72807444444445,35.330665833333335,2032
138.72818833333332,35.33064111111111,2034
138.7285475,35.330325277777774,2030
138.72864611111112,35.330259166666664,2032
138.7289822222222,35.33014722222222,2034
138.72911888888888,35.330126666666665,2037
138.72921888888888,35.33014722222222,2037
138.72925694444444,35.33021361111111,2039
138.72921888888888,35.33031,2041
138.72914944444443,35.33037638888889,2045
138.72879916666668,35.3304675,2045
138.72866888888888,35.330533611111115,2040
138.72857027777778,35.330615,2044
138.7284325,35.330798333333334,2043
138.72839444444443,35.330889444444445,2043
138.72839444444443,35.330981666666666,2045
138.72846388888888,35.331021944444444,2049
138.7285322222222,35.331047777777776,2049
138.72862333333333,35.331021944444444,2053
138.72879916666668,35.330823333333335,2056
138.72891277777777,35.33070722222222,2055
138.7291113888889,35.33060527777778,2053
138.72947055555557,35.33054888888889,2053
138.72969944444444,35.3304575,2056
138.73029416666665,35.33005083333333,2057
138.7305838888889,35.3298825,2065
138.73073694444443,35.329831666666664,2065
138.73098861111112,35.32980666666667,2067
138.73118722222222,35.32974027777778,2064
138.73132388888888,35.329725277777776,2065
138.73167555555557,35.32980111111111,2068
138.731835,35.32978055555556,2069
138.73199527777777,35.32971555555556,2071
138.7320863888889,35.32964916666667,2072
138.73212555555557,35.329592777777776,2073
138.73217111111111,35.32951694444444,2072
138.73224694444446,35.32939972222222,2071
138.7324075,35.32929222222222,2071
138.73254416666666,35.32922166666667,2072
138.73273527777778,35.32915555555556,2076
138.7327961111111,35.329135,2078
138.73291111111112,35.32911,2081
138.73304777777778,35.329135,2083
138.73310972222222,35.32918055555555,2083
138.73312472222221,35.329231388888886,2086
138.73304777777778,35.32931833333333,2084
138.73288833333334,35.32938444444444,2079
138.73265944444444,35.32946583333333,2076
138.73248361111112,35.329613333333334,2076
138.73242277777777,35.329725277777776,2076
138.73224694444446,35.33003,2081
138.73217111111111,35.330126666666665,2085
138.73205611111112,35.33016805555555,2085
138.7316602777778,35.33031,2090
138.73144638888888,35.3304575,2095
138.7311263888889,35.330798333333334,2106
138.73104944444444,35.330864444444444,2104
138.73081277777777,35.33103277777778,2105
138.73059916666668,35.33123027777778,2104
138.73054583333334,35.33127694444445,2101
138.73050027777776,35.331383333333335,2104
138.73043194444443,35.3316325,2104
138.73028666666667,35.33174972222222,2105
138.72997416666666,35.331789722222226,2111
138.7298361111111,35.33185611111111,2112
138.72948583333334,35.33209027777778,2114
138.72931,35.33221722222222,2114
138.72923416666666,35.33229333333333,2116
138.728875,35.33264916666667,2122
138.7287761111111,35.33271527777778,2124
138.7282502777778,35.333005,2123
138.72796055555557,35.33326,2125
138.72793666666666,35.333285,2125
138.7278225,35.3334175,2125
138.72776944444445,35.333508611111114,2125
138.72776944444445,35.33361611111111,2125
138.72779972222222,35.33365611111111,2129
138.72788333333332,35.33368222222222,2132
138.72812,35.333574722222224,2138
138.72846388888888,35.33327527777778,2135
138.72873805555557,35.33312222222222,2135
138.728875,35.33307666666666,2133
138.72901277777777,35.33305166666667,2139
138.72919611111112,35.333005,2141
138.72960722222223,35.33287277777778,2143
138.73030944444446,35.332705555555556,2152
138.73087361111112,35.33264916666667,2155
138.7310113888889,35.33264916666667,2156
138.7311263888889,35.33262416666667,2156
138.73119472222223,35.332573333333336,2156
138.7312327777778,35.33255805555556,2156
138.73134666666667,35.33242555555555,2155
138.73162194444444,35.33215111111111,2159
138.73169805555557,35.33211,2161
138.7319877777778,35.33205888888889,2164
138.73211027777776,35.332013333333336,2166
138.7322697222222,35.33185611111111,2163
138.73238472222224,35.33177472222222,2162
138.73246833333334,35.33174972222222,2163
138.73265944444444,35.331764722222225,2163
138.73309444444445,35.33188083333334,2168
138.73320833333332,35.33190694444444,2174
138.7333688888889,35.33190694444444,2177
138.7335361111111,35.33186583333333,2175
138.7335977777778,35.331789722222226,2177
138.73364361111112,35.33152527777778,2172
138.7336813888889,35.33143972222222,2174
138.7337575,35.33128111111111,2173
138.7339561111111,35.3310675,2174
138.73414694444443,35.330864444444444,2173
138.73423805555555,35.330798333333334,2175
138.73433777777777,35.330757222222225,2171
138.73440638888889,35.330757222222225,2172
138.7345125,35.330798333333334,2175
138.734535,35.330889444444445,2175
138.734535,35.33099694444444,2179
138.73447444444446,35.3310675,2183
138.73422277777777,35.33127694444445,2182
138.7342,35.33130194444445,2182
138.73412416666667,35.331383333333335,2184
138.73406333333332,35.33150027777778,2183
138.73400916666668,35.33163277777778,2184
138.7339863888889,35.332085,2189
138.7339561111111,35.33219666666667,2193
138.73389527777778,35.33230861111111,2196
138.7336813888889,35.33251694444444,2196
138.73351333333332,35.33255805555556,2194
138.73340694444445,35.33255805555556,2194
138.73309444444445,35.332501666666666,2197
138.73289583333334,35.33249194444444,2199
138.73272,35.33251694444444,2203
138.73263666666668,35.33255805555556,2202
138.73253666666668,35.332685,2205
138.73246833333334,35.33275666666667,2205
138.73238472222224,35.33291388888889,2206
138.73217111111111,35.33320916666667,2204
138.73213305555555,35.33329055555556,2205
138.73211027777776,35.33345861111111,2211
138.73205611111112,35.33354972222222,2211
138.7319725,35.33361611111111,2214
138.73158305555555,35.33376361111111,2214
138.7314461111111,35.33383944444444,2214
138.7311263888889,35.334134722222224,2217
138.7309125,35.33424611111111,2217
138.73087361111112,35.334266666666664,2217
138.7307975,35.33431777777778,2217
138.73075972222222,35.33434277777778,2222
138.7306988888889,35.334399166666664,2222
138.73050027777776,35.33456611111111,2225
138.7303625,35.3346325,2224
138.73021055555554,35.33468333333333,2225
138.72977555555556,35.334739722222224,2223
138.72960722222223,35.33479083333334,2226
138.72948583333334,35.33485694444445,2225
138.72925694444444,35.334988333333335,2226
138.72919611111112,35.33508055555556,2229
138.72919611111112,35.335192222222226,2232
138.72925694444444,35.33528333333334,2234
138.72933277777778,35.33533444444444,2234
138.72944777777778,35.33530944444445,2234
138.72952361111112,35.33526388888889,2235
138.729745,35.33515638888889,2235
138.72988194444446,35.33512611111111,2235
138.73070638888888,35.335029444444444,2247
138.73085083333334,35.334988333333335,2245
138.73095055555555,35.334942777777776,2246
138.73140833333332,35.33468888888889,2249
138.73169805555557,35.33456611111111,2256
138.73211027777776,35.33438833333334,2253
138.73217111111111,35.334357777777775,2254
138.73233805555554,35.33434277777778,2255
138.7327961111111,35.33434305555556,2265
138.7329186111111,35.3342975,2265
138.73299472222223,35.334246388888886,2265
138.73318555555556,35.33403805555555,2263
138.73326916666667,35.33399694444444,2262
138.73342222222223,35.33399694444444,2263
138.73416944444443,35.33406305555555,2274
138.73439833333333,35.33406305555555,2275
138.7345588888889,35.33403805555555,2275
138.73469583333335,35.33399694444444,2274
138.7349702777778,35.33381444444444,2274
138.7350625,35.33377333333333,2272
138.73522194444445,35.33374833333333,2273
138.73533694444444,35.33377333333333,2274
138.7353825,35.33381444444444,2275
138.7353977777778,35.333885,2275
138.73541305555557,35.333930555555554,2279
138.7353825,35.334022777777776,2282
138.73527611111112,35.334089166666665,2283
138.7351461111111,35.33414972222222,2287
138.73510055555556,35.33417472222222,2285
138.73496277777778,35.33424111111111,2287
138.73469583333335,35.334358055555555,2287
138.7345588888889,35.33440916666667,2286
138.73437555555554,35.334424444444444,2285
138.73403166666668,35.334384166666666,2284
138.73389527777778,35.33440916666667,2283
138.7337575,35.334450277777776,2284
138.73364361111112,35.33450555555556,2290
138.7332236111111,35.334963333333334,2293
138.73304777777778,35.33506527777778,2295
138.73242277777777,35.3351825,2294
138.73227305555557,35.335254166666665,2297
138.73227305555557,35.335254166666665,2297
138.73214833333333,35.33531388888889,2299
138.7319877777778,35.33542138888889,2302
138.7318736111111,35.33558388888889,2304
138.73167527777778,35.33589972222222,2305
138.7315602777778,35.33600611111111,2305
138.73142333333334,35.33611777777778,2303
138.73120972222222,35.33620472222222,2305
138.73098833333333,35.33625027777778,2311
138.73059916666668,35.33627527777778,2314
138.73032444444445,35.33634138888889,2312
138.73011083333333,35.33643361111111,2314
138.72997416666666,35.33649972222222,2319
138.7299361111111,35.33652472222222,2319
138.72991333333334,35.336550833333334,2319
138.72989694444445,35.33659111111111,2324
138.72989694444445,35.33663222222222,2324
138.72989694444445,35.336666944444445,2324
138.72989694444445,35.33671805555556,2330
138.72989694444445,35.336774166666665,2330
138.72992083333332,35.33680444444445,2334
138.7299436111111,35.336840277777775,2334
138.73005,35.33687611111111,2334
138.7301725,35.33687611111111,2334
138.73033222222222,35.336799166666665,2335
138.73050027777776,35.33674833333333,2333
138.7306761111111,35.33674833333333,2334
138.73082027777778,35.33674833333333,2335
138.73101111111112,35.33674833333333,2336
138.73120972222222,35.33673861111111,2338
138.7314311111111,35.336733055555555,2343
138.73161444444443,35.33669305555556,2346
138.73177388888888,35.336641944444445,2344
138.73181944444445,35.33659111111111,2344
138.7322697222222,35.33647388888889,2346
138.73236194444445,35.33644888888889,2347
138.73258222222222,35.33632611111111,2353
138.73289583333334,35.336041944444446,2352
138.733025,35.335990833333334,2350
138.73309444444445,35.33600611111111,2352
138.73316277777778,35.33607222222222,2352
138.73320833333332,35.336148333333334,2354
138.73320083333334,35.336280555555554,2356
138.7331475,35.33635666666667,2358
138.733025,35.336463888888886,2361
138.73285027777777,35.33659111111111,2364
138.73265944444444,35.33672333333333,2363
138.73250638888888,35.33682527777778,2366
138.73238472222224,35.33687638888889,2364
138.73230777777778,35.336906666666664,2371
138.7322088888889,35.3369975,2371
138.7321861111111,35.33709972222222,2374
138.7322088888889,35.337175555555554,2377
138.73232305555555,35.33722111111111,2379
138.73246083333333,35.33721666666667,2383
138.73268222222222,35.33716583333333,2385
138.7331325,35.336997777777775,2383
138.73346,35.33687638888889,2382
138.7335111111111,35.33685583333333,2382
138.7335111111111,35.33685583333333,2382
138.7338188888889,35.336733055555555,2382
138.73414666666667,35.33659111111111,2383
138.73458166666666,35.3363675,2376
138.7347186111111,35.33634138888889,2372
138.73488666666665,35.33634138888889,2373
138.7350625,35.3363675,2376
138.73519916666666,35.3364075,2375
138.73558111111112,35.33659111111111,2375
138.735695,35.336666944444445,2374
138.73574833333333,35.33669722222222,2376
138.7358861111111,35.33675916666667,2375
138.73606194444446,35.336774444444444,2375
138.73628277777777,35.33674833333333,2375
138.73649666666665,35.33669305555556,2376
138.73664861111112,35.33659111111111,2374
138.73668666666666,35.33656611111111,2376
138.73669416666667,35.33654,2372
138.73672444444443,35.336515,2372
138.73674833333334,35.336484722222224,2372
138.7367863888889,35.33643361111111,2369
138.73680916666666,35.3363675,2369
138.73682444444444,35.336331666666666,2366
138.73680916666666,35.33630138888889,2366
138.73677111111112,35.33625555555555,2367
138.73663333333334,35.336174444444445,2362
138.73654972222224,35.33616333333333,2358
138.7364575,35.336174444444445,2358
138.73641194444446,35.33618416666667,2354
138.73632083333334,35.33620472222222,2353
138.73616055555556,35.33625555555555,2356
138.73606944444444,35.33627527777778,2355
138.7359847222222,35.336280555555554,2355
138.7359425,35.336280555555554,2355
138.73594138888888,35.336280555555554,2355
138.7359238888889,35.336280555555554,2355
138.73584805555555,35.33627527777778,2356
138.73578722222223,35.33625555555555,2356
138.73571027777777,35.33622972222222,2357
138.73564944444445,35.33618944444444,2355
138.73553555555554,35.33613305555556,2356
138.73504722222222,35.33590944444445,2355
138.73488666666665,35.33588888888889,2353
138.7347186111111,35.335915,2355
138.73448194444444,35.335990833333334,2353
138.7342075,35.336081944444445,2353
138.73409361111112,35.33611777777778,2353
138.733895,35.33616333333333,2356
138.73363583333332,35.336148333333334,2355
138.7333461111111,35.33605722222222,2352
138.73316277777778,35.33607222222222,2352
138.73309444444445,35.33600611111111,2352
138.733025,35.335990833333334,2350
138.73289583333334,35.336041944444446,2352
138.73258222222222,35.33632611111111,2353
138.73236194444445,35.33644888888889,2347
138.7322697222222,35.33647388888889,2346
138.73181944444445,35.33659111111111,2344
138.73177388888888,35.336641944444445,2344
138.73161444444443,35.33669305555556,2346
138.7314311111111,35.336733055555555,2343
138.73120972222222,35.33673861111111,2338
138.73105777777778,35.33674611111111,2336
138.73105666666666,35.33674611111111,2336
138.73101111111112,35.33674833333333,2336
138.73082027777778,35.33674833333333,2335
138.7306761111111,35.33674833333333,2334
138.73050027777776,35.33674833333333,2333
138.73033222222222,35.336799166666665,2335
138.7301725,35.33687611111111,2334
138.73005,35.33687611111111,2334
138.7299436111111,35.336840277777775,2334
138.72992083333332,35.33680444444445,2334
138.72989694444445,35.336774166666665,2330
138.72989694444445,35.33671805555556,2330
138.72989694444445,35.336666944444445,2324
138.72989694444445,35.33663222222222,2324
138.72989694444445,35.33659111111111,2324
138.72991333333334,35.336550833333334,2319
138.7299361111111,35.33652472222222,2319
138.72997416666666,35.33649972222222,2319
138.73011083333333,35.33643361111111,2314
138.73032444444445,35.33634138888889,2312
138.73059916666668,35.33627527777778,2314
138.73098833333333,35.33625027777778,2311
138.73120972222222,35.33620472222222,2305
138.73142333333334,35.33611777777778,2303
138.7315602777778,35.33600611111111,2305
138.73167527777778,35.33589972222222,2305
138.7318736111111,35.33558388888889,2304
138.7319877777778,35.33542138888889,2302
138.73214833333333,35.33531388888889,2299
138.73242277777777,35.3351825,2294
138.73304777777778,35.33506527777778,2295
138.7332236111111,35.334963333333334,2293
138.73364361111112,35.33450555555556,2290
138.7337575,35.334450277777776,2284
138.73389527777778,35.33440916666667,2283
138.73403166666668,35.334384166666666,2284
138.73437555555554,35.334424444444444,2285
138.7345588888889,35.33440916666667,2286
138.73469583333335,35.334358055555555,2287
138.73496277777778,35.33424111111111,2287
138.73510055555556,35.33417472222222,2285
138.7351461111111,35.33414972222222,2287
138.73527611111112,35.334089166666665,2283
138.7353825,35.334022777777776,2282
138.73541305555557,35.333930555555554,2279
138.7353977777778,35.333885,2275
138.7353825,35.33381444444444,2275
138.73533694444444,35.33377333333333,2274
138.73522194444445,35.33374833333333,2273
138.7350625,35.33377333333333,2272
138.7349702777778,35.33381444444444,2274
138.73469583333335,35.33399694444444,2274
138.7345588888889,35.33403805555555,2275
138.73439833333333,35.33406305555555,2275
138.73416944444443,35.33406305555555,2274
138.73342222222223,35.33399694444444,2263
138.73326916666667,35.33399694444444,2262
138.73318555555556,35.33403805555555,2263
138.73299472222223,35.334246388888886,2265
138.7329186111111,35.3342975,2265
138.7327961111111,35.33434305555556,2265
138.73233805555554,35.33434277777778,2255
138.73217111111111,35.334357777777775,2254
138.73211027777776,35.33438833333334,2253
138.73169805555557,35.33456611111111,2256
138.73140833333332,35.33468888888889,2249
138.73095055555555,35.334942777777776,2246
138.73085083333334,35.334988333333335,2245
138.73070638888888,35.335029444444444,2247
138.72988194444446,35.33512611111111,2235
138.729745,35.33515638888889,2235
138.72952361111112,35.33526388888889,2235
138.72944777777778,35.33530944444445,2234
138.72933277777778,35.33533444444444,2234
138.72925694444444,35.33528333333334,2234
138.72919611111112,35.335192222222226,2232
138.72919611111112,35.33508055555556,2229
138.72925694444444,35.334988333333335,2226
138.72948583333334,35.33485694444445,2225
138.72960722222223,35.33479083333334,2226
138.72977555555556,35.334739722222224,2223
138.73021055555554,35.33468333333333,2225
138.7303625,35.3346325,2224
138.73050027777776,35.33456611111111,2225
138.7306988888889,35.334399166666664,2222
138.73075972222222,35.33434277777778,2222
138.7307975,35.33431777777778,2217
138.73087361111112,35.334266666666664,2217
138.7309125,35.33424611111111,2217
138.7311263888889,35.334134722222224,2217
138.7314461111111,35.33383944444444,2214
138.73158305555555,35.33376361111111,2214
138.7319725,35.33361611111111,2214
138.73205611111112,35.33354972222222,2211
138.73211027777776,35.33345861111111,2211
138.73213305555555,35.33329055555556,2205
138.73217111111111,35.33320916666667,2204
138.73238472222224,35.33291388888889,2206
138.73246833333334,35.33275666666667,2205
138.73253666666668,35.332685,2205
138.73263666666668,35.33255805555556,2202
138.73272,35.33251694444444,2203
138.73289583333334,35.33249194444444,2199
138.73309444444445,35.332501666666666,2197
138.73340694444445,35.33255805555556,2194
138.73351333333332,35.33255805555556,2194
138.7336813888889,35.33251694444444,2196
138.73389527777778,35.33230861111111,2196
138.7339561111111,35.33219666666667,2193
138.7339863888889,35.332085,2189
138.73400916666668,35.33163277777778,2184
138.73406333333332,35.33150027777778,2183
138.73412416666667,35.331383333333335,2184
138.7342,35.33130194444445,2182
138.73422277777777,35.33127694444445,2182
138.73447444444446,35.3310675,2183
138.734535,35.33099694444444,2179
138.734535,35.330889444444445,2175
138.7345125,35.330798333333334,2175
138.73440638888889,35.330757222222225,2172
138.73433777777777,35.330757222222225,2171
138.73423805555555,35.330798333333334,2175
138.73414694444443,35.330864444444444,2173
138.7339561111111,35.3310675,2174
138.7337575,35.33128111111111,2173
138.7336813888889,35.33143972222222,2174
138.73364361111112,35.33152527777778,2172
138.7335977777778,35.331789722222226,2177
138.7335361111111,35.33186583333333,2175
138.7333688888889,35.33190694444444,2177
138.73320833333332,35.33190694444444,2174
138.73309444444445,35.33188083333334,2168
138.73265944444444,35.331764722222225,2163
138.73246833333334,35.33174972222222,2163
138.73238472222224,35.33177472222222,2162
138.7322697222222,35.33185611111111,2163
138.73211027777776,35.332013333333336,2166
138.7319877777778,35.33205888888889,2164
138.73169805555557,35.33211,2161
138.73162194444444,35.33215111111111,2159
138.73134666666667,35.33242555555555,2155
138.7312327777778,35.33255805555556,2156
138.73119472222223,35.332573333333336,2156
138.7311263888889,35.33262416666667,2156
138.7310113888889,35.33264916666667,2156
138.73087361111112,35.33264916666667,2155
138.73030944444446,35.332705555555556,2152
138.72960722222223,35.33287277777778,2143
138.72919611111112,35.333005,2141
138.72901277777777,35.33305166666667,2139
138.728875,35.33307666666666,2133
138.72873805555557,35.33312222222222,2135
138.72846388888888,35.33327527777778,2135
138.72812,35.333574722222224,2138
138.72788333333332,35.33368222222222,2132
138.72779972222222,35.33365611111111,2129
138.72776944444445,35.33361611111111,2125
138.72776944444445,35.333508611111114,2125
138.7278225,35.3334175,2125
138.72793666666666,35.333285,2125
138.72796055555557,35.33326,2125
138.7282502777778,35.333005,2123
138.7287761111111,35.33271527777778,2124
138.728875,35.33264916666667,2122
138.72923416666666,35.33229333333333,2116
138.72931,35.33221722222222,2114
138.72948583333334,35.33209027777778,2114
138.7298361111111,35.33185611111111,2112
138.72997416666666,35.331789722222226,2111
138.73028666666667,35.33174972222222,2105
138.73043194444443,35.3316325,2104
138.73050027777776,35.331383333333335,2104
138.73054583333334,35.33127694444445,2101
138.73059916666668,35.33123027777778,2104
138.73081277777777,35.33103277777778,2105
138.73104944444444,35.330864444444444,2104
138.7311263888889,35.330798333333334,2106
138.73144638888888,35.3304575,2095
138.7316602777778,35.33031,2090
138.73205611111112,35.33016805555555,2085
138.73217111111111,35.330126666666665,2085
138.73224694444446,35.33003,2081
138.73242277777777,35.329725277777776,2076
138.73248361111112,35.329613333333334,2076
138.73265944444444,35.32946583333333,2076
138.73288833333334,35.32938444444444,2079
138.73304777777778,35.32931833333333,2084
138.73312472222221,35.329231388888886,2086
138.73310972222222,35.32918055555555,2083
138.73304777777778,35.329135,2083
138.73291111111112,35.32911,2081
138.7327961111111,35.329135,2078
138.73273527777778,35.32915555555556,2076
138.73254416666666,35.32922166666667,2072
138.7324075,35.32929222222222,2071
138.73224694444446,35.32939972222222,2071
138.73217111111111,35.32951694444444,2072
138.73212555555557,35.329592777777776,2073
138.7320863888889,35.32964916666667,2072
138.73199527777777,35.32971555555556,2071
138.731835,35.32978055555556,2069
138.73167555555557,35.32980111111111,2068
138.73132388888888,35.329725277777776,2065
138.73118722222222,35.32974027777778,2064
138.73098861111112,35.32980666666667,2067
138.73073694444443,35.329831666666664,2065
138.7305838888889,35.3298825,2065
138.73029416666665,35.33005083333333,2057
138.72969944444444,35.3304575,2056
138.72947055555557,35.33054888888889,2053
138.7291113888889,35.33060527777778,2053
138.72891277777777,35.33070722222222,2055
138.72879916666668,35.330823333333335,2056
138.72862333333333,35.331021944444444,2053
138.7285322222222,35.331047777777776,2049
138.72846388888888,35.331021944444444,2049
138.72839444444443,35.330981666666666,2045
138.72839444444443,35.330889444444445,2043
138.7284325,35.330798333333334,2043
138.72857027777778,35.330615,2044
138.72866888888888,35.330533611111115,2040
138.72879916666668,35.3304675,2045
138.72914944444443,35.33037638888889,2045
138.72921888888888,35.33031,2041
138.72925694444444,35.33021361111111,2039
138.72921888888888,35.33014722222222,2037
138.72911888888888,35.330126666666665,2037
138.7289822222222,35.33014722222222,2034
138.72864611111112,35.330259166666664,2032
138.7285475,35.330325277777774,2030
138.72818833333332,35.33064111111111,2034
138.72807444444445,35.330665833333335,2032
138.72798333333333,35.330665833333335,2031
138.72793666666666,35.330599722222225,2031
138.72791388888888,35.330508611111114,2026
138.72796055555557,35.33041638888889,2021
138.72807444444445,35.330325277777774,2021
138.7282502777778,35.330223333333336,2022
138.7287611111111,35.32996388888889,2023
138.72887527777777,35.32987277777778,2021
138.72889805555556,35.32978055555556,2018
138.72887527777777,35.32971555555556,2017
138.7287838888889,35.32967416666666,2017
138.72870805555556,35.32967416666666,2016
138.7285322222222,35.329699166666664,2014
138.7284325,35.32974027777778,2012
138.72766194444443,35.33037638888889,2014
138.72754805555556,35.33039138888889,2012
138.72747222222222,35.330350277777775,2012
138.72743305555557,35.330285,2006
138.72747222222222,35.33016805555555,2006
138.7276013888889,35.32999972222222,2003
138.72783777777778,35.329725277777776,2003
138.72798333333333,35.32954194444444,2000
138.72821222222223,35.32935833333333,2002
138.7285475,35.32915555555556,2001
138.72894472222222,35.32893194444444,2002
138.72903583333334,35.328855,2001
138.7290888888889,35.32878888888889,2001
138.72917333333334,35.32859138888889,1994
138.72921888888888,35.32848416666667,1992
138.72931,35.32839305555556,1991
138.72950083333333,35.328275833333336,1991
138.72968444444444,35.32818888888889,1991
138.7302486111111,35.32794055555556,1983
138.73047,35.32786888888889,1982
138.73068361111112,35.32779722222222,1983
138.7311263888889,35.32773111111111,1976
138.73126305555556,35.32764,1974
138.7314236111111,35.327441388888886,1970
138.7315375,35.327335,1970
138.731645,35.32724833333333,1972
138.73208666666667,35.327085555555556,1971
138.7321713888889,35.32701388888889,1971
138.7322472222222,35.3268825,1963
138.73228527777778,35.32680111111111,1963
138.73232333333334,35.32667305555555,1962
138.73238472222224,35.32651583333333,1963
138.7324986111111,35.32635861111111,1961
138.73260611111112,35.32626666666667,1957
138.7327961111111,35.32616027777778,1955
138.7331325,35.32607333333333,1955
138.7333688888889,35.3260225,1958
138.73351333333332,35.32591055555555,1956
138.73354361111112,35.32584,1953
138.73354361111112,35.32574777777778,1949
138.73348277777777,35.32570777777778,1949
138.7333688888889,35.32568166666667,1947
138.7332311111111,35.32570777777778,1945
138.733025,35.32577388888889,1943
138.73285777777778,35.32579888888889,1936
138.7324986111111,35.32577388888889,1931
138.732385,35.32579888888889,1934
138.73227,35.32584,1933
138.73219416666666,35.32591055555555,1933
138.731835,35.32624138888889,1924
138.73137055555554,35.32667305555555,1926
138.73126305555556,35.32673944444444,1921
138.73114916666665,35.32673944444444,1918
138.73107222222222,35.326724166666665,1917
138.73085083333334,35.326566944444444,1916
138.73073694444443,35.326500555555555,1915
138.73059916666668,35.32642472222222,1913
138.73023333333333,35.32638333333333,1913
138.72988194444446,35.32635861111111,1907
138.72937861111112,35.32638333333333,1902
138.7284097222222,35.32642472222222,1894
138.72798333333333,35.32642472222222,1893
138.7278225,35.326409444444444,1893
138.72734194444445,35.32631722222222,1890
138.72637333333333,35.326135,1884
138.72614444444446,35.32616,1880
138.7259836111111,35.32618055555555,1876
138.72586972222223,35.32622611111111,1874
138.7258013888889,35.32629222222222,1875
138.72573194444445,35.32635861111111,1874
138.72570916666666,35.32642472222222,1874
138.7256863888889,35.32703444444444,1876
138.72566361111112,35.327126666666665,1871
138.72562555555555,35.327172222222224,1871
138.7255497222222,35.327217777777776,1869
138.7252513888889,35.327284166666665,1866
138.72513722222223,35.327309166666666,1864
138.72502333333333,35.327375277777776,1865
138.7249388888889,35.327441388888886,1862
138.7246947222222,35.32779722222222,1864
138.7246111111111,35.327848333333336,1861
138.72455805555555,35.327848333333336,1859
138.72447333333332,35.32779722222222,1859
138.72445055555556,35.32773111111111,1855
138.72445055555556,35.32764,1853
138.7244961111111,35.32740138888889,1854
138.724725,35.32680555555555,1853
138.72479444444446,35.32658194444444,1853
138.7248325,35.32638333333333,1848
138.72479444444446,35.32631722222222,1847
138.724725,35.32626638888889,1846
138.7246111111111,35.32626638888889,1845
138.72452638888888,35.32631722222222,1845
138.72447333333332,35.32638333333333,1846
138.72435944444445,35.32660694444444,1845
138.72424444444445,35.32673944444444,1843
138.72414555555557,35.32680555555555,1840
138.72403805555555,35.32683166666666,1837
138.72394694444444,35.32682611111111,1835
138.7237638888889,35.32664833333333,1835
138.72361972222222,35.32658194444444,1833
138.7235122222222,35.32658194444444,1832
138.72342111111112,35.32660694444444,1831
138.72337555555555,35.32664833333333,1831
138.723345,35.326724166666665,1832
138.72337555555555,35.326790277777775,1831
138.72342111111112,35.326856666666664,1831
138.72361972222222,35.326948888888886,1831
138.72367277777778,35.327060555555555,1830
138.7236725,35.327126666666665,1828
138.72361972222222,35.327242777777776,1827
138.7235588888889,35.327284166666665,1826
138.72348944444445,35.327309166666666,1826
138.72337555555555,35.327309166666666,1824
138.72326055555556,35.327284166666665,1822
138.72318444444446,35.327217777777776,1823
138.72314666666668,35.327151666666666,1823
138.72304666666668,35.3268825,1822
138.72284916666666,35.326566944444444,1813
138.72282638888888,35.32644972222222,1815
138.72282638888888,35.326343333333334,1815
138.72287194444445,35.326135,1813
138.72298583333333,35.32589083333333,1810
138.72310083333332,35.3257075,1811
138.72318444444446,35.32561527777778,1811
138.7233222222222,35.32552416666667,1811
138.72348944444445,35.325473055555555,1811
138.72403805555555,35.32541777777778,1806
138.72419888888888,35.32536666666667,1806
138.72428222222223,35.32530055555556,1804
138.72433666666666,35.32523444444445,1804
138.72433666666666,35.32514222222222,1801
138.7243138888889,35.32507694444445,1799
138.72414555555557,35.325005555555556,1798
138.7239625,35.32501527777778,1798
138.72342111111112,35.32505111111111,1794
138.72318444444446,35.325117222222225,1793
138.72286444444444,35.32533083333333,1793
138.7225975,35.32550888888889,1794
138.72220027777777,35.3257075,1794
138.72194861111112,35.32577361111111,1789
138.72178805555555,35.32579861111111,1786
138.7216513888889,35.32577361111111,1784
138.7215363888889,35.3257075,1782
138.7215136111111,35.32561527777778,1784
138.7215363888889,35.32550888888889,1782
138.72167416666667,35.32541777777778,1783
138.72220027777777,35.32507694444445,1782
138.72265833333333,35.32474055555556,1776
138.72268861111112,35.32464972222222,1777
138.72268861111112,35.3245325,1778
138.72265055555556,35.32449138888889,1777
138.72243694444444,35.32442638888889,1775
138.72189555555556,35.32433944444445,1770
138.72123916666666,35.32429388888889,1762
138.72104833333333,35.324349166666664,1763
138.7208963888889,35.324466111111114,1763
138.72073583333332,35.32464944444445,1762
138.72046138888888,35.32505111111111,1758
138.72032333333334,35.32519305555556,1756
138.72020944444444,35.325208333333336,1756
138.72007166666666,35.325208333333336,1756
138.719935,35.32516833333333,1755
138.71985805555556,35.32507694444445,1754
138.71982,35.32489805555556,1752
138.71985805555556,35.324623611111114,1749
138.7200488888889,35.32400861111111,1745
138.72026277777778,35.32346916666667,1739
138.72051444444443,35.32288444444445,1736
138.72060555555555,35.32268138888889,1735
138.7208736111111,35.32203472222222,1733
138.72113305555555,35.32138916666667,1731
138.7212847222222,35.321043333333336,1731
138.72142277777778,35.32078944444444,1728
138.7216136111111,35.32056583333333,1727
138.72179583333335,35.320458333333335,1727
138.72208555555557,35.32027611111111,1726
138.72293277777777,35.31996027777778,1724
138.72320722222221,35.3197825,1721
138.723345,35.31959916666667,1720
138.72345916666666,35.31933444444444,1715
138.7235122222222,35.31901416666667,1712
138.7235122222222,35.31879111111111,1708
138.72348944444445,35.3186075,1705
138.7234363888889,35.31850138888889,1704
138.72313888888888,35.31791638888889,1704
138.72304666666668,35.317748333333334,1703
138.7230086111111,35.317549722222225,1703
138.7231236111111,35.317326111111115,1702
138.72337555555555,35.3171275,1704
138.72369555555557,35.31694972222222,1700
138.72383333333335,35.31690833333333,1698
138.7241077777778,35.31688333333334,1694
138.7243825,35.31692361111111,1695
138.724695,35.31706694444444,1690
138.7250388888889,35.31726972222222,1687
138.72527555555556,35.31731527777778,1686
138.7254577777778,35.31729027777778,1685
138.72559555555554,35.31720888888889,1682
138.7262127777778,35.31686833333333,1676
138.72632,35.31681722222222,1676
138.72649583333333,35.3167775,1674
138.72678555555555,35.316807777777775,1674
138.72703722222224,35.316878333333335,1672
138.72738777777778,35.31710694444445,1671
138.7278227777778,35.31751916666666,1665
138.72805944444445,35.317640833333336,1664
138.72846388888888,35.31771777777778,1658
138.72870805555556,35.317706944444446,1656
138.72889805555556,35.31766694444445,1654
138.72903583333334,35.317590833333334,1654
138.72985916666667,35.317051944444444,1650
138.73008833333333,35.31692388888889,1649
138.73105722222223,35.31639,1643
138.7314088888889,35.31623277777778,1643
138.73191194444445,35.31615138888889,1637
138.7323927777778,35.31613611111111,1635
138.73336166666667,35.31611,1631
138.73368166666666,35.31606027777778,1627
138.73395638888888,35.315958333333334,1624
138.73454416666667,35.31569361111111,1618
138.7354361111111,35.3152,1613
138.73593194444445,35.31487,1605
138.7366186111111,35.314234166666665,1603
138.73680972222223,35.31415277777778,1602
138.73700833333334,35.314101944444445,1600
138.73755694444444,35.31408694444445,1596
138.73765583333332,35.314060833333336,1596
138.73777083333334,35.313969722222225,1595
138.73829694444444,35.313451111111114,1587
138.7385488888889,35.313267777777774,1584
138.73872444444444,35.31316138888889,1584
138.73900666666665,35.31299861111111,1583
138.7393952777778,35.312845555555555,1583
138.7398986111111,35.31271861111111,1577
138.7405475,35.31263722222222,1574
138.74084472222222,35.312510277777776,1572
138.74148583333334,35.3120625,1567
138.74164638888888,35.31189527777778,1565
138.74199694444445,35.31124861111111,1557
138.74214972222222,35.310968611111115,1554
138.74219555555555,35.31074527777778,1553
138.74217277777777,35.310542222222224,1554
138.74208027777777,35.310292777777775,1547
138.7420575,35.310201666666664,1546
138.74203472222223,35.310028055555556,1545
138.74211944444446,35.30977444444444,1545
138.74230944444443,35.30959111111111,1544
138.74318722222222,35.3090625,1537
138.74338583333332,35.308879166666664,1535
138.74346166666666,35.30874138888889,1537
138.74346166666666,35.30858416666667,1535
138.74322527777778,35.30807083333333,1525
138.74315666666666,35.3079275,1526
138.74319472222223,35.30777555555556,1525
138.74324805555557,35.307628055555554,1525
138.74337055555554,35.30743527777778,1524
138.74339333333333,35.30715,1520
138.7432936111111,35.306758055555555,1512
138.7433086111111,35.306427222222226,1512
138.74337055555554,35.306127777777775,1509
138.7435225,35.305908611111114,1505
138.74370583333334,35.30574583333333,1504
138.7438588888889,35.305645,1503
138.7442472222222,35.30547138888889,1501
138.74474305555555,35.30530861111111,1495
138.74504916666666,35.30518722222222,1495
138.74548305555555,35.30489222222222,1493
138.74568166666666,35.3046425,1492
138.7458575,35.30416944444445,1490
138.74609416666667,35.303803888888886,1484
138.74639888888888,35.30354444444445,1475
138.74662,35.3034425,1475
138.74687194444445,35.30338611111111,1475
138.74742083333334,35.30325916666666,1466
138.74806222222222,35.30298472222222,1457
138.74871861111112,35.30290333333333,1458
138.74938166666666,35.30299472222222,1457
138.74977083333334,35.303020555555555,1458
138.7499997222222,35.30286777777778,1456
138.75006805555554,35.302619166666666,1455
138.75080805555555,35.30277638888889,1464
138.75139638888888,35.303045555555556,1465
138.75174666666666,35.30327027777778,1466
138.75196805555555,35.303305,1465
138.7523338888889,35.30323444444444,1468
138.75244222222221,35.30314111111111,1468
138.75244222222221,35.30314111111111,1468
138.75273083333335,35.30289361111111,1468
138.75289916666668,35.302619166666666,1468
138.7530888888889,35.3019725,1464
138.75315833333335,35.301769444444446,1463
138.75337972222223,35.301479722222226,1462
138.75421055555555,35.30112861111111,1455
138.75466083333333,35.30121972222222,1454
138.75563,35.301830277777775,1453
138.75640777777778,35.302328333333335,1452
138.75660611111113,35.302619166666666,1455
138.75682,35.30313777777778,1456
138.75695666666667,35.303285277777775,1455
138.75715527777777,35.30341222222222,1455
138.7573461111111,35.303442777777775,1453
138.75831527777777,35.30348277777778,1455
138.758735,35.30350361111111,1456
138.75945972222223,35.30352944444444,1456
138.75984805555555,35.3036,1456
138.76016833333333,35.30374222222222,1456
138.76048194444445,35.30415444444444,1456
138.76091694444443,35.30470888888889,1452
138.76112166666667,35.30484694444444,1452
138.76137333333332,35.30491305555555,1454
138.76157194444446,35.304943333333334,1454
138.76254111111112,35.30495861111111,1455
138.76331888888888,35.30497916666667,1455
138.7636322222222,35.305034444444445,1455
138.76392194444443,35.305146388888886,1455
138.7645936111111,35.30545111111111,1454
138.76517305555555,35.30567583333333,1455
138.76582916666666,35.305884166666665,1455
138.7663175,35.30600138888889,1456
138.7669197222222,35.30605222222222,1457
138.76748388888888,35.30605222222222,1457
138.76803388888888,35.306020833333335,1458
138.768545,35.30596,1458
138.76888027777778,35.305935,1458
138.76944444444445,35.305950277777775,1456
138.76985666666667,35.30600138888889,1453
138.77036777777778,35.30616833333333,1449
138.7710847222222,35.30652,1448
138.7714288888889,35.306621944444444,1447
138.77191694444446,35.3066675,1447
138.77288583333333,35.306713055555555,1442
138.77293138888888,35.30671861111111,1442
138.77318305555556,35.30679444444444,1440
138.77414444444443,35.30728833333333,1435
138.77511305555555,35.30789222222222,1429
138.7752952777778,35.308009444444444,1428
138.77544083333333,35.3081625,1428
138.77561666666668,35.30867583333333,1429
138.77584555555555,35.30909361111111,1427
138.7761425,35.30940805555556,1421
138.77660805555556,35.30973361111111,1418
138.77720277777777,35.31008527777778,1418
138.77780583333333,35.31030861111111,1407
138.7787747222222,35.310588333333335,1399
138.77882027777778,35.31060361111111,1398
138.7797888888889,35.311005,1390
138.78075777777778,35.31140777777778,1382
138.78142944444446,35.31169194444445,1376
138.78176444444443,35.31178305555556,1377
138.7827336111111,35.311930555555556,1368
138.78275638888888,35.31193611111111,1368
138.78358,35.312174722222224,1365
138.784045,35.31238416666667,1361
138.78451805555557,35.312663055555554,1358
138.78497611111112,35.313045,1358
138.78561694444446,35.31369027777778,1352
138.7860825,35.31415805555555,1347
138.78636472222223,35.31450972222222,1347
138.78655555555557,35.31485027777778,1347
138.78679194444445,35.31549583333334,1346
138.78700472222224,35.31605027777778,1345
138.78720305555555,35.316691666666664,1340
138.78738666666666,35.31733694444444,1338
138.78739416666667,35.3173425,1338
138.78753194444445,35.317815555555555,1346
138.78770666666668,35.31816611111111,1347
138.78820222222222,35.318675,1347
138.7886525,35.31889416666667,1344
138.78905722222223,35.31906111111111,1345
138.78943055555555,35.31916861111111,1344
138.78988833333332,35.319269444444444,1343
138.79016277777777,35.319361666666666,1343
138.79041444444445,35.31948333333333,1342
138.7907052777778,35.31971222222222,1342
138.79096444444446,35.319967222222225,1342
138.79133027777777,35.32037833333333,1344
138.79149083333334,35.32051638888889,1343
138.79170444444443,35.32057694444445,1345
138.79203972222223,35.320592222222224,1345
138.79215472222222,35.320592222222224,1344
138.7926038888889,35.32064333333334,1343
138.79300083333334,35.320745277777775,1344
138.79326777777777,35.320862222222225,1342
138.7935425,35.32104972222222,1345
138.79359666666667,35.32109444444445,1345
138.79359555555556,35.32109333333333,1345
138.79413805555555,35.321532777777776,1344
138.7942138888889,35.32159444444444,1346
138.79448083333332,35.321670555555556,1343
138.79499166666668,35.32163472222222,1342
138.79531194444445,35.321625,1342
138.79562555555555,35.32167583333333,1342
138.79575444444444,35.32172583333333,1342
138.79602916666667,35.322001388888886,1341
138.79606805555557,35.32210777777778,1342
138.79609083333332,35.32227611111111,1343
138.7960138888889,35.322921666666666,1343
138.79600638888888,35.322942222222224,1344
138.7960138888889,35.32315055555556,1340
138.79605194444446,35.32326222222222,1339
138.79613666666665,35.32335888888889,1338
138.79628805555555,35.32347611111111,1338
138.7964638888889,35.32353694444444,1337
138.796655,35.3235575,1336
138.79683055555554,35.32353694444444,1335
138.79737972222222,35.323394722222226,1334
138.79757833333332,35.32335888888889,1331
138.79781472222223,35.32335888888889,1328
138.79798944444445,35.32341,1327
138.7981425,35.323526944444446,1326
138.79826527777777,35.323725555555555,1324
138.79832583333334,35.32391888888889,1322
138.79832583333334,35.32410222222222,1321
138.7982413888889,35.324350555555554,1317
138.7982413888889,35.32451888888889,1315
138.79830305555555,35.32469138888889,1316
138.79838666666666,35.32480861111111,1315
138.79857777777778,35.32498638888889,1312
138.79918722222223,35.32537833333333,1305
138.7994388888889,35.32558638888889,1303
138.79969055555554,35.32584111111111,1297
138.7997677777778,35.32599305555556,1296
138.79971333333333,35.3265075,1294
138.79982833333332,35.326766944444444,1293
138.80008027777777,35.32697527777778,1293
138.80104916666667,35.32747861111111,1291
138.80115555555557,35.327535,1291
138.80126277777777,35.32787583333333,1286
138.80114,35.328135,1287
138.80102638888889,35.32850083333334,1284
138.80115527777778,35.32881111111111,1286
138.80184972222222,35.329431666666665,1282
138.80216333333334,35.329625,1275
138.80277305555555,35.32984805555556,1276
138.80306277777777,35.329935,1275
138.80365055555555,35.33009222222222,1271
138.8040163888889,35.33022472222222,1264
138.80425277777778,35.33049916666667,1266
138.8043211111111,35.33060666666667,1265
138.80468805555554,35.331252222222226,1263
138.8048486111111,35.331450833333335,1262
138.80510027777777,35.33153222222222,1262
138.80598472222223,35.33166444444444,1257
138.80695333333333,35.33180111111111,1252
138.8073275,35.33196944444445,1252
138.807525,35.332183055555554,1253
138.80769333333333,35.332412222222224,1251
138.80816638888888,35.3330575,1247
138.80834972222223,35.333215833333334,1246
138.80854805555555,35.333306944444445,1245
138.8089288888889,35.333306944444445,1240
138.80917305555556,35.333215833333334,1237
138.80960805555554,35.33269611111111,1230
138.81014194444444,35.332050555555554,1221
138.81024944444445,35.33172527777778,1217
138.81021916666666,35.33117083333333,1212
138.8101875,35.33052527777778,1207
138.81016472222223,35.32988388888889,1199
138.81024194444444,35.329503055555556,1195
138.8106,35.32922305555556,1188
138.81108833333334,35.32913638888889,1185
138.81162972222222,35.329208055555554,1183
138.8119113888889,35.32947277777778,1181
138.81259833333334,35.33011833333333,1177
138.81321694444443,35.3306575,1176
138.81384944444446,35.33123138888889,1168
138.81412472222223,35.33146027777778,1167
138.81436027777778,35.3315925,1166
138.8145663888889,35.33166972222222,1164
138.814765,35.331740277777776,1163
138.81521527777778,35.331878055555556,1158
138.8152988888889,35.33190833333333,1156
138.81547472222223,35.331984444444444,1154
138.81577194444444,35.33219805555556,1149
138.81600083333333,35.33242694444444,1145
138.8161613888889,35.33257472222222,1142
138.81641277777777,35.33291527777778,1143
138.81672527777778,35.333265833333336,1137
138.81703777777778,35.33351527777778,1137
138.81729833333333,35.3336325,1135
138.8175652777778,35.333668333333335,1130
138.81778666666668,35.3336325,1127
138.81813694444443,35.33351527777778,1124
138.81842666666665,35.33334277777778,1122
138.81876305555556,35.33313444444445,1114
138.8191361111111,35.33287416666667,1113
138.81931194444445,35.3327525,1114
138.8194486111111,35.332676666666664,1112
138.81970027777777,35.332610555555554,1112
138.82015055555556,35.332614722222225,1103
138.82038722222222,35.33268638888889,1099
138.82056305555557,35.33279805555556,1094
138.82079944444445,35.333017222222225,1089
138.82086027777777,35.33309861111111,1088
138.8213411111111,35.33374416666667,1076
138.821715,35.33412611111111,1077
138.82185944444444,35.33425722222222,1077
138.82209583333332,35.33438972222222,1076
138.82238555555554,35.33447638888889,1073
138.82273722222223,35.33448194444444,1070
138.82301166666667,35.33441027777778,1066
138.82324833333334,35.3342475,1063
138.82340888888888,35.33403916666666,1060
138.82353805555556,35.33378972222222,1057
138.82375944444445,35.333235277777774,1052
138.8238352777778,35.333083333333335,1051
138.8240111111111,35.332951111111115,1047
138.82417138888889,35.33289472222222,1045
138.82432333333333,35.33286972222222,1044
138.82461305555555,35.33291,1042
138.8247736111111,35.33300194444445,1041
138.82507083333334,35.33325027777778,1044
138.8253,35.33359111111111,1044
138.82548333333332,35.33405972222222,1038
138.82557444444444,35.33428333333333,1038
138.82568944444444,35.33445138888889,1038
138.8259336111111,35.33454277777778,1036
138.82614694444445,35.3345525,1034
138.82642166666668,35.334517777777776,1032
138.82659722222223,35.33445138888889,1030
138.8267263888889,35.33434416666667,1029
138.82681,35.33416611111111,1025
138.8268025,35.333957777777776,1022
138.8267263888889,35.333840555555554,1021
138.82655055555554,35.333601944444446,1022
138.82610166666666,35.33316888888889,1023
138.82598666666667,35.33300611111111,1024
138.82591083333332,35.33283361111111,1022
138.82596388888888,35.33268638888889,1019
138.8260475,35.332544166666665,1014
138.82622333333333,35.33236083333333,1015
138.82643694444445,35.33225888888889,1014
138.82665055555555,35.33224361111111,1012
138.82687194444443,35.33226972222222,1010
138.8271388888889,35.33241722222222,1005
138.82776388888888,35.33300194444445,995
138.828085,35.3333425,996
138.82827472222223,35.33344888888889,989
138.82852777777777,35.333525,988
138.82897666666668,35.333515,985
138.82933583333335,35.333418611111114,982
138.82951166666666,35.33331666666667,980
138.82967861111112,35.333195,978
138.8305488888889,35.332548333333335,966
138.83099916666666,35.3323,960
138.83122805555556,35.33223388888889,958
138.83219694444443,35.33195388888889,951
138.83316583333334,35.331673888888886,943
138.83413333333334,35.33139944444444,935
138.83476694444445,35.331359444444445,931
138.83573611111112,35.33130833333333,925
138.83630027777778,35.331226944444445,920
138.83700972222223,35.33110972222222,913
138.83725388888888,35.331068611111114,911
138.8382227777778,35.330911111111114,901
138.8383075,35.33089611111111,900
138.8392761111111,35.330733333333335,895
138.83990111111112,35.33059111111111,889
138.84021361111112,35.33049444444445,887
138.84045777777777,35.33038277777778,884
138.84070944444446,35.330260277777775,883
138.8408625,35.330169166666664,881
138.84102305555555,35.33009194444445,878
138.841175,35.33004638888889,877
138.8421436111111,35.32978694444444,870
138.8431125,35.32953305555556,863
138.843975,35.32927388888889,858
138.8447225,35.32899944444444,854
138.84552333333335,35.32877027777778,849
138.84649194444444,35.328495833333335,842
138.8474611111111,35.328225555555555,836
138.84830083333333,35.32804222222222,832
138.84849083333333,35.328002222222224,830
138.84945972222224,35.327798333333334,822
138.849475,35.32779416666666,822
138.8504438888889,35.32764111111111,813
138.8506425,35.327620555555555,811
138.8516113888889,35.32755,803
138.85187833333333,35.327488055555555,801
138.8528472222222,35.327285277777776,796
138.85381611111112,35.327086666666666,790
138.85478527777778,35.326888333333336,784
138.85575416666666,35.32668972222222,778
138.85672305555556,35.32649222222222,772
138.85683694444444,35.326461944444446,772
138.8578061111111,35.326233055555555,766
138.858775,35.326008333333334,760
138.8597438888889,35.325784722222224,755
138.85979055555555,35.32576972222222,754
138.8607597222222,35.32555083333333,748
138.8612238888889,35.32544444444444,746
138.86177416666666,35.32528694444444,743
138.86185777777777,35.32525666666667,742
138.86282666666668,35.32496583333333,735
138.86379555555555,35.32467611111111,729
138.86388666666667,35.32465111111111,729
138.8645736111111,35.324483055555554,724
138.8649252777778,35.32438638888889,722
138.86519972222223,35.324284444444444,720
138.86535916666668,35.324218333333334,719
138.86555027777777,35.32411722222222,719
138.86575666666667,35.32396972222222,717
138.8663977777778,35.32337444444445,714
138.86651194444445,35.32330388888889,714
138.86661916666668,35.3232625,713
138.86672555555555,35.323232222222224,713
138.8667863888889,35.32321694444445,712
138.86744277777777,35.32308472222222,710
138.86841166666667,35.32290138888889,706
138.86895333333334,35.322795,703
138.86992222222221,35.32261166666667,697
138.87089111111112,35.32241833333333,693
138.87186027777778,35.322225277777775,689
138.87282916666666,35.32205694444445,684
138.87336305555556,35.321960555555556,681
138.87346277777777,35.32194527777778,681
138.87403472222223,35.32183361111111,677
138.8750036111111,35.321670833333336,672
138.8756752777778,35.321553888888886,668
138.87664416666667,35.32138138888889,664
138.87687305555556,35.321335833333336,663
138.87784222222223,35.321238055555554,659
138.87793333333335,35.32122833333333,658
138.87885666666668,35.321086111111114,656
138.87930694444444,35.32102,654
138.87939805555555,35.32101027777778,653
138.87973333333332,35.320993888888886,651
138.88016861111112,35.320969166666664,647
138.88096166666668,35.320928888888886,644
138.88126,35.320908333333335,643
138.8815725,35.32091805555556,642
138.88228194444446,35.32087777777778,641
138.88278555555556,35.32079111111111,638
138.8831586111111,35.320704166666665,637
138.88384555555555,35.32051111111111,634
138.8845325,35.320236666666666,630
138.88482222222223,35.32010416666667,627
138.884975,35.320033611111114,626
138.88544805555554,35.31982416666666,626
138.88641722222224,35.31941305555556,621
138.88643222222223,35.31940222222222,620
138.8874013888889,35.31898,616
138.88795027777778,35.318735833333335,614
138.88798083333333,35.31872083333333,614
138.8885375,35.31847666666667,611
138.88919361111112,35.31815638888889,608
138.8901625,35.317683611111114,604
138.89102527777777,35.317235555555555,599
138.89178027777777,35.31684388888889,596
138.89213055555555,35.316650833333334,596
138.89263416666665,35.31637611111111,594
138.892825,35.31627972222222,592
138.8935575,35.31583694444444,590
138.89368666666667,35.315694722222226,589
138.8941063888889,35.31531833333333,587
138.8942213888889,35.31521638888889,586
138.8945872222222,35.31494166666667,582
138.89479305555557,35.31479972222222,581
138.89510555555555,35.31460138888889,581
138.89541916666667,35.314434166666665,579
138.89564694444445,35.314326666666666,578
138.8957697222222,35.31427138888889,578
138.89604416666666,35.31418472222222,577
138.896235,35.314143333333334,576
138.89648694444443,35.31409361111111,575
138.89745555555555,35.313945833333335,572
138.89818027777778,35.31382861111111,569
138.89894305555555,35.31371166666667,565
138.8997588888889,35.31356944444445,562
138.89991944444444,35.31353361111111,562
138.9000725,35.31350333333334,562
138.9004077777778,35.31340111111111,561
138.900705,35.313319722222225,559
138.90085805555555,35.31326888888889,559
138.9011172222222,35.31316694444445,558
138.9012688888889,35.31312138888889,557
138.90152194444445,35.31301916666666,556
138.90170416666666,35.31294333333334,556
138.90215444444445,35.31271,554
138.90256666666667,35.31250083333333,551
138.9031838888889,35.31219611111111,549
138.90390861111112,35.31183027777778,545
138.90397055555556,35.31180416666667,545
138.9047486111111,35.31140277777778,540
138.90544277777778,35.31104694444444,540
138.90555666666666,35.31099583333334,539
138.90630416666667,35.310543611111115,535
138.90705916666667,35.31005555555556,533
138.90769277777778,35.309643055555554,531
138.90816583333333,35.309404444444446,528
138.9085313888889,35.30922666666667,526
138.90869194444446,35.30917027777778,525
138.90913472222223,35.30899222222222,523
138.9094472222222,35.308880555555554,522
138.91041583333333,35.30853444444445,519
138.9107977777778,35.30840194444445,518
138.91125472222222,35.308280833333335,517
138.91146833333335,35.30822972222222,516
138.91172,35.308169166666666,514
138.91209416666666,35.3081125,512
138.9121625,35.308102777777776,512
138.9131313888889,35.30798027777778,508
138.91328444444446,35.30795972222222,508
138.91350583333335,35.30792916666667,507
138.91373444444446,35.30788944444444,507
138.91421527777777,35.30781777777778,505
138.91452,35.30777222222222,505
138.91467194444445,35.30773638888889,505
138.9148325,35.30770611111111,504
138.91545833333333,35.307543333333335,501
138.91605305555555,35.307344722222226,499
138.91648055555555,35.3071725,497
138.91685388888888,35.307004166666665,496
138.9178225,35.30656138888889,492
138.91838027777777,35.3063025,490
138.91912,35.30600305555556,488
138.91939444444444,35.305910833333336,488
138.91950833333334,35.30587055555556,487
138.91978305555557,35.305778333333336,487
138.9199663888889,35.30572305555555,486
138.92053055555556,35.305545277777775,485
138.92085138888888,35.30544888888889,484
138.9211261111111,35.30535666666667,483
138.922095,35.30504611111111,480
138.9230636111111,35.304746944444446,478
138.92355194444445,35.304589722222225,476
138.92366583333333,35.30454833333334,476
138.924345,35.30434,475
138.92460416666665,35.304248888888885,475
138.92506972222222,35.304090555555554,473
138.92603861111112,35.30376111111111,471
138.92642027777777,35.30362861111111,470
138.92666444444444,35.30354722222222,469
138.9271288888889,35.30340388888889,468
138.92750305555555,35.30326194444444,468
138.9277625,35.303129722222224,467
138.92840361111112,35.30278916666666,466
138.9287463888889,35.302590555555554,465
138.92971527777777,35.30204166666667,463
138.93040194444444,35.301655555555556,461
138.93081416666666,35.30142111111111,460
138.9311875,35.301207222222224,459
138.93186666666668,35.30081583333333,458
138.93201944444445,35.301116388888886,458
138.93201833333333,35.301114166666665,458
138.93204222222224,35.301161944444445,458
138.93221694444443,35.30150777777778,458
138.9324002777778,35.30183888888889,457
138.93297222222222,35.3015125,457
138.9329711111111,35.30151361111111,457
138.9330872222222,35.3014475,457
138.93400277777778,35.30091361111111,456
138.9341925,35.300806111111115,455
</coordinates>
</LineString>
</Placemark>
</Document>
</kml>
