<?xml version="1.0" encoding="UTF-8"?>
<kml xmlns="http://www.opengis.net/kml/2.2" xmlns:atom="http://www.w3.org/2005/Atom">
<Document>
<name>50代春合宿3日目（実走）</name>
<atom:author>
<atom:name>早稲田大学サイクリングクラブ（WCC）</atom:name>
</atom:author> 
<atom:link href="https://latlonglab.yahoo.co.jp/route/watch?id=fac69393220904b30076e919c6790297" />
<description><![CDATA[]]></description>
<tags><![CDATA[]]></tags>  
<Placemark>
<Style>
<LineStyle>
<color>99ff0000</color>
<width>6</width>
</LineStyle>
</Style>
<LineString>
<coordinates>
131.15479194444444,33.58882416666667,28
131.15528444444445,33.58857027777778,28
131.1561461111111,33.58813833333333,28
131.1562913888889,33.58806222222222,28
131.15726027777777,33.58758944444445,28
131.1573588888889,33.58752777777778,28
131.15902222222223,33.586755,24
131.15918277777777,33.586668333333336,23
131.15924361111112,33.586638055555554,21
131.15971666666667,33.58638861111111,20
131.1598077777778,33.5863375,20
131.15985444444445,33.58637888888889,20
131.1599686111111,33.58645472222222,20
131.16016694444446,33.58651111111111,20
131.16050972222223,33.58651111111111,20
131.16166972222223,33.586418888888886,18
131.16230333333334,33.5863375,16
131.1631725,33.58608916666667,16
131.16354666666666,33.58595638888889,16
131.16451555555557,33.585610277777775,17
131.1653313888889,33.58531083333333,18
131.1660411111111,33.585051666666665,17
131.16701,33.5847,17
131.16797888888888,33.58435388888889,17
131.16835944444443,33.584919166666666,13
131.16848972222223,33.585345555555556,13
131.16868083333333,33.585992222222224,13
131.16881305555555,33.586438333333334,13
131.16881194444446,33.58643722222222,13
131.16887166666666,33.586638055555554,13
131.16901611111112,33.58728361111111,12
131.1691688888889,33.58793027777778,11
131.16918416666667,33.58797027777778,11
131.16936,33.58861611111111,12
131.16939027777778,33.588702777777776,13
131.16941305555557,33.58875916666667,13
131.16960416666666,33.58940472222222,13
131.169665,33.58954694444444,12
131.1698786111111,33.58987805555556,13
131.17015305555555,33.590198055555554,14
131.1703897222222,33.5904625,14
131.17090083333332,33.591026666666664,13
131.17147222222223,33.59167333333333,11
131.17204527777778,33.59231916666667,10
131.17238055555555,33.592705277777775,5
131.17250194444443,33.59285305555556,5
131.17279277777777,33.59321416666667,5
131.1728688888889,33.593335833333335,5
131.1729447222222,33.593494166666666,5
131.17299027777779,33.59364611111111,5
131.1730902777778,33.594094166666665,6
131.17310527777778,33.594155,6
131.17315861111112,33.59448583333333,6
131.17328111111112,33.59509555555555,7
131.17335722222222,33.5954925,7
131.1734786111111,33.596138333333336,6
131.1735177777778,33.59635194444444,6
131.17364694444444,33.59685555555556,6
131.17366972222223,33.59695194444444,6
131.173815,33.597587777777775,5
131.17392138888889,33.597985,5
131.17407416666666,33.59863027777778,6
131.17411972222223,33.598819166666665,6
131.17421833333333,33.59925111111111,6
131.17423888888888,33.59933138888889,6
131.17423888888888,33.599330277777774,6
131.1742497222222,33.59937361111111,6
131.17439416666667,33.60001916666667,6
131.17536305555555,33.599805555555555,6
131.17633222222221,33.59958638888889,6
131.17661416666667,33.59952,6
131.1766675,33.59950055555556,6
131.1770113888889,33.599419166666664,6
131.17798,33.59919472222222,6
131.1781711111111,33.59914916666666,6
131.17914,33.59893111111111,6
131.17919305555554,33.59892027777778,6
131.17962833333334,33.598819444444445,6
131.18059694444443,33.598594722222224,6
131.18080194444445,33.59854388888889,6
131.18090194444446,33.59851888888889,6
131.18140527777777,33.598397222222225,6
131.18173305555555,33.598305,6
131.182,33.59822361111111,6
131.1829688888889,33.59794388888889,6
131.18393777777777,33.59763916666667,6
131.1839911111111,33.59761861111111,6
131.18495972222223,33.5972625,6
131.1856161111111,33.59701861111111,6
131.18601333333334,33.596870833333334,6
131.1860286111111,33.59714555555556,6
131.1860436111111,33.5972625,6
131.1860663888889,33.597355,6
131.18609916666668,33.59750361111111,6
131.18609916666668,33.597500277777776,6
131.1861272222222,33.59762944444444,6
131.18619555555554,33.59782805555555,6
131.18641694444443,33.598346666666664,5
131.1864561111111,33.598443333333336,5
131.18671527777778,33.599088611111114,5
131.18697472222223,33.599734166666664,5
131.1870047222222,33.59979611111111,5
131.18708833333332,33.59996861111111,5
131.18716444444445,33.60011055555555,5
131.18715666666668,33.600136666666664,5
131.18712638888888,33.600252777777776,5
131.18711861111112,33.600318888888886,5
131.18716444444445,33.60048166666667,5
131.18731722222222,33.601128333333335,5
131.1873325,33.60116416666666,4
131.18749305555556,33.60180972222222,4
131.18705583333335,33.601958333333336,4
131.18705583333335,33.601958333333336,5
131.18673027777777,33.60206888888889,5
131.1861272222222,33.60227722222222,5
131.18534833333334,33.602536666666666,4
131.18534833333334,33.602536666666666,5
131.18518111111112,33.60259305555556,5
131.1843272222222,33.60287722222222,5
131.1845788888889,33.60344694444444,5
131.18479055555557,33.60389472222222,5
131.18478944444445,33.60389277777778,5
131.18487611111112,33.60407722222222,5
131.18493694444444,33.60419972222222,5
131.18525805555555,33.60484527777778,5
131.185525,33.605491944444445,5
131.18554,33.605516944444446,5
131.18554,33.605516944444446,5
131.1862011111111,33.60552555555556,5
131.18621916666666,33.605516944444446,5
131.1865013888889,33.606010833333336,5
131.18661527777778,33.60619944444444,5
131.18661416666666,33.60619722222222,5
131.18675305555556,33.6064275,5
131.18688972222222,33.606676944444445,5
131.18692777777778,33.60671722222222,5
131.18737805555557,33.60698722222222,5
131.18740833333334,33.607032777777775,5
131.1877675,33.60767805555555,5
131.18781333333334,33.60781055555555,5
131.18788916666668,33.6079125,5
131.18801944444445,33.60798861111111,5
131.18808,33.607927777777775,5
131.18816444444445,33.60787138888889,5
131.18823277777778,33.60782583333334,5
131.18831,33.60779111111111,5
131.18831,33.60779111111111,5
131.18872861111112,33.60760222222222,5
131.18896527777778,33.607495,5
131.18939277777778,33.607301944444444,5
131.18997972222223,33.6070425,4
131.19005694444445,33.60717833333333,4
131.19005583333333,33.60717722222222,4
131.19023916666666,33.60750055555555,4
131.1909638888889,33.6071925,4
131.1909638888889,33.6071925,4
131.19076638888887,33.606705,4
131.19076222222222,33.60669638888889,4
131.19109416666666,33.60655444444444,4
131.1913763888889,33.6064275,4
131.19133083333332,33.606340555555555,4
131.19099444444444,33.605695,4
131.19095194444444,33.60560805555556,4
131.19095194444444,33.605606944444446,4
131.1908261111111,33.60534444444444,5
131.19062861111112,33.604911944444446,5
131.19050611111112,33.6046275,5
131.19045277777778,33.60451027777778,5
131.19015555555555,33.60386472222222,5
131.1900025,33.603543611111114,5
131.18996472222221,33.60346222222222,5
131.18988861111112,33.60333527777778,5
131.1897811111111,33.60324416666667,5
131.18977027777777,33.60323861111111,5
131.18976722222223,33.6032375,5
131.18964444444444,33.60317777777778,5
131.1895827777778,33.6031475,5
131.18937777777776,33.603075833333335,5
131.18913361111112,33.60295444444444,5
131.18909472222222,33.60294361111111,5
131.18862916666666,33.60301833333333,5
131.18862916666666,33.60301833333333,5
131.18812694444443,33.6031575,5
131.18812666666668,33.60315722222222,5
131.18805722222223,33.603009722222225,5
131.18774472222222,33.60236416666667,5
131.18757666666667,33.602018055555554,5
131.18749305555556,33.60180972222222,4
131.1873325,33.60116416666666,4
131.18731722222222,33.601128333333335,5
131.18716444444445,33.60048166666667,5
131.18711861111112,33.600318888888886,5
131.18712638888888,33.600252777777776,5
131.18715666666668,33.600136666666664,5
131.18716444444445,33.60011055555555,5
131.18708833333332,33.59996861111111,5
131.1870047222222,33.59979611111111,5
131.18697472222223,33.599734166666664,5
131.18671527777778,33.599088611111114,5
131.1864561111111,33.598443333333336,5
131.18641694444443,33.598346666666664,5
131.18638222222222,33.59835638888889,5
131.18638,33.5983575,5
131.18641694444443,33.598346666666664,5
131.18619555555554,33.59782805555555,6
131.1861272222222,33.59762944444444,6
131.1860663888889,33.597355,6
131.1860436111111,33.5972625,6
131.1860286111111,33.59714555555556,6
131.18601333333334,33.596870833333334,6
131.1856161111111,33.59701861111111,6
131.18547944444444,33.59706944444444,6
131.18547833333332,33.59706944444444,6
131.18495972222223,33.5972625,6
131.1839911111111,33.59761861111111,6
131.18393777777777,33.59763916666667,6
131.1829688888889,33.59794388888889,6
131.182,33.59822361111111,6
131.18173305555555,33.598305,6
131.18140527777777,33.598397222222225,6
131.18090194444446,33.59851888888889,6
131.18080194444445,33.59854388888889,6
131.18059694444443,33.598594722222224,6
131.17962833333334,33.598819444444445,6
131.17919305555554,33.59892027777778,6
131.17914,33.59893111111111,6
131.1781711111111,33.59914916666666,6
131.17798,33.59919472222222,6
131.1770113888889,33.599419166666664,6
131.1766675,33.59950055555556,6
131.17661416666667,33.59952,6
131.17633222222221,33.59958638888889,6
131.17536305555555,33.599805555555555,6
131.17531861111112,33.59981527777778,6
131.1753175,33.59981527777778,6
131.17439416666667,33.60001916666667,6
131.1742497222222,33.59937361111111,6
131.17421833333333,33.59925111111111,6
131.17411972222223,33.598819166666665,6
131.17407416666666,33.59863027777778,6
131.17392138888889,33.597985,5
131.173815,33.597587777777775,5
131.17366972222223,33.59695194444444,6
131.17364694444444,33.59685555555556,6
131.1735177777778,33.59635194444444,6
131.1734786111111,33.596138333333336,6
131.17335722222222,33.5954925,7
131.17328111111112,33.59509555555555,7
131.17315861111112,33.59448583333333,6
131.17310527777778,33.594155,6
131.1730902777778,33.594094166666665,6
131.17299027777779,33.59364611111111,5
131.1729447222222,33.593494166666666,5
131.1728688888889,33.593335833333335,5
131.17279277777777,33.59321416666667,5
131.17250194444443,33.59285305555556,5
131.17238055555555,33.592705277777775,5
131.17204527777778,33.59231916666667,10
131.17147222222223,33.59167333333333,11
131.17090083333332,33.591026666666664,13
131.1703897222222,33.5904625,14
131.17015305555555,33.590198055555554,14
131.1698786111111,33.58987805555556,13
131.169665,33.58954694444444,12
131.16960416666666,33.58940472222222,13
131.1695488888889,33.589218333333335,13
131.1695488888889,33.589217222222224,13
131.16941305555557,33.58875916666667,13
131.16939027777778,33.588702777777776,13
131.16936,33.58861611111111,12
131.16918416666667,33.58797027777778,11
131.1691688888889,33.58793027777778,11
131.16901611111112,33.58728361111111,12
131.16887166666666,33.586638055555554,13
131.16868083333333,33.585992222222224,13
131.16848972222223,33.585345555555556,13
131.16835944444443,33.584919166666666,13
131.16797888888888,33.58435388888889,17
131.16771972222222,33.583977222222224,19
131.1676588888889,33.58390138888889,19
131.16749083333335,33.58363666666666,19
131.16748305555555,33.58362694444445,19
131.1671088888889,33.58298111111111,21
131.16672777777777,33.58233444444444,23
131.1666052777778,33.58213166666667,23
131.16645333333332,33.5819275,23
131.16625472222222,33.581719166666666,22
131.16578166666667,33.58123638888889,22
131.16570583333333,33.581155,22
131.1655225,33.580956388888886,23
131.16534666666666,33.58072222222222,23
131.16521,33.58051388888889,24
131.1650036111111,33.58018833333333,25
131.16458416666666,33.579588055555554,25
131.16417944444444,33.57906388888889,25
131.16368333333332,33.578428055555555,26
131.16358472222223,33.57832166666667,26
131.16307361111112,33.57767611111111,26
131.16294333333335,33.577513333333336,27
131.16282194444443,33.57730361111111,27
131.16264611111112,33.57704416666667,27
131.16257027777777,33.57693805555556,27
131.16249305555556,33.57685111111111,27
131.16225666666668,33.57662222222222,27
131.1619061111111,33.57635305555556,28
131.16173027777776,33.57619583333334,28
131.1616925,33.576164166666665,28
131.16092972222222,33.575518333333335,29
131.16047194444445,33.5751375,30
131.16028083333333,33.57494333333333,30
131.1602125,33.5748825,30
131.1595561111111,33.57423694444444,32
131.15926638888888,33.5739625,32
131.15902222222223,33.57353472222222,33
131.15866416666665,33.57288888888889,34
131.15853388888888,33.57266,34
131.15834305555555,33.57234416666667,34
131.1583202777778,33.572313888888885,34
131.15797,33.571668333333335,34
131.1578863888889,33.57147944444444,34
131.1577336111111,33.57125055555556,34
131.15732111111112,33.570605,33
131.15729083333332,33.570574444444446,33
131.1566961111111,33.56992888888889,33
131.15650527777777,33.56973027777778,33
131.15630666666667,33.56951111111111,33
131.15599416666666,33.569185555555556,31
131.15569694444446,33.56888638888889,30
131.15558194444444,33.568712777777776,30
131.15550583333334,33.56851,30
131.1553911111111,33.567970555555554,30
131.15534555555556,33.567731944444446,31
131.15524694444446,33.56708555555556,31
131.1551697222222,33.56653638888889,35
131.1551088888889,33.56628694444444,38
131.15505583333334,33.56610472222222,40
131.15503305555555,33.56595166666666,40
131.15504833333333,33.56586055555555,40
131.1550711111111,33.565753055555554,41
131.15513166666668,33.56561083333333,41
131.15543666666667,33.56496555555555,42
131.155605,33.564619444444446,42
131.1557427777778,33.564303611111114,43
131.15575777777778,33.56426777777778,43
131.1560325,33.56362222222222,43
131.15608555555556,33.563505,44
131.1562461111111,33.56310361111111,44
131.15636,33.562935555555555,44
131.15653583333332,33.56277277777778,44
131.15678,33.56257,44
131.15685583333334,33.56250388888889,44
131.15699388888888,33.562356111111114,44
131.157085,33.562172777777775,44
131.15738222222222,33.561527222222225,44
131.15752,33.56124722222222,44
131.1575427777778,33.56113,44
131.15755805555557,33.561054166666665,44
131.15753527777778,33.560946944444446,44
131.15744416666666,33.560795,44
131.1571847222222,33.560454444444446,46
131.15668888888888,33.55980777777778,48
131.15636,33.55938138888889,50
131.15632222222223,33.55931944444445,51
131.15630694444445,33.559243333333335,51
131.15636,33.55911138888889,50
131.15650555555555,33.55878583333333,50
131.1567572222222,33.55828777777778,50
131.15685583333334,33.55808916666667,48
131.15699388888888,33.557805,45
131.15703166666665,33.557651944444444,51
131.15701666666666,33.55723,52
131.1569861111111,33.55698611111111,53
131.15691777777778,33.55634027777778,54
131.15687861111113,33.55621222222222,54
131.15684833333333,33.55607027777778,54
131.1566575,33.55556166666667,54
131.15653583333332,33.55531305555556,55
131.15629194444443,33.554829166666664,57
131.1561086111111,33.554473333333334,58
131.15607055555554,33.554406944444445,58
131.15575805555557,33.55376138888889,59
131.15565833333332,33.55358888888889,59
131.15555944444444,33.55341555555555,58
131.15552166666666,33.553039166666665,57
131.1555138888889,33.552393333333335,60
131.1554988888889,33.55203222222222,62
131.1554911111111,33.551386666666666,62
131.15548361111112,33.55074111111111,63
131.15546833333335,33.550313611111115,63
131.1554761111111,33.55008472222222,64
131.15547722222223,33.54996194444445,64
131.15547722222223,33.54996111111111,64
131.15548361111112,33.549439444444445,64
131.15555944444444,33.548966388888886,66
131.15556722222223,33.54878277777778,66
131.15560527777777,33.54848222222222,66
131.15562027777779,33.54830444444445,66
131.15572777777777,33.54770027777778,67
131.15582666666666,33.54705361111111,68
131.15592555555557,33.54640805555555,69
131.1560252777778,33.5457625,70
131.15612416666667,33.545115833333334,71
131.1562238888889,33.544470555555556,72
131.15632277777777,33.543825,74
131.15643777777777,33.54324972222222,75
131.15655916666665,33.54260444444444,76
131.15667416666668,33.541957777777775,77
131.15668194444444,33.54167361111111,84
131.15667416666668,33.54119083333333,83
131.15660472222223,33.54074833333333,81
131.15655916666665,33.54047361111111,81
131.1565363888889,33.540351111111114,83
131.1564225,33.53990833333334,84
131.15634555555556,33.539450555555554,83
131.15634555555556,33.53929888888889,83
131.15564361111112,33.539257222222226,85
131.15546138888888,33.539206388888886,86
131.1544925,33.53869888888889,91
131.1541863888889,33.538485,93
131.15411055555555,33.538424166666665,93
131.15403444444445,33.53832222222222,92
131.15397277777777,33.53823,93
131.15393472222223,33.53813888888889,93
131.15391944444445,33.538067222222224,92
131.15391194444445,33.53795111111111,92
131.15391194444445,33.53783833333333,93
131.1539422222222,33.5374575,94
131.1539422222222,33.537330555555556,96
131.1539422222222,33.53724916666667,96
131.15393472222223,33.537167777777775,97
131.15383583333335,33.53683138888889,95
131.15383583333335,33.53681611111111,95
131.15382083333333,33.53677611111111,94
131.15363,33.536435555555556,94
131.15358444444445,33.53632388888889,93
131.1534086111111,33.53601777777778,94
131.15321777777777,33.53574888888889,94
131.15302027777778,33.53549916666667,94
131.1527988888889,33.53524,94
131.15257,33.53503166666667,95
131.15231833333334,33.534859166666664,97
131.15201222222223,33.53462472222222,98
131.1517452777778,33.534390277777774,98
131.1515238888889,33.53416694444444,98
131.15134944444443,33.53398361111111,98
131.1511052777778,33.533699444444444,99
131.15083083333334,33.533389166666666,99
131.15069305555556,33.53325666666667,99
131.15054777777777,33.533139444444444,99
131.15029583333333,33.53298222222222,100
131.15004416666667,33.53283444444445,102
131.14976972222223,33.53265666666667,105
131.1494725,33.532448333333335,106
131.14918277777778,33.532223611111114,108
131.14900694444444,33.53201527777778,109
131.1487325,33.53175638888889,109
131.14806083333335,33.531191944444444,109
131.14778638888887,33.5309425,112
131.1474738888889,33.53069388888889,113
131.1471225,33.53039888888889,118
131.14689333333334,33.53014944444445,118
131.1464975,33.5297425,116
131.1461852777778,33.52943194444445,117
131.14568166666666,33.52898527777778,118
131.14530722222221,33.52860888888889,118
131.14526944444444,33.528578333333336,118
131.14453694444444,33.52793166666667,124
131.1443688888889,33.527789444444444,121
131.14428527777778,33.52774388888889,123
131.14412472222222,33.52769305555555,123
131.1438122222222,33.52760194444444,123
131.14357583333333,33.52753555555555,122
131.14353777777777,33.52753555555555,122
131.14327083333333,33.52744333333333,122
131.14311027777777,33.52737722222222,126
131.14293444444445,33.52729138888889,125
131.14258416666667,33.527123333333336,126
131.1424863888889,33.5270625,127
131.14248527777778,33.5270625,127
131.14238555555556,33.52700083333333,128
131.14211111111112,33.52681833333333,131
131.14184416666666,33.526625277777775,129
131.1416986111111,33.526492777777776,129
131.1415,33.526334444444444,129
131.1412711111111,33.5261525,133
131.1412102777778,33.52611666666667,132
131.14107361111112,33.52605055555556,133
131.1409586111111,33.526024444444445,134
131.14077555555556,33.52599416666666,133
131.1405086111111,33.52594305555556,135
131.1401886111111,33.52585722222222,135
131.1399825,33.52579111111111,135
131.13932583333334,33.525531944444445,138
131.1386325,33.52522583333333,139
131.13825833333334,33.52509444444444,142
131.13793805555557,33.5249925,141
131.1374952777778,33.52489055555556,141
131.1371213888889,33.52482444444444,144
131.13683166666667,33.52479388888889,144
131.13651916666666,33.524773333333336,145
131.13622194444446,33.52478388888889,146
131.13578666666666,33.52481861111111,149
131.13527555555555,33.52481861111111,149
131.1350011111111,33.524793611111114,153
131.13422305555557,33.52463638888889,158
131.13418416666667,33.52462555555555,158
131.13351333333333,33.524453055555554,158
131.13336805555556,33.5244225,159
131.13239944444445,33.52424888888889,167
131.13217055555555,33.52422388888889,165
131.1317125,33.52421861111111,172
131.13148361111112,33.52419916666667,173
131.1313013888889,33.5241675,175
131.1310875,33.52409166666666,174
131.1305461111111,33.52388333333333,173
131.130225,33.52380194444444,173
131.12999583333334,33.52376611111111,174
131.12978222222222,33.52375083333333,176
131.12956083333333,33.52373583333333,177
131.12908916666666,33.5237,179
131.12897416666667,33.523675,177
131.128845,33.52364472222222,178
131.12862361111112,33.52353277777778,181
131.12837194444444,33.52338972222222,185
131.12829472222222,33.523334166666665,184
131.12827194444444,33.52329833333334,184
131.12824916666668,33.52325722222222,184
131.12815805555556,33.523044722222224,183
131.12805083333333,33.52290166666667,181
131.1278988888889,33.522765,183
131.1275625,33.5226325,188
131.12742583333332,33.52256083333333,187
131.12696027777778,33.52218972222222,186
131.12674638888888,33.522083333333335,187
131.12667055555556,33.522042222222225,188
131.12633416666668,33.5219,187
131.1261127777778,33.521767777777775,192
131.1259611111111,33.521635277777776,194
131.12577027777778,33.52136083333333,197
131.12568666666667,33.520735,200
131.1256322222222,33.52053222222222,204
131.12548805555556,33.52026722222222,203
131.1254272222222,33.52011972222222,203
131.12538833333332,33.51994166666667,203
131.12528944444443,33.519728055555554,205
131.12511361111112,33.51940805555556,205
131.1250225,33.51893527777778,212
131.12503027777777,33.518838611111114,214
131.12503777777778,33.51819305555556,224
131.12507583333334,33.51797388888889,224
131.12519833333334,33.51764277777778,225
131.12532,33.51727722222222,225
131.12561722222222,33.51663194444444,237
131.1256475,33.51657,239
131.12580805555555,33.51630083333333,245
131.1259838888889,33.51607722222222,247
131.12611305555555,33.51587888888889,247
131.12608277777778,33.51577666666667,247
131.126075,33.51571055555556,247
131.1260372222222,33.5155175,245
131.1259611111111,33.515385277777774,247
131.1258386111111,33.51507055555555,249
131.1258463888889,33.51484611111111,251
131.12590833333334,33.51468333333333,250
131.12594611111112,33.51457694444444,251
131.1260525,33.514357777777775,251
131.12606027777778,33.51421027777778,253
131.1260525,33.514094166666666,253
131.12602222222222,33.51398666666667,252
131.12592333333333,33.51392055555556,254
131.12576277777777,33.513869444444445,257
131.12566416666667,33.51376861111111,259
131.1256097222222,33.51365138888889,261
131.12558694444445,33.51341722222222,263
131.12556416666666,33.51315805555556,266
131.12549583333333,33.512949722222224,266
131.1254275,33.512811944444444,268
131.12513666666666,33.51257861111111,273
131.1250836111111,33.51249166666667,277
131.125,33.512278055555555,280
131.1249772222222,33.51217611111111,282
131.12441194444443,33.51153027777778,294
131.12400833333334,33.51107777777778,302
131.12387055555556,33.51096638888889,304
131.12374888888888,33.51090027777778,306
131.12359583333333,33.51085472222222,308
131.12348972222222,33.51085861111111,308
131.12317638888888,33.51088472222222,315
131.12304722222223,33.51083388888889,316
131.12292472222222,33.51072638888889,317
131.12287138888888,33.51067111111111,318
131.12283333333335,33.51051833333333,317
131.12278777777777,33.510335,319
131.12272611111112,33.51025888888889,319
131.12261222222222,33.51018833333333,322
131.12253611111112,33.510126666666665,325
131.1224136111111,33.510035555555554,323
131.12228444444443,33.509969166666664,325
131.1222225,33.50998444444444,326
131.12217694444445,33.510035555555554,327
131.12213888888888,33.51020361111111,327
131.12204777777777,33.51023388888889,329
131.12193277777777,33.51022861111111,333
131.12173416666667,33.51007111111111,336
131.12152166666667,33.509994166666665,337
131.1213077777778,33.50991833333333,344
131.12120027777777,33.50986722222222,342
131.12112444444443,33.50977611111111,341
131.1210636111111,33.50961888888889,343
131.12114722222222,33.50938444444444,347
131.1212461111111,33.509236944444446,349
131.1213077777778,33.50916083333333,349
131.121285,33.509104444444446,352
131.12122305555556,33.509104444444446,355
131.1211397222222,33.50911972222222,355
131.12092583333333,33.50928777777778,357
131.1205136111111,33.5096025,357
131.12046027777777,33.50961888888889,357
131.12041472222222,33.5096025,359
131.12037694444444,33.50952638888889,367
131.12076527777776,33.509170555555556,372
131.12077277777777,33.50911972222222,376
131.12072722222223,33.509079444444446,376
131.12067416666667,33.509104444444446,379
131.12041472222222,33.509303055555556,378
131.1202238888889,33.50938444444444,385
131.12007194444445,33.509405,387
131.11985805555557,33.50932805555556,392
131.11975083333334,33.50922166666667,396
131.11953722222222,33.50899277777778,399
131.11940805555557,33.50893638888889,396
131.11917166666666,33.508805,402
131.1187972222222,33.50869222222222,398
131.11878972222223,33.50863666666667,405
131.11885916666665,33.50859555555556,406
131.1191488888889,33.508646666666664,410
131.11946138888888,33.50876916666667,415
131.11988861111112,33.50905888888889,404
131.12003277777777,33.50913472222222,411
131.12008722222222,33.509145555555556,404
131.12023916666666,33.509079444444446,409
131.12037694444444,33.50887,406
131.12039972222223,33.50870305555556,406
131.12037694444444,33.508651944444445,406
131.12037694444444,33.50855,404
131.1203236111111,33.5084025,408
131.12017083333333,33.50815388888889,411
131.12002555555554,33.50783805555555,413
131.11993444444445,33.50747722222222,423
131.11992694444444,33.5071775,427
131.1199875,33.50697916666667,430
131.1201025,33.50681083333333,431
131.1203847222222,33.506591666666665,438
131.12042277777778,33.50639416666667,438
131.12036194444445,33.506038333333336,440
131.1203011111111,33.505966666666666,441
131.12022416666667,33.505966666666666,443
131.11994972222223,33.506078333333335,444
131.1197511111111,33.50605361111111,444
131.1194461111111,33.50606333333333,450
131.11938527777778,33.50612944444445,450
131.1193475,33.506276944444444,453
131.11930083333334,33.50648527777778,453
131.11920194444446,33.50656138888889,457
131.11912611111111,33.50653638888889,461
131.11909555555556,33.50641916666667,461
131.11908805555555,33.505895,463
131.1190488888889,33.505635833333336,464
131.118935,33.50539722222222,467
131.1187972222222,33.50525944444444,469
131.1184011111111,33.50501111111111,477
131.11822583333333,33.504842777777775,480
131.1177525,33.50440555555556,489
131.11740972222222,33.504150555555555,494
131.1171961111111,33.50404416666667,496
131.11685194444445,33.50383583333333,499
131.11667722222222,33.503662222222225,501
131.11653944444444,33.50331194444444,505
131.1164636111111,33.50314361111111,507
131.11630305555556,33.5030275,506
131.11577666666668,33.502833333333335,494
131.11567805555555,33.50279305555556,491
131.11513583333334,33.50262055555555,490
131.1148536111111,33.50244722222222,485
131.11452583333335,33.50216722222222,485
131.114335,33.50206111111111,484
131.11396166666665,33.501958888888886,480
131.11362527777777,33.50190361111111,476
131.11329,33.501913333333334,475
131.11245027777778,33.50203027777778,472
131.11226027777778,33.50194361111111,470
131.11187833333332,33.501705,465
131.11168722222223,33.501669166666666,464
131.11139,33.501735277777776,467
131.11122194444445,33.50194361111111,468
131.11110055555557,33.50201944444444,467
131.11090972222223,33.50206083333333,466
131.1107111111111,33.50212694444444,464
131.1104138888889,33.50227888888889,462
131.1100088888889,33.50248833333333,461
131.10971166666667,33.502630277777776,461
131.10937638888888,33.50272694444445,459
131.10910194444443,33.50284416666667,455
131.10886527777777,33.502986388888885,453
131.10855166666667,33.50324527777778,454
131.10846055555555,33.50331166666667,456
131.10834666666668,33.50340277777778,457
131.10800277777778,33.503545833333334,451
131.10763694444444,33.50368805555556,453
131.10737777777777,33.503703333333334,456
131.10704916666666,33.503703333333334,460
131.10683555555556,33.50367833333333,464
131.10667583333333,33.503636944444445,465
131.1065152777778,33.50361222222222,463
131.10598916666666,33.50362194444445,460
131.10571472222222,33.503570833333335,460
131.10546277777777,33.50345361111111,461
131.10537833333333,33.50337777777778,465
131.10534027777777,33.50331166666667,464
131.10530222222224,33.50324527777778,461
131.1052263888889,33.50317916666667,462
131.1050886111111,33.503169444444445,461
131.1048975,33.503194444444446,460
131.10472305555555,33.50317916666667,462
131.10453972222223,33.50308805555556,465
131.1043261111111,33.502945833333335,468
131.1041502777778,33.50285916666667,466
131.1039375,33.50283833333334,465
131.103815,33.50283833333334,465
131.1037388888889,33.5028025,464
131.10368472222223,33.50263,460
131.10363916666665,33.50252805555556,460
131.10346444444446,33.50240111111111,459
131.10311277777777,33.50225888888889,464
131.1029761111111,33.502228611111114,463
131.10281555555557,33.50225361111111,466
131.10271694444444,33.502335,467
131.1026475,33.50248805555555,461
131.10262472222223,33.502741944444445,457
131.10261694444443,33.50283833333334,455
131.10248777777778,33.502895,451
131.10221222222222,33.50288388888889,446
131.1021288888889,33.502945833333335,446
131.102015,33.503036944444446,445
131.10191527777778,33.50315416666667,446
131.1018013888889,33.50322027777778,443
131.1017013888889,33.50322027777778,442
131.10166361111112,33.50317916666667,443
131.1016786111111,33.503036944444446,439
131.10168638888888,33.502879722222225,436
131.10168638888888,33.502766944444446,435
131.10162555555556,33.50268555555556,433
131.1014497222222,33.50268555555556,428
131.10125222222223,33.50272666666667,425
131.10112972222223,33.50272666666667,425
131.1008475,33.50268555555556,420
131.10074,33.50263555555556,420
131.10057305555554,33.502584444444445,421
131.10047305555557,33.50259416666667,420
131.1004275,33.502670277777774,418
131.10038972222222,33.50284388888889,424
131.1003288888889,33.502935,419
131.10026694444446,33.50296111111111,419
131.10016055555556,33.502919722222224,416
131.10006194444443,33.5027625,411
131.09995444444445,33.50257916666666,405
131.0997875,33.502385833333335,402
131.09961194444443,33.50224388888889,395
131.09946638888889,33.502141944444446,395
131.09932972222222,33.50211138888889,393
131.09908555555555,33.502003888888886,391
131.09894777777777,33.501958333333334,391
131.09878722222223,33.501958333333334,388
131.09851277777778,33.501958333333334,386
131.0983911111111,33.501958333333334,385
131.09829888888888,33.501887777777775,382
131.09820027777778,33.501643888888886,378
131.09811666666667,33.501353333333334,373
131.0981013888889,33.501246944444446,370
131.0981013888889,33.501145,370
131.09820027777778,33.501043055555556,367
131.09839888888888,33.50087583333333,362
131.0984672222222,33.500794444444445,360
131.09845194444443,33.50070222222222,360
131.0983911111111,33.50065111111111,357
131.09811666666667,33.50060555555556,356
131.09800166666668,33.50057527777778,355
131.09794083333333,33.50050916666667,355
131.0979636111111,33.50040277777778,353
131.0980786111111,33.50028555555556,349
131.09820027777778,33.500168333333335,346
131.09823833333334,33.500102222222225,346
131.09823833333334,33.499969722222225,345
131.0981775,33.49971055555555,343
131.0981775,33.499604166666664,342
131.09822305555556,33.49951194444444,341
131.0984138888889,33.49927888888889,340
131.09858972222221,33.49908583333333,334
131.0987113888889,33.4989175,332
131.0988111111111,33.498745,328
131.09886416666666,33.49858666666667,327
131.0988413888889,33.498470555555556,323
131.0988025,33.498404444444446,323
131.09867333333332,33.49839333333333,321
131.09835333333334,33.49849555555556,321
131.0980172222222,33.4986225,320
131.09787277777778,33.49871888888889,321
131.09775027777778,33.498805833333336,320
131.0976363888889,33.49881111111111,321
131.09747583333333,33.49879611111111,318
131.09736166666667,33.49879611111111,316
131.09727722222223,33.49888722222222,316
131.0970861111111,33.49911083333333,315
131.0969875,33.4991975,316
131.09690388888887,33.49923777777778,315
131.0968886111111,33.49918666666667,315
131.09676611111112,33.49901416666667,317
131.09675083333335,33.49892722222222,317
131.09676611111112,33.498378333333335,317
131.09680416666666,33.49810361111111,314
131.09684972222223,33.497976666666666,317
131.09697972222222,33.497880277777774,318
131.0973,33.497727222222224,316
131.0982386111111,33.49740194444445,306
131.098475,33.497320555555554,307
131.09865083333332,33.497284722222226,305
131.09960444444445,33.497320555555554,302
131.09971055555556,33.497305555555556,301
131.09991694444443,33.497168611111114,301
131.1000775,33.49700583333333,299
131.10029111111112,33.496629444444444,297
131.10036722222222,33.4965525,297
131.1004886111111,33.49647638888889,295
131.1007025,33.49641027777778,297
131.1013663888889,33.49632888888889,297
131.10199222222224,33.49630388888889,296
131.1023125,33.49631361111111,295
131.1027777777778,33.496385277777776,293
131.10323583333334,33.49644611111111,293
131.10354833333332,33.49646138888889,289
131.10378472222223,33.496431111111114,287
131.10396055555555,33.49637027777778,286
131.1043036111111,33.496247777777775,286
131.1044413888889,33.49621194444445,285
131.1045475,33.49622277777778,285
131.10473833333333,33.496344444444446,284
131.10512666666668,33.49659388888889,281
131.10534055555556,33.49670555555556,280
131.10548583333335,33.49675111111111,281
131.105615,33.496761944444444,278
131.1058136111111,33.49673611111111,276
131.10615,33.49661444444445,275
131.10673694444444,33.49639527777778,274
131.10748444444445,33.49611111111111,267
131.10769055555556,33.49606444444444,265
131.10865194444443,33.49601333333333,257
131.10882777777778,33.49592777777778,255
131.10956,33.495352777777775,255
131.10972722222223,33.49524638888889,248
131.1098725,33.49518027777778,247
131.11004833333334,33.495129444444444,249
131.11066583333334,33.49511416666667,245
131.11082611111112,33.495063055555555,241
131.11098555555554,33.494885277777776,244
131.11146638888889,33.494239444444446,234
131.11148916666667,33.494213888888886,234
131.11181027777778,33.49371027777778,227
131.11188611111112,33.49352694444445,228
131.11190166666665,33.49308,226
131.11188638888888,33.492845555555554,227
131.11194722222223,33.492754444444444,226
131.11226083333332,33.492495,224
131.11256555555556,33.492270833333336,226
131.11278694444445,33.49212861111111,225
131.1129236111111,33.49198638888889,215
131.11312222222222,33.491619722222225,216
131.11326,33.4914525,211
131.1133661111111,33.49139611111111,208
131.1134888888889,33.49133,207
131.11354972222222,33.49126388888889,207
131.11361027777778,33.49120305555556,206
131.11366361111112,33.49113694444444,206
131.11368638888888,33.491096666666664,205
131.11371027777778,33.49104555555556,205
131.11374805555556,33.490964166666664,206
131.11376333333334,33.490923055555555,206
131.11376333333334,33.49086222222222,207
131.11374805555556,33.49080583333333,207
131.11372527777777,33.490705,207
131.11372527777777,33.49066361111111,207
131.11372527777777,33.49061277777778,207
131.11374055555555,33.490561666666665,207
131.11374055555555,33.490536666666664,207
131.11378611111112,33.49044555555555,208
131.11382416666666,33.490389444444446,206
131.1139,33.49030277777778,206
131.11393805555556,33.4902625,203
131.11397722222222,33.490206111111114,205
131.11423638888888,33.48972861111111,205
131.11428972222222,33.489647222222224,204
131.1144036111111,33.48947916666667,203
131.1144263888889,33.489331666666665,202
131.114435,33.48912333333333,197
131.11447305555555,33.489021111111114,196
131.11457166666668,33.48889416666667,197
131.11481583333332,33.48865555555555,195
131.11487666666667,33.48853861111111,195
131.11487666666667,33.48839638888889,195
131.1148613888889,33.48774972222222,186
131.1148538888889,33.48771388888889,186
131.11487666666667,33.48762277777778,186
131.11499916666668,33.48753166666667,186
131.11532694444443,33.487323333333336,185
131.11538777777778,33.48724638888889,183
131.11541166666666,33.487165,183
131.11543444444445,33.486869722222224,179
131.11550277777778,33.4867375,177
131.11560138888888,33.486621666666665,176
131.11586083333333,33.486396944444444,174
131.11608972222223,33.48617333333333,174
131.11615166666667,33.48604638888889,173
131.1161972222222,33.48582305555556,175
131.11625027777777,33.48567,177
131.1163338888889,33.4855225,177
131.1164488888889,33.485370555555555,176
131.11664,33.48515666666667,175
131.11679944444444,33.48506444444445,174
131.1172877777778,33.48493777777778,167
131.11752416666667,33.48484666666667,164
131.11775305555557,33.48464805555555,165
131.11840972222222,33.4840025,156
131.11853888888888,33.48388,154
131.11901194444445,33.48339694444444,155
131.11927888888889,33.483086944444445,149
131.11942416666668,33.482888333333335,148
131.1195847222222,33.48275611111111,147
131.11975916666665,33.48261388888889,145
131.1198588888889,33.482572777777776,144
131.12011083333334,33.482486944444446,145
131.12042333333332,33.48237944444445,147
131.12059916666666,33.482303611111114,148
131.1209875,33.48204972222222,146
131.12139666666667,33.4817525,145
131.12139666666667,33.4817525,145
131.12157555555555,33.4816225,144
131.12168944444446,33.48154111111111,143
131.121835,33.48149,144
131.12213972222222,33.481408611111114,144
131.12261305555555,33.48127083333333,144
131.1229025,33.48126666666667,145
131.12307833333332,33.48124055555556,142
131.12310888888888,33.48124055555556,142
131.12327694444446,33.481225277777774,137
131.1234213888889,33.481164444444445,138
131.12358916666668,33.48108305555556,136
131.12382583333334,33.48093027777778,135
131.12390916666666,33.48087916666667,133
131.1241611111111,33.48068194444444,129
131.1242227777778,33.48061583333333,129
131.12445944444445,33.480396666666664,128
131.1246113888889,33.48030555555555,127
131.12467222222222,33.480275,127
131.1247111111111,33.48025444444445,127
131.12490861111112,33.48023388888889,125
131.12533611111112,33.48018833333333,125
131.12542833333333,33.48018277777778,125
131.12605333333335,33.480106944444444,121
131.12654916666668,33.48008194444444,121
131.1268086111111,33.48007111111111,119
131.12687694444443,33.480065555555555,119
131.12705277777778,33.48004611111111,118
131.12729694444445,33.48003083333333,118
131.12743472222223,33.480005,117
131.12752555555556,33.47998,117
131.12774694444445,33.47988333333333,116
131.12783805555554,33.479821666666666,117
131.127915,33.47975666666667,117
131.12792277777777,33.47972083333333,117
131.1279986111111,33.479639444444445,116
131.12805944444443,33.47954722222222,116
131.1281363888889,33.47942583333333,116
131.12826555555554,33.479058888888886,114
131.1283652777778,33.47877472222222,113
131.12839583333334,33.47867277777778,112
131.12846416666667,33.478500277777776,112
131.12850972222222,33.47839277777778,112
131.1286247222222,33.4780825,113
131.12874638888889,33.47786444444444,113
131.12896,33.47759972222222,115
131.12919666666667,33.47725916666667,109
131.1295861111111,33.47685777777778,109
131.12986055555555,33.47660805555556,109
131.13028694444444,33.47630777777778,107
131.13048555555557,33.47616555555555,107
131.13071444444444,33.47600833333333,106
131.13131027777777,33.47562638888889,106
131.1317136111111,33.475366944444445,108
131.13199583333332,33.47517388888889,107
131.13212583333333,33.4750925,106
131.13230944444445,33.474939444444445,106
131.1324461111111,33.47479777777778,105
131.13265972222223,33.47458388888889,106
131.1332013888889,33.47395888888889,104
131.13325555555556,33.4739025,103
131.13378944444443,33.47325722222222,101
131.13410194444444,33.47289027777778,99
131.13450666666665,33.47224472222222,98
131.13451416666666,33.47223944444445,98
131.13494916666667,33.47159361111111,97
131.1351388888889,33.471325,96
131.13527666666667,33.47112638888889,94
131.13529944444446,33.471024444444446,93
131.13527666666667,33.47081055555556,92
131.13527666666667,33.47069888888889,91
131.1352388888889,33.470577222222225,90
131.13518555555555,33.47047527777778,90
131.13500972222224,33.470240833333335,88
131.13500333333334,33.47022666666667,88
131.13500333333334,33.47022666666667,89
131.1388386111111,33.469524444444446,88
131.1388386111111,33.469524444444446,88
131.13974,33.46956027777778,88
131.13974,33.46956027777778,88
131.1460486111111,33.472459722222226,84
131.1460486111111,33.472459722222226,84
131.14690666666667,33.4730325,82
131.14690666666667,33.4730325,82
131.14725,33.47371277777778,80
131.14725,33.47371277777778,80
131.14870916666666,33.480084444444444,73
131.14870916666666,33.480084444444444,73
131.14948166666667,33.4811225,72
131.14948166666667,33.4811225,72
131.15128416666667,33.48251833333333,72
131.15128416666667,33.48251833333333,72
131.15261444444445,33.48287638888889,74
131.15261444444445,33.48287638888889,74
131.15476027777777,33.482733333333336,69
131.15476027777777,33.482733333333336,69
131.15737805555557,33.48233944444444,67
131.15737805555557,33.48233944444444,67
131.15883722222222,33.48237527777778,67
131.15883722222222,33.48237527777778,67
131.15969555555554,33.482661666666665,63
131.15969555555554,33.482661666666665,63
131.1608113888889,33.48334166666667,62
131.1608113888889,33.48334166666667,62
131.16098305555556,33.4840575,61
131.16098305555556,33.4840575,61
131.16089722222222,33.48459444444445,60
131.16089722222222,33.48459444444445,60
131.15840805555555,33.48835277777778,64
131.15840805555555,33.48835277777778,64
131.15866555555556,33.48982,57
131.15866555555556,33.48982,57
131.15960972222223,33.49082222222222,57
131.15960972222223,33.49082222222222,57
131.16205583333334,33.49146638888889,59
131.16205583333334,33.49146638888889,59
131.16424472222224,33.49178861111111,58
131.16425777777778,33.4917175,58
131.16451055555555,33.49178027777778,58
131.16547972222222,33.49196361111111,58
131.16603583333332,33.49207555555556,58
131.16666083333334,33.492223055555556,58
131.16714916666666,33.492354444444445,58
131.167645,33.4925225,58
131.16798138888888,33.49270055555556,58
131.1684238888889,33.49287416666667,57
131.16855305555555,33.492959722222224,57
131.16952194444445,33.49359138888889,57
131.16970111111112,33.49336777777778,57
131.16970111111112,33.49336777777778,56
131.16974333333334,33.493315833333334,56
131.170095,33.49294027777778,55
131.1705213888889,33.4924925,52
131.17079583333333,33.49218194444445,50
131.1713611111111,33.49154611111111,54
131.17137861111112,33.491527777777776,54
131.17137861111112,33.491527777777776,54
131.1713611111111,33.49154611111111,54
131.1719936111111,33.49185666666666,54
131.17209333333332,33.491947777777774,55
131.17218444444444,33.49212138888889,55
131.17225277777777,33.49228194444444,56
131.17225166666665,33.49228083333333,56
131.17232222222222,33.492446944444445,56
131.1724211111111,33.49267583333334,56
131.17271083333333,33.49332138888889,55
131.17281805555555,33.49355027777778,55
131.17293222222222,33.49378472222222,56
131.17310777777777,33.49418055555556,56
131.17319916666668,33.494439722222225,55
131.1732988888889,33.49487277777778,54
131.17334555555556,33.49513638888889,53
131.17334555555556,33.49513527777778,53
131.17341277777777,33.49551833333334,51
131.17344305555557,33.49565611111111,51
131.17353527777777,33.496072777777776,52
131.17355805555556,33.49626611111111,53
131.17358055555556,33.496525,53
131.17354277777778,33.497079444444445,54
131.173535,33.49718138888889,53
131.17349611111112,33.497365,53
131.17338222222222,33.49779138888889,53
131.17322166666668,33.498239444444444,51
131.1731611111111,33.49837194444444,64
131.1730938888889,33.49849972222222,63
131.1730938888889,33.49849972222222,63
131.17305472222222,33.49857444444444,63
131.17302444444445,33.49861583333333,66
131.17293222222222,33.498732777777775,65
131.1727563888889,33.49896611111111,64
131.17249694444445,33.49927111111111,63
131.1724211111111,33.499357777777774,62
131.17214638888888,33.4996325,64
131.17207055555556,33.49970388888889,64
131.1719936111111,33.499790833333336,62
131.17163555555555,33.50017138888889,56
131.17154333333335,33.500283055555556,54
131.1714975,33.50035472222222,54
131.17144444444443,33.500481666666666,51
131.17143694444445,33.50053277777778,51
131.17134583333333,33.50075638888889,49
131.17122305555554,33.50118916666667,49
131.17112444444444,33.501545,49
131.17104722222223,33.50185,52
131.17091055555557,33.50249111111111,53
131.1708727777778,33.50272972222222,52
131.1708727777778,33.50322333333333,51
131.17079555555554,33.5032125,51
131.1702422222222,33.503166944444445,47
131.17024111111112,33.503166944444445,47
131.1699947222222,33.50314638888889,45
131.16975861111112,33.50311611111111,48
131.16956,33.50308027777778,52
131.16950694444444,33.50304,52
131.16950694444444,33.50291305555555,53
131.16952194444445,33.50275472222222,54
131.16956,33.5026125,54
131.16962194444446,33.50232277777778,54
131.16969777777777,33.5020375,52
131.16972805555557,33.50195166666666,52
131.16994944444446,33.501305277777774,54
131.16987361111111,33.501041666666666,56
131.16987361111111,33.50089833333333,57
131.16987361111111,33.50075638888889,57
131.16993444444444,33.500390555555555,57
131.17011,33.499896944444444,58
131.17017083333334,33.499739444444444,57
131.17040722222222,33.499093055555555,57
131.17056333333332,33.498666666666665,57
131.17056333333332,33.498665555555554,57
131.1706436111111,33.4984475,57
131.17076527777778,33.49809694444444,58
131.1709713888889,33.49745055555555,59
131.1710711111111,33.496916666666664,58
131.17110916666667,33.49646416666667,58
131.171055,33.49593055555555,58
131.1709486111111,33.495446666666666,58
131.17089583333333,33.49525916666666,58
131.170735,33.49491305555556,58
131.17039222222223,33.49447555555555,58
131.1700177777778,33.49406333333334,57
131.16952194444445,33.49359138888889,57
131.16855305555555,33.492959722222224,57
131.1684238888889,33.49287416666667,57
131.16798138888888,33.49270055555556,58
131.16793916666666,33.49267777777778,58
131.16793805555557,33.49267777777778,58
131.167645,33.4925225,58
131.16714916666666,33.492354444444445,58
131.16666083333334,33.492223055555556,58
131.16603583333332,33.49207555555556,58
131.16547972222222,33.49196361111111,58
131.16452583333333,33.49178361111111,58
131.16452583333333,33.49178361111111,58
131.16223833333333,33.49152,58
131.16223833333333,33.49152,58
131.15962055555556,33.49082222222222,57
131.15962055555556,33.49082222222222,57
131.1586763888889,33.48982,56
131.1586763888889,33.48982,56
131.1584188888889,33.48835277777778,64
131.1584188888889,33.48835277777778,64
131.16090805555555,33.48457666666667,60
131.16090805555555,33.48457666666667,60
131.16095083333335,33.48403972222222,61
131.16095083333335,33.48403972222222,61
131.1608222222222,33.48332388888889,62
131.1608222222222,33.48332388888889,62
131.15970638888888,33.48264361111111,63
131.15970638888888,33.48264361111111,63
131.15884805555555,33.4823575,67
131.15884805555555,33.4823575,67
131.1573888888889,33.482321666666664,64
131.1573888888889,33.482321666666664,64
131.1547711111111,33.48271527777778,69
131.1547711111111,33.48271527777778,69
131.1526252777778,33.48285861111111,74
131.1526252777778,33.48285861111111,74
131.151295,33.48250055555555,72
131.151295,33.48250055555555,72
131.1494925,33.48110472222222,71
131.1494925,33.48110472222222,71
131.14872,33.480066666666666,73
131.14872,33.480066666666666,73
131.14721805555556,33.473695,81
131.14721805555556,33.473695,81
131.1469175,33.473014722222224,82
131.1469175,33.473014722222224,82
131.14605916666667,33.47244194444445,84
131.14605916666667,33.47244194444445,84
131.13975055555557,33.46954222222222,86
131.13975055555557,33.46954222222222,86
131.13884944444445,33.46950638888889,88
131.13884944444445,33.46950638888889,88
131.1316825,33.4709025,88
131.1316825,33.4709025,88
131.13060972222223,33.470938333333336,91
131.13060972222223,33.470938333333336,91
131.1294938888889,33.47050888888889,91
131.1294938888889,33.47050888888889,91
131.1269188888889,33.469005277777775,92
131.1269188888889,33.469005277777775,92
131.12378611111112,33.46599805555555,90
131.12378611111112,33.46599805555555,90
131.12172611111112,33.464530277777776,95
131.12172611111112,33.464530277777776,95
131.12009555555557,33.46402916666667,102
131.12009555555557,33.46402916666667,102
131.1174775,33.46427972222222,104
131.1174775,33.46427972222222,104
131.11355083333333,33.46356361111111,104
131.11355083333333,33.46356361111111,104
131.1138511111111,33.46288333333333,100
131.1138511111111,33.46288333333333,100
131.11393694444445,33.46227472222222,102
131.11393694444445,33.46227472222222,102
131.1168125,33.458801944444446,105
131.1168125,33.458801944444446,105
131.11689833333332,33.45769194444444,104
131.11689833333332,33.45769194444444,104
131.1160827777778,33.45676111111111,108
131.1160925,33.456606666666666,113
131.1160827777778,33.456605555555555,114
131.11511416666667,33.45657527777778,116
131.114565,33.45657,114
131.11431333333334,33.456493888888886,112
131.11409944444443,33.45636694444445,112
131.11374138888888,33.45596,114
131.11364916666668,33.455665,116
131.1136263888889,33.455375555555555,116
131.11370333333332,33.45495777777778,116
131.11384777777778,33.45454111111111,116
131.11397805555555,33.45421555555556,115
131.11415277777778,33.453874722222224,116
131.11441194444444,33.45341722222222,116
131.1144661111111,33.45334138888889,116
131.1148775,33.45269444444445,116
131.11511416666667,33.45215527777778,116
131.11538861111111,33.45151,116
131.11558722222222,33.451103055555556,116
131.11596138888888,33.4504575,113
131.11599944444444,33.45040111111111,113
131.11619055555556,33.45007555555556,113
131.11634222222222,33.449887777777775,113
131.11684555555556,33.4492425,113
131.1173413888889,33.448595833333336,113
131.11742611111112,33.44861083333333,116
131.1175475,33.448595833333336,117
131.1178763888889,33.44845361111111,117
131.11821166666667,33.44835166666667,118
131.1183875,33.44831138888889,118
131.11855444444444,33.44827027777778,119
131.1186011111111,33.44824972222222,119
131.11887555555555,33.44826055555556,119
131.1190938888889,33.448298333333334,118
131.11909277777778,33.44829722222222,118
131.11917305555556,33.44831138888889,118
131.11940944444444,33.448408055555554,118
131.1198138888889,33.448575,121
131.1202025,33.44879972222222,121
131.1202861111111,33.448885555555556,121
131.1204238888889,33.4490025,121
131.12055388888888,33.44916111111111,122
131.1207286111111,33.449486666666665,125
131.1208286111111,33.44971972222222,124
131.120935,33.450086666666664,123
131.1210272222222,33.4504675,126
131.12108777777777,33.45066611111111,127
131.1211638888889,33.45076805555556,127
131.12140027777778,33.45085916666667,130
131.12217833333332,33.45088527777778,132
131.12261333333333,33.450849444444444,142
131.12304833333334,33.450849444444444,144
131.12324694444445,33.450828888888886,146
131.12339111111112,33.45077777777778,142
131.12370361111113,33.450584722222224,144
131.12397166666668,33.45041222222222,142
131.12412361111112,33.450274444444446,143
131.1242538888889,33.4501625,150
131.1244525,33.449893333333335,150
131.12458916666668,33.449776388888885,152
131.1249861111111,33.449526666666664,153
131.1250775,33.44946083333333,159
131.12516083333333,33.44938472222222,162
131.12529111111112,33.449242777777776,162
131.12535944444446,33.449125555555554,164
131.12542888888888,33.448993055555555,162
131.1255277777778,33.448723055555554,165
131.12574138888888,33.448077222222224,171
131.12590055555555,33.447609722222225,177
131.1260536111111,33.44724305555555,176
131.12612194444444,33.447203055555555,176
131.12625972222222,33.44712166666667,176
131.12647361111112,33.447025,177
131.1270225,33.446841666666664,173
131.12728944444444,33.44669416666667,175
131.1276638888889,33.44647611111111,177
131.12790055555556,33.44639472222222,179
131.12854833333333,33.4463025,184
131.12864055555556,33.446287222222225,186
131.12905944444444,33.44613,184
131.12927277777777,33.44603333333333,185
131.13012777777777,33.445611666666665,182
131.1306236111111,33.44542805555555,182
131.1309361111111,33.44536194444444,184
131.1310511111111,33.445320833333334,185
131.13116527777777,33.445235,186
131.13132583333334,33.445051666666664,186
131.13162305555556,33.444720555555556,184
131.13191277777779,33.444355,184
131.13214944444445,33.443978888888886,182
131.13238583333333,33.443663055555554,182
131.13250083333332,33.443602222222225,177
131.13269055555557,33.44356222222222,167
131.13312555555555,33.44342972222222,180
131.13320166666668,33.44340361111111,182
131.13336222222222,33.44334833333333,195
131.13346083333334,33.4433125,202
131.13404888888888,33.44315527777778,200
131.13473583333334,33.442905555555555,197
131.13482694444446,33.44287527777778,197
131.13531527777778,33.44267138888889,195
131.13562777777778,33.442478055555554,193
131.13586444444445,33.442305555555556,192
131.13659638888888,33.44168527777778,189
131.1369327777778,33.441359722222224,176
131.13694805555556,33.44134444444445,175
131.13738305555555,33.4409475,167
131.13773361111112,33.440688055555555,169
131.13819916666668,33.440377777777776,169
131.13843555555556,33.440220277777776,169
131.13861138888888,33.440063055555555,169
131.13897722222222,33.43973777777778,166
131.13904555555555,33.43962055555556,168
131.1391225,33.439478333333334,169
131.1391225,33.439259166666666,168
131.1391377777778,33.43861361111111,173
131.13915277777778,33.43796694444445,178
131.13916055555555,33.43780972222222,180
131.13916055555555,33.43761111111111,183
131.13886305555556,33.43707194444445,183
131.13876333333334,33.43687888888889,183
131.1387102777778,33.436746666666664,183
131.1386875,33.436553333333336,184
131.1387025,33.43640583333333,184
131.1387025,33.43636027777778,184
131.13872527777778,33.43626361111111,183
131.1387861111111,33.43616166666666,182
131.13886305555556,33.436080277777776,182
131.139,33.43599472222222,181
131.139115,33.435963055555554,183
131.1392211111111,33.435943611111114,184
131.13927444444445,33.43593805555555,185
131.13935138888888,33.43592833333334,185
131.13978555555556,33.43592833333334,183
131.13981583333333,33.435923055555556,183
131.14078472222224,33.43586222222222,183
131.14102888888888,33.43580027777778,183
131.1419977777778,33.4355725,181
131.14238722222223,33.43541944444444,183
131.14277666666666,33.43522083333333,182
131.14310972222222,33.434959722222224,183
131.14310972222222,33.434959722222224,183
131.14328777777777,33.43481972222222,183
131.14379888888888,33.43432055555556,184
131.1440961111111,33.43391916666667,183
131.14431,33.4335275,182
131.14446305555555,33.43315638888889,185
131.14466027777777,33.43258111111111,182
131.14469833333334,33.43237305555556,184
131.14469833333334,33.43210416666667,183
131.14467555555555,33.43195638888889,181
131.1444238888889,33.43150416666667,182
131.14431,33.43122833333334,182
131.14427194444445,33.43109722222222,183
131.14426444444445,33.431005,183
131.1442338888889,33.43038,181
131.1442338888889,33.42983527777778,181
131.14428722222223,33.42953027777778,183
131.14428722222223,33.42950416666667,183
131.14433277777778,33.4293525,181
131.1444011111111,33.42918972222222,182
131.1445463888889,33.42893055555555,182
131.14466027777777,33.428762222222225,185
131.1447222222222,33.42863,187
131.1447375,33.42855388888889,186
131.144745,33.42852805555555,186
131.14479833333334,33.42827944444444,189
131.14480583333332,33.42800916666667,189
131.1448211111111,33.42736361111111,186
131.1448211111111,33.4273225,185
131.1448513888889,33.42712944444445,182
131.14492722222224,33.42696222222222,183
131.14503472222222,33.42679444444445,182
131.14512583333334,33.4267075,182
131.14540805555555,33.42651444444444,182
131.14585833333334,33.426315833333334,182
131.14595805555555,33.426275555555556,181
131.14692722222222,33.42589916666667,181
131.14728527777777,33.42577222222222,182
131.14734583333333,33.42574611111111,182
131.14752166666668,33.425715833333335,183
131.14761277777777,33.42572111111111,183
131.14772027777778,33.42573083333333,183
131.1480327777778,33.425756944444444,183
131.14817055555557,33.42577222222222,183
131.14822388888888,33.42576138888889,183
131.14844527777777,33.42574611111111,184
131.14875777777777,33.425690833333334,181
131.14924583333334,33.42559861111111,185
131.14955055555555,33.4255225,183
131.14977194444444,33.425446666666666,181
131.15064972222223,33.42513666666667,183
131.15139722222222,33.42481111111111,185
131.15186277777778,33.42456138888889,180
131.15207666666666,33.424413888888886,180
131.1523586111111,33.42416444444444,177
131.15262555555555,33.42388,176
131.15274722222222,33.42368138888889,176
131.15297611111112,33.423295277777775,176
131.15306083333334,33.423137777777775,177
131.15318222222223,33.422873333333335,177
131.1532202777778,33.42274638888889,177
131.15323555555557,33.422665,177
131.15337333333332,33.42207472222222,178
131.1534111111111,33.421911944444446,177
131.15347194444445,33.42172333333333,178
131.15360972222223,33.421505277777776,180
131.1538236111111,33.42123055555555,181
131.1542738888889,33.42058388888889,181
131.15470027777778,33.41998944444445,181
131.1551125,33.41934388888889,181
131.15543277777778,33.418844722222225,182
131.15579944444445,33.41819916666667,183
131.15617277777778,33.41755388888889,184
131.15654694444444,33.41690722222222,185
131.15681388888888,33.41645027777778,186
131.1572111111111,33.41580361111111,188
131.15750833333334,33.415330833333336,189
131.15779805555556,33.41490888888889,189
131.15809555555555,33.414431388888886,189
131.1581725,33.41428388888889,189
131.15818777777778,33.41413083333333,189
131.1581725,33.41400388888889,189
131.15798916666665,33.41375416666666,189
131.15779805555556,33.41350027777778,188
131.15772222222222,33.4133225,189
131.1577147222222,33.413245277777776,188
131.1577147222222,33.41300694444445,188
131.15772222222222,33.41264555555556,188
131.1577525,33.412397222222225,189
131.15782083333335,33.41175027777778,189
131.1578513888889,33.41151166666667,189
131.15791305555555,33.41086611111111,189
131.15793583333334,33.410514444444445,189
131.1579436111111,33.41032166666667,189
131.1579586111111,33.40967611111111,189
131.15797388888888,33.409121666666664,188
131.15797388888888,33.40879611111111,191
131.15797388888888,33.40868416666667,191
131.15795111111112,33.408500833333335,191
131.15783611111112,33.40808416666667,191
131.157715,33.40780861111111,192
131.15743277777779,33.40716333333334,193
131.1573786111111,33.407066666666665,193
131.15705833333334,33.40642111111111,193
131.15683694444445,33.40595777777778,195
131.1566613888889,33.405525833333336,197
131.15653972222222,33.40522527777778,197
131.1563261111111,33.40488472222222,197
131.15615027777778,33.404604722222224,198
131.15588333333332,33.40426,195
131.155815,33.404157777777776,193
131.15562416666666,33.40401583333333,193
131.1554875,33.40391388888889,194
131.15529666666666,33.40379111111111,194
131.15502194444446,33.403573055555555,193
131.1549613888889,33.403506944444445,195
131.1548461111111,33.403399444444446,196
131.15470833333333,33.403196666666666,195
131.15464777777777,33.40307388888889,196
131.15457166666667,33.40291666666667,194
131.1545336111111,33.40269305555555,194
131.15456416666666,33.402550833333336,197
131.15464,33.40242277777778,196
131.15497638888888,33.40195527777778,195
131.15506,33.40183805555556,196
131.1554875,33.40119277777778,199
131.15592166666667,33.40054722222222,203
131.15609722222223,33.4002975,205
131.15652472222223,33.39965194444444,204
131.1567613888889,33.39930583333334,203
131.15691444444445,33.39902611111111,202
131.1570738888889,33.39872666666667,200
131.15728777777778,33.39823277777778,197
131.15744833333332,33.39783138888889,197
131.1574861111111,33.397621944444445,196
131.1574711111111,33.3973225,195
131.15741027777779,33.39704805555556,197
131.15738638888888,33.39691027777778,198
131.15741027777779,33.39667722222222,198
131.1574861111111,33.39653388888889,198
131.15761527777778,33.39639722222222,200
131.1578213888889,33.39628972222222,203
131.15834777777778,33.3961325,205
131.15892055555557,33.395985,204
131.15956055555554,33.395781944444444,210
131.16008805555555,33.3955325,213
131.16048388888888,33.39530888888889,214
131.1607888888889,33.395140833333336,214
131.16094944444444,33.39503361111111,215
131.1611861111111,33.39488166666667,215
131.1614225,33.39469277777778,215
131.1615136111111,33.394576666666666,214
131.16178833333333,33.39416444444444,214
131.16181972222222,33.39412333333333,213
131.1622461111111,33.3934775,204
131.162575,33.39297944444444,205
131.1629861111111,33.392333055555554,208
131.16342138888888,33.39175916666667,210
131.16379555555557,33.39131111111111,211
131.16410055555556,33.39100055555556,212
131.16432194444445,33.390701388888886,211
131.16442055555555,33.39046722222222,210
131.16449,33.39029444444444,209
131.1645888888889,33.389694444444444,208
131.16464944444445,33.389318055555556,209
131.16476444444444,33.38877333333333,209
131.16486333333333,33.38836666666667,209
131.16492416666668,33.388128055555555,209
131.16495444444445,33.387482222222225,212
131.16497083333334,33.38731972222222,213
131.16503916666667,33.38711555555555,213
131.16513777777777,33.38692777777778,214
131.16545916666666,33.386424444444444,217
131.16566416666666,33.3860275,218
131.16580944444445,33.38546777777778,219
131.16590055555557,33.385086666666666,223
131.16590055555557,33.384816666666666,223
131.1658627777778,33.38449111111111,222
131.16580194444444,33.38426222222222,222
131.16571083333332,33.38406888888889,222
131.1656336111111,33.38397805555555,222
131.16531361111112,33.38372861111111,223
131.16500861111112,33.383495277777776,226
131.16493916666667,33.38337805555555,225
131.16494722222222,33.38324583333333,224
131.16498611111112,33.382975555555554,224
131.16512305555557,33.38258388888889,226
131.1652063888889,33.38193833333333,225
131.16524555555554,33.38169416666667,225
131.16538222222223,33.38104861111111,226
131.16547444444444,33.380651666666665,227
131.16555055555557,33.380066666666664,235
131.16552777777778,33.379675,234
131.16545055555557,33.37938527777778,235
131.16531388888887,33.37911111111111,236
131.16526083333332,33.37895361111111,235
131.16526083333332,33.37878555555555,234
131.16531388888887,33.37865861111111,232
131.16552777777778,33.37846,241
131.16590083333332,33.378078055555555,243
131.16617555555555,33.3777375,243
131.16645111111112,33.3773,245
131.1666952777778,33.37665472222222,245
131.16676361111112,33.376486666666665,246
131.16683944444443,33.37623694444444,246
131.16683944444443,33.375901666666664,246
131.16682444444444,33.375636944444445,246
131.16680166666666,33.37541888888889,247
131.16649666666666,33.3747725,246
131.16638916666668,33.37455972222222,246
131.16632083333334,33.374295,244
131.16633611111112,33.374050833333335,243
131.16645111111112,33.373511666666666,244
131.16643583333334,33.37331833333333,244
131.1663738888889,33.37307972222222,245
131.16616027777778,33.37277916666667,245
131.16558833333335,33.37213388888889,246
131.16547444444444,33.372011111111114,246
131.16519888888888,33.37164555555555,249
131.16511527777777,33.37151305555555,253
131.1650775,33.371386111111114,253
131.16507777777778,33.37119194444445,253
131.16512333333333,33.37096833333333,252
131.16522277777779,33.370785,252
131.16537472222223,33.37063861111111,254
131.16588583333333,33.37034361111111,255
131.16626,33.37019611111111,264
131.16648916666668,33.37014527777778,266
131.16671027777778,33.370134444444446,262
131.16694694444445,33.37016027777778,264
131.1678086111111,33.370444722222224,265
131.16806027777778,33.37052611111111,267
131.1682361111111,33.37050111111111,267
131.1683727777778,33.370444722222224,267
131.16860888888888,33.37013,268
131.168915,33.36948861111111,276
131.16907444444445,33.369285833333336,274
131.16925777777777,33.369127222222225,275
131.1696247222222,33.368919166666664,277
131.17001305555556,33.36873583333333,276
131.17021166666666,33.368588333333335,277
131.17033305555555,33.36844611111111,275
131.1704102777778,33.36824333333333,277
131.17043305555555,33.36808055555556,278
131.1704102777778,33.367963333333336,279
131.17032555555556,33.36770416666667,283
131.1702875,33.367535833333335,284
131.1703102777778,33.36741444444444,283
131.170395,33.36729722222222,285
131.17053944444444,33.367155,284
131.1708377777778,33.366930555555555,286
131.17121111111112,33.36669722222222,287
131.17177527777778,33.366245,286
131.17198888888888,33.366101666666665,292
131.17211166666667,33.366076666666665,293
131.17236333333332,33.36608638888889,294
131.17311055555555,33.366213333333334,293
131.1733625,33.366213333333334,294
131.17359888888888,33.36617861111111,295
131.17385055555556,33.366101666666665,295
131.17407194444445,33.36598444444444,295
131.1742088888889,33.36588777777778,295
131.17433888888888,33.365720833333334,296
131.17438444444446,33.3655625,296
131.17437694444445,33.36536944444445,296
131.17430861111112,33.36523722222222,297
131.17423916666667,33.36515138888889,295
131.17403416666667,33.36504388888889,296
131.17375944444444,33.36495277777778,297
131.17354583333332,33.36488111111111,297
131.1733397222222,33.36479555555555,297
131.17323972222223,33.36474444444445,297
131.17317138888887,33.364627222222225,298
131.17317138888887,33.36454583333333,302
131.17320944444444,33.36441888888889,303
131.17327138888888,33.36432666666666,303
131.17359888888888,33.36407833333333,304
131.17427055555555,33.363615,306
131.17479694444444,33.36324388888889,306
131.17497166666666,33.363096666666664,306
131.17508666666666,33.362898055555554,305
131.17526222222222,33.362273055555555,308
131.17545222222222,33.36165222222222,308
131.17552166666667,33.361402777777776,308
131.17555194444444,33.36118888888889,308
131.17551416666666,33.36073138888889,309
131.17552166666667,33.36056861111111,314
131.17557472222222,33.360436388888886,316
131.17577333333332,33.360187777777774,316
131.17618472222222,33.35975472222222,318
131.17641361111112,33.359455277777776,318
131.1765513888889,33.35921111111111,319
131.17661222222222,33.35898666666667,322
131.17667305555557,33.35879361111111,335
131.17673472222222,33.358600555555554,348
131.17679555555554,33.3584075,360
131.17682583333334,33.35830555555555,367
131.17703972222222,33.35776194444445,354
131.1770625,33.357684722222224,348
131.17710055555557,33.35751222222222,336
131.1771461111111,33.357344166666664,333
131.177185,33.3572475,336
131.17724583333333,33.35709027777778,337
131.17735222222223,33.35697833333333,339
131.1774975,33.35687111111111,338
131.17777222222222,33.356815555555556,336
131.17804666666666,33.35676472222222,336
131.17829805555556,33.356678055555555,337
131.17835888888888,33.35663805555556,336
131.17841305555555,33.35657166666667,338
131.17843583333334,33.356429722222224,338
131.17845888888888,33.35617027777778,338
131.17849694444445,33.35583944444444,337
131.178535,33.35572222222222,338
131.17868805555557,33.35547805555556,338
131.1787713888889,33.355264166666664,339
131.17880194444444,33.35501583333333,339
131.1787713888889,33.35471527777778,345
131.1787336111111,33.35447138888889,346
131.1787336111111,33.35432388888889,347
131.17880194444444,33.35414055555555,346
131.1789625,33.3539625,346
131.17967166666668,33.35346444444444,348
131.18000722222223,33.35319972222222,349
131.18016,33.353046666666664,347
131.18021333333334,33.352940277777776,347
131.18019805555556,33.3527625,348
131.18016,33.35263972222222,348
131.18007555555556,33.3524825,348
131.1796025,33.35183722222222,349
131.1793586111111,33.35151166666667,349
131.17893194444446,33.35086583333333,354
131.17880944444445,33.3506825,355
131.1785727777778,33.35036138888889,357
131.17838944444443,33.35014861111111,357
131.17820722222223,33.35006194444444,358
131.1778711111111,33.34989916666667,358
131.17774972222222,33.349808055555556,359
131.17763472222222,33.349670277777776,358
131.17739805555556,33.34923333333333,359
131.17729944444446,33.34897388888889,359
131.17717777777779,33.34856694444444,367
131.1771236111111,33.348215555555555,369
131.17708555555555,33.34761527777778,369
131.17708555555555,33.347406944444444,369
131.17704,33.34728,369
131.17690972222223,33.34712277777778,374
131.17639861111113,33.34654805555556,375
131.17602583333334,33.3462225,378
131.17572083333334,33.34604888888889,379
131.17545277777776,33.345870833333336,383
131.17528583333333,33.34571361111111,383
131.17517055555555,33.34555611111111,385
131.17511,33.3453575,387
131.17508722222223,33.34517972222222,388
131.17507194444445,33.34499638888889,390
131.17508722222223,33.344915,395
131.17514777777777,33.344788055555554,393
131.17524777777777,33.344681666666666,392
131.17545277777776,33.344589444444445,392
131.17573611111112,33.34454916666667,394
131.17646083333332,33.34453833333333,397
131.1766736111111,33.34450805555556,398
131.1767886111111,33.3444475,398
131.17687194444446,33.34430527777778,399
131.17701,33.34385722222222,405
131.17710861111112,33.34370527777778,404
131.17727666666667,33.343495833333336,405
131.17742222222222,33.343359166666666,405
131.17757416666666,33.34321694444444,407
131.17758916666668,33.34310416666667,408
131.17752083333335,33.34300777777778,407
131.1774375,33.342956666666666,407
131.17735277777777,33.342931666666665,408
131.17720833333334,33.342973055555554,408
131.17700222222223,33.34315083333333,415
131.17684916666667,33.34333861111111,416
131.17668972222222,33.34362388888889,415
131.1764988888889,33.343964722222225,415
131.17639888888888,33.344091666666664,415
131.17630027777778,33.34413722222222,413
131.17610916666666,33.34415777777778,413
131.17585,33.34413722222222,413
131.1756513888889,33.344091666666664,415
131.17557527777777,33.344030833333335,415
131.17547666666667,33.34388333333333,416
131.17520861111112,33.34345027777778,423
131.17508722222223,33.34325722222222,423
131.17462944444443,33.34261166666667,427
131.17420972222223,33.34203111111111,432
131.17378305555556,33.341385833333334,435
131.17356166666667,33.341054722222225,437
131.17315694444446,33.34040916666667,448
131.17293583333333,33.34007388888889,454
131.172745,33.33974833333333,467
131.17260083333332,33.33949888888889,476
131.17236416666665,33.33907138888889,480
131.17218833333334,33.33875138888889,478
131.1721125,33.338568055555555,477
131.17207444444443,33.33832388888889,476
131.1719975,33.337678333333336,472
131.17198972222224,33.3376175,472
131.17195194444446,33.337021944444444,469
131.17192138888888,33.336666111111114,468
131.17195194444446,33.33653888888889,468
131.17192138888888,33.33644666666667,468
131.1718836111111,33.33637638888889,467
131.1717988888889,33.33628,467
131.1711361111111,33.335633333333334,465
131.17105916666668,33.335568055555555,465
131.17086166666667,33.335364166666665,461
131.17074666666667,33.33524694444444,463
131.1707011111111,33.33515027777778,460
131.17066305555556,33.33498222222222,459
131.17056333333332,33.334336666666665,458
131.1705025,33.334001388888886,458
131.17047194444444,33.33385916666667,458
131.1703961111111,33.33364,458
131.1702736111111,33.33338055555556,457
131.17015194444446,33.333217777777776,455
131.17002166666666,33.333106111111114,453
131.16990027777777,33.33305,455
131.16970166666667,33.33300972222222,453
131.16909083333334,33.332882777777776,452
131.16892388888888,33.33283194444444,453
131.1687861111111,33.33273972222222,455
131.16823722222222,33.33233277777778,449
131.1681536111111,33.3322775,449
131.16718472222223,33.3316925,449
131.1664597222222,33.33125972222222,448
131.16642833333333,33.33123888888889,448
131.16546083333333,33.33069,448
131.16531527777778,33.33056833333333,447
131.16522416666666,33.33046638888889,446
131.1650788888889,33.33023194444444,444
131.164865,33.329815277777776,443
131.16463611111112,33.32934777777778,442
131.16449944444443,33.32920055555556,440
131.16438444444444,33.32910833333333,439
131.16424,33.32901694444445,438
131.16386555555556,33.32886416666667,438
131.16333972222222,33.3287425,438
131.16255416666667,33.328585277777776,438
131.16238583333333,33.32852333333334,436
131.16221,33.32843222222222,437
131.16171416666666,33.328025277777776,432
131.16134861111112,33.32774,433
131.16121083333334,33.32759333333333,436
131.16115,33.32748055555555,435
131.16108916666667,33.32727222222222,434
131.1610275,33.32705861111111,429
131.1609513888889,33.32697722222222,429
131.16087555555555,33.32692611111111,429
131.16067694444445,33.32682527777778,429
131.16020416666666,33.32664194444445,428
131.16009777777776,33.32653972222222,428
131.16002833333334,33.32643361111111,428
131.15999027777778,33.32636194444444,427
131.15968555555557,33.325716388888885,425
131.15957805555556,33.32553277777778,423
131.15938805555555,33.325360277777776,422
131.15907444444446,33.32512611111111,422
131.158915,33.32497305555555,417
131.15857861111112,33.32459222222222,416
131.15854055555556,33.32455083333333,416
131.15801444444443,33.323905555555555,412
131.15790055555556,33.323814444444444,411
131.1577247222222,33.32371777777778,408
131.15746555555555,33.32357472222222,406
131.1571986111111,33.323458611111114,405
131.1570761111111,33.32333583333333,403
131.15703805555555,33.32320888888889,401
131.15700777777778,33.32292888888889,400
131.15695444444444,33.32228333333333,399
131.15692416666667,33.321891666666666,398
131.156885,33.3216725,398
131.15677888888888,33.32102694444445,397
131.1566411111111,33.32041611111111,397
131.15660305555556,33.32011638888889,396
131.15660305555556,33.32006,395
131.15660305555556,33.31941444444445,394
131.15663333333333,33.31902861111111,392
131.15668,33.31838166666667,389
131.1566877777778,33.31820388888889,389
131.15671055555555,33.31755833333333,388
131.15670277777778,33.31711111111111,388
131.1566877777778,33.317054722222224,387
131.1565575,33.316409166666666,387
131.15643583333335,33.3157625,386
131.1563136111111,33.31511694444445,386
131.1562375,33.31471555555556,387
131.15621472222222,33.314507222222225,387
131.15626055555555,33.314206666666664,385
131.15636666666666,33.31389083333333,384
131.1565425,33.31360111111111,379
131.1567638888889,33.313275833333336,379
131.1570763888889,33.312889444444444,378
131.1571761111111,33.31280805555556,378
131.15736611111112,33.31272666666667,377
131.15762527777778,33.31268111111111,375
131.15790083333334,33.31259416666666,376
131.15806027777776,33.31251833333334,376
131.15822833333334,33.31236555555556,376
131.15826305555555,33.31231777777778,376
131.15826305555555,33.31231777777778,376
131.158465,33.31204,373
131.15892277777778,33.311394444444446,369
131.1591138888889,33.311165555555554,367
131.15927333333335,33.311033055555555,367
131.15947944444446,33.31093666666667,368
131.1601511111111,33.31064138888889,364
131.16027277777778,33.310545,359
131.16042583333333,33.31039194444445,359
131.1605625,33.310183611111114,359
131.16089888888888,33.309578333333334,355
131.16124916666666,33.30893277777778,351
131.16137944444444,33.30853555555556,355
131.16144027777779,33.30829138888889,357
131.16146305555554,33.308185,356
131.1615011111111,33.30809388888889,355
131.1615627777778,33.30801694444445,354
131.16148583333333,33.30791055555556,353
131.16144027777779,33.30781944444445,354
131.16127194444445,33.30717305555556,350
131.16120361111112,33.30694416666667,348
131.16101277777778,33.30629833333333,348
131.16099,33.30622694444445,348
131.16097472222222,33.306110833333335,348
131.16097472222222,33.3059275,348
131.1609975,33.305280555555555,348
131.16101277777778,33.30511777777778,348
131.16101277777778,33.30509305555555,348
131.16099027777778,33.30490944444445,346
131.1609675,33.3047825,346
131.16079166666665,33.304273611111114,343
131.1606625,33.30390277777778,342
131.16063972222221,33.303760833333335,341
131.16063972222221,33.303669722222224,341
131.1606625,33.30335916666667,341
131.16072333333332,33.30307388888889,341
131.16085361111112,33.30242833333333,341
131.1608611111111,33.30233611111111,340
131.16095222222222,33.301944444444445,339
131.16093694444444,33.30182833333333,339
131.1608913888889,33.30155361111111,339
131.16079916666666,33.301096111111114,339
131.16075361111112,33.30088666666666,338
131.16063972222221,33.30032777777778,337
131.16058666666666,33.300195555555554,337
131.1605172222222,33.30007833333333,337
131.16040333333333,33.299976388888886,336
131.16028805555555,33.299885277777776,336
131.1601363888889,33.29980388888889,337
131.1591675,33.299295,338
131.15902972222221,33.29918305555555,338
131.15891583333334,33.299035555555555,338
131.15886166666667,33.29895972222222,338
131.1588236111111,33.29885222222222,338
131.15877805555556,33.298583055555554,338
131.15874,33.298339166666665,338
131.15866416666665,33.297693611111114,338
131.1586336111111,33.29743416666667,338
131.15856416666668,33.2967875,337
131.15850361111112,33.29614194444444,336
131.15847305555556,33.295969444444445,336
131.15838194444444,33.295323055555556,337
131.15828972222224,33.2946775,337
131.15826694444445,33.29449388888889,337
131.15822888888889,33.2941175,337
131.15815305555554,33.29347194444444,335
131.15809916666666,33.29309555555555,334
131.15803083333333,33.29245,332
131.15795472222223,33.291804444444445,330
131.15793944444445,33.2917025,330
131.15790166666667,33.29143777777778,328
131.15789388888888,33.291269444444445,328
131.1578625,33.291087222222224,328
131.15783972222223,33.29069555555556,329
131.15777888888888,33.290237777777776,329
131.15774861111112,33.290033888888885,329
131.1577411111111,33.28988638888889,329
131.15774861111112,33.28927111111111,329
131.1577638888889,33.28911361111111,328
131.15783972222223,33.288696944444446,329
131.1579775,33.28809583333334,338
131.15811416666668,33.28767944444444,338
131.15829,33.287236944444444,338
131.1582977777778,33.28722166666667,338
131.1586025,33.28657611111111,346
131.1588011111111,33.286189722222225,346
131.15913,33.28554305555556,346
131.15936638888888,33.285055,344
131.1596788888889,33.28440944444444,342
131.15981555555555,33.28433777777778,345
131.1601447222222,33.28369222222222,343
131.1604725,33.283046666666664,341
131.16065583333332,33.282695,339
131.16082722222222,33.28230138888889,338
131.16082722222222,33.28230027777778,338
131.16085444444445,33.2822375,338
131.1608238888889,33.2822375,338
131.16066333333333,33.282202777777776,338
131.16064055555555,33.282202777777776,338
131.16071666666667,33.28199333333333,338
131.16075444444445,33.28188138888889,338
131.16076222222222,33.281754444444445,338
131.1607772222222,33.2816275,338
131.16076222222222,33.281531111111114,338
131.16073944444443,33.281419166666666,337
131.16032694444445,33.28157111111111,337
131.15966416666666,33.28178055555556,336
131.15958694444444,33.28180555555556,336
131.15902166666666,33.28198,335
131.15902166666666,33.28198111111111,335
131.15861805555556,33.28210583333333,335
131.15765027777778,33.28240527777778,333
131.15716972222222,33.282558333333334,333
131.15620083333334,33.28286305555555,333
131.15597944444445,33.28293472222222,333
131.15501055555555,33.283228888888885,331
131.15404138888888,33.283519444444444,329
131.15397194444444,33.283544444444445,328
131.15300305555556,33.283879722222224,328
131.1528436111111,33.28395111111111,328
131.15280555555555,33.2837375,328
131.15279027777777,33.28362027777778,328
131.15279027777777,33.28359527777778,328
131.1527675,33.283285,327
131.1527288888889,33.282914166666664,326
131.15266805555555,33.282268611111114,326
131.152615,33.281754166666666,326
131.15258333333333,33.28151888888889,326
131.15258333333333,33.28151777777778,326
131.152615,33.281754166666666,326
131.15266805555555,33.282268611111114,326
131.1527288888889,33.282914166666664,326
131.1527675,33.283285,327
131.15279027777777,33.28359527777778,328
131.15279027777777,33.28362027777778,328
131.15280555555555,33.2837375,328
131.1528436111111,33.28395111111111,328
131.15300305555556,33.283879722222224,328
131.15397194444444,33.283544444444445,328
131.15404138888888,33.283519444444444,329
131.15501055555555,33.283228888888885,331
131.15597944444445,33.28293472222222,333
131.15620083333334,33.28286305555555,333
131.15716972222222,33.282558333333334,333
131.15765027777778,33.28240527777778,333
131.1584725,33.28215027777778,333
131.15847166666666,33.28215138888889,334
131.15861805555556,33.28210583333333,335
131.15958694444444,33.28180555555556,336
131.15966416666666,33.28178055555556,336
131.16032694444445,33.28157111111111,337
131.16073944444443,33.281419166666666,337
131.16076222222222,33.281531111111114,338
131.1607772222222,33.2816275,338
131.16076222222222,33.281754444444445,338
131.16075444444445,33.28188138888889,338
131.16071666666667,33.28199333333333,338
131.16064055555555,33.282202777777776,338
131.16048,33.28259416666667,339
131.16028138888888,33.282980277777774,340
131.1599613888889,33.28362611111111,340
131.15964861111112,33.28427166666667,341
131.1596788888889,33.28440944444444,342
131.15984722222223,33.28408944444445,341
131.1601675,33.2834425,341
131.1604875,33.28279694444444,340
131.16066333333333,33.28245111111111,338
131.16071666666667,33.28231888888889,338
131.16076222222222,33.282202777777776,338
131.16081527777777,33.282019166666664,338
131.16084361111112,33.281885833333334,338
131.16084361111112,33.28188472222222,338
131.16081527777777,33.282019166666664,338
131.16076222222222,33.282202777777776,338
131.16071666666667,33.28231888888889,338
131.16066333333333,33.28245111111111,338
131.1604875,33.28279694444444,340
131.1601675,33.2834425,341
131.15984722222223,33.28408944444445,341
131.1596788888889,33.28440944444444,342
131.15936638888888,33.285055,344
131.15913,33.28554305555556,346
131.1588011111111,33.286189722222225,346
131.1586025,33.28657611111111,346
131.1582977777778,33.28722166666667,338
131.15829,33.287236944444444,338
131.15811416666668,33.28767944444444,338
131.1579775,33.28809583333334,338
131.15783972222223,33.288696944444446,329
131.1577638888889,33.28911361111111,328
131.15774861111112,33.28927111111111,329
131.15779527777778,33.289273333333334,329
</coordinates>
</LineString>
</Placemark>
</Document>
</kml>
