<?xml version="1.0" encoding="UTF-8"?>
<kml xmlns="http://www.opengis.net/kml/2.2" xmlns:atom="http://www.w3.org/2005/Atom">
<Document>
<name>52代夏合宿in中国 6日目 石見ルート</name>
<atom:author>
<atom:name>ぺらあ</atom:name>
</atom:author> 
<atom:link href="https://latlonglab.yahoo.co.jp/route/watch?id=2bdf5251594546896a927c27165e44b2" />
<description><![CDATA[8/16(土)
98.2km 920up

買い出し地：プリル一番街本店(9:00~21:00)
http://www.bangai.co.jp/service.html

テン泊地：石見海浜公園オートキャンプ場(当日受付)
http://www.kkisp.jp/camp/contents02.php
http://kkisp873.rsjp.net/goods.html

主な見どころ
・匹見峡･･･奇岩絶壁の渓谷美。
http://www.town.hikimi.shimane.jp/hikimi/kanko/
・石見畳ヶ浦･･･波の浸食と地盤の隆起によってできた海食台。
http://fukumitsu.xii.jp/syu_f/IwamiTatamigaura_.html
http://www.pref.shimane.lg.jp/environment/nature/shizen/shimane/shun/tatamigaura.html]]></description>
<tags><![CDATA[WCC52nd 夏合宿]]></tags>  
<Placemark>
<Style>
<LineStyle>
<color>99ff0000</color>
<width>6</width>
</LineStyle>
</Style>
<LineString>
<coordinates>
132.1720961111111,34.679478055555556,775
132.1721861111111,34.67958111111111,775
132.1722611111111,34.67961388888889,776
132.17239805555556,34.67963888888889,776
132.17242305555556,34.67993111111111,771
132.17246111111112,34.68004805555555,771
132.17256111111112,34.68018111111111,772
132.17269805555554,34.680706111111114,772
132.17278611111112,34.68111388888889,776
132.17292305555554,34.68173888888889,776
132.17301111111112,34.68193888888889,777
132.1731111111111,34.68212194444445,777
132.17332305555556,34.682338888888886,770
132.1736611111111,34.68263888888889,762
132.17442305555556,34.683905,762
132.17461111111112,34.68412194444444,762
132.17479805555556,34.68428888888889,763
132.1749861111111,34.684405,762
132.17506111111112,34.68449694444445,761
132.17511,34.684688888888886,762
132.17511,34.684713888888886,762
132.175085,34.68519694444444,767
132.17509805555557,34.68531388888889,766
132.175135,34.68543888888889,767
132.17527305555555,34.68559694444444,766
132.17532305555557,34.68568805555555,765
132.17537305555555,34.685855,767
132.17524805555556,34.685896944444444,768
132.17322305555555,34.68636305555555,763
132.17258611111112,34.68648805555556,762
132.1711611111111,34.68676305555555,756
132.17063611111112,34.68687194444445,758
132.17027305555555,34.68704694444445,758
132.16972305555555,34.68748,759
132.16932305555557,34.68801305555556,759
132.16874805555557,34.688755,764
132.1675111111111,34.690221111111114,769
132.1672111111111,34.690553888888886,773
132.16577388888888,34.69213694444444,777
132.16519888888888,34.69272888888889,777
132.1648361111111,34.69307888888889,770
132.1646988888889,34.69317111111111,769
132.1645488888889,34.693261944444444,768
132.16418611111112,34.69341194444444,767
132.1639361111111,34.69347888888889,766
132.1636738888889,34.69350388888889,765
132.1632988888889,34.69352111111111,765
132.1630361111111,34.69347888888889,765
132.16283611111112,34.69344611111111,766
132.1625361111111,34.69336194444445,767
132.1622111111111,34.693196111111114,767
132.1618861111111,34.69293694444445,768
132.16179888888888,34.69284611111111,767
132.16167388888888,34.692703888888886,767
132.1615611111111,34.69249611111111,766
132.16101111111112,34.69110388888889,765
132.16079888888888,34.69067888888889,765
132.1604238888889,34.69016194444445,767
132.1600738888889,34.68982888888889,768
132.15963694444446,34.68955388888889,768
132.1592488888889,34.689413055555555,758
132.15878694444444,34.68928805555556,751
132.1572988888889,34.689078888888886,745
132.1570738888889,34.68899611111111,743
132.15688694444444,34.688836944444446,739
132.15671194444445,34.68862111111111,736
132.15641194444444,34.68812111111111,736
132.15566194444443,34.68665388888889,727
132.15491194444445,34.68518,714
132.15441194444443,34.68429611111111,711
132.15405,34.68382111111111,706
132.15366194444445,34.683405,703
132.15281194444444,34.682746944444446,702
132.15206194444445,34.68228805555555,692
132.15175,34.682096944444446,685
132.15138694444445,34.68183805555555,685
132.15111194444444,34.68152194444444,681
132.15018694444444,34.68033888888889,677
132.14995,34.68009694444444,676
132.149125,34.67939694444444,672
132.148725,34.67899694444444,672
132.14845,34.67859694444444,672
132.14835,34.67838888888889,668
132.14815,34.67791388888889,666
132.14793805555556,34.67755611111111,664
132.14753805555554,34.67710611111111,663
132.147025,34.67661388888889,657
132.14596305555557,34.67579805555555,655
132.14547611111112,34.67550611111111,652
132.14496305555556,34.67518888888889,648
132.14447611111112,34.67490611111111,644
132.1433761111111,34.67426388888889,639
132.14306305555556,34.67400611111111,637
132.14296305555555,34.67383111111111,637
132.14290111111112,34.673673055555554,637
132.14275111111112,34.67286388888889,634
132.14261305555556,34.67245611111111,629
132.14255111111112,34.67232305555556,629
132.14238805555556,34.67214805555555,629
132.1420511111111,34.67198111111111,629
132.14068805555556,34.67159,627
132.14028805555554,34.67149,626
132.13992611111112,34.67147305555556,624
132.1390761111111,34.67154,622
132.1378388888889,34.67160611111111,616
132.1370511111111,34.67158111111111,617
132.13655111111112,34.67143111111111,614
132.1362511111111,34.67124805555556,614
132.1360011111111,34.67095611111111,612
132.1358888888889,34.67074,614
132.13551388888888,34.669873055555556,614
132.13482611111112,34.66878194444445,603
132.1343261111111,34.66818194444444,601
132.1339638888889,34.667898055555554,600
132.13337611111112,34.66749,592
132.1327388888889,34.66714,590
132.1323261111111,34.666865,588
132.1311888888889,34.66588194444444,584
132.1310388888889,34.66579888888889,585
132.13066388888888,34.665706944444445,583
132.1303388888889,34.665665,582
132.1298011111111,34.66559,582
132.12941388888888,34.665481944444444,579
132.12910194444444,34.66529888888889,578
132.12885194444445,34.665115,578
132.12795194444445,34.664048888888885,576
132.12750194444445,34.663831944444446,575
132.12710194444443,34.66369,577
132.12595194444444,34.66327388888889,575
132.1257138888889,34.66314111111111,575
132.1253888888889,34.662931944444445,575
132.1251388888889,34.66267388888889,568
132.12498888888888,34.66247388888889,568
132.1249388888889,34.66223194444444,565
132.1249138888889,34.66096611111111,563
132.12477694444445,34.660581944444445,563
132.12462694444446,34.66031611111111,565
132.12443888888887,34.66009888888889,565
132.12250194444445,34.658658055555556,562
132.12110194444443,34.657873888888886,565
132.12080194444445,34.657648888888886,558
132.12010194444446,34.65694888888889,554
132.11934,34.65617388888889,543
132.11910194444445,34.65600805555555,546
132.11884,34.65584888888889,544
132.11852694444445,34.65575805555556,545
132.11804,34.65569888888889,562
132.11782805555555,34.65554111111111,557
132.11769,34.65532388888889,555
132.117515,34.65454888888889,546
132.11742694444445,34.65425805555556,547
132.11722805555556,34.653458055555554,542
132.117115,34.653283055555555,545
132.11605305555557,34.652125,536
132.11585305555556,34.65195,535
132.11542805555555,34.651783055555555,538
132.114915,34.65164111111111,534
132.113965,34.65145,532
132.113365,34.6513,525
132.11299,34.65116694444445,526
132.11180305555555,34.65055,517
132.11069111111112,34.64969194444444,518
132.11017805555556,34.6492,517
132.10882805555556,34.64760888888889,516
132.10792805555556,34.646541944444444,512
132.10762805555555,34.64628388888889,512
132.10735305555556,34.64610888888889,514
132.10686611111112,34.64589194444444,516
132.10627888888888,34.645691944444444,509
132.1056911111111,34.645583888888886,507
132.104905,34.64531111111111,506
132.104905,34.64531111111111,506
132.10480388888888,34.64527611111111,506
132.1037661111111,34.64478388888889,509
132.1034788888889,34.644576111111114,508
132.10310388888888,34.64429194444445,507
132.10276611111112,34.64391694444444,507
132.1022538888889,34.64333388888889,508
132.1019161111111,34.64292611111111,499
132.10172888888889,34.64264194444444,497
132.10161694444446,34.64244194444444,496
132.10156694444444,34.642266944444444,495
132.10151694444446,34.64126805555556,498
132.10150388888889,34.64105111111111,497
132.10146694444444,34.64075888888889,495
132.10136694444444,34.64042611111111,493
132.10111694444444,34.640208888888885,494
132.10062888888888,34.640008888888886,496
132.09936694444445,34.63962611111111,495
132.09881694444445,34.63935111111111,496
132.09831694444443,34.63907611111111,495
132.09764194444443,34.63870111111111,487
132.09736694444445,34.638618055555554,484
132.09716694444444,34.63858388888889,482
132.09694194444444,34.63860888888889,482
132.0968038888889,34.638668055555556,483
132.0967038888889,34.63877611111111,482
132.09639194444443,34.63940888888889,483
132.09632888888888,34.63952611111111,483
132.09621694444445,34.63964305555555,482
132.096055,34.639741944444445,483
132.09576694444445,34.63986805555555,481
132.094955,34.64013388888889,477
132.09398,34.64031694444444,477
132.09279305555555,34.640301111111114,476
132.09248,34.64033388888889,477
132.09229305555556,34.64041805555556,476
132.092105,34.640543055555554,475
132.09181694444445,34.64082611111111,477
132.09169194444445,34.64105111111111,474
132.09163,34.64135888888889,463
132.091555,34.641866944444445,470
132.09149194444444,34.64201694444444,470
132.09131805555555,34.643008888888886,474
132.09079305555557,34.642783888888886,477
132.09046694444444,34.64256694444445,477
132.09034194444445,34.64244194444444,473
132.09019305555555,34.64228388888889,479
132.09004305555555,34.642066944444444,479
132.089855,34.64171694444445,479
132.08974305555554,34.641441944444445,479
132.089555,34.64080111111111,477
132.08953,34.64045888888889,475
132.08953,34.64042611111111,473
132.089605,34.63986805555555,465
132.08971805555555,34.63903388888889,473
132.08991805555556,34.63766805555556,472
132.090005,34.63679305555556,465
132.08994305555555,34.63630888888889,465
132.08984305555555,34.63610111111111,465
132.08946805555556,34.63582611111111,466
132.088855,34.63543388888889,466
132.088705,34.635243055555556,466
132.08861805555554,34.635018055555555,467
132.08861805555554,34.63471,467
132.08873,34.634185,475
132.08873111111112,34.63382611111111,474
132.0886311111111,34.63350111111111,467
132.08819305555556,34.632418055555554,466
132.08791805555555,34.63166,462
132.0874061111111,34.63084305555556,465
132.0871061111111,34.63040194444444,464
132.08664305555556,34.62971805555556,457
132.0859561111111,34.628976944444446,456
132.08486805555555,34.62802694444444,457
132.0847061111111,34.627876944444445,456
132.0844811111111,34.627626944444444,454
132.0843438888889,34.62740194444444,451
132.08404388888889,34.62681888888889,450
132.0836438888889,34.62601,448
132.08340611111112,34.62569388888889,449
132.0830688888889,34.62529388888889,449
132.0826188888889,34.62483611111111,449
132.0824061111111,34.624586111111114,448
132.0823061111111,34.624251944444445,447
132.0822188888889,34.62389388888889,446
132.08205611111111,34.623736111111114,444
132.0810561111111,34.62290194444444,445
132.0808438888889,34.622751944444445,443
132.08054388888888,34.62261111111111,442
132.08023194444445,34.62254388888889,439
132.07805694444446,34.62234388888889,438
132.07798194444445,34.62233611111111,437
132.0776938888889,34.62229388888889,438
132.07728194444445,34.622236111111114,439
132.07698194444444,34.62217694444445,438
132.0768688888889,34.622168888888886,438
132.07660694444445,34.62213611111111,439
132.0762188888889,34.622076944444444,438
132.07575694444444,34.62201888888889,438
132.07546888888888,34.62198611111111,436
132.07485694444443,34.62186888888889,435
132.07452,34.62176888888889,433
132.07427,34.621676944444445,436
132.07415694444444,34.62157694444444,433
132.07400694444445,34.62144388888889,431
132.07380694444444,34.62111111111111,432
132.073695,34.62072805555555,434
132.07370694444444,34.620378055555555,434
132.07387,34.619753055555556,434
132.07383194444444,34.61936111111111,429
132.07370694444444,34.61898611111111,428
132.07348194444444,34.618003055555555,427
132.07340805555555,34.61763611111111,424
132.07328305555555,34.61736111111111,423
132.07312,34.61721111111111,420
132.07253194444445,34.616818888888886,427
132.07225805555555,34.61656888888889,427
132.07208194444445,34.61636111111111,428
132.071645,34.61571111111111,426
132.07140694444445,34.61550305555556,427
132.07110805555556,34.61523611111111,428
132.070745,34.61466111111111,426
132.07072,34.614395,423
132.07067,34.614178055555556,421
132.07043305555555,34.61386111111111,425
132.07018305555556,34.61365305555555,423
132.06995805555556,34.61357,425
132.06960805555556,34.613503055555555,427
132.06905805555556,34.613261944444446,424
132.06887111111112,34.61312,426
132.0681711111111,34.612478055555556,422
132.06780805555556,34.612295,417
132.0665711111111,34.61192,416
132.06559611111112,34.611695,419
132.0652961111111,34.611628055555556,418
132.06480805555555,34.611603055555555,422
132.06434611111112,34.61136194444445,418
132.06415805555557,34.61130305555555,417
132.06379611111112,34.61126194444444,419
132.0636338888889,34.61117,419
132.0632338888889,34.61076194444444,417
132.0631338888889,34.61052,416
132.0630211111111,34.61028694444445,414
132.06287111111112,34.60992,417
132.0626961111111,34.609645,414
132.06229611111112,34.609186944444446,416
132.0621461111111,34.608845,412
132.0620088888889,34.608545,415
132.0617961111111,34.60807111111111,415
132.06162111111112,34.60757888888889,415
132.0612088888889,34.60633694444444,413
132.06115888888888,34.605986944444446,413
132.06119611111112,34.60564611111111,414
132.0620211111111,34.603321111111114,411
132.0620211111111,34.603003888888885,406
132.06197111111112,34.60282111111111,407
132.06184611111112,34.60258805555556,406
132.0616711111111,34.60234611111111,405
132.06138388888888,34.60197111111111,405
132.0610838888889,34.601605,410
132.06050888888888,34.600855,427
132.06042194444444,34.600746111111114,410
132.05992194444445,34.600096111111114,404
132.0597838888889,34.599963055555556,416
132.0577338888889,34.59767194444444,405
132.056385,34.59606388888889,398
132.05632194444445,34.595996944444444,391
132.05572194444446,34.59528,421
132.05566,34.595205,433
132.05482305555554,34.59420611111111,426
132.051785,34.590921944444446,401
132.0485611111111,34.58738888888889,374
132.0478861111111,34.586548055555554,368
132.0459611111111,34.584406111111115,352
132.0420488888889,34.580131944444446,319
132.0418738888889,34.57994,319
132.04202388888888,34.57994,317
132.04213694444445,34.57999,314
132.04224888888888,34.58007305555556,315
132.04238694444444,34.580148055555554,317
132.0425488888889,34.580165,317
132.04279888888888,34.58014,318
132.04331194444444,34.57999,314
132.0435488888889,34.579906944444446,316
132.0442238888889,34.57957388888889,317
132.0448988888889,34.57922388888889,317
132.0457238888889,34.57889,315
132.04587388888888,34.57888194444445,312
132.0460611111111,34.57892388888889,314
132.0463488888889,34.579098888888886,310
132.04654888888888,34.57933194444445,314
132.0466988888889,34.57944,312
132.04691111111111,34.579565,316
132.0471738888889,34.579665,313
132.0475111111111,34.57975694444445,313
132.04768611111112,34.579765,311
132.04779888888888,34.579715,309
132.0481111111111,34.57949888888889,317
132.0482111111111,34.579515,317
132.0482738888889,34.57955694444444,316
132.0483988888889,34.579706944444446,316
132.0485488888889,34.57999888888889,317
132.0485488888889,34.580331944444445,316
132.04844888888888,34.580781944444446,324
132.04847388888888,34.58092388888889,322
132.04857388888888,34.58099,323
132.0488738888889,34.58107388888889,324
132.0495611111111,34.58124,318
132.0506611111111,34.58130694444444,319
132.0519361111111,34.58132388888889,329
132.0521861111111,34.58139888888889,337
132.05227305555556,34.58149,338
132.0522611111111,34.58170694444444,338
132.05197305555555,34.58280694444444,334
132.0519111111111,34.58300694444444,333
132.05192305555556,34.583165,333
132.0520361111111,34.58323194444444,332
132.05224805555557,34.583215,332
132.05234805555557,34.58314,331
132.05249805555556,34.58304,334
132.05268611111111,34.58299,338
132.0528111111111,34.582965,338
132.05286611111111,34.582973055555556,337
132.05286611111111,34.582973055555556,337
132.05298611111112,34.58299,336
132.05324805555554,34.582965,334
132.0535111111111,34.582865,335
132.0536111111111,34.58273194444445,335
132.05368611111112,34.58259,334
132.05381111111112,34.58249,335
132.0540611111111,34.58239,336
132.05423611111112,34.58239,335
132.0544111111111,34.582431944444444,335
132.05521,34.582431944444444,337
132.05544805555556,34.582481944444446,334
132.05576,34.582565,336
132.055935,34.58264,344
132.05626,34.58278194444444,345
132.056485,34.582965,346
132.05669805555556,34.583215,347
132.05677194444445,34.583556944444446,346
132.05676,34.583756944444445,347
132.05669805555556,34.58414,346
132.05679694444444,34.58432305555556,347
132.057135,34.58459,348
132.05724694444444,34.584698055555556,349
132.05726,34.584848055555554,347
132.05709694444445,34.58502305555555,346
132.05706,34.58514805555556,348
132.05716,34.58538111111111,355
132.057335,34.58570611111111,361
132.057435,34.58607305555556,365
132.05744805555557,34.58634,362
132.05746,34.586548055555554,361
132.05749805555556,34.58683111111111,361
132.057485,34.58704,360
132.057435,34.58720611111111,364
132.05737194444444,34.58733111111111,363
132.05722194444445,34.587615,356
132.05686,34.58814805555556,355
132.05644805555556,34.588548055555556,360
132.05627305555555,34.58875611111111,365
132.05614694444444,34.589148055555555,364
132.056135,34.589438888888886,364
132.05639805555555,34.58987305555556,365
132.056735,34.59048111111111,365
132.05701,34.59078111111111,364
132.05726,34.59098888888889,364
132.05887194444443,34.59208888888889,367
132.05913388888888,34.59222305555556,369
132.0594338888889,34.59231388888889,367
132.06014694444445,34.59241388888889,373
132.06038388888888,34.59249805555555,375
132.0606338888889,34.592646944444446,375
132.06072194444445,34.592798055555555,376
132.06072194444445,34.59282,376
132.06072194444445,34.59282,376
132.06072194444445,34.59305611111111,375
132.0606838888889,34.59319694444444,375
132.0604338888889,34.593606111111114,376
132.0599838888889,34.59402194444444,373
132.0593838888889,34.59443111111111,376
132.0591588888889,34.59464694444444,374
132.05877194444443,34.59489694444444,375
132.05823388888888,34.59506388888889,376
132.057635,34.595146944444444,377
132.05674694444446,34.595171944444445,377
132.05644694444445,34.595205,378
132.05634694444444,34.59523,376
132.05604694444443,34.59543,377
132.05579694444444,34.59563,377
132.055685,34.59588888888889,377
132.055685,34.59613888888889,377
132.055835,34.59657194444444,381
132.056135,34.597055,385
132.05634694444444,34.597521944444445,384
132.05639694444446,34.597771944444446,383
132.05629694444445,34.598013055555555,382
132.05599694444444,34.59838805555555,386
132.055985,34.598621944444446,385
132.05614694444444,34.59903,393
132.05636,34.59943,392
132.05642194444445,34.599705,395
132.05641,34.599963055555556,393
132.05611,34.60046305555556,393
132.05569694444443,34.60092111111111,393
132.055235,34.60129611111111,392
132.05512194444444,34.60138805555555,389
132.05512194444444,34.60160388888889,387
132.055535,34.60197111111111,388
132.055735,34.60209611111111,394
132.05589694444444,34.60213805555556,397
132.0565838888889,34.60219611111111,395
132.05720888888888,34.60222888888889,397
132.05744694444445,34.60219611111111,397
132.05782194444444,34.60210388888889,395
132.05817194444444,34.60207888888889,395
132.05834694444445,34.60212888888889,397
132.0587338888889,34.602246111111114,398
132.05882194444445,34.60227111111111,397
132.0589588888889,34.60227111111111,397
132.05912194444446,34.60218805555556,398
132.05927194444445,34.60202888888889,397
132.05957194444446,34.60164611111111,398
132.06013388888888,34.600755,398
132.06034694444443,34.60048805555556,399
132.06042194444444,34.600405,398
132.06067194444444,34.60018,398
132.06093388888888,34.60003805555556,398
132.06138388888888,34.59983805555556,397
132.06160888888888,34.59982111111111,397
132.06174694444445,34.599905,398
132.06179694444444,34.59994611111111,398
132.06179694444444,34.60011305555555,397
132.06175888888887,34.60023805555556,397
132.0617088888889,34.600388055555555,396
132.06132194444444,34.600855,401
132.0612338888889,34.60098,399
132.06118388888888,34.601105,402
132.06115888888888,34.60118805555555,401
132.06117194444445,34.60131305555556,400
132.06122194444444,34.601463055555556,403
132.06129694444445,34.60158805555555,401
132.0614711111111,34.60181305555555,399
132.0614838888889,34.60185388888889,399
132.0614711111111,34.60189611111111,401
132.0614338888889,34.60193805555556,405
132.06138388888888,34.60197111111111,405
132.0616711111111,34.60234611111111,405
132.06184611111112,34.60258805555556,406
132.06197111111112,34.60282111111111,407
132.0620211111111,34.603003888888885,406
132.0620211111111,34.603321111111114,411
132.06119611111112,34.60564611111111,414
132.06115888888888,34.605986944444446,413
132.0612088888889,34.60633694444444,413
132.06162111111112,34.60757888888889,415
132.0617961111111,34.60807111111111,415
132.0620088888889,34.608545,415
132.0621461111111,34.608845,412
132.06229611111112,34.609186944444446,416
132.0626961111111,34.609645,414
132.06287111111112,34.60992,417
132.0630211111111,34.61028694444445,414
132.0631338888889,34.61052,416
132.0632338888889,34.61076194444444,417
132.0636338888889,34.61117,419
132.06379611111112,34.61126194444444,419
132.06415805555557,34.61130305555555,417
132.06434611111112,34.61136194444445,418
132.06480805555555,34.611603055555555,422
132.0652961111111,34.611628055555556,418
132.06559611111112,34.611695,419
132.0665711111111,34.61192,416
132.06780805555556,34.612295,417
132.0681711111111,34.612478055555556,422
132.06887111111112,34.61312,426
132.06905805555556,34.613261944444446,424
132.06960805555556,34.613503055555555,427
132.06995805555556,34.61357,425
132.07018305555556,34.61365305555555,423
132.07043305555555,34.61386111111111,425
132.07067,34.614178055555556,421
132.07072,34.614395,423
132.070745,34.61466111111111,426
132.07110805555556,34.61523611111111,428
132.07140694444445,34.61550305555556,427
132.071645,34.61571111111111,426
132.07208194444445,34.61636111111111,428
132.07225805555555,34.61656888888889,427
132.07253194444445,34.616818888888886,427
132.07312,34.61721111111111,420
132.07328305555555,34.61736111111111,423
132.07340805555555,34.61763611111111,424
132.07348194444444,34.618003055555555,427
132.07370694444444,34.61898611111111,428
132.07383194444444,34.61936111111111,429
132.07387,34.619753055555556,434
132.07370694444444,34.620378055555555,434
132.073695,34.62072805555555,434
132.07380694444444,34.62111111111111,432
132.07400694444445,34.62144388888889,431
132.07415694444444,34.62157694444444,433
132.07427,34.621676944444445,436
132.07452,34.62176888888889,433
132.07485694444443,34.62186888888889,435
132.07546888888888,34.62198611111111,436
132.07575694444444,34.62201888888889,438
132.0762188888889,34.622076944444444,438
132.07660694444445,34.62213611111111,439
132.0768688888889,34.622168888888886,438
132.07698194444444,34.62217694444445,438
132.07728194444445,34.622236111111114,439
132.0776938888889,34.62229388888889,438
132.07798194444445,34.62233611111111,437
132.07805694444446,34.62234388888889,438
132.08023194444445,34.62254388888889,439
132.08054388888888,34.62261111111111,442
132.0808438888889,34.622751944444445,443
132.0810561111111,34.62290194444444,445
132.08205611111111,34.623736111111114,444
132.0822188888889,34.62389388888889,446
132.0823061111111,34.624251944444445,447
132.0824061111111,34.624586111111114,448
132.0826188888889,34.62483611111111,449
132.0830688888889,34.62529388888889,449
132.08340611111112,34.62569388888889,449
132.0836438888889,34.62601,448
132.08404388888889,34.62681888888889,450
132.0843438888889,34.62740194444444,451
132.0844811111111,34.627626944444444,454
132.0847061111111,34.627876944444445,456
132.08486805555555,34.62802694444444,457
132.0859561111111,34.628976944444446,456
132.08664305555556,34.62971805555556,457
132.0871061111111,34.63040194444444,464
132.0874061111111,34.63084305555556,465
132.08791805555555,34.63166,462
132.08819305555556,34.632418055555554,466
132.0886311111111,34.63350111111111,467
132.08873111111112,34.63382611111111,474
132.08873,34.634185,475
132.08861805555554,34.63471,467
132.08861805555554,34.635018055555555,467
132.088705,34.635243055555556,466
132.088855,34.63543388888889,466
132.08946805555556,34.63582611111111,466
132.08984305555555,34.63610111111111,465
132.08994305555555,34.63630888888889,465
132.090005,34.63679305555556,465
132.08991805555556,34.63766805555556,472
132.08971805555555,34.63903388888889,473
132.089605,34.63986805555555,465
132.08953,34.64042611111111,473
132.08953,34.64045888888889,475
132.089555,34.64080111111111,477
132.08974305555554,34.641441944444445,479
132.089855,34.64171694444445,479
132.09004305555555,34.642066944444444,479
132.09019305555555,34.64228388888889,479
132.09034194444445,34.64244194444444,473
132.09046694444444,34.64256694444445,477
132.09079305555557,34.642783888888886,477
132.09131805555555,34.643008888888886,474
132.09114194444444,34.64410888888889,476
132.091105,34.64430111111111,478
132.09096805555555,34.64495,486
132.09071805555556,34.645691944444444,492
132.09046694444444,34.646375,482
132.09031694444445,34.646616944444446,485
132.09014194444444,34.646791944444445,486
132.089905,34.646925,487
132.089655,34.646991944444444,488
132.089355,34.64703388888889,486
132.08908,34.647,484
132.08886694444445,34.64693388888889,485
132.08869305555555,34.646858888888886,487
132.08851805555557,34.64673388888889,486
132.08828,34.64650888888889,487
132.08778,34.64595,491
132.08753,34.645716944444445,488
132.08726805555557,34.645525,489
132.08711805555555,34.64540888888889,489
132.08704305555557,34.64538388888889,488
132.08693,34.645325,488
132.08674305555556,34.64525888888889,482
132.08661805555556,34.64521694444444,484
132.08651805555556,34.6452,495
132.086405,34.64518388888889,502
132.086205,34.645175,508
132.08581805555556,34.64516694444445,508
132.08531805555555,34.645158888888886,508
132.0846811111111,34.64523388888889,504
132.08406805555555,34.64541694444444,502
132.0833311111111,34.645766944444446,503
132.08294305555555,34.64601694444445,505
132.08238111111112,34.646433888888886,506
132.08164305555556,34.647058055555554,515
132.08146805555555,34.64723305555555,517
132.08131805555556,34.647525,515
132.08129305555556,34.647641944444445,515
132.0812811111111,34.648516944444445,514
132.0812811111111,34.6492,514
132.08126805555557,34.64944111111111,519
132.08119305555556,34.64990805555556,512
132.08104305555557,34.65019111111111,510
132.0806061111111,34.65065805555555,532
132.0803938888889,34.650875,531
132.07978111111112,34.65134111111111,541
132.07964388888888,34.65145,556
132.0784561111111,34.65244888888889,544
132.07726888888888,34.65346611111111,542
132.0776811111111,34.654291111111114,544
132.0778061111111,34.65452388888889,544
132.0779311111111,34.65467388888889,543
132.07820611111111,34.65489888888889,545
132.0784811111111,34.65508194444445,544
132.0796311111111,34.65546611111111,542
132.08019388888889,34.65566611111111,535
132.08055611111112,34.65581611111111,534
132.0808811111111,34.656148888888886,536
132.08170611111112,34.65691611111111,536
132.08238111111112,34.65750805555555,536
132.0836811111111,34.65830694444445,535
132.08428111111112,34.65860694444444,536
132.084605,34.65871611111111,535
132.08494305555556,34.65889888888889,536
132.08506805555555,34.65904111111111,537
132.08511805555557,34.65929111111111,538
132.085155,34.65942388888889,538
132.08549305555556,34.65971611111111,544
132.08589305555554,34.65997388888889,544
132.086105,34.66014111111111,546
132.08631805555555,34.66034888888889,547
132.08673,34.661031944444446,555
132.08691694444445,34.66124111111111,554
132.08721805555555,34.661665,556
132.08764194444444,34.66194888888889,556
132.08816694444445,34.662123888888885,557
132.088705,34.66219888888889,552
132.08884194444445,34.662256944444444,554
132.08899194444444,34.66243194444444,553
132.08899194444444,34.66267388888889,553
132.08891694444443,34.66282388888889,552
132.08888,34.66292388888889,553
132.08886694444445,34.66308194444444,552
132.08899194444444,34.663381944444446,554
132.08904194444443,34.66364,553
132.08904194444443,34.663831944444446,556
132.08904194444443,34.66408194444445,562
132.089205,34.66454,563
132.08933,34.66495694444444,564
132.08939194444446,34.66504805555556,561
132.0908538888889,34.66574,556
132.0924288888889,34.66650611111111,559
132.0926288888889,34.66663111111111,563
132.09286694444444,34.66697305555556,558
132.09309194444444,34.66737305555556,558
132.0933038888889,34.66807305555555,556
132.09350388888888,34.66883888888889,556
132.0936911111111,34.66932305555556,554
132.0939038888889,34.66973888888889,554
132.0940038888889,34.669873055555556,553
132.0941411111111,34.67013111111111,565
132.0943161111111,34.67030611111111,565
132.0944411111111,34.67034805555556,566
132.09464111111112,34.67037305555556,563
132.0950288888889,34.67038111111111,562
132.0954411111111,34.67039805555556,561
132.0957161111111,34.67044805555555,563
132.09599111111112,34.67053888888889,561
132.0962661111111,34.670746944444446,561
132.0964661111111,34.67099694444445,561
132.0965038888889,34.67115611111111,562
132.0963788888889,34.67221388888889,566
132.0962288888889,34.67255611111111,566
132.0961411111111,34.67335611111111,568
132.09619111111112,34.67344694444444,568
132.09634111111112,34.67353888888889,568
132.0965911111111,34.67368111111111,575
132.0969538888889,34.67382194444444,575
132.09756611111112,34.67401388888889,576
132.0979661111111,34.67409694444444,575
132.0984411111111,34.673946944444445,576
132.09904111111112,34.67357194444445,574
132.0996411111111,34.673121944444446,579
132.09985305555554,34.67303111111111,577
132.1000161111111,34.67298888888889,572
132.10026611111113,34.67305611111111,574
132.10082805555555,34.67337194444445,577
132.10145305555557,34.67368888888889,574
132.10165305555554,34.67383888888889,575
132.1016911111111,34.67395611111111,571
132.10157805555556,34.67425611111111,570
132.10145305555557,34.67438111111111,570
132.10109111111112,34.67461388888889,580
132.10077805555557,34.674796944444445,582
132.1006911111111,34.674931111111114,583
132.1006911111111,34.67512194444444,584
132.10070305555556,34.67533888888889,586
132.1007661111111,34.67546388888889,589
132.10086611111112,34.67559694444444,588
132.10100305555557,34.67569694444445,593
132.10147805555556,34.67583,595
132.1023661111111,34.676105,596
132.10254111111112,34.676138888888886,597
132.10272805555556,34.676138888888886,597
132.10295305555556,34.67608,596
132.10360305555557,34.675855,595
132.10404,34.675855,596
132.10417805555556,34.675896944444446,598
132.10430305555556,34.676005,595
132.10430305555556,34.676105,595
132.103015,34.677255,594
132.10250305555556,34.67767194444444,593
132.10186611111112,34.67808,595
132.1015911111111,34.67823,591
132.10109111111112,34.678396944444444,593
132.10084111111112,34.678513055555555,594
132.1007161111111,34.678646944444445,594
132.10064111111112,34.67883,596
132.10062805555555,34.67923805555556,597
132.1007161111111,34.679496944444445,597
132.1008911111111,34.67978,598
132.10110305555557,34.67998,597
132.10179,34.68087111111111,606
132.10287805555555,34.68189611111111,609
132.10314,34.68208805555555,603
132.103765,34.682313055555554,605
132.10400305555555,34.68237111111111,608
132.10422805555555,34.682388055555556,608
132.10439,34.68232888888889,605
132.10477694444444,34.682138055555555,605
132.10494,34.68210388888889,603
132.10510305555556,34.68212888888889,604
132.10524,34.68218805555556,601
132.10532805555556,34.68232111111111,602
132.10535305555555,34.68247111111111,602
132.10542694444445,34.68290388888889,604
132.105415,34.682946111111114,604
132.10540194444445,34.682988055555555,604
132.10525305555555,34.68308805555556,605
132.10504,34.68312111111111,605
132.10467694444444,34.683188055555554,614
132.10402805555555,34.68327111111111,614
132.10377805555555,34.68332888888889,612
132.10360305555557,34.68340388888889,615
132.10345305555555,34.68353805555556,616
132.103115,34.68404611111111,616
132.10300305555555,34.68414611111111,617
132.10285305555556,34.68418805555556,618
132.102115,34.68439611111111,626
132.102065,34.68443805555555,625
132.10189,34.68452111111111,626
132.101765,34.68467111111111,625
132.10159,34.68501194444445,625
132.10135305555556,34.685628888888886,625
132.10122805555557,34.68579611111111,628
132.10094,34.68599611111111,624
132.10085305555555,34.68607111111111,624
132.10074,34.686211944444445,623
132.10074,34.68633694444444,623
132.10080305555556,34.68678694444444,627
132.10072805555555,34.68696194444444,626
132.10067805555556,34.687261944444444,628
132.10069,34.68743694444444,628
132.10077805555557,34.68756194444445,626
132.10092805555556,34.687686944444444,626
132.10110305555557,34.68780388888889,626
132.10117805555555,34.687895,627
132.10120305555554,34.68802,627
132.10119,34.68815388888889,627
132.10094,34.68848694444444,627
132.10084,34.688628888888886,627
132.10080305555556,34.68877888888889,628
132.10080305555556,34.68896194444444,628
132.10087805555557,34.68908694444445,629
132.10107805555555,34.68925388888889,633
132.10115305555556,34.68937,632
132.101215,34.689678055555554,631
132.10125305555556,34.69000305555556,634
132.101415,34.69047805555556,637
132.10155305555554,34.69081194444444,639
132.10177805555554,34.69103694444444,640
132.10250305555556,34.69162,639
132.10257805555557,34.69172805555556,638
132.10274,34.69220305555555,642
132.10282805555556,34.69241111111111,645
132.10295305555556,34.69253611111111,646
132.10477694444444,34.69342,643
132.10499,34.69356111111111,642
132.10512694444444,34.693795,642
132.10534,34.69390305555556,640
132.10577694444444,34.694028055555556,641
132.10635194444444,34.694028055555556,644
132.10695194444443,34.693978055555554,645
132.10755194444445,34.69386111111111,647
132.10778888888888,34.69376111111111,648
132.10801388888888,34.693645,648
132.10860194444444,34.69321111111111,654
132.1095388888889,34.692636944444445,658
132.10967694444443,34.692595,658
132.1098638888889,34.69260305555556,658
132.11000194444443,34.69265305555555,657
132.11013888888888,34.69287805555555,657
132.11025194444446,34.693095,658
132.1104638888889,34.69322,659
132.1108888888889,34.693286111111114,666
132.1111138888889,34.693345,666
132.11126388888889,34.693445,666
132.11180194444444,34.693995,665
132.11208888888888,34.69433611111111,671
132.1122638888889,34.69447805555556,669
132.1129388888889,34.69480305555555,669
132.11332694444445,34.69512805555556,669
132.11385194444443,34.69547,669
132.1147511111111,34.69627805555555,677
132.1149388888889,34.69653611111111,678
132.1154138888889,34.69681888888889,679
132.1156738888889,34.69691111111111,678
132.1156738888889,34.69691111111111,678
132.1158638888889,34.696978055555554,678
132.11617611111112,34.69714388888889,679
132.11638888888888,34.69733611111111,679
132.1165261111111,34.69751888888889,678
132.1166388888889,34.69774388888889,678
132.11681388888888,34.69791111111111,679
132.1173138888889,34.69826888888889,679
132.1174888888889,34.698453055555554,680
132.1177888888889,34.698861111111114,684
132.1182388888889,34.699353055555555,686
132.11843888888887,34.69952694444444,686
132.1186138888889,34.699576944444445,688
132.11991305555554,34.69981888888889,689
132.1201761111111,34.69990194444444,689
132.1204261111111,34.70006111111111,692
132.12091305555555,34.70050194444445,695
132.12098805555556,34.70072694444445,695
132.12105111111111,34.701476944444444,698
132.12115111111112,34.701768888888886,699
132.12123805555555,34.70191888888889,700
132.12136305555555,34.70200194444445,702
132.12195111111112,34.70226888888889,704
132.12250111111112,34.702511111111114,706
132.12258805555555,34.70256111111111,706
132.12273805555554,34.70278611111111,706
132.12291305555556,34.702976944444444,707
132.1237761111111,34.70361111111111,710
132.12391305555556,34.70376888888889,712
132.12423805555557,34.704343888888886,717
132.12426305555556,34.70457694444445,719
132.12433805555557,34.70476,721
132.12438805555556,34.70486888888889,723
132.12471305555556,34.70516888888889,725
132.125025,34.705401944444446,726
132.12505,34.705751944444444,728
132.125325,34.70605194444445,735
132.126025,34.706601944444444,737
132.12611305555555,34.706735,738
132.126175,34.706901944444446,739
132.12621305555555,34.70777694444445,745
132.12618805555556,34.707993055555555,747
132.126125,34.70814305555555,752
132.12606305555556,34.70830194444444,755
132.12605,34.70840194444445,757
132.126075,34.708485,763
132.126175,34.708601944444446,764
132.12651305555556,34.708801944444446,764
132.12666305555555,34.70890194444444,764
132.126875,34.70939305555556,768
132.12696305555556,34.70951,768
132.12721194444444,34.709718055555555,774
132.12728694444445,34.70981805555556,776
132.127375,34.71001805555556,785
132.12758805555555,34.71020111111111,783
132.12765,34.71031,784
132.127725,34.710435,784
132.127925,34.71061,785
132.12808694444445,34.71069305555555,786
132.1284,34.71069305555555,786
132.128575,34.710768055555555,788
132.12873694444446,34.710951111111115,796
132.128875,34.711135,798
132.129025,34.711218055555555,797
132.12925,34.71132611111111,797
132.12963805555555,34.711418055555555,797
132.130125,34.71146805555556,795
132.12946944444445,34.71115694444445,799
132.12946944444445,34.71115694444445,799
132.1303,34.71155111111111,794
132.130375,34.71166,792
132.13036194444445,34.711776111111114,792
132.1303,34.711843055555555,793
132.13006305555555,34.711935,793
132.12995,34.712001111111114,796
132.129975,34.712085,796
132.1302,34.71219305555555,794
132.13063694444443,34.71235111111111,786
132.130775,34.71244305555555,783
132.13076194444446,34.712668055555554,788
132.13098694444443,34.712743055555556,785
132.131075,34.71281805555556,784
132.131075,34.71295111111111,784
132.1312,34.71305111111111,778
132.13126194444445,34.713118055555555,773
132.131275,34.71326,774
132.13136194444445,34.71341,766
132.13138694444444,34.71351,764
132.13138694444444,34.71364305555556,763
132.131325,34.713726111111114,763
132.13098694444443,34.713743055555554,765
132.13053694444446,34.713793055555556,764
132.13048694444444,34.71383388888889,764
132.13048694444444,34.71391805555555,766
132.13055,34.713968055555554,766
132.130925,34.713968055555554,759
132.131025,34.71400111111111,755
132.131075,34.714058888888886,755
132.13113694444445,34.71408388888889,753
132.1312,34.714058888888886,753
132.13121194444443,34.71393388888889,754
132.13131194444443,34.71388388888889,758
132.13166194444443,34.713858888888886,754
132.13175,34.713818055555556,753
132.1318,34.713768055555555,752
132.1317,34.713035,745
132.13175,34.712985,746
132.13185,34.71300111111111,743
132.13191194444445,34.713368055555556,742
132.13203694444445,34.71357611111111,740
132.13245,34.71400111111111,731
132.132525,34.71411,731
132.13253694444444,34.71440888888889,728
132.13258694444445,34.71455888888889,728
132.1327,34.71465888888889,727
132.13333694444444,34.714933888888886,720
132.1336,34.715068055555555,718
132.1337,34.715201111111114,717
132.13385,34.71539305555556,717
132.13403694444443,34.715518055555556,715
132.13421194444444,34.715558888888886,714
132.13442388888888,34.71565888888889,712
132.13461194444446,34.71570111111111,713
132.13468694444444,34.71575111111111,712
132.13507388888888,34.716318055555554,714
132.13541194444446,34.716408888888886,706
132.1357238888889,34.71655111111111,703
132.13603694444444,34.71675111111111,698
132.13622388888888,34.71660111111111,698
132.1362988888889,34.716408888888886,700
132.13642388888888,34.71570111111111,707
132.13646194444445,34.71557611111111,709
132.13676194444446,34.715235,716
132.1369738888889,34.715035,718
132.13748694444445,34.714618055555555,727
132.13756194444446,34.71446,727
132.13756194444446,34.71411,728
132.13763694444444,34.71391,728
132.13783694444444,34.713568055555555,736
132.13796194444444,34.71337611111111,738
132.13808694444444,34.71324305555556,740
132.1383988888889,34.71312611111111,747
132.13861194444445,34.71300194444444,748
132.1387488888889,34.71277694444444,752
132.13894888888888,34.712626944444445,756
132.1390238888889,34.71247694444445,759
132.1391238888889,34.712318055555556,764
132.13921194444444,34.712285,764
132.13927388888888,34.712285,765
132.13933694444444,34.712318055555556,769
132.13933694444444,34.71244305555555,770
132.1392488888889,34.71252694444444,767
132.1392238888889,34.71261,765
132.13928694444445,34.712651944444445,765
132.13938694444445,34.712626944444445,769
132.1395238888889,34.712426944444445,774
132.1396488888889,34.71212694444444,775
132.13976194444444,34.711976944444444,783
132.1399988888889,34.71179305555555,785
132.14033694444444,34.71162694444445,789
132.14084888888888,34.71146805555556,796
132.14209166666666,34.71120611111111,799
132.14209166666666,34.71120611111111,799
132.1415988888889,34.71131,799
132.1418238888889,34.711176944444446,798
132.1421488888889,34.710885,798
132.14263694444443,34.71044388888889,795
132.1429238888889,34.710276944444445,793
132.1435488888889,34.71004388888889,792
132.14431194444444,34.70976,792
132.1450238888889,34.70955194444444,789
132.14541194444445,34.709451944444446,789
132.14608694444445,34.709201944444445,788
132.14732388888888,34.708801944444446,786
132.14866194444446,34.708376944444446,784
132.14889888888888,34.70823611111111,784
132.14921194444443,34.707836111111114,784
132.14948694444445,34.70738611111111,784
132.1499988888889,34.70653611111111,784
132.1504238888889,34.705843888888886,782
132.15058694444446,34.70569388888889,782
132.15078694444443,34.70563611111111,783
132.15116194444445,34.705551944444444,783
132.15141194444445,34.70546888888889,784
132.15174888888887,34.70529388888889,786
132.15191194444444,34.70514388888889,787
132.15208694444445,34.70474388888889,783
132.15218694444445,34.70466111111111,783
132.15242388888888,34.70451111111111,782
132.1528361111111,34.704143888888886,784
132.15297388888888,34.70406888888889,786
132.15308611111112,34.70406888888889,786
132.1532611111111,34.704118888888885,783
132.1534488888889,34.70411111111111,785
132.1536361111111,34.70406111111111,784
132.1539111111111,34.70386111111111,785
132.15423611111112,34.70373611111111,784
132.1544738888889,34.70355305555555,787
132.1546361111111,34.70351111111111,787
132.1548738888889,34.70347805555556,784
132.1549611111111,34.703428055555555,785
132.1551611111111,34.70321111111111,784
132.1552738888889,34.703068888888886,785
132.1555238888889,34.70286888888889,784
132.15567388888888,34.702643888888886,782
132.1558361111111,34.70246111111111,781
132.15626111111112,34.70211111111111,780
132.15659888888888,34.70182805555555,778
132.1570111111111,34.701595,777
132.1574861111111,34.70132,777
132.15798611111111,34.70108611111111,777
132.1581361111111,34.70098611111111,777
132.1584488888889,34.70067,776
132.1586738888889,34.70052,776
132.1595861111111,34.70003694444444,778
132.1603861111111,34.699645,774
132.1606488888889,34.699511944444446,773
132.1616488888889,34.699045,769
132.16203611111112,34.698836944444444,769
132.1623361111111,34.698695,769
132.1623361111111,34.69872,769
132.1623361111111,34.698795,768
132.1624361111111,34.69898694444444,768
132.1627738888889,34.69938694444444,768
132.1627988888889,34.69940305555556,768
132.1630238888889,34.69957,772
132.16363611111112,34.699795,773
132.1637111111111,34.69982805555556,772
132.16394805555555,34.700003055555555,771
132.16407305555555,34.700161944444446,771
132.16466111111112,34.701545,769
132.16484805555555,34.70182805555555,769
132.16504805555556,34.702086111111115,769
132.1657111111111,34.70282,772
132.16654805555555,34.70375305555555,771
132.1667111111111,34.703878055555556,772
132.16687305555556,34.70396111111111,773
132.16712305555555,34.70400305555555,774
132.16754805555556,34.70417,773
132.1681861111111,34.70437805555556,774
132.1683361111111,34.70447,773
132.16862305555554,34.70482805555555,772
132.16869805555555,34.704895,770
132.16904805555555,34.70512,769
132.169535,34.70586111111111,770
132.17096,34.707768888888886,774
132.17109805555555,34.70788611111111,774
132.17144694444445,34.70807805555555,774
132.172335,34.70868611111111,773
132.172485,34.70879388888889,773
132.173135,34.70924388888889,772
132.173385,34.70941111111111,771
132.173535,34.70955305555555,771
132.17382194444446,34.710076944444445,771
132.17394694444445,34.71031888888889,771
132.173985,34.71038611111111,771
132.17412194444444,34.71053611111111,772
132.174585,34.71078611111111,772
132.17466,34.71080194444444,772
132.17476,34.71082805555555,772
132.17497194444445,34.71081111111111,772
132.17509694444445,34.710836111111114,772
132.17547194444444,34.711078055555554,773
132.17571,34.711176944444446,773
132.175985,34.71121888888889,774
132.17647194444444,34.71127694444444,774
132.176585,34.711326944444444,775
132.17733388888888,34.71183611111111,775
132.1786088888889,34.71266888888889,775
132.1805838888889,34.71396111111111,778
132.18107194444445,34.714286111111115,777
132.1822838888889,34.715085,779
132.1838711111111,34.716118888888886,782
132.18404611111112,34.71621,783
132.1842088888889,34.71629388888889,782
132.18448388888888,34.71641888888889,783
132.1849961111111,34.71660194444444,784
132.18642111111112,34.717035,784
132.1872461111111,34.71726,787
132.1881261111111,34.7175,788
132.1881261111111,34.7175,788
132.19024611111112,34.71807694444445,793
132.1904211111111,34.71814388888889,792
132.1905461111111,34.71826,792
132.19105805555554,34.718801944444444,792
132.19270805555556,34.72050194444444,801
132.19273305555555,34.720685,804
132.19268305555556,34.721026944444446,807
132.19250805555555,34.72190111111111,814
132.19250805555555,34.722235,817
132.19262111111112,34.722435,817
132.19303305555556,34.722993055555555,821
132.19380805555556,34.72391805555556,823
132.194995,34.725293055555554,837
132.19550805555556,34.72582611111111,845
132.19587,34.72608388888889,847
132.19613305555555,34.726193055555555,847
132.196495,34.72634305555555,854
132.19690805555555,34.726593055555554,855
132.19748305555555,34.72707611111111,859
132.19762,34.72727611111111,859
132.19810805555556,34.72800111111111,859
132.1984161111111,34.728445,858
132.1984161111111,34.728445,858
132.19938194444444,34.72983388888889,858
132.199595,34.73019194444444,846
132.199695,34.73043388888889,840
132.19972,34.73059305555556,837
132.19972,34.730758888888886,836
132.19968194444445,34.730893055555555,832
132.19928194444444,34.73137611111111,834
132.19917,34.73145888888889,835
132.19900694444445,34.73152611111111,831
132.19783194444443,34.73163388888889,822
132.19772,34.73171694444444,824
132.19772,34.73184194444445,825
132.197845,34.731966944444444,823
132.19820694444445,34.73218388888889,815
132.19845694444444,34.73240888888889,812
132.19847,34.73254194444444,813
132.198395,34.73265111111111,816
132.19807,34.73290111111111,813
132.19772,34.733108888888886,809
132.19760805555555,34.73321694444444,809
132.19760805555555,34.73335111111111,807
132.19773305555555,34.73340888888889,807
132.19783194444443,34.73345888888889,808
132.19802,34.73344194444444,806
132.19893194444444,34.733201111111114,800
132.19912,34.733201111111114,796
132.19977,34.73341694444444,796
132.20067,34.73343388888889,793
132.200845,34.73348388888889,792
132.201095,34.73360111111111,785
132.2016688888889,34.73400111111111,786
132.2018688888889,34.73406694444444,785
132.2021188888889,34.73406694444444,784
132.20274388888888,34.733941944444446,776
132.20300694444444,34.73395111111111,775
132.2039438888889,34.73428388888889,768
132.20466888888888,34.73450888888889,767
132.20490694444445,34.73450888888889,767
132.20530694444443,34.73435111111111,767
132.20565694444446,34.73404194444444,762
132.20633194444446,34.73356694444445,757
132.20701888888888,34.73360111111111,755
132.20746888888888,34.73360888888889,753
132.2076561111111,34.733533888888886,749
132.2078561111111,34.73344194444444,748
132.2084438888889,34.73293388888889,746
132.2090061111111,34.73256694444444,742
132.20950611111112,34.73230111111111,738
132.2108561111111,34.73158388888889,736
132.2111438888889,34.73141805555556,736
132.21135611111112,34.73123388888889,734
132.21305611111111,34.72917611111111,726
132.21349388888888,34.72861805555556,725
132.2136311111111,34.728476111111114,724
132.2137688888889,34.72836,724
132.21401805555556,34.72819305555556,719
132.21424305555556,34.72811,718
132.2144561111111,34.728093055555554,718
132.21454305555557,34.728085,718
132.2147061111111,34.72807611111111,717
132.21489305555556,34.728118055555555,716
132.21630611111112,34.728035,712
132.21664305555555,34.72801805555556,706
132.21679305555554,34.72801805555556,708
132.21741805555556,34.72796,708
132.2176311111111,34.727918055555556,708
132.2179811111111,34.727785,706
132.2181811111111,34.72777694444444,704
132.2183061111111,34.72772694444444,705
132.21870611111112,34.72751805555556,703
132.21929305555557,34.727493055555556,706
132.21978,34.72751,707
132.22053,34.72759305555556,707
132.221255,34.727718055555556,698
132.22146805555556,34.72776,696
132.22179305555557,34.727876944444446,694
132.22201805555557,34.728026944444444,695
132.222055,34.728076944444446,695
132.22254305555555,34.72875194444445,694
132.22266805555554,34.72886805555556,692
132.22289305555555,34.72905194444444,693
132.22313,34.729185,692
132.22353,34.729351944444446,693
132.22418,34.729576944444446,688
132.22619194444445,34.730285,685
132.226305,34.73034305555556,686
132.22643,34.73041,685
132.226955,34.730868055555554,684
132.22707888888888,34.73096805555556,684
132.2278538888889,34.73137611111111,679
132.22822888888888,34.731635,679
132.2283788888889,34.731743055555555,679
132.2292038888889,34.732385,678
132.2296038888889,34.73261,677
132.23002888888888,34.732818055555555,678
132.23041694444444,34.73295111111111,678
132.2305538888889,34.732976111111114,677
132.2306788888889,34.73300111111111,677
132.23175388888887,34.73300111111111,674
132.2319161111111,34.73302611111111,674
132.23242888888888,34.73327611111111,673
132.23367888888887,34.733885,668
132.23456611111112,34.73431,666
132.23557888888888,34.734785,667
132.2314788888889,34.73810111111111,678
132.23129111111112,34.73827611111111,678
132.2311288888889,34.73850888888889,678
132.2309161111111,34.73883388888889,678
132.23057888888889,34.73934194444445,682
132.2293288888889,34.74108388888889,686
132.2290788888889,34.74138388888889,692
132.2288288888889,34.74162611111111,693
132.22857888888888,34.74180888888889,695
132.2271538888889,34.7426,694
132.22609194444445,34.743175,691
132.22585388888888,34.7433,690
132.22556694444444,34.74350888888889,691
132.2250038888889,34.74395,692
132.22474194444445,34.74409194444444,691
132.2245288888889,34.74414194444444,689
132.2231538888889,34.74440805555555,694
132.22299194444443,34.74449194444445,693
132.22284194444444,34.744616944444445,693
132.2227288888889,34.74475805555556,693
132.22078,34.74721611111111,706
132.22064194444445,34.74740805555555,705
132.22016694444446,34.74803305555555,706
132.22001194444445,34.748286944444445,706
132.22001194444445,34.748286944444445,706
132.220005,34.74829888888889,706
132.21989194444444,34.74852388888889,706
132.21963,34.74914111111111,706
132.21951694444445,34.74937388888889,704
132.21944194444444,34.74952388888889,699
132.21938,34.74964888888889,698
132.21918,34.74987388888889,696
132.21898,34.75001611111111,694
132.21874194444445,34.75014111111111,696
132.21779194444446,34.750391111111114,684
132.21751694444444,34.75051611111111,683
132.217305,34.75067388888889,684
132.217055,34.75098194444445,683
132.216955,34.75128194444444,684
132.21696694444444,34.75159111111111,682
132.21713,34.75233194444444,672
132.217305,34.75319888888889,671
132.21728,34.75364888888889,662
132.21718,34.75375694444445,664
132.21648,34.75389888888889,665
132.21576694444445,34.75409888888889,655
132.215155,34.754356944444446,657
132.214555,34.75474,645
132.214105,34.75510694444444,644
132.213705,34.755565,643
132.21333,34.756231944444444,638
132.213105,34.75664,635
132.21299194444444,34.756815,632
132.21284194444445,34.756965,629
132.21268,34.757106944444445,629
132.212505,34.75720694444444,628
132.21229305555556,34.757306944444444,628
132.21049305555556,34.75789,620
132.210255,34.757981111111114,612
132.210105,34.758065,607
132.210005,34.758165,609
132.20993,34.758273055555556,608
132.20988,34.75839805555555,605
132.20988,34.758515,604
132.20993,34.75865611111111,607
132.21016805555556,34.759073055555554,608
132.21019305555555,34.75927305555555,606
132.21013,34.75947305555555,606
132.21001805555557,34.75964,605
132.209755,34.759906111111114,598
132.20913,34.760556111111114,596
132.20869305555556,34.761113888888886,586
132.20861805555555,34.76128111111111,585
132.20854305555557,34.76155611111111,584
132.20854305555557,34.761831111111114,581
132.20864305555557,34.76206388888889,583
132.20879305555556,34.762256111111114,575
132.20898,34.76235611111111,573
132.20946694444444,34.76242305555556,575
132.20976694444445,34.76242305555556,575
132.21021694444445,34.762323055555555,575
132.210855,34.762323055555555,567
132.21108,34.76238111111111,564
132.211305,34.76253111111111,563
132.211655,34.762906111111114,565
132.21201694444446,34.76341388888889,554
132.212105,34.76363888888889,551
132.21211694444443,34.76386388888889,552
132.21201694444446,34.76403888888889,555
132.21176694444443,34.76425611111111,554
132.20968,34.76533888888889,537
132.20908,34.76567194444444,536
132.20849305555555,34.76598888888889,533
132.20814194444444,34.76627194444445,525
132.208055,34.76643888888889,528
132.20803,34.76661388888889,528
132.208155,34.76681388888889,521
132.20849305555555,34.76703111111111,515
132.20889194444445,34.76723111111111,513
132.20926694444444,34.76739694444444,516
132.209455,34.76761388888889,510
132.209455,34.76779694444444,505
132.209355,34.76798888888889,504
132.209155,34.76817194444445,506
132.20863,34.768588888888885,505
132.20838,34.768805,504
132.20811694444444,34.76918888888889,504
132.20803,34.76951388888889,499
132.20799194444444,34.769755,494
132.207955,34.77048888888889,489
132.20804194444443,34.770646944444444,488
132.20826694444443,34.77078888888889,484
132.20843,34.77083,483
132.20891694444444,34.770855,481
132.20903,34.77091305555555,475
132.20913,34.771055,473
132.209205,34.77122194444444,474
132.20923,34.77137194444445,478
132.20924194444444,34.77163,478
132.209105,34.771971944444445,476
132.20886694444445,34.77238805555555,476
132.208755,34.772705,476
132.208705,34.773005,466
132.208705,34.77334694444444,464
132.208705,34.77368805555555,464
132.208605,34.77382111111111,464
132.208405,34.77387111111111,462
132.20814194444444,34.77388,457
132.207955,34.77383,455
132.20778,34.77367111111111,455
132.20741694444445,34.77321305555556,445
132.207105,34.77289694444445,439
132.206905,34.77273805555556,438
132.20659194444445,34.77258805555556,439
132.205905,34.772355,431
132.20513,34.772105,431
132.20474194444444,34.77202194444445,435
132.20431805555555,34.77203,428
132.20386805555555,34.77208805555556,423
132.20343,34.77223,427
132.202955,34.77248,416
132.20254305555557,34.77278,415
132.20203,34.77321305555556,414
132.20121805555556,34.77414611111111,404
132.200155,34.77534611111111,399
132.199655,34.77593,388
132.19876805555555,34.77699611111111,378
132.1984811111111,34.77742111111111,377
132.19784305555555,34.77832111111111,374
132.19775611111112,34.77849611111111,372
132.19763111111112,34.77877888888889,369
132.19756805555556,34.77900388888889,368
132.19754305555554,34.77932888888889,367
132.19756805555556,34.779938055555554,364
132.19759305555556,34.78013694444444,364
132.19778,34.78133694444445,364
132.19796805555555,34.78209611111111,361
132.19816805555556,34.78291194444444,357
132.198205,34.783011944444446,356
132.19881805555556,34.784645,353
132.19949305555556,34.78597,351
132.20003,34.78717,347
132.20049194444445,34.78810305555555,348
132.20064194444444,34.78847805555556,347
132.20089194444444,34.78883694444445,347
132.201155,34.78912,346
132.20163,34.789545,345
132.20188,34.78975305555556,344
132.202105,34.78993611111111,343
132.20256694444444,34.79027,344
132.20293,34.790528055555555,346
132.203155,34.79072,350
132.20326694444444,34.79093611111111,354
132.20334194444445,34.79118611111111,360
132.20329194444443,34.79145305555556,363
132.20318,34.79170305555556,362
132.203055,34.79186888888889,361
132.202905,34.792003055555554,355
132.20261694444446,34.79219388888889,352
132.202255,34.79232805555556,349
132.20206694444445,34.79246888888889,345
132.20194194444446,34.79266888888889,342
132.20168,34.79342805555556,340
132.20163,34.793528055555555,341
132.20113,34.794668888888886,340
132.20086694444444,34.795093888888886,337
132.20061694444445,34.79541888888889,338
132.20034194444443,34.795676944444445,338
132.200105,34.79584388888889,337
132.19984194444444,34.79596111111111,338
132.19948,34.79605194444444,338
132.19901694444445,34.79608611111111,336
132.19876694444446,34.79605194444444,336
132.198355,34.79593611111111,335
132.19808,34.79591888888889,336
132.197855,34.795943888888885,333
132.19743,34.79604388888889,333
132.19633,34.796351944444446,328
132.19564305555556,34.79661888888889,327
132.19496805555556,34.796926944444444,327
132.19451805555556,34.797176944444445,326
132.19396805555556,34.79747694444445,324
132.19386805555555,34.79754388888889,324
132.19329305555556,34.79792694444444,325
132.19261805555556,34.79840194444444,323
132.19243111111112,34.79857694444444,324
132.19230611111112,34.79869388888889,325
132.1920061111111,34.79897694444445,324
132.19186805555555,34.79906888888889,322
132.1917061111111,34.79916,325
132.19146805555556,34.79919388888889,323
132.19120611111111,34.79919388888889,323
132.19044305555556,34.79904388888889,324
132.19019305555557,34.79899388888889,320
132.18995611111112,34.798985,321
132.18989305555556,34.79899388888889,321
132.18954305555556,34.79906888888889,327
132.18924305555555,34.799126944444446,329
132.1888561111111,34.799326944444445,326
132.1885311111111,34.79967694444444,327
132.1880561111111,34.80027694444444,333
132.1876061111111,34.80116888888889,335
132.18744305555555,34.80141805555556,333
132.1871811111111,34.801743055555555,334
132.1862188888889,34.80274305555555,335
132.18415611111112,34.80485111111111,347
132.1840188888889,34.804918055555554,348
132.18291888888888,34.805168055555555,357
132.18280611111112,34.80524305555556,358
132.1825188888889,34.80560111111111,368
132.1813061111111,34.807383888888886,358
132.1811438888889,34.80763388888889,350
132.18098111111112,34.80788388888889,345
132.1808188888889,34.80809305555555,349
132.1806938888889,34.80825111111111,352
132.1806188888889,34.808368055555555,349
132.18053111111112,34.80846694444445,349
132.18041888888888,34.80857611111111,348
132.18030611111112,34.80867611111111,347
132.18006888888888,34.808866944444446,343
132.1797688888889,34.80910111111111,340
132.1796061111111,34.80923388888889,342
132.17949388888889,34.80935111111111,346
132.1794561111111,34.80940888888889,346
132.1793811111111,34.80948388888889,352
132.17926888888888,34.80967611111111,374
132.1792061111111,34.80983388888889,379
132.17916888888888,34.80993388888889,365
132.1791311111111,34.81007611111111,355
132.1791188888889,34.81020888888889,354
132.1791188888889,34.810316944444445,355
132.1791311111111,34.81043388888889,357
132.1791438888889,34.81070888888889,344
132.17916888888888,34.811166944444444,336
132.17916888888888,34.81125888888889,337
132.17916888888888,34.811326111111114,337
132.1791561111111,34.81140111111111,338
132.1791438888889,34.81149194444444,340
132.1790938888889,34.81160888888889,339
132.17906888888888,34.81170888888889,342
132.17904388888888,34.81176694444444,342
132.1790061111111,34.81185111111111,344
132.17894388888888,34.811951111111114,344
132.17883111111112,34.81209194444445,344
132.1787561111111,34.81218388888889,344
132.17849388888888,34.81245111111111,347
132.17760611111112,34.81335888888889,357
132.17740694444444,34.81345,360
132.1770688888889,34.81350888888889,358
132.17635694444445,34.81361694444445,358
132.1729938888889,34.8141,362
132.1722188888889,34.814191944444445,372
132.17179388888889,34.814325,373
132.17108194444444,34.814625,385
132.17023111111112,34.814951111111114,385
132.17023111111112,34.814951111111114,385
132.16793194444443,34.81583305555556,386
132.16760805555555,34.815983055555556,376
132.16757,34.81599194444444,376
132.16718194444445,34.816091944444445,374
132.16648305555555,34.81621694444444,373
132.165845,34.81628305555556,364
132.16525694444445,34.81636694444445,366
132.16430805555555,34.816541944444445,363
132.16398305555555,34.816675,367
132.16375805555555,34.816766944444446,364
132.16288305555557,34.81699111111111,357
132.162645,34.81708305555556,354
132.16222,34.81734111111111,355
132.16173305555554,34.81764111111111,356
132.16158305555555,34.81769111111111,357
132.16118305555557,34.81776611111111,353
132.160995,34.81785,353
132.15953305555556,34.81835805555556,354
132.1592711111111,34.81845,354
132.1589461111111,34.818575,344
132.1583961111111,34.8188,351
132.1579461111111,34.81899111111111,353
132.1575961111111,34.81925,362
132.15639611111112,34.820948888888886,359
132.15607111111112,34.82149111111111,357
132.15607111111112,34.82180805555556,357
132.15610805555556,34.821983055555556,356
132.1566711111111,34.82383194444444,345
132.15680805555556,34.82407388888889,343
132.15720805555554,34.82454888888889,344
132.15813305555557,34.82577388888889,338
132.15868305555554,34.82657388888889,325
132.15883305555556,34.82686611111111,325
132.15893305555556,34.82699111111111,325
132.15910805555555,34.827148888888885,323
132.15930805555556,34.827241111111114,323
132.15963305555556,34.82740694444445,322
132.15980805555554,34.82752388888889,326
132.159895,34.82764888888889,327
132.16000805555555,34.82799888888889,323
132.16025805555554,34.82877388888889,315
132.16035805555555,34.82897388888889,313
132.16050694444445,34.82910694444445,314
132.16135805555555,34.82979,314
132.16162,34.830106944444445,307
132.16173194444445,34.830331944444445,307
132.16215805555555,34.831831944444446,298
132.162345,34.832415,298
132.16237,34.832715,298
132.16240694444446,34.83407305555556,297
132.16243194444445,34.83450611111111,294
132.16252,34.834698055555556,293
132.16270694444444,34.83488111111111,294
132.16380694444445,34.835415,286
132.16444388888888,34.835715,282
132.1648438888889,34.83594,282
132.1650688888889,34.836115,282
132.16520694444444,34.83629,282
132.16528194444444,34.83644,283
132.1653188888889,34.83652305555555,283
132.16534388888888,34.83660611111111,284
132.1653938888889,34.83674805555555,284
132.16540694444444,34.83689805555556,283
132.16536888888888,34.83797305555556,288
132.16536888888888,34.83814805555556,286
132.16520694444444,34.839123055555554,278
132.16514388888888,34.83938111111111,279
132.1650438888889,34.83960611111111,278
132.16488194444443,34.83983888888889,276
132.16363194444443,34.84153111111111,271
132.1636188888889,34.84185611111111,269
132.16389388888888,34.84330611111111,268
132.16389388888888,34.84335611111111,268
132.16390694444445,34.84353888888889,268
132.1639688888889,34.844521944444445,290
132.1639688888889,34.84518888888889,282
132.16393194444444,34.845421944444446,283
132.16378194444445,34.84580611111111,275
132.16360694444444,34.84600611111111,274
132.16333194444445,34.846221944444444,268
132.16309388888888,34.846381111111114,262
132.16273194444443,34.84653888888889,264
132.162445,34.846606111111115,265
132.16220694444445,34.84668888888889,261
132.160095,34.84746388888889,256
132.15968305555555,34.84769694444444,252
132.15940805555556,34.84798,247
132.15927,34.84827194444444,246
132.158995,34.84897194444444,243
132.15878305555555,34.84982194444444,245
132.15875805555555,34.851488055555556,242
132.15875805555555,34.853255,233
132.15878305555555,34.853521944444445,235
132.15893194444445,34.85403,235
132.158945,34.85463,228
132.158845,34.85514611111111,225
132.15863305555555,34.85599611111111,224
132.158595,34.85669611111111,224
132.158545,34.85881305555556,221
132.15843305555555,34.86000388888889,215
132.15830805555555,34.86081305555555,215
132.15818305555555,34.86109611111111,215
132.15788194444445,34.86138694444445,215
132.15757,34.861671111111114,217
132.155495,34.86313694444444,209
132.15522,34.86335388888889,207
132.15510805555556,34.86345388888889,207
132.154945,34.864286944444444,207
132.15482,34.86449611111111,207
132.15458305555555,34.86466194444444,207
132.154345,34.86478694444445,208
132.15355805555555,34.865161944444445,208
132.15325694444445,34.86531194444444,207
132.15317,34.86532,207
132.15168305555557,34.86532888888889,204
132.15145805555557,34.865411944444446,206
132.150895,34.86573694444444,207
132.150595,34.866011944444445,207
132.15042,34.866261944444446,211
132.15015805555555,34.866861944444445,212
132.15003305555555,34.86713694444445,212
132.149745,34.86762,216
132.14943305555556,34.867961944444446,215
132.14925805555555,34.86812805555556,214
132.14748305555557,34.870095,216
132.14607,34.872036111111115,217
132.144195,34.874628055555554,233
132.14378305555556,34.87710194444445,247
132.14377,34.87715194444444,248
132.14378305555556,34.87754388888889,254
132.14405805555555,34.87951888888889,267
132.14427,34.88076888888889,267
132.14427,34.88106,264
132.144245,34.88126888888889,265
132.14417,34.881485,267
132.14403305555555,34.88171,267
132.14377,34.88201888888889,257
132.143395,34.88221,262
132.14116694444445,34.883273055555556,255
132.14116694444445,34.883273055555556,255
132.13913305555556,34.88424305555556,248
132.13878305555556,34.884385,245
132.13858305555556,34.88445194444444,241
132.1374211111111,34.884685,234
132.13720805555556,34.88476,233
132.13695805555557,34.88486805555556,233
132.13682111111112,34.884985,229
132.13669611111112,34.885126944444444,227
132.1366211111111,34.88527694444444,227
132.13635805555555,34.886026111111114,221
132.1362711111111,34.88626,221
132.13618305555556,34.886435,222
132.13605805555557,34.88661,224
132.13588305555555,34.88681,216
132.1357211111111,34.88695111111111,216
132.13548305555557,34.887101111111114,215
132.13470805555556,34.887526111111114,201
132.13433305555554,34.887768055555554,170
132.1339461111111,34.88810888888889,194
132.1334461111111,34.888801111111114,197
132.13339611111113,34.88885111111111,197
132.13319611111112,34.88907611111111,194
132.13298305555554,34.88927611111111,188
132.13275805555554,34.88943388888889,186
132.13248305555555,34.88959305555556,182
132.1319961111111,34.88981805555556,181
132.13170805555555,34.889968055555556,174
132.13158305555555,34.89008388888889,174
132.1315461111111,34.89013388888889,174
132.13115805555555,34.890591944444445,174
132.13098305555556,34.890768055555554,174
132.1307711111111,34.89090888888889,165
132.1305461111111,34.89102611111111,162
132.1304461111111,34.89105888888889,162
132.1302711111111,34.89111805555556,162
132.1300961111111,34.89115888888889,164
132.12985805555556,34.89118388888889,164
132.12963305555556,34.89118388888889,164
132.1294211111111,34.89117611111111,163
132.1290461111111,34.89110888888889,157
132.12890805555554,34.891083888888886,156
132.12875805555555,34.891043055555556,155
132.1281461111111,34.89077611111111,158
132.1278211111111,34.89060888888889,156
132.12709611111111,34.890118055555554,156
132.1269088888889,34.89004194444444,148
132.1267838888889,34.889991944444446,144
132.12663388888888,34.88995888888889,145
132.12649611111112,34.88992611111111,147
132.1261461111111,34.889918055555555,145
132.12582111111112,34.88995111111111,146
132.1228461111111,34.89042611111111,139
132.1224961111111,34.89048388888889,136
132.1221088888889,34.89053388888889,134
132.1218338888889,34.890566944444444,135
132.1213461111111,34.89062611111111,131
132.12097111111112,34.89066805555556,126
132.1206588888889,34.890658888888886,124
132.1203588888889,34.89060888888889,126
132.12005888888888,34.89050888888889,124
132.11980888888888,34.890368055555555,119
132.11958388888888,34.89021694444445,114
132.11847194444445,34.889116944444446,106
132.11839694444444,34.889066944444444,103
132.1182588888889,34.88896694444445,101
132.11800888888888,34.88885888888889,103
132.11774694444443,34.88878388888889,108
132.11747194444445,34.88874194444445,105
132.1171588888889,34.88872611111111,97
132.11592194444444,34.88880888888889,87
132.11567194444444,34.88878388888889,87
132.11537194444443,34.88871694444445,86
132.11364694444444,34.88800888888889,77
132.11337194444445,34.88794194444444,75
132.11314694444445,34.88792611111111,71
132.11291,34.887951111111114,65
132.11267194444446,34.88803388888889,65
132.11226,34.88827611111111,66
132.11196,34.888393055555554,65
132.11179694444445,34.88843388888889,63
132.11149694444444,34.88845111111111,57
132.11039805555555,34.888466944444446,47
132.10981,34.88851694444445,47
132.10917194444445,34.88862611111111,34
132.10879694444444,34.888733888888886,35
132.10839694444445,34.88887611111111,37
132.108035,34.88905111111111,35
132.107685,34.889268055555554,34
132.10696,34.88980111111111,26
132.10662194444444,34.89006694444444,24
132.10634805555554,34.89032611111111,25
132.10621,34.89046694444445,23
132.10609805555555,34.89060111111111,18
132.10594805555556,34.89082611111111,17
132.105885,34.89091694444444,16
132.105785,34.89106694444445,17
132.10499805555557,34.892225,17
132.10491,34.892358888888886,17
132.10484805555555,34.8925,17
132.104785,34.89264194444444,17
132.10472305555555,34.89286694444444,17
132.10461,34.89329194444444,15
132.10456,34.89385,14
132.10452305555555,34.89403388888889,14
132.104435,34.8942,14
132.10436,34.89430888888889,14
132.10427305555555,34.89439194444444,14
132.10414805555556,34.894475,14
132.10406,34.89451694444445,14
132.10384805555555,34.89460805555556,14
132.10377305555556,34.894641944444444,14
132.10371,34.894666944444445,14
132.10366,34.894691944444446,14
132.10357305555556,34.89471694444445,14
132.10336,34.89479194444444,14
132.102935,34.89494194444445,13
132.10047305555557,34.89561694444444,13
132.10012305555554,34.895725,13
132.09941111111112,34.89601694444445,13
132.09914805555556,34.896125,13
132.0988361111111,34.89621694444445,13
132.09857305555556,34.896275,13
132.09808611111112,34.896341944444444,12
132.09732305555556,34.896391111111114,12
132.09742305555557,34.89691611111111,11
132.0975611111111,34.897483055555554,10
132.0976611111111,34.8979,10
132.0977861111111,34.89844111111111,10
132.09783611111112,34.8987,10
132.09646111111113,34.898941111111114,10
132.09542305555556,34.89912388888889,9
132.0947111111111,34.89924888888889,9
132.09417305555556,34.89934111111111,7
132.09409805555555,34.89935805555555,7
132.0940361111111,34.899366111111114,7
132.093165,34.899521944444444,9
132.093165,34.899521944444444,9
132.0930611111111,34.89954111111111,9
132.09228611111112,34.89967388888889,9
132.09216111111112,34.89973305555556,9
132.0919738888889,34.89987388888889,8
132.0910738888889,34.900666111111114,8
132.0909738888889,34.900756944444446,8
132.09093611111112,34.90079111111111,9
132.0897611111111,34.90181611111111,6
132.0900961111111,34.902008888888886,6
132.0900961111111,34.902008888888886,6
132.0914111111111,34.90276611111111,7
132.09164805555557,34.90289888888889,7
132.09214805555555,34.903258055555554,7
132.0924361111111,34.90345694444444,8
132.09308611111112,34.90391611111111,9
132.09354805555554,34.90423194444445,8
132.09367305555554,34.90430694444444,8
132.0943611111111,34.90446611111111,9
132.09534805555555,34.90468194444444,9
132.09604805555554,34.90484111111111,9
132.096985,34.905056944444446,12
132.09716,34.90509888888889,11
132.097285,34.905141111111114,12
132.09742305555557,34.90526611111111,14
132.09746,34.90534888888889,16
132.097485,34.905431944444445,16
132.097485,34.905591111111114,14
132.09776,34.905631944444444,16
132.09791,34.90566611111111,15
132.09847305555556,34.905791111111114,18
132.09892194444444,34.90589888888889,18
132.09952194444443,34.90604888888889,19
132.09987305555555,34.90616611111111,23
132.10007305555555,34.90624888888889,28
132.100235,34.906348888888886,28
132.10042194444443,34.90649111111111,26
132.10072305555556,34.906706944444444,23
132.10144694444443,34.90727388888889,25
132.10149694444445,34.90732388888889,25
132.10159694444445,34.907406944444446,25
132.10189694444443,34.90775694444444,31
132.10197194444444,34.907873888888886,31
132.10207194444445,34.908031944444446,35
132.10221,34.908315,37
132.10236,34.908723888888886,37
132.10256,34.90922388888889,38
132.10266,34.90944,37
132.102735,34.90960694444444,39
132.10282194444446,34.909798888888886,45
132.10284694444445,34.90985694444444,45
132.10330888888888,34.91102305555555,48
132.1033588888889,34.91114,49
132.10344694444444,34.91133194444444,50
132.10354694444445,34.911498055555555,53
132.10364694444445,34.91162305555556,55
132.10369694444444,34.91169,55
132.10389694444444,34.91193194444445,56
132.10395888888888,34.91199805555556,56
132.1041338888889,34.91219805555556,56
132.10494694444444,34.91312305555556,58
132.1047338888889,34.91375611111111,58
132.10464694444445,34.914031111111115,63
132.10465888888888,34.914073055555555,63
132.10465888888888,34.914098055555556,63
132.1050338888889,34.914673055555554,67
132.10524694444445,34.91504,67
132.1053838888889,34.91592305555555,67
132.1054088888889,34.91613888888889,67
132.1055088888889,34.91677305555555,67
132.10549694444444,34.91683888888889,66
132.10543388888888,34.91688888888889,66
132.1053588888889,34.91692305555556,66
132.10517194444444,34.91699805555555,67
132.10510888888888,34.91703111111111,63
132.10507194444443,34.91708111111111,63
132.10487194444445,34.91768111111111,56
132.10482694444445,34.917726944444446,56
132.10482694444445,34.917726944444446,56
132.1045588888889,34.91800611111111,55
132.10453388888888,34.91806388888889,56
132.10453388888888,34.91813888888889,56
132.1045588888889,34.918213888888886,54
132.10459694444444,34.91825611111111,54
132.10463388888888,34.918323055555554,54
132.1048338888889,34.91861388888889,55
132.10488388888888,34.91868888888889,58
132.1049338888889,34.91887194444445,57
132.10497194444446,34.91892305555555,59
132.10514694444444,34.91900611111111,54
132.10519694444446,34.919063888888886,54
132.10524694444445,34.919156111111114,52
132.10527194444444,34.91929694444445,53
132.10527194444444,34.919398055555554,54
132.10524694444445,34.91953111111111,53
132.10520888888888,34.91965611111111,46
132.1051588888889,34.919713888888886,41
132.10500888888888,34.919848055555555,42
132.1048338888889,34.920006111111114,43
132.10477194444445,34.92008111111111,46
132.10453388888888,34.920473055555554,43
132.10447194444444,34.92053888888889,43
132.10440888888888,34.92057194444445,41
132.1043338888889,34.92058111111111,41
132.1042588888889,34.92057194444445,42
132.10417194444443,34.92053888888889,45
132.10399694444445,34.920431111111114,49
132.10392194444444,34.92041388888889,49
132.10384694444446,34.92043888888889,48
132.1038088888889,34.920473055555554,45
132.10379694444444,34.92053111111111,45
132.10382194444443,34.92059694444445,45
132.10395888888888,34.92071388888889,44
132.10398388888888,34.92076388888889,44
132.10397194444445,34.92083111111111,43
132.1039338888889,34.920881111111115,43
132.10360888888889,34.92116388888889,45
132.1033338888889,34.92143111111111,43
132.10332194444445,34.92148888888889,42
132.10324694444444,34.92151388888889,42
132.10318388888888,34.92156388888889,41
132.1031338888889,34.92163111111111,41
132.10312194444444,34.921706111111114,43
132.1031088888889,34.92188111111111,47
132.10309694444445,34.92196388888889,50
132.10299694444444,34.922196944444444,55
132.10299694444444,34.92228111111111,54
132.1030088888889,34.92236388888889,53
132.10305888888888,34.92243111111111,53
132.10314694444443,34.92248111111111,55
132.10379694444444,34.92268111111111,57
132.1038838888889,34.92273111111111,57
132.10394694444443,34.922806111111115,57
132.10397194444445,34.92288111111111,57
132.10394694444443,34.92295611111111,58
132.1038838888889,34.92302194444444,57
132.1038088888889,34.92305611111111,57
132.10344694444444,34.923155,57
132.10334694444444,34.92319694444444,56
132.10328388888888,34.92328,60
132.10324694444444,34.92338,60
132.1032338888889,34.923555,60
132.1032338888889,34.92377194444445,64
132.10329694444445,34.92403,69
132.1033338888889,34.92424694444444,72
132.1033588888889,34.924396944444446,74
132.1033588888889,34.92453888888889,77
132.1033338888889,34.92468888888889,74
132.10315888888888,34.92534694444444,69
132.10314694444443,34.92549694444445,67
132.10317194444445,34.92561388888889,66
132.10352194444445,34.926505,62
132.1035588888889,34.92663,66
132.1035588888889,34.92673,68
132.10350888888888,34.92683805555556,68
132.1034338888889,34.92693,64
132.10327194444446,34.927055,61
132.10297194444445,34.927205,58
132.10290805555556,34.927233055555554,57
132.10290805555556,34.927233055555554,57
132.10282194444446,34.92727194444444,55
132.10269694444443,34.92728805555556,52
132.1024588888889,34.92728805555556,42
132.10229694444445,34.92729694444444,38
132.10215888888888,34.92733,38
132.10202194444443,34.927388055555554,37
132.1018838888889,34.92748,42
132.1016588888889,34.92768,38
132.10154694444444,34.92776305555556,38
132.10142194444444,34.927838055555554,36
132.1012838888889,34.92788,37
132.10109694444444,34.92791305555556,36
132.10067194444446,34.92797111111111,38
132.10054694444443,34.928005,37
132.1002838888889,34.92814611111111,37
132.10019694444443,34.92818,38
132.0995088888889,34.928355,28
132.0993838888889,34.928405,29
132.0988338888889,34.92912111111111,28
132.09949694444444,34.929555,20
132.0996088888889,34.92963805555556,19
132.09968388888888,34.929721111111114,19
132.0998588888889,34.92993805555555,19
132.1000338888889,34.93016305555555,19
132.1003838888889,34.930613055555554,26
132.10062194444444,34.93093805555556,6
132.1007588888889,34.93112111111111,9
132.10097194444444,34.93139611111111,8
132.1010588888889,34.93147888888889,8
132.10112194444446,34.93154611111111,8
132.1012838888889,34.931688055555554,5
132.10144694444443,34.93179611111111,4
132.10174694444444,34.93201305555556,1
132.10215888888888,34.93225388888889,1
132.10222194444444,34.93228805555555,1
132.10229694444445,34.93232888888889,2
132.10272194444445,34.93250388888889,3
132.1027411111111,34.93251111111111,3
132.1027411111111,34.93251194444444,3
132.10302194444444,34.93261305555556,4
132.10362194444446,34.93283805555556,8
132.1040088888889,34.93297888888889,11
132.1046211111111,34.93319611111111,10
132.10478388888887,34.93324611111111,10
132.1050588888889,34.93332888888889,10
132.10557111111112,34.93354611111111,10
132.1061711111111,34.93382888888889,10
132.10645888888888,34.93397111111111,11
132.1066088888889,34.93405388888889,11
132.1067711111111,34.93417888888889,10
132.1068461111111,34.93425388888889,10
132.10690888888888,34.93434611111111,10
132.1069588888889,34.93442888888889,10
132.10702111111112,34.934536944444446,10
132.1070838888889,34.93463694444444,10
132.10715888888888,34.934713055555555,10
132.10724611111112,34.934778888888886,10
132.1074211111111,34.934871111111114,10
132.10737111111112,34.93495388888889,10
132.1072961111111,34.93507888888889,10
132.10727111111112,34.93519611111111,9
132.10725888888888,34.935313055555554,8
132.10727111111112,34.93543694444445,7
132.1073088888889,34.93555388888889,6
132.10738388888888,34.93568805555555,6
132.10863388888887,34.937061944444444,3
132.1088961111111,34.937353888888886,3
132.1090088888889,34.93749611111111,3
132.10908388888888,34.93763694444444,3
132.1091461111111,34.93780388888889,3
132.10918388888888,34.93794611111111,3
132.10919611111112,34.93808694444444,3
132.10918388888888,34.93824611111111,3
132.1091338888889,34.93869611111111,2
132.1090211111111,34.939645,0
132.1089961111111,34.93985388888889,1
132.10895194444444,34.94018694444444,1
132.10895194444444,34.94018694444444,1
132.1089211111111,34.94042,1
132.1088838888889,34.940745,0
132.10884611111112,34.940995,1
132.1087961111111,34.941203888888886,1
132.10873388888888,34.94135388888889,1
132.10872111111112,34.941403888888885,1
132.1085711111111,34.94171194444444,3
132.1085461111111,34.94177,3
132.10839611111112,34.94200305555555,6
132.10829611111112,34.94195305555556,4
132.1081211111111,34.942211944444445,4
132.1080838888889,34.942295,5
132.1079838888889,34.94233694444444,6
132.10792111111112,34.94235305555556,6
132.1079038888889,34.94235111111111,6
132.1079038888889,34.94235111111111,6
132.10792111111112,34.94235305555556,6
132.1079838888889,34.94233694444444,6
132.1080838888889,34.942295,5
132.10815888888888,34.94231194444444,7
132.1083461111111,34.94222,7
132.1084338888889,34.942195,7
132.1085338888889,34.94217805555556,8
132.10873388888888,34.94215305555556,8
132.10895888888888,34.942145,9
132.1090338888889,34.94212805555556,8
132.1090961111111,34.94211194444444,8
132.10917111111112,34.942053055555554,7
132.1092338888889,34.94197805555556,6
132.1092211111111,34.94206194444445,7
132.10917111111112,34.94212805555556,9
132.1091088888889,34.94217,8
132.10885888888888,34.942253055555554,12
132.1086461111111,34.94231194444444,9
132.1085961111111,34.94233694444444,18
132.1085711111111,34.94238694444444,18
132.10848388888888,34.942545,21
132.10839611111112,34.94265305555555,22
132.1083211111111,34.94272,21
132.1082088888889,34.94280305555556,29
132.10817111111112,34.94287,29
132.10817111111112,34.942945,28
132.1081838888889,34.94302,28
132.1082211111111,34.943103055555554,28
132.1083338888889,34.943261944444444,30
132.1083461111111,34.943295,30
132.1083588888889,34.94336194444445,30
132.1083338888889,34.94365305555556,33
132.1083461111111,34.943736944444446,31
132.10839611111112,34.943803055555556,30
132.1084588888889,34.94387805555556,31
132.1085588888889,34.94395305555555,29
132.10860888888888,34.94402,29
132.1086838888889,34.944203055555555,28
132.10874611111112,34.94438611111111,28
132.1087961111111,34.94457805555555,24
132.10883388888888,34.94468611111111,24
132.1088838888889,34.94473611111111,24
132.1090211111111,34.94490305555556,20
132.10919611111112,34.94513611111111,17
132.10968305555556,34.945661111111114,10
132.10977111111112,34.945728055555556,9
132.10985805555555,34.945795,8
132.1099211111111,34.945845,7
132.10995805555555,34.945895,7
132.10997111111112,34.945928055555555,7
132.10995805555555,34.94602805555556,7
132.10990805555556,34.946178055555556,7
132.1098961111111,34.94626111111111,7
132.10990805555556,34.946395,6
132.1100211111111,34.94661111111111,5
132.11005805555556,34.94667805555556,4
132.11010805555554,34.94697,3
132.11009611111112,34.94707805555556,3
132.11010805555554,34.94718611111111,3
132.11019611111112,34.94750305555556,1
132.11023305555557,34.94757805555555,1
132.1103461111111,34.94768611111111,1
132.11042111111112,34.94772805555556,1
132.11064611111112,34.94779388888889,2
132.1106961111111,34.94783611111111,3
132.1108211111111,34.94808611111111,4
132.11090805555557,34.948053055555555,6
132.11144611111112,34.94794388888889,7
132.1120961111111,34.947828055555554,9
132.1122961111111,34.94784388888889,9
132.1125211111111,34.947878055555556,9
132.11269611111112,34.94795305555556,9
132.11275805555556,34.94796111111111,9
132.11283305555557,34.94796111111111,9
132.11438305555555,34.947586111111114,26
132.11450805555555,34.94753611111111,25
132.11468305555556,34.94755305555555,25
132.11478305555556,34.94755305555555,26
132.11488305555557,34.947545,26
132.1150211111111,34.94750305555556,27
132.1154711111111,34.94733611111111,28
132.1157211111111,34.94725305555556,28
132.11584611111113,34.94722,29
132.11598305555555,34.94721111111111,29
132.11610805555554,34.94722,31
132.11623305555557,34.94725305555556,36
132.11638305555556,34.94731111111111,36
132.117095,34.94772,43
132.11727,34.94782,45
132.11790805555555,34.94771111111111,44
132.118895,34.94757805555555,34
132.11900805555555,34.94757,30
132.11910805555556,34.94757805555555,30
132.11968194444444,34.94772805555556,20
132.11980805555555,34.94777805555555,19
132.11988305555556,34.947795,19
132.11993305555555,34.94792,20
132.12003305555555,34.94808611111111,24
132.12008194444445,34.94812805555556,26
132.12018194444445,34.948195,23
132.12023305555556,34.948236111111115,21
132.12027,34.94828611111111,21
132.12027,34.94833611111111,21
132.120245,34.94838611111111,21
132.12008194444445,34.94856111111111,26
132.120045,34.94861111111111,26
132.119895,34.94917805555556,36
132.11987,34.94922805555556,29
132.11982,34.94926888888889,29
132.11975805555556,34.94929388888889,28
132.11968194444444,34.94929388888889,28
132.11940694444445,34.94929388888889,26
132.11932,34.94931111111111,27
132.11925805555555,34.94934388888889,24
132.11920694444444,34.94939388888889,24
132.119195,34.94945305555556,21
132.11920694444444,34.949528055555554,21
132.11923305555555,34.94963611111111,19
132.11923305555555,34.94967805555556,17
132.11923305555555,34.949711111111114,17
132.11920694444444,34.949753055555554,17
132.1191961111111,34.94977194444444,16
</coordinates>
</LineString>
</Placemark>
</Document>
</kml>
