<?xml version="1.0" encoding="UTF-8"?>
<kml xmlns="http://www.opengis.net/kml/2.2" xmlns:atom="http://www.w3.org/2005/Atom">
<Document>
<name>52代夏合宿in中国 9日目</name>
<atom:author>
<atom:name>ぺらあ</atom:name>
</atom:author> 
<atom:link href="https://latlonglab.yahoo.co.jp/route/watch?id=2765b5fce14bbe0425d15c2da0a1d88d" />
<description><![CDATA[8/19(火)
93.6km 1350up
(修行日)

買い出し地：スーパーヒルセン

テン泊地：蒜山高原キャンプ場
http://www.qkamura.or.jp/hiruzen/camp/

主な見どころ
・江島大橋･･･自動車のCMで話題に。「ベタ踏み坂」はいかほどか。
http://youtu.be/xySyTUJujhQ
・大山･･･剣ヶ峰の1729mは中国地方最高峰であり、山陰が誇る名峰。別名「伯耆富士」の名で知られる。]]></description>
<tags><![CDATA[WCC52nd 夏合宿]]></tags>  
<Placemark>
<Style>
<LineStyle>
<color>99ff0000</color>
<width>6</width>
</LineStyle>
</Style>
<LineString>
<coordinates>
133.04994305555556,35.46772611111111,4
133.0501661111111,35.46780388888889,4
133.0509911111111,35.468095,4
133.0513411111111,35.46822,4
133.0517661111111,35.468336944444445,4
133.05185305555557,35.469386944444445,4
133.0518911111111,35.469945,4
133.0519161111111,35.47022888888889,4
133.05195305555554,35.470286944444446,4
133.05195305555554,35.470886944444445,4
133.05195305555554,35.47125305555556,4
133.0519661111111,35.471595,4
133.0519661111111,35.471795,5
133.05197805555557,35.47195305555555,5
133.05197805555557,35.47210305555556,5
133.05206611111112,35.47311194444445,5
133.05210305555556,35.473211944444444,5
133.05240194444445,35.47319888888889,5
133.05240194444445,35.47319888888889,5
133.05287805555557,35.47317805555556,5
133.05360305555556,35.473128055555556,4
133.05427805555556,35.473095,4
133.05555305555555,35.473011944444444,4
133.05614,35.47298694444444,4
133.05637694444445,35.47297,4
133.05677805555555,35.472945,4
133.05722805555556,35.47292888888889,4
133.05742694444444,35.47292,4
133.057665,35.47290388888889,4
133.05779,35.47292,4
133.05787694444444,35.47292888888889,4
133.05880194444444,35.47287,4
133.059365,35.472845,4
133.05972694444444,35.47282888888889,4
133.060115,35.472811944444445,4
133.06055194444446,35.47279611111111,4
133.060715,35.47282888888889,4
133.060915,35.47287111111111,4
133.06154,35.472836944444445,4
133.0623388888889,35.472786944444444,4
133.06261388888888,35.47277111111111,4
133.06293888888888,35.47275388888889,4
133.0632388888889,35.47273694444444,4
133.0633388888889,35.47272888888889,4
133.0634138888889,35.47272111111111,4
133.06383888888888,35.47270388888889,4
133.06397694444445,35.47272111111111,4
133.06453888888888,35.47282888888889,4
133.06465194444445,35.47284611111111,4
133.06527694444443,35.47297888888889,4
133.0658388888889,35.47307888888889,4
133.0663638888889,35.47317888888889,4
133.0665888888889,35.47322111111111,4
133.0668638888889,35.47325388888889,4
133.06715194444445,35.473286944444446,4
133.06735194444445,35.47331194444445,4
133.06772694444444,35.47332888888889,4
133.06840194444445,35.47332111111111,4
133.06907611111112,35.47329611111111,4
133.0694388888889,35.473286944444446,4
133.0695888888889,35.47329611111111,4
133.06973888888888,35.47332888888889,4
133.0699011111111,35.47338694444444,4
133.07020111111112,35.47355388888889,4
133.07097611111112,35.47402888888889,4
133.0716261111111,35.47440388888889,4
133.0717511111111,35.47447888888889,4
133.0718388888889,35.474511944444444,4
133.0719638888889,35.474545,4
133.0720761111111,35.474561944444446,4
133.07221388888888,35.47457,4
133.07232611111112,35.474561944444446,4
133.0730638888889,35.47443694444444,4
133.07335111111112,35.47439611111111,4
133.0734511111111,35.47438694444445,4
133.07370111111112,35.47437111111111,4
133.0738638888889,35.47437111111111,4
133.0740638888889,35.47438694444445,4
133.0743011111111,35.47442111111111,4
133.0744388888889,35.47443694444444,4
133.0747638888889,35.47447888888889,5
133.0749138888889,35.47450388888889,4
133.07505111111112,35.47452111111111,4
133.0758011111111,35.47462111111111,4
133.07626305555556,35.47468694444444,4
133.07662611111112,35.47472888888889,4
133.07748805555556,35.47479611111111,5
133.07796305555556,35.47482888888889,5
133.07826305555557,35.47484611111111,4
133.07835111111112,35.47485388888889,4
133.07845111111112,35.47484611111111,4
133.07857611111112,35.47483694444445,4
133.07870111111112,35.474803888888886,4
133.07878805555555,35.474761944444445,4
133.0789511111111,35.47467888888889,5
133.07908805555556,35.474561944444446,5
133.0793011111111,35.47439611111111,5
133.07951305555557,35.47419611111111,5
133.0796761111111,35.47405388888889,5
133.07983805555557,35.47387111111111,5
133.0799011111111,35.47377111111111,5
133.0800011111111,35.473596111111114,5
133.08006305555554,35.47345388888889,5
133.08017611111111,35.47318805555555,5
133.08023805555555,35.47304611111111,5
133.0803261111111,35.47290388888889,5
133.08043805555556,35.47273805555555,5
133.08056305555556,35.472613055555556,5
133.0806761111111,35.47251305555555,5
133.08081305555555,35.472411944444445,5
133.08113805555556,35.472228888888885,5
133.0813261111111,35.47215388888889,5
133.08156305555556,35.47206194444444,5
133.0818261111111,35.47197888888889,4
133.08240111111112,35.47179611111111,4
133.0825761111111,35.47172111111111,5
133.08268805555556,35.471671111111114,6
133.08283805555556,35.47152888888889,7
133.08291305555557,35.47145388888889,8
133.08297611111112,35.47135388888889,7
133.0830261111111,35.471246111111114,8
133.08311305555554,35.471063055555554,7
133.08346305555557,35.47022111111111,7
133.08356305555554,35.47007888888889,7
133.0837011111111,35.46992888888889,8
133.08386305555555,35.46979611111111,8
133.0840761111111,35.46968805555556,8
133.0842761111111,35.469613055555556,7
133.08447611111112,35.469588055555555,7
133.08473805555556,35.46959611111111,7
133.08483805555557,35.46960388888889,7
133.08492611111112,35.46960388888889,7
133.08546305555555,35.46964611111111,7
133.08576305555556,35.46966305555556,7
133.08593805555554,35.469678888888886,8
133.08637611111112,35.46970388888889,7
133.0867011111111,35.46973,7
133.0869011111111,35.469746111111114,6
133.08711305555556,35.46978,5
133.0873,35.46982111111111,4
133.087375,35.46984611111111,4
133.08788805555557,35.470005,4
133.088075,35.470063055555556,4
133.08818805555555,35.470105,4
133.08836305555556,35.47016305555555,4
133.08861305555556,35.47027111111111,4
133.0888,35.47033805555556,4
133.08996194444444,35.47077111111111,4
133.090325,35.47087111111111,4
133.09066305555555,35.470955,4
133.09096194444444,35.47101305555555,4
133.09121194444444,35.47103805555555,4
133.0913,35.471046111111114,4
133.09145,35.471063055555554,4
133.09148694444445,35.471063055555554,4
133.09161194444445,35.471063055555554,4
133.09216305555555,35.471046111111114,5
133.09225,35.47103805555555,5
133.0925,35.471021111111114,5
133.0928,35.47099611111111,6
133.09341194444445,35.470955,7
133.09438694444444,35.47087111111111,9
133.0948,35.470821111111114,10
133.094975,35.47079611111111,11
133.09541194444444,35.47073,13
133.09566194444446,35.47069611111111,13
133.09601194444446,35.470638055555554,14
133.09631194444444,35.47058,15
133.09658694444445,35.47053,15
133.09671194444445,35.470505,16
133.09685,35.470488055555556,17
133.097075,35.47047194444445,18
133.09713694444446,35.47047194444445,18
133.0973,35.47049694444444,18
133.09746194444443,35.47053805555556,18
133.09762388888888,35.470605,19
133.09776194444444,35.47069694444444,19
133.0978988888889,35.470805,22
133.09798694444444,35.470905,26
133.09811194444444,35.471063055555554,28
133.09817388888888,35.471155,33
133.0983488888889,35.47137194444444,41
133.09851194444445,35.471513055555555,36
133.09863694444445,35.471605,30
133.09887388888887,35.47168805555555,32
133.09921194444445,35.471755,42
133.0994488888889,35.47178805555556,37
133.0994738888889,35.47178805555556,37
133.0996738888889,35.47181305555556,33
133.10001194444445,35.47181305555556,30
133.1001488888889,35.47179694444444,31
133.10053694444446,35.47173,33
133.10103694444444,35.47159694444444,37
133.10188694444443,35.471405,42
133.1020738888889,35.47134694444444,46
133.10228694444444,35.47126305555555,46
133.10253694444444,35.47114694444444,46
133.10337388888888,35.47064694444445,37
133.10373611111112,35.470438888888886,29
133.1041111111111,35.470213888888885,27
133.1044611111111,35.470005,27
133.10476111111112,35.46987194444444,24
133.10507388888888,35.46975611111111,20
133.10521111111112,35.46969694444444,19
133.10556111111111,35.46959694444445,19
133.10576111111112,35.469496944444444,18
133.1059111111111,35.46940611111111,18
133.1060611111111,35.46927194444444,18
133.10619888888888,35.46908111111111,17
133.1064111111111,35.46866388888889,16
133.10654888888888,35.46848111111111,16
133.1067488888889,35.46832194444445,15
133.1069611111111,35.46820611111111,15
133.10724888888888,35.46803111111111,15
133.1078238888889,35.46771388888889,11
133.1080738888889,35.46756388888889,11
133.1082361111111,35.46744694444445,12
133.1084111111111,35.467306111111114,12
133.1085488888889,35.467146944444444,13
133.1086238888889,35.467013888888886,15
133.1087861111111,35.466698055555554,21
133.1091111111111,35.46590611111111,27
133.10916111111112,35.46568111111111,28
133.10916111111112,35.46548111111111,35
133.1089111111111,35.46394,43
133.10891194444446,35.463681111111114,44
133.1089738888889,35.46348111111111,43
133.1090738888889,35.46328111111111,43
133.1092238888889,35.46310611111111,44
133.10937388888888,35.46298111111111,44
133.1107861111111,35.46203194444445,53
133.1117361111111,35.46143194444444,59
133.11242388888888,35.461106944444445,49
133.1130611111111,35.46082388888889,43
133.1131988888889,35.46074,44
133.11347388888888,35.460515,44
133.11403611111112,35.459806944444445,35
133.1141738888889,35.45968194444445,36
133.11438611111112,35.459556944444444,34
133.11457388888888,35.45948194444444,34
133.1148488888889,35.45942388888889,27
133.11502388888889,35.45939888888889,26
133.11548611111112,35.45937388888889,26
133.1160111111111,35.459356944444444,25
133.11624805555556,35.45933194444444,28
133.11642305555554,35.45929111111111,23
133.11844805555555,35.45881611111111,5
133.12022305555556,35.45840694444444,4
133.12027305555554,35.45879111111111,5
133.12027305555554,35.45882388888889,5
133.12031,35.45904888888889,5
133.12036,35.45921611111111,5
133.12042194444444,35.45930694444444,5
133.12054694444444,35.45941611111111,5
133.120785,35.45952388888889,4
133.12112194444444,35.459631944444446,5
133.12136,35.45969888888889,5
133.12161,35.459781944444444,5
133.12172305555555,35.45984888888889,5
133.12189694444444,35.459941111111114,5
133.12204694444443,35.46004111111111,5
133.122135,35.46014111111111,5
133.12219694444445,35.46022388888889,6
133.12227194444444,35.460366111111114,8
133.122385,35.46054111111111,7
133.12259694444444,35.46084111111111,8
133.12302194444445,35.46134111111111,10
133.12344694444445,35.46188194444444,7
133.12352194444443,35.46197388888889,6
133.12374694444443,35.46227388888889,5
133.12388388888888,35.46244111111111,5
133.12397194444443,35.46262388888889,5
133.12399694444446,35.46281611111111,5
133.12399694444446,35.46292388888889,5
133.12397194444443,35.463056944444446,5
133.12374694444443,35.46369888888889,5
133.12372194444444,35.46383194444444,6
133.1237338888889,35.464015,7
133.12374694444443,35.464115,7
133.12379694444445,35.464306944444445,8
133.1238338888889,35.46439888888889,8
133.12384694444444,35.46442388888889,8
133.12390888888888,35.464556944444446,10
133.12432194444443,35.46509,15
133.12447194444445,35.46529,17
133.12455888888888,35.46539,18
133.1246588888889,35.46548194444444,17
133.12479694444445,35.46559,15
133.12509694444444,35.46575694444444,16
133.12582194444445,35.46594888888889,16
133.12640888888888,35.46609,15
133.12715888888889,35.466265,11
133.12740888888888,35.46632388888889,10
133.1278088888889,35.466415,9
133.1281088888889,35.46647388888889,9
133.12842111111112,35.46649,8
133.1286211111111,35.46649,9
133.12885888888889,35.466515,9
133.1292711111111,35.466515,9
133.1297211111111,35.46654888888889,9
133.13000805555555,35.46658194444444,9
133.13034611111112,35.46667388888889,9
133.13082111111112,35.46684,9
133.13294611111112,35.46758194444445,9
133.13373305555555,35.46787388888889,9
133.13395805555555,35.467998888888886,9
133.13410805555554,35.468115,9
133.13422,35.468215,9
133.13440805555555,35.468415,9
133.13452,35.468581944444445,9
133.13455805555554,35.468631944444446,9
133.13502,35.469315,9
133.13550805555556,35.47002305555556,9
133.13608194444444,35.470798055555555,9
133.13608194444444,35.470815,9
133.13637,35.47108194444444,9
133.13652,35.47119,9
133.136745,35.47129805555556,9
133.13710805555556,35.47145694444445,12
133.13715805555555,35.471473055555556,12
133.13993194444444,35.472656944444445,10
133.14028194444444,35.472831944444444,10
133.14046888888888,35.472965,10
133.14091888888888,35.47344805555556,9
133.14103194444445,35.473565,9
133.1412188888889,35.47378194444445,9
133.14140694444444,35.47400694444445,9
133.14170694444445,35.474223055555555,9
133.1419938888889,35.474356944444445,9
133.1420938888889,35.474415,9
133.14243194444444,35.474565,9
133.14273194444445,35.474715,9
133.1431438888889,35.47504,9
133.1434188888889,35.47544,9
133.14349388888888,35.47578111111111,9
133.1435688888889,35.47607305555555,9
133.1435688888889,35.476215,9
133.1435688888889,35.476398055555556,9
133.1435438888889,35.476815,9
133.14351888888888,35.47727305555556,9
133.14350694444445,35.477648055555555,9
133.1435438888889,35.47828111111111,9
133.14351888888888,35.47840611111111,9
133.14361888888888,35.478523055555556,9
133.14451888888888,35.48021388888889,8
133.14461888888889,35.48032305555556,8
133.14474388888888,35.48038888888889,8
133.1449061111111,35.480423055555555,8
133.14508111111112,35.480423055555555,8
133.1455188888889,35.480288888888886,8
133.1457188888889,35.48025611111111,8
133.14589388888888,35.48023888888889,8
133.1461688888889,35.48027305555556,8
133.1464188888889,35.48034805555555,0
133.1483561111111,35.48135611111111,7
133.15279305555555,35.48368111111111,5
133.15528111111112,35.484985,4
133.15528111111112,35.484985,4
133.160155,35.48753888888889,4
133.16108,35.48805611111111,4
133.161205,35.488148055555556,0
133.161305,35.48827305555555,0
133.16139194444443,35.48836388888889,0
133.16153,35.488573055555555,0
133.161655,35.48882305555556,0
133.161705,35.488948055555554,0
133.16179194444445,35.48937305555555,0
133.161905,35.49008888888889,0
133.161955,35.49041388888889,0
133.161955,35.49068111111111,4
133.16191694444444,35.49095611111111,0
133.16178,35.49124805555556,4
133.16164194444445,35.49148111111111,4
133.16144194444445,35.491746944444444,0
133.16116694444443,35.49195611111111,4
133.159855,35.492621944444444,0
133.15964194444445,35.49276388888889,0
133.15924194444443,35.49311388888889,0
133.158855,35.49346388888889,5
133.158005,35.49423111111111,5
133.157805,35.49444694444445,5
133.157655,35.49466388888889,0
133.15756694444445,35.49487194444445,0
133.15748,35.495105,0
133.157205,35.496113888888885,0
133.15704305555556,35.49673,5
133.15703,35.49691305555555,0
133.157055,35.497146944444445,0
133.157105,35.49733,0
133.157205,35.49758805555555,0
133.15806694444444,35.498913055555555,0
133.15905388888888,35.500413055555555,0
133.1591788888889,35.50063,0
133.15926694444445,35.50088,0
133.1593038888889,35.50113,5
133.15929194444445,35.50138,5
133.15924194444443,35.50176305555556,0
133.15902888888888,35.50312888888889,0
133.1589538888889,35.50354611111111,0
133.15892888888888,35.50372888888889,5
133.15891694444446,35.503863055555556,5
133.15889194444443,35.50414611111111,5
133.15892888888888,35.50452888888889,5
133.15902888888888,35.50490388888889,5
133.15919194444444,35.50525388888889,5
133.15941694444444,35.505588055555556,5
133.1597788888889,35.506011944444445,5
133.1602288888889,35.50649611111111,5
133.16050388888888,35.50675388888889,5
133.16081694444443,35.506996111111114,5
133.1612788888889,35.507286944444445,5
133.1617411111111,35.507488055555555,5
133.1621788888889,35.50759611111111,0
133.1625911111111,35.50766194444444,0
133.16291611111112,35.507688055555555,0
133.1629911111111,35.507688055555555,0
133.1633911111111,35.50767111111111,5
133.16380388888888,35.50762111111111,5
133.16424111111112,35.50752888888889,5
133.1653488888889,35.50724388888889,2
133.1653488888889,35.50724388888889,2
133.1662161111111,35.50702111111111,0
133.1673788888889,35.50671305555556,0
133.16807805555555,35.506503888888886,0
133.16879111111112,35.50625388888889,0
133.1711411111111,35.505338055555555,0
133.17187805555557,35.50503805555555,0
133.17302805555556,35.50458,0
133.17434111111112,35.504088055555556,0
133.17475305555556,35.50396305555556,0
133.17517805555556,35.50389694444444,0
133.1756161111111,35.503855,0
133.17569111111112,35.503855,0
133.176015,35.503855,0
133.176865,35.50391305555556,0
133.177365,35.50393,0
133.17787805555557,35.50393805555556,0
133.178015,35.50393,0
133.17842805555554,35.50389694444444,0
133.17900194444445,35.50378805555555,0
133.17925194444445,35.50372194444444,0
133.179615,35.50362194444445,0
133.17992694444445,35.50351305555556,0
133.18042694444443,35.50338,0
133.180665,35.503321944444444,0
133.180915,35.50327194444444,0
133.181165,35.503255,0
133.18140194444445,35.50326388888889,0
133.181615,35.50328,0
133.18172805555557,35.503305,0
133.18185305555556,35.503321944444444,0
133.182065,35.50338,0
133.183465,35.50389694444444,4
133.18463888888888,35.504305,4
133.18562694444444,35.504646944444445,4
133.18612694444445,35.504846944444445,4
133.18656388888888,35.50513,4
133.18675194444444,35.505313055555554,0
133.18692694444445,35.50554694444445,0
133.1884388888889,35.508505,0
133.18920111111112,35.50993805555556,4
133.18932611111111,35.51022888888889,0
133.1894761111111,35.51067111111111,4
133.1895638888889,35.51095388888889,5
133.1896638888889,35.51127888888889,5
133.1898011111111,35.51184611111111,5
133.19008888888888,35.51305388888889,5
133.19010111111112,35.51324611111111,5
133.19010111111112,35.51347888888889,5
133.19007611111113,35.513621111111114,5
133.1900261111111,35.51378694444445,5
133.18996388888888,35.513936944444445,5
133.18986388888888,35.51410388888889,5
133.18938888888889,35.51487111111111,5
133.19090111111112,35.51549611111111,4
133.1922261111111,35.51602111111111,4
133.19340111111111,35.51654611111111,3
133.19406305555555,35.51681194444444,3
133.195375,35.517361944444445,3
133.19728805555556,35.518161944444444,2
133.19936388888888,35.519061944444445,0
133.19936388888888,35.519061944444445,0
133.2005,35.519553888888886,0
133.20191194444445,35.520095,0
133.202,35.52012888888889,0
133.2023738888889,35.52027,1
133.20293694444445,35.52047,1
133.20331194444444,35.520603888888886,1
133.2035488888889,35.52066194444444,1
133.20361194444445,35.52067888888889,1
133.20401194444443,35.52071194444444,1
133.20483694444445,35.52077888888889,1
133.20572388888888,35.52086194444444,1
133.20786194444443,35.52103694444445,2
133.2086361111111,35.521145,2
133.2097361111111,35.521345,3
133.2099738888889,35.521386944444444,3
133.21073611111112,35.521611944444444,3
133.2118988888889,35.52195388888889,3
133.21232388888887,35.522086944444446,3
133.2129488888889,35.522261944444445,3
133.2134111111111,35.52240388888889,3
133.2139861111111,35.52093694444444,3
133.21401111111112,35.52087111111111,3
133.2144238888889,35.51980388888889,3
133.2148488888889,35.51873694444444,4
133.2150988888889,35.51808805555556,4
133.2152111111111,35.51780388888889,4
133.2153111111111,35.51757111111111,4
133.21561111111112,35.51679611111111,4
133.2156488888889,35.516713055555556,4
133.2157738888889,35.51637888888889,4
133.2157861111111,35.51636305555556,4
133.2158488888889,35.51620388888889,4
133.2159738888889,35.515971111111114,4
133.2159988888889,35.51592888888889,4
133.2161238888889,35.51568805555556,4
133.2163611111111,35.51530388888889,4
133.2168738888889,35.51455388888889,4
133.2169861111111,35.51437888888889,4
133.2172111111111,35.514046111111114,4
133.21729888888888,35.513913055555555,4
133.21749888888888,35.51361305555555,4
133.2175488888889,35.51354611111111,4
133.2178111111111,35.51316305555556,4
133.2183738888889,35.51232111111111,4
133.21887388888888,35.51158,5
133.2190238888889,35.511338055555555,5
133.2191611111111,35.511163055555556,5
133.2192861111111,35.511021944444444,4
133.2194861111111,35.510846944444445,4
133.21968611111112,35.51069694444445,4
133.21988611111112,35.510555,4
133.22012388888888,35.51041305555555,4
133.2204361111111,35.510255,4
133.22093611111111,35.51001388888889,4
133.2211738888889,35.50989694444444,3
133.2215238888889,35.50968,3
133.22217388888888,35.50924694444444,3
133.22269888888889,35.50888,3
133.2237111111111,35.50817194444444,3
133.2238238888889,35.508105,3
133.22394805555555,35.50803,3
133.22419805555555,35.50793888888889,3
133.22439805555555,35.50786388888889,4
133.22498611111112,35.50768,4
133.22543611111112,35.507555,4
133.22648611111111,35.50723888888889,5
133.22693611111112,35.50711388888889,5
133.22717305555557,35.507055,5
133.22723611111113,35.50704694444445,5
133.22767305555556,35.506971944444444,5
133.22863611111111,35.506796944444446,5
133.22892305555555,35.506746944444444,5
133.22896111111112,35.50673888888889,5
133.22937305555556,35.506655,4
133.22992305555556,35.506546944444445,4
133.2302361111111,35.50648888888889,4
133.2304611111111,35.50643888888889,4
133.23054805555554,35.50642194444445,4
133.2318111111111,35.506171944444446,4
133.23204805555557,35.50613111111111,4
133.23304805555554,35.50593888888889,5
133.23327305555554,35.505896944444444,5
133.23392305555555,35.50578888888889,5
133.233985,35.50578111111111,5
133.23406,35.50577194444445,5
133.23469805555555,35.505696944444445,4
133.23757194444445,35.50533,4
133.23774805555556,35.505305,4
133.23857305555555,35.50519694444444,4
133.23922305555556,35.505113888888886,4
133.23967194444444,35.505021944444444,4
133.24024805555555,35.50492194444445,3
133.240385,35.504871944444446,3
133.240835,35.50478888888889,3
133.24106,35.50473,3
133.24172194444444,35.50458,3
133.24229694444443,35.504421944444445,3
133.24242194444443,35.50438888888889,3
133.24309694444443,35.504196944444445,3
133.24330694444444,35.504131111111114,3
133.24330694444444,35.504131111111114,3
133.24352194444444,35.504063888888886,3
133.243935,35.50392194444444,3
133.24487194444444,35.50358,3
133.24559694444446,35.50331388888889,3
133.24604694444446,35.50313,3
133.24629694444445,35.50298,3
133.2465588888889,35.502805,4
133.2467838888889,35.50263,4
133.24692194444444,35.50248888888889,4
133.24694694444443,35.50246388888889,4
133.24704694444443,35.502338888888886,4
133.24709694444445,35.50228888888889,4
133.24734694444444,35.50193888888889,4
133.24737194444444,35.501905,4
133.24753388888888,35.50171388888889,4
133.24767194444445,35.501556111111114,4
133.24785888888889,35.50140611111111,4
133.24808388888889,35.50123888888889,4
133.2483588888889,35.50108111111111,4
133.24864694444443,35.500971944444444,4
133.24892194444445,35.50088888888889,4
133.24923388888888,35.50083111111111,3
133.24952194444444,35.50078888888889,3
133.25183388888888,35.50062194444445,2
133.25215888888889,35.50058111111111,2
133.25227194444443,35.50056388888889,2
133.2525838888889,35.500481111111114,2
133.2529338888889,35.50035611111111,2
133.2531338888889,35.50024805555555,2
133.25333388888887,35.500123055555555,2
133.2535961111111,35.499923055555556,1
133.25387111111112,35.49965611111111,1
133.2540711111111,35.49937305555556,1
133.25424611111112,35.499073055555556,1
133.25433388888888,35.49885611111111,1
133.2544211111111,35.49854,1
133.25444611111112,35.49823194444444,1
133.25443388888888,35.497948055555554,1
133.2543838888889,35.497731944444446,2
133.25432111111112,35.497523055555554,2
133.25420888888888,35.49729,2
133.2541338888889,35.497165,2
133.25409611111112,35.49710694444445,2
133.2533588888889,35.49614888888889,3
133.2531338888889,35.496231944444446,3
133.25299694444445,35.49625694444445,3
133.2528338888889,35.496248888888886,3
133.25269694444444,35.496215,3
133.2525588888889,35.49614888888889,3
133.2524588888889,35.49608194444444,3
133.25237194444443,35.49599,3
133.25230888888888,35.49588194444444,3
133.25228388888888,35.495781944444445,3
133.25227194444443,35.49568194444444,3
133.25229694444445,35.49557388888889,4
133.25234694444444,35.495465,4
133.2524338888889,35.495356944444445,4
133.25253388888888,35.49528194444444,4
133.25263388888888,35.49523194444444,3
133.25308388888888,35.495041111111114,3
133.25343388888888,35.49489888888889,3
133.25367194444445,35.49482388888889,3
133.25385888888889,35.49479111111111,3
133.25420888888888,35.49476611111111,3
133.25439694444444,35.494773888888886,3
133.25454611111113,35.49479111111111,3
133.2547088888889,35.49483194444444,3
133.25534611111112,35.495041111111114,3
133.2554211111111,35.49485694444444,3
133.25548388888888,35.49467388888889,3
133.25558388888888,35.494323888888886,3
133.25570888888888,35.49394111111111,3
133.25579611111112,35.49366611111111,3
133.2558461111111,35.49353305555555,3
133.2558711111111,35.49346611111111,3
133.25593388888888,35.49332388888889,3
133.2559711111111,35.49326611111111,3
133.2560588888889,35.493116111111114,3
133.2560961111111,35.493048888888886,3
133.2561211111111,35.49304111111111,3
133.2564088888889,35.49285694444445,3
133.25660888888888,35.49272388888889,3
133.2566711111111,35.492691111111114,3
133.25682111111112,35.49259888888889,3
133.2568711111111,35.492558055555556,3
133.25693388888888,35.49252388888889,3
133.2572461111111,35.49232388888889,3
133.2573461111111,35.492266111111114,3
133.2573711111111,35.49224111111111,3
133.25785888888888,35.491933055555556,3
133.2579088888889,35.49189888888889,3
133.2581588888889,35.49173305555556,3
133.2586961111111,35.49138305555555,2
133.25887111111112,35.491275,2
133.25898388888888,35.491216111111115,2
133.2591338888889,35.49109111111111,2
133.2594588888889,35.49088305555556,2
133.2595211111111,35.49085,2
133.2600711111111,35.49048305555556,2
133.26023388888888,35.490383055555554,2
133.2602838888889,35.490341111111114,2
133.2607711111111,35.49003305555556,2
133.26215805555555,35.489125,2
133.26223305555555,35.489075,2
133.26249611111112,35.4889,2
133.26295805555554,35.48860888888889,2
133.26300805555556,35.488575,2
133.26373305555555,35.48810888888889,3
133.26385805555554,35.488025,3
133.26419611111112,35.4878,3
133.2643711111111,35.48769194444444,3
133.26510805555554,35.48720888888889,3
133.2651461111111,35.48719194444445,3
133.2652461111111,35.48712611111111,3
133.2653961111111,35.487025,3
133.2653961111111,35.487025,3
133.26588305555555,35.48670111111111,3
133.2667211111111,35.48614194444445,3
133.26730805555556,35.48575888888889,3
133.26745805555555,35.48565888888889,3
133.26765805555556,35.48553388888889,3
133.26793305555555,35.485351111111115,3
133.26820805555556,35.48517611111111,3
133.26863305555557,35.484901111111114,3
133.26892,35.484701111111114,3
133.269045,35.48462611111111,3
133.26923305555556,35.48450111111111,3
133.26943305555557,35.484366944444446,3
133.26960805555555,35.48425888888889,3
133.269895,35.48406694444444,3
133.27005805555555,35.48396805555556,3
133.270195,35.483868055555554,3
133.270445,35.48370888888889,3
133.27075805555555,35.48350888888889,3
133.27115805555556,35.483243055555555,3
133.27143305555555,35.483068055555556,3
133.271845,35.482793055555554,2
133.27243305555555,35.48240111111111,2
133.272445,35.482393055555555,2
133.27262,35.48226805555556,3
133.27268305555555,35.48222611111111,3
133.272945,35.48204305555556,3
133.272995,35.48201,3
133.273145,35.481901111111114,3
133.273195,35.48186805555556,3
133.27323194444443,35.48184305555556,3
133.273345,35.481768055555555,3
133.27380694444443,35.48146,3
133.273845,35.48142611111111,3
133.27398194444444,35.481343055555556,3
133.27428194444445,35.481135,3
133.27485694444445,35.48075111111111,3
133.27488194444445,35.480735,3
133.27555694444445,35.480285,3
133.27578194444445,35.48012694444444,3
133.2758188888889,35.48010194444444,3
133.2760188888889,35.47996805555555,3
133.2762688888889,35.479801944444446,3
133.27631888888888,35.47976805555555,3
133.27653194444446,35.47962694444445,3
133.27668194444445,35.47951805555556,3
133.27689388888888,35.47937694444445,3
133.2772688888889,35.47911805555555,3
133.27753194444443,35.478943055555554,3
133.2776188888889,35.478885,3
133.27791888888888,35.478685,3
133.2779438888889,35.47866,3
133.2782938888889,35.47842694444444,3
133.27860694444445,35.47821,3
133.27868194444446,35.47816888888889,3
133.27900694444443,35.47794388888889,3
133.2793438888889,35.47771,3
133.27955694444444,35.47756888888889,3
133.27985694444445,35.47736,3
133.2803688888889,35.47701,3
133.2806688888889,35.476801944444446,3
133.28085694444445,35.47667694444444,3
133.28103194444444,35.47656111111111,3
133.2813811111111,35.47631888888889,3
133.2814261111111,35.47635888888889,3
133.2814261111111,35.47635888888889,3
133.2813811111111,35.47631888888889,3
133.2816938888889,35.476101944444444,3
133.2817311111111,35.47607694444444,3
133.2820811111111,35.47584388888889,3
133.2824061111111,35.47561888888889,3
133.28245611111112,35.47558611111111,3
133.2827561111111,35.47538611111111,3
133.2829688888889,35.47523611111111,3
133.2834938888889,35.474893888888886,3
133.2837688888889,35.47470194444445,3
133.2839938888889,35.474536111111114,3
133.2841811111111,35.47441111111111,3
133.2845188888889,35.474176944444444,3
133.2848938888889,35.47391888888889,3
133.2852188888889,35.47369388888889,3
133.2855561111111,35.473461111111114,3
133.2856561111111,35.473393888888886,3
133.2861061111111,35.47308611111111,3
133.28639388888888,35.47288611111111,3
133.2866061111111,35.47273611111111,3
133.28695611111112,35.47249388888889,3
133.28729305555555,35.47226111111111,3
133.2873561111111,35.47221888888889,3
133.28771805555556,35.47196888888889,3
133.28801805555557,35.47176888888889,3
133.28820611111112,35.47164388888889,3
133.28839305555556,35.47151111111111,3
133.28861805555556,35.47136111111111,3
133.28879305555554,35.471243888888885,3
133.2888311111111,35.47121888888889,3
133.28899305555555,35.471111111111114,3
133.2892811111111,35.470911111111114,3
133.28946805555555,35.470778055555556,3
133.28959305555554,35.47070305555555,3
133.28986805555556,35.47052,3
133.28989305555555,35.470495,3
133.2902061111111,35.47028611111111,4
133.29054305555556,35.47005305555555,4
133.29074305555557,35.46992,4
133.29080611111112,35.46988611111111,4
133.29111805555556,35.46967,4
133.29146805555555,35.46943611111111,4
133.29173111111112,35.46926111111111,4
133.29231805555557,35.468853055555556,4
133.293055,35.468361944444446,4
133.29368,35.467936944444446,4
133.293805,35.46785305555556,4
133.29456805555554,35.46733694444445,4
133.29491694444445,35.467103055555555,4
133.29509305555555,35.46698694444444,4
133.29549194444445,35.46672,4
133.29574194444444,35.466545,4
133.29603,35.466345,4
133.29626694444445,35.46615388888889,4
133.29633,35.466095,4
133.296655,35.465795,4
133.29701694444444,35.465445,4
133.29728,35.46520388888889,4
133.29789194444444,35.46461194444444,4
133.29819194444445,35.46432111111111,4
133.29884194444443,35.46369611111111,4
133.299455,35.46311194444444,4
133.299955,35.46264611111111,4
133.300755,35.46187888888889,4
133.301105,35.461553888888886,4
133.3015038888889,35.46117111111111,5
133.30181694444445,35.46087111111111,5
133.30229194444445,35.46040388888889,5
133.30241694444445,35.46029611111111,5
133.30261694444445,35.46009611111111,5
133.3028788888889,35.45984611111111,5
133.30317888888888,35.45955388888889,5
133.3033288888889,35.459403888888886,5
133.30362888888888,35.459113055555555,5
133.3036788888889,35.45907111111111,5
133.30371694444443,35.45903805555555,5
133.30466805555557,35.45813111111111,5
133.30466805555557,35.45813111111111,5
133.30522888888888,35.45759611111111,5
133.30566694444445,35.45717111111111,5
133.30584194444444,35.45701305555556,5
133.30586694444443,35.456988055555556,5
133.30606694444444,35.456788055555556,5
133.30626694444445,35.45659611111111,5
133.30631694444443,35.45654611111111,5
133.30645388888888,35.45642111111111,5
133.30706694444444,35.455855,5
133.30709194444444,35.45583,5
133.30711694444443,35.45581305555555,5
133.30729194444444,35.455713055555556,5
133.30734194444443,35.455655,5
133.30739194444445,35.455505,5
133.3075038888889,35.45538805555555,5
133.30825388888888,35.45467194444444,5
133.30847888888889,35.45447194444444,5
133.3086538888889,35.454296944444444,6
133.30904194444443,35.453938055555554,6
133.30939194444446,35.45359694444444,6
133.3094538888889,35.453538055555555,6
133.31010388888888,35.45292194444445,6
133.3108288888889,35.452221944444446,6
133.3111538888889,35.451905,6
133.31176694444446,35.451305,7
133.31177888888888,35.45128888888889,7
133.3119788888889,35.45108,7
133.31199194444446,35.45106388888889,7
133.31200388888888,35.45103888888889,7
133.31212888888888,35.45103,7
133.31247888888888,35.45088,6
133.31257888888888,35.45084694444444,6
133.31266694444443,35.45081388888889,6
133.3139788888889,35.450305,6
133.3145288888889,35.45008,6
133.3154538888889,35.44973,6
133.31734194444445,35.44898888888889,6
133.3179788888889,35.44873888888889,6
133.31926694444445,35.44822194444444,7
133.31936694444445,35.448188888888886,7
133.3199788888889,35.44793888888889,7
133.32011694444444,35.44798111111111,7
133.32028,35.44788611111111,7
133.32028,35.44788611111111,7
133.32040388888888,35.44781388888889,7
133.32059194444443,35.44782194444444,7
133.3206788888889,35.44778111111111,7
133.32074194444445,35.447721944444446,7
133.3207538888889,35.44770611111111,7
133.3210038888889,35.44755611111111,7
133.32140388888888,35.44739694444444,7
133.32159194444444,35.44732194444445,7
133.3217788888889,35.447246944444444,7
133.3221288888889,35.44710611111111,7
133.3228038888889,35.44683111111111,7
133.3238538888889,35.44640611111111,7
133.3248411111111,35.44600611111111,7
133.3248661111111,35.445996944444445,7
133.32580388888888,35.445613888888886,7
133.3258538888889,35.44559805555556,7
133.32592888888888,35.44556388888889,7
133.32686611111112,35.44503888888889,7
133.3274788888889,35.44470611111111,7
133.3276161111111,35.444631111111114,7
133.32778,35.44454694444445,7
133.32778,35.44454694444445,7
133.3281411111111,35.44436388888889,7
133.3282411111111,35.444313888888885,7
133.32832888888888,35.44426388888889,7
133.32966611111112,35.44353111111111,7
133.3303911111111,35.44313888888889,8
133.3311911111111,35.44271388888889,7
133.33170388888888,35.44244805555556,7
133.3317788888889,35.442413888888886,7
133.3318661111111,35.44236388888889,7
133.3323661111111,35.442073055555554,7
133.33305305555555,35.44169111111111,7
133.33305305555555,35.44169111111111,7
133.3334911111111,35.441448055555554,7
133.3341288888889,35.441115,7
133.33489111111112,35.44070611111111,7
133.3355038888889,35.440373055555554,7
133.33645388888888,35.43985611111111,7
133.3372411111111,35.43944,7
133.3373038888889,35.43940611111111,7
133.3378661111111,35.439115,7
133.33826611111112,35.438898055555555,7
133.33851611111112,35.43877305555556,7
133.33877805555557,35.438631944444445,7
133.33917805555555,35.438415,7
133.33995305555555,35.437981944444445,6
133.34295305555557,35.43639,5
133.34345305555556,35.43614,5
133.34350305555554,35.436115,5
133.3437661111111,35.435965,5
133.34415305555555,35.43574888888889,5
133.34470305555556,35.43544888888889,5
133.3450161111111,35.43530694444444,5
133.34530305555555,35.435181944444444,5
133.3455661111111,35.43509,5
133.345625,35.43507,5
133.345625,35.43507,5
133.34600305555554,35.43494,5
133.3468661111111,35.43465694444444,5
133.34710305555555,35.434581944444446,5
133.3473161111111,35.43449888888889,5
133.34756611111112,35.43439,5
133.3476411111111,35.43434888888889,5
133.34784,35.43424888888889,5
133.34804,35.434106944444444,6
133.348215,35.43394888888889,6
133.34830305555556,35.43387388888889,7
133.348365,35.433815,6
133.34844,35.433748888888886,7
133.348515,35.43367388888889,7
133.34859,35.43360694444444,7
133.34865305555556,35.433548888888886,8
133.348715,35.433481944444445,8
133.34892805555555,35.43326611111111,8
133.34987805555556,35.43235694444444,6
133.34995305555555,35.43228194444445,5
133.35004,35.43219111111111,5
133.35015305555555,35.43204111111111,5
133.35025305555556,35.43204111111111,5
133.35170305555556,35.431823888888886,5
133.35172805555555,35.43181611111111,5
133.352615,35.43168194444444,5
133.353315,35.43157388888889,5
133.35367805555555,35.43152388888889,5
133.353865,35.43150694444444,5
133.35427694444445,35.431491111111114,5
133.35485305555557,35.43146611111111,5
133.35522805555556,35.43145694444444,5
133.35562694444445,35.43144111111111,5
133.35597694444445,35.43143194444445,5
133.3563438888889,35.43142,5
133.3563438888889,35.43142,5
133.356465,35.43141611111111,5
133.35674,35.431398888888886,5
133.35720194444445,35.43137388888889,5
133.35769,35.431308055555554,5
133.35787694444446,35.43129111111111,5
133.358165,35.43127388888889,5
133.35840194444444,35.43125805555555,5
133.358565,35.43122388888889,5
133.35891388888888,35.431156944444446,5
133.35912694444445,35.43112388888889,5
133.3591888888889,35.431106944444444,5
133.3592888888889,35.43109111111111,5
133.35937694444445,35.43107388888889,5
133.35947694444445,35.43105805555555,5
133.3601138888889,35.43094888888889,5
133.36092694444446,35.43080805555555,5
133.36150194444446,35.430706944444445,5
133.36161388888888,35.43069111111111,5
133.3622138888889,35.43058194444444,6
133.36277694444445,35.430481944444445,6
133.3629138888889,35.430456944444444,6
133.3637138888889,35.43031611111111,8
133.36423888888888,35.43022388888889,11
133.3642911111111,35.43021,11
133.3642911111111,35.43021,11
133.36430194444443,35.43020694444444,11
133.36435194444445,35.43019888888889,11
133.36440194444444,35.430191111111114,11
133.3664102777778,35.429836944444446,6
133.3664102777778,35.429836944444446,6
133.36832611111112,35.42949888888889,9
133.36855111111112,35.42946611111111,10
133.36875111111112,35.42945805555556,9
133.3690411111111,35.42943611111111,9
133.3690411111111,35.42943611111111,9
133.3698511111111,35.42937388888889,9
133.3700761111111,35.429358055555554,9
133.3710888888889,35.429273888888886,9
133.3714138888889,35.429248888888885,9
133.3719011111111,35.429208055555556,8
133.37236388888888,35.42916611111111,8
133.3725638888889,35.429158055555554,8
133.3727511111111,35.429141111111115,8
133.3730138888889,35.429116111111114,8
133.3733138888889,35.42909111111111,8
133.3734888888889,35.42908305555556,8
133.3739888888889,35.42904111111111,8
133.3741388888889,35.42902388888889,8
133.3742761111111,35.42902388888889,8
133.37451388888888,35.42909888888889,8
133.3746761111111,35.42876611111111,8
133.37476388888888,35.428623888888886,8
133.3752388888889,35.428,8
133.37543888888888,35.42773305555556,8
133.3758511111111,35.4272,8
133.3760511111111,35.42694111111111,8
133.3761761111111,35.426766111111114,8
133.3764261111111,35.42645805555556,8
133.37678888888888,35.425983055555555,8
133.3769638888889,35.425758055555555,8
133.37711305555555,35.425583055555556,8
133.37750111111112,35.42511694444445,8
133.37761305555554,35.425,8
133.3776761111111,35.42491694444445,8
133.3782011111111,35.42430805555556,8
133.3784761111111,35.42398305555555,8
133.3785261111111,35.42393305555556,8
133.37927611111112,35.42308388888889,8
133.3797011111111,35.42260888888889,9
133.37975111111112,35.42255888888889,9
133.37991305555556,35.42238388888889,9
133.3800011111111,35.42228388888889,9
133.3803511111111,35.421875,10
133.3812511111111,35.42086694444444,11
133.38136305555557,35.42073388888889,11
133.38142611111113,35.42066694444444,11
133.38196194444444,35.420053055555556,11
133.38196194444444,35.420053055555556,11
133.3821761111111,35.41980888888889,12
133.3822011111111,35.41977611111111,12
133.38238805555557,35.419558888888886,12
133.38258805555554,35.419333888888886,12
133.3827761111111,35.41912611111111,12
133.38280111111112,35.41910111111111,12
133.38305111111112,35.41882611111111,13
133.38336305555555,35.41851805555556,13
133.3835261111111,35.41835888888889,13
133.38386305555557,35.41800888888889,13
133.38403805555555,35.41785111111111,13
133.3842261111111,35.41768388888889,14
133.38456305555556,35.417316944444444,14
133.38503805555555,35.41680111111111,14
133.3851011111111,35.41673388888889,14
133.38523805555556,35.41659305555556,14
133.3858261111111,35.41605111111111,15
133.38613805555556,35.41575111111111,15
133.386825,35.41511805555555,15
133.387475,35.414568055555556,16
133.38753805555555,35.41450888888889,16
133.38793805555557,35.41415111111111,16
133.388675,35.41350111111111,17
133.38873805555556,35.413443055555554,17
133.38988805555556,35.412418055555555,17
133.389975,35.412335,17
133.39038805555555,35.411968055555555,18
133.39101305555556,35.411385,18
133.39133694444445,35.411118055555555,18
133.39141305555555,35.41106805555555,18
133.39163805555555,35.41091,19
133.391725,35.41084305555555,19
133.39233694444445,35.410401944444445,19
133.392475,35.410285,19
133.39333805555555,35.409576944444446,19
133.39363805555556,35.409335,19
133.39456305555555,35.40856888888889,20
133.39461194444445,35.408535,20
133.39473694444445,35.40842694444444,20
133.394875,35.408318888888886,20
133.395425,35.40801,20
133.39586194444445,35.40779388888889,21
133.39661194444443,35.40741888888889,21
133.39696194444446,35.407243888888885,21
133.39736194444444,35.407043888888886,21
133.3978,35.40682694444445,21
133.39856194444445,35.40643611111111,21
133.3988,35.40631888888889,22
133.39913694444445,35.40614388888889,22
133.3997738888889,35.40581888888889,22
133.39988694444443,35.40576111111111,22
133.3999988888889,35.405701944444445,22
133.4001988888889,35.40560305555555,22
133.40047388888888,35.405478055555555,22
133.40069888888888,35.405411111111114,22
133.40101194444443,35.40463611111111,23
133.40128694444445,35.40398611111111,23
133.4017738888889,35.40276111111111,24
133.4020138888889,35.402163888888886,24
133.4020138888889,35.402163888888886,24
133.40211194444444,35.401918888888886,24
133.40229888888888,35.40148611111111,24
133.4032488888889,35.399095,25
133.4035738888889,35.39827,26
133.4037988888889,35.397778055555555,26
133.4040488888889,35.39717805555556,26
133.4043738888889,35.39642888888889,26
133.4047238888889,35.395536944444444,27
133.4045988888889,35.39537,27
133.40466194444446,35.39523694444444,27
133.40473694444444,35.395136944444445,27
133.40479888888888,35.395045,27
133.4049488888889,35.39492888888889,27
133.4050488888889,35.39472,28
133.4053238888889,35.39427111111111,28
133.40611194444443,35.39311194444444,29
133.40628694444445,35.392811944444446,29
133.4065238888889,35.39243694444445,30
133.40671111111112,35.39212111111111,30
133.4072888888889,35.391238888888886,33
133.4072888888889,35.391238888888886,33
133.4073111111111,35.39120388888889,33
133.4079111111111,35.39029611111111,36
133.40911111111112,35.38845388888889,40
133.4100861111111,35.386938055555554,40
133.41036111111111,35.386513055555554,40
133.4103988888889,35.386496111111114,40
133.4112738888889,35.38644611111111,40
133.4112111111111,35.385955,40
133.41207305555557,35.38603,40
133.41274805555557,35.386088055555554,40
133.41302305555556,35.38609611111111,42
133.41318611111112,35.386088055555554,43
133.41332305555557,35.38604611111111,44
133.4134611111111,35.38598805555556,45
133.4137111111111,35.38582111111111,46
133.4140361111111,35.385463055555554,54
133.41418611111112,35.38524694444445,53
133.41429805555555,35.385013055555554,54
133.41442305555555,35.38468805555556,56
133.41476111111112,35.383605,65
133.41484805555555,35.383471944444445,66
133.4149611111111,35.383363055555556,67
133.41499805555554,35.38332194444445,68
133.41509805555555,35.383255,69
133.4151611111111,35.38321305555556,70
133.4154111111111,35.383096944444446,71
133.4156111111111,35.38306305555555,72
133.4158611111111,35.383071944444445,73
133.41607305555556,35.38312194444445,74
133.4165111111111,35.383305,75
133.41687305555556,35.38346305555555,77
133.41777305555556,35.38382194444444,81
133.41811,35.38391305555555,83
133.41832305555556,35.383955,83
133.41841,35.38397194444445,84
133.41921,35.383963055555554,86
133.419235,35.383963055555554,86
133.419785,35.38397194444445,88
133.420585,35.383988055555555,93
133.421235,35.383988055555555,96
133.42307194444444,35.38398888888889,103
133.42441,35.38401388888889,105
133.424785,35.38403888888889,105
133.4250088888889,35.38408,105
133.4275761111111,35.38477888888889,121
133.4275761111111,35.38477888888889,121
133.42807194444444,35.38491388888889,124
133.4331711111111,35.38601388888889,146
133.4354338888889,35.386496944444445,154
133.4355461111111,35.38651388888889,155
133.4358711111111,35.38653,156
133.43920888888888,35.386405,167
133.44258305555556,35.38628111111111,182
133.44547111111112,35.38617194444444,195
133.44570805555554,35.38613888888889,196
133.44582111111112,35.38612194444445,196
133.44620805555556,35.38603888888889,199
133.44792694444445,35.385688888888886,206
133.44792694444445,35.385688888888886,206
133.44935805555556,35.385396944444445,212
133.45017,35.38521388888889,214
133.45220805555556,35.384813888888885,225
133.45238305555554,35.384796944444446,227
133.45263305555557,35.384746944444444,227
133.45278305555556,35.384723055555554,227
133.45327,35.384723055555554,228
133.45372,35.38471388888889,229
133.45385805555554,35.38469805555555,229
133.45410805555557,35.38460611111111,231
133.454595,35.38443888888889,234
133.455295,35.38418111111111,238
133.45542,35.38408888888889,238
133.45552,35.38398111111111,238
133.455595,35.38380611111111,238
133.45600694444445,35.38378888888889,240
133.456325,35.383783055555554,241
133.456325,35.383783055555554,241
133.45683194444445,35.38377305555556,244
133.45707,35.38373888888889,245
133.45728194444445,35.38368111111111,247
133.45753305555556,35.38360611111111,247
133.45792,35.38348111111111,250
133.459045,35.38313888888889,257
133.459595,35.38308111111111,261
133.460295,35.38313888888889,262
133.460645,35.38325611111111,263
133.46108194444443,35.383498055555556,266
133.46125694444444,35.38362305555555,267
133.46147,35.38378888888889,270
133.461545,35.38386388888889,270
133.461595,35.383923055555556,271
133.46173194444444,35.38408888888889,272
133.46193194444444,35.384348055555556,273
133.46208194444444,35.384573055555556,273
133.462195,35.384773055555556,274
133.46237,35.38504805555556,274
133.46250694444444,35.384973055555555,275
133.46415694444445,35.38434,284
133.46445694444444,35.38422305555556,286
133.46475694444445,35.384115,287
133.4652188888889,35.38390611111111,287
133.46580694444444,35.38348111111111,282
133.46605694444443,35.383223055555554,280
133.46615694444444,35.382823055555555,261
133.46618194444446,35.38134,284
133.46623194444444,35.38114,294
133.46654388888888,35.38062305555555,303
133.46689388888888,35.38042305555555,304
133.46730694444443,35.380248055555555,308
133.46773194444444,35.380223055555554,312
133.4678888888889,35.38024111111111,312
133.4678888888889,35.38024111111111,312
133.46825694444445,35.38028194444444,313
133.46926888888888,35.38050694444444,318
133.47000694444444,35.38064,322
133.47023194444444,35.38062305555555,322
133.47039388888888,35.380606944444445,322
133.47059388888889,35.38054,324
133.4717688888889,35.380165,335
133.4719561111111,35.38010694444444,337
133.4723438888889,35.37999888888889,339
133.47245611111111,35.379965,339
133.4761938888889,35.37951611111111,362
133.47651888888888,35.379531944444444,363
133.4769938888889,35.37956611111111,364
133.4773688888889,35.37961611111111,371
133.47765611111112,35.37965694444444,374
133.47785611111112,35.37969888888889,375
133.47833111111112,35.37989888888889,377
133.47866888888888,35.38003194444445,381
133.4788561111111,35.38009888888889,382
133.4790311111111,35.38014111111111,384
133.4792561111111,35.380156944444444,385
133.4794688888889,35.380156944444444,385
133.47966888888888,35.38014111111111,385
133.48128111111112,35.37985694444444,395
133.48144305555556,35.37984111111111,397
133.48159305555555,35.37984111111111,400
133.48174305555557,35.37986611111111,401
133.48229305555554,35.380048888888886,406
133.48260611111112,35.380133055555554,409
133.48279305555556,35.38017388888889,412
133.48294305555555,35.38019888888889,413
133.48331805555554,35.38019111111111,415
133.48371805555556,35.380206944444446,414
133.48434305555554,35.38019888888889,423
133.4864311111111,35.380206944444446,436
133.4866561111111,35.38019111111111,438
133.4868561111111,35.38014888888889,442
133.48805611111112,35.37985694444444,455
133.4919311111111,35.378973888888886,487
133.49226805555554,35.37892388888889,490
133.49245611111112,35.37891611111111,492
133.49270611111112,35.37893305555556,493
133.493705,35.379041111111114,502
133.495305,35.37912388888889,513
133.49604305555556,35.37912388888889,521
133.496655,35.379108055555555,527
133.497355,35.379058055555554,533
133.49799305555555,35.37900805555556,537
133.49821805555555,35.37893305555556,538
133.498755,35.37874111111111,542
133.49901805555555,35.37860805555555,546
133.50241805555555,35.376783055555556,575
133.502655,35.37668305555555,576
133.50304305555557,35.37660805555556,579
133.50344305555555,35.37665805555555,581
133.50394194444445,35.37685,585
133.50481805555555,35.37729111111111,593
133.506355,35.37905,607
133.50678,35.37945,609
133.50713,35.379575,610
133.50736694444444,35.37955,612
133.507605,35.379425,615
133.50781805555556,35.37916611111111,618
133.507855,35.37880805555555,620
133.507855,35.378391111111114,624
133.507905,35.37786611111111,626
133.507955,35.3777,626
133.508155,35.377425,629
133.50826694444444,35.37726611111111,630
133.50848,35.377125,632
133.50919305555556,35.37682111111111,636
133.50919305555556,35.37682111111111,636
133.51018,35.3764,643
133.51044305555556,35.376358055555556,645
133.51064194444444,35.376375,647
133.51079305555555,35.37643305555556,650
133.510955,35.376525,650
133.511105,35.376691944444445,653
133.511355,35.37744194444444,658
133.51149305555555,35.37766611111111,659
133.51168,35.37775805555555,661
133.51194194444443,35.37779111111111,663
133.51223,35.3777,667
133.51368,35.377133055555554,676
133.51384194444444,35.377025,680
133.51401694444445,35.376758055555555,684
133.51418,35.376466944444445,686
133.51448,35.375658055555554,689
133.51474194444444,35.37491694444444,695
133.51494194444444,35.374383888888886,698
133.51508,35.374025,703
133.51518,35.3739,705
133.515605,35.373525,709
133.51608,35.37311694444445,720
133.516155,35.373083888888885,722
133.51621694444444,35.373083888888885,722
133.51628,35.3731,723
133.51626694444445,35.37299194444444,723
133.51541694444444,35.37170888888889,706
133.51539194444445,35.37144194444444,708
133.51544194444443,35.37106694444444,710
133.515455,35.37020111111111,717
133.51381694444444,35.368901111111114,703
133.514255,35.36853388888889,705
133.51489194444446,35.36810111111111,713
133.514955,35.36806694444444,713
133.515405,35.367843055555554,715
133.51556694444446,35.36765111111111,715
133.515755,35.36743388888889,717
133.51619194444444,35.36691805555556,724
133.51636694444446,35.36685111111111,727
133.51653,35.36690111111111,729
133.51706694444445,35.36729305555556,739
133.51721694444444,35.36735111111111,741
133.517405,35.36730111111111,743
133.51746694444444,35.36713388888889,744
133.51748,35.36665111111111,746
133.51761694444446,35.36656694444444,748
133.517805,35.366551111111114,748
133.518855,35.36691805555556,757
133.51906694444443,35.36693388888889,760
133.51929194444443,35.36690111111111,766
133.519505,35.366816944444444,766
133.51964194444443,35.366683888888886,765
133.52016694444444,35.36585888888889,774
133.520355,35.365743055555555,778
133.52066694444446,35.365608888888886,786
133.52088,35.36543388888889,785
133.521705,35.36442611111111,794
133.52191694444446,35.364268055555556,795
133.52281694444446,35.36387611111111,815
133.5230038888889,35.363683888888886,816
133.5234288888889,35.362993055555556,821
133.52395388888888,35.36231,832
133.5242288888889,35.362051111111114,835
133.52441694444445,35.36192611111111,835
133.52461694444443,35.361893055555555,838
133.5247038888889,35.36199305555556,839
133.52469194444444,35.362118055555555,844
133.5241288888889,35.36311805555555,844
133.5241288888889,35.36326805555556,846
133.5242538888889,35.36334305555555,851
133.52440388888888,35.363335,853
133.52471694444444,35.36305111111111,855
133.5251538888889,35.36250111111111,863
133.5255038888889,35.361935,872
133.52610388888888,35.361335,874
133.5262538888889,35.361176111111114,875
133.5274038888889,35.36004305555556,885
133.52764194444444,35.35981,885
133.52856694444444,35.358868055555554,892
133.52874194444445,35.35876805555556,891
133.52895388888888,35.35867694444445,894
133.5303288888889,35.35871,906
133.53064194444445,35.358635,905
133.5308038888889,35.35849388888889,907
133.53149194444444,35.35756,915
133.5316288888889,35.35746,916
133.5318038888889,35.35737694444445,916
133.53244194444446,35.35726888888889,918
133.53266694444446,35.35720194444445,925
133.53291694444445,35.35705194444444,926
133.5340788888889,35.35626111111111,943
133.53426694444445,35.356186111111114,943
133.53585388888888,35.35616111111111,957
133.53607888888888,35.35611111111111,957
133.5363661111111,35.35592694444444,964
133.5374788888889,35.35518611111111,963
133.53776611111113,35.35506111111111,964
133.5393038888889,35.35440194444445,963
133.5396288888889,35.35431111111111,962
133.5399911111111,35.35426888888889,965
133.54152888888888,35.35388611111111,967
133.54237805555556,35.35382805555555,968
133.5425661111111,35.35379388888889,969
133.54317805555556,35.35349388888889,967
133.54369111111112,35.35346888888889,968
133.5438411111111,35.35343611111111,967
133.54445305555555,35.35306111111111,966
133.54462805555556,35.353003055555554,967
133.54570305555555,35.35306111111111,966
133.5460161111111,35.35303611111111,966
133.54626611111112,35.353003055555554,967
133.54686611111111,35.35281111111111,963
133.5470411111111,35.352828055555555,958
133.54751611111112,35.353028055555555,958
133.5477161111111,35.353028055555555,957
133.54790305555557,35.353003055555554,958
133.54827805555556,35.352828055555555,954
133.54855305555554,35.35264388888889,953
133.54872805555556,35.352428055555556,948
133.54879,35.35231111111111,948
133.548715,35.352203055555556,948
133.54805305555556,35.35186888888889,944
133.54790305555557,35.351753055555555,944
133.5477911111111,35.35162,938
133.54770305555556,35.351245,932
133.54770305555556,35.35112,927
133.5477911111111,35.351045,923
133.5483411111111,35.35091111111111,928
133.54847805555556,35.350845,925
133.5485911111111,35.35077,925
133.54860305555556,35.35068611111111,925
133.5485161111111,35.35057805555556,923
133.54809111111112,35.350245,911
133.54797805555555,35.35002,912
133.5479161111111,35.34958611111111,904
133.5479411111111,35.34948611111111,903
133.5480661111111,35.349445,905
133.5488411111111,35.34941111111111,905
133.54895305555556,35.34936111111111,906
133.54897805555555,35.34926111111111,904
133.54875305555555,35.348911944444446,901
133.54872805555556,35.34880305555556,901
133.5488161111111,35.34873694444445,902
133.54955305555555,35.348661944444444,903
133.54967805555555,35.34861194444444,906
133.54974,35.34852,905
133.54972805555556,35.34832,904
133.54982805555557,35.347836944444445,905
133.55002805555554,35.347228055555554,906
133.55002805555554,35.34711194444444,905
133.5499411111111,35.346986944444446,904
133.54967,35.346606111111115,901
133.54967,35.346606111111115,901
133.5495161111111,35.34638694444445,900
133.54946611111112,35.34618694444445,903
133.5495161111111,35.34602888888889,906
133.5497411111111,35.34597,905
133.55011611111112,35.34597888888889,904
133.55134,35.34642,905
133.55147805555555,35.34652,905
133.55154,35.346628055555556,906
133.55169,35.34712,906
133.55175305555557,35.347211944444446,906
133.55220305555557,35.34753694444444,905
133.552265,35.347636944444446,899
133.55247805555555,35.34842,896
133.55265194444445,35.34867805555555,897
133.55309,35.349153055555554,887
133.55332694444445,35.34928611111111,886
133.55352694444446,35.349295,887
133.55370194444444,35.349145,888
133.55432694444445,35.34821111111111,877
133.554365,35.34807,877
133.55429,35.34797805555556,875
133.55365194444445,35.347703055555556,868
133.55347694444444,35.347595,865
133.55342694444445,35.34746194444445,863
133.55347694444444,35.347345,863
133.55365194444445,35.347211944444446,861
133.554815,35.34655305555555,850
133.55495194444444,35.34641194444445,848
133.554965,35.346286944444444,848
133.55484,35.34617,846
133.55349,35.34527888888889,831
133.55350305555555,35.34512888888889,829
133.55357805555556,35.34500388888889,828
133.55385305555555,35.344786944444444,827
133.55469,35.34428694444444,821
133.55474,35.34420388888889,819
133.55467694444445,35.343245,804
133.554715,35.34307,801
133.554815,35.34296194444445,799
133.55497694444443,35.342895,798
133.55519,35.34282888888889,795
133.55534,35.34277888888889,793
133.55535194444445,35.34267888888889,792
133.55519,35.34235388888889,791
133.55520194444443,35.342245,789
133.55529,35.34217888888889,785
133.5554388888889,35.34222888888889,787
133.5557638888889,35.34242888888889,785
133.55592694444445,35.34240388888889,784
133.5560888888889,35.342236944444444,785
133.55607694444444,35.342095,784
133.55595194444444,35.34188694444445,782
133.55575194444444,35.34092,773
133.55572694444444,35.34003694444444,766
133.5557388888889,35.338611944444445,754
133.55575194444444,35.33814611111111,752
133.55578888888888,35.337986944444445,753
133.55632694444444,35.33721194444445,744
133.55647694444446,35.33706194444444,746
133.55668888888889,35.33698694444445,744
133.55692694444446,35.33700388888889,745
133.55710194444444,35.33707111111111,745
133.55742694444444,35.33718694444445,744
133.55750194444445,35.33723694444444,743
133.5575388888889,35.33730388888889,743
133.55770194444443,35.33770388888889,743
133.5577638888889,35.337936944444444,742
133.55780194444444,35.33799611111111,740
133.55782694444446,35.338011944444446,743
133.55785194444445,35.33802111111111,743
133.55817694444445,35.33808694444444,744
133.5582138888889,35.33808694444444,744
133.55822694444444,35.33807888888889,746
133.55825194444444,35.33806194444445,746
133.5582638888889,35.33804611111111,746
133.55835194444444,35.33759611111111,744
133.5583388888889,35.337536944444444,744
133.55831388888888,35.33745388888889,741
133.55830194444445,35.33741194444445,740
133.55828888888888,35.33734611111111,740
133.55825194444444,35.336753888888886,728
133.55822694444444,35.336661944444444,729
133.55815194444443,35.33658694444444,727
133.5580138888889,35.336486944444445,726
133.55725194444443,35.33605388888889,722
133.55717694444445,35.33598694444444,722
133.55712694444443,35.33591194444445,722
133.55707694444445,35.33580388888889,721
133.55703888888888,35.335636944444445,716
133.5570138888889,35.33548694444445,716
133.5570138888889,35.33535388888889,717
133.55712694444443,35.33466194444444,707
133.5571138888889,35.33452111111111,707
133.55702694444443,35.334178888888886,704
133.5570138888889,35.33406305555555,704
133.5570138888889,35.333936944444446,704
133.5571138888889,35.33316305555555,701
133.55712694444443,35.332996111111115,698
133.55707694444445,35.33284611111111,695
133.55680194444443,35.33232888888889,691
133.55680194444443,35.33226194444445,691
133.55683888888888,35.33219611111111,692
133.55702694444443,35.33206194444445,691
133.55727694444445,35.33187888888889,688
133.5573138888889,35.331786944444445,688
133.55726388888888,35.331696111111114,687
133.5567888888889,35.331338055555555,683
133.55672694444445,35.33124611111111,682
133.5567388888889,35.33112888888889,680
133.55687694444444,35.33081305555555,676
133.55692694444446,35.33067111111111,674
133.55690194444443,35.33056194444445,673
133.5566388888889,35.33038805555555,671
133.5564138888889,35.330213055555554,668
133.5562888888889,35.33001194444444,667
133.55626388888888,35.32989611111111,666
133.5563388888889,35.32947111111111,662
133.55638888888888,35.329386944444444,661
133.55650194444445,35.32933805555555,660
133.5571388888889,35.32933805555555,656
133.55735194444443,35.32929611111111,651
133.55742694444444,35.32920388888889,652
133.5574138888889,35.32906194444445,652
133.5571888888889,35.32852888888889,643
133.5571138888889,35.328288055555554,643
133.5571388888889,35.32807888888889,644
133.5570138888889,35.32757888888889,642
133.5569138888889,35.32705388888889,636
133.55670194444446,35.32611305555555,634
133.55648888888888,35.32547111111111,631
133.55637694444445,35.32516305555556,625
133.55637694444445,35.32503805555555,624
133.55647694444446,35.324688055555555,625
133.55652694444444,35.324455,624
133.55655194444444,35.32412194444444,622
133.55660194444445,35.32398,620
133.55667694444443,35.32378,619
133.55687694444444,35.323571944444446,617
133.55710194444444,35.323405,616
133.55712694444443,35.323388055555554,616
133.5571388888889,35.32338,616
133.55715194444446,35.323371944444446,616
133.55716388888888,35.323363055555554,616
133.5571888888889,35.323346944444445,616
133.55725194444443,35.323296944444444,616
133.55728888888888,35.32327194444444,616
133.55732694444444,35.32324694444444,616
133.5573388888889,35.32323,616
133.55735194444443,35.32323,616
133.5573638888889,35.32322194444444,615
133.5573638888889,35.323213055555556,615
133.55737694444446,35.323213055555556,615
133.55738888888888,35.32319694444445,615
133.5574138888889,35.32318,615
133.55770194444443,35.32303805555556,615
133.55786388888887,35.32299694444445,614
133.5581388888889,35.32293,612
133.5584388888889,35.322896944444445,611
133.5586888888889,35.322905,611
133.55897611111112,35.322938055555554,612
133.55942611111112,35.32299694444445,614
133.55965111111112,35.32303,617
133.5603638888889,35.323121944444445,624
133.5606388888889,35.32317194444445,625
133.56123888888888,35.323205,631
133.5617638888889,35.32333,634
133.5621011111111,35.32338,637
133.56227611111112,35.32333805555555,637
133.5627511111111,35.323121944444445,638
133.5631138888889,35.323013055555556,644
133.56338888888888,35.32297194444445,643
133.5635388888889,35.322988055555555,642
133.5635638888889,35.323096944444444,644
133.5633388888889,35.32369694444444,653
133.5633388888889,35.32389611111111,655
133.56340111111112,35.32394611111111,655
133.5636011111111,35.32394611111111,658
133.56385111111112,35.323838055555555,658
133.56426305555556,35.323663055555556,661
133.56443805555554,35.32364694444444,661
133.56452611111112,35.323705,663
133.56451305555555,35.323838055555555,666
133.5638761111111,35.32433805555556,664
133.5637761111111,35.32449611111111,665
133.56385111111112,35.32458,667
133.56403805555556,35.32454611111111,666
133.56446305555556,35.32438,671
133.5646761111111,35.32434611111111,674
133.56516305555556,35.32444611111111,678
133.56565111111112,35.32457111111111,683
133.5658511111111,35.324646111111115,683
133.56593805555556,35.32473,686
133.56588805555555,35.324805,687
133.56536305555557,35.32498805555556,689
133.5651761111111,35.325071111111114,692
133.5651261111111,35.325138055555556,694
133.5651761111111,35.32523805555556,696
133.5653011111111,35.32533,695
133.56563805555555,35.32539611111111,696
133.56623805555554,35.325455,698
133.56667611111112,35.32542111111111,700
133.56688805555555,35.32543,701
133.56731305555556,35.325555,701
133.56758805555555,35.32567111111111,703
133.56766305555556,35.325755,703
133.5676261111111,35.32583805555556,705
133.5675261111111,35.325905,709
133.56696305555556,35.326013055555556,712
133.5667511111111,35.32609611111111,712
133.56668805555555,35.32619611111111,714
133.56671305555557,35.32628,716
133.56680111111112,35.32633,716
133.56698805555556,35.32633805555555,717
133.56725111111112,35.326305,717
133.56743805555556,35.32633,718
133.56760111111112,35.326413055555555,721
133.5679011111111,35.32672888888889,722
133.56823805555555,35.32720388888889,727
133.56838805555554,35.327438055555554,734
133.56870111111112,35.32756305555556,732
133.56893805555555,35.327688055555555,733
133.569025,35.327778888888886,736
133.568975,35.32787888888889,735
133.56886305555557,35.32796305555556,737
133.56872611111112,35.32797111111111,737
133.5683011111111,35.32777111111111,739
133.5679511111111,35.327646111111115,743
133.56766305555556,35.32759611111111,744
133.56746305555555,35.32763805555555,744
133.5673261111111,35.32774611111111,748
133.5673261111111,35.32782111111111,748
133.5675011111111,35.32789611111111,749
133.5680011111111,35.32798805555556,752
133.56817611111111,35.32803805555555,755
133.56828805555554,35.32815388888889,760
133.56863805555557,35.32866305555556,763
133.56901305555556,35.32924611111111,764
133.56915,35.32939611111111,765
133.569425,35.329588055555554,771
133.569725,35.33011305555556,773
133.569775,35.33024611111111,775
133.5698,35.33033694444445,776
133.56998805555557,35.33069611111111,781
133.57011305555557,35.33087888888889,783
133.57011305555557,35.33099611111111,784
133.57001305555556,35.331071111111115,788
133.56986305555554,35.33107888888889,791
133.569475,35.331088055555554,793
133.569175,35.331113055555555,796
133.56908805555557,35.33118694444445,797
133.5691,35.33134611111111,802
133.56921305555557,35.33144611111111,806
133.5696,35.33166305555556,804
133.56973805555555,35.331761944444445,806
133.5698,35.331896111111114,812
133.569875,35.33305388888889,818
133.5701,35.33340388888889,819
133.57021305555554,35.33349611111111,823
133.57036305555556,35.33349611111111,825
133.570475,35.33344611111111,827
133.57095,35.333061944444445,823
133.57115,35.332886944444446,821
133.57126305555556,35.33284611111111,820
133.571375,35.33285388888889,821
133.57163805555555,35.33295388888889,822
133.5718,35.33296305555555,822
133.57193694444445,35.332903888888886,824
133.57226305555557,35.332588055555554,823
133.57248694444445,35.332436944444446,817
133.57276305555555,35.33209611111111,810
133.572875,35.33200388888889,812
133.57298694444444,35.33197888888889,811
133.573325,35.332028888888885,817
133.574,35.33204611111111,815
133.57441194444445,35.33197888888889,813
133.5751,35.331761944444445,811
133.575225,35.33177888888889,812
133.57531194444445,35.33187888888889,812
133.57528694444446,35.332011944444446,813
133.57505,35.33252888888889,817
133.575,35.33271194444445,818
133.57505,35.332863055555556,815
133.575175,35.33297888888889,815
133.57551194444446,35.333128888888886,818
133.57631194444446,35.333486944444445,813
133.57681194444444,35.33369611111111,821
133.57701194444445,35.33377111111111,821
133.57726194444444,35.33381194444444,823
133.5784988888889,35.33390388888889,826
133.57859888888888,35.333911944444445,827
133.57927388888888,35.33395388888889,823
133.57938694444445,35.33390388888889,825
133.57943694444444,35.33379611111111,826
133.5793488888889,35.333661944444444,827
133.5791238888889,35.33359611111111,824
133.57901194444443,35.33352111111111,824
133.5789488888889,35.33343694444444,824
133.57893694444445,35.33332111111111,827
133.5789988888889,35.33325388888889,827
133.5791988888889,35.33320388888889,831
133.57936194444446,35.33322888888889,831
133.5794488888889,35.333261944444445,832
133.57976194444444,35.33358694444444,834
133.5799988888889,35.33387888888889,842
133.5801238888889,35.33412111111111,842
133.5801988888889,35.334403888888886,841
133.5804238888889,35.336486944444445,859
133.58066194444444,35.33847,873
133.58081194444443,35.33905388888889,874
133.58121194444445,35.34007,882
133.58128694444446,35.34045305555556,887
133.5813861111111,35.34140305555555,899
133.5814988888889,35.34196194444444,903
133.5818238888889,35.342553055555555,908
133.5826361111111,35.343828055555555,914
133.58277388888888,35.34396111111111,914
133.5852988888889,35.34513611111111,926
133.58631111111112,35.34561111111111,933
133.58667305555556,35.345953055555555,933
133.58687305555554,35.346136111111115,932
133.58707305555555,35.34636111111111,935
133.5871911111111,35.34617111111111,933
133.5871911111111,35.34617111111111,933
133.58722305555557,35.34612,933
133.5884861111111,35.34401111111111,918
133.5887611111111,35.34372,912
133.58914805555557,35.34341111111111,915
133.5894861111111,35.34305305555556,917
133.58978611111112,35.34265305555556,918
133.58994805555557,35.34222805555556,916
133.5899861111111,35.34185305555555,915
133.58993611111111,35.341053055555555,913
133.58979888888888,35.33857,914
133.58968611111112,35.33802,921
133.5896711111111,35.33798111111111,922
133.5896711111111,35.33798111111111,922
133.58946111111112,35.33742,926
133.5894238888889,35.33710388888889,928
133.5894361111111,35.336486944444445,928
133.5895238888889,35.33612111111111,927
133.58969888888888,35.33567111111111,925
133.5897361111111,35.33537111111111,925
133.58969888888888,35.334986944444445,921
133.5895988888889,35.334561944444445,920
133.5895988888889,35.33397111111111,913
133.58967388888888,35.33381305555555,913
133.5898361111111,35.33364611111111,911
133.59012388888888,35.33344611111111,904
133.5905488888889,35.333196111111114,904
133.5908488888889,35.33296305555555,904
133.5912361111111,35.33262888888889,904
133.5913488888889,35.33257111111111,905
133.59169888888889,35.33251194444444,905
133.5920111111111,35.33244611111111,906
133.5921988888889,35.33237888888889,903
133.5923611111111,35.33224611111111,899
133.59249888888888,35.332053888888886,896
133.5925738888889,35.33182111111111,898
133.59262388888888,35.331471111111114,896
133.59274888888888,35.33081305555555,894
133.5927738888889,35.33058805555556,893
133.59273611111112,35.330488055555556,893
133.5926488888889,35.33040388888889,893
133.5923611111111,35.330213055555554,892
133.5921361111111,35.33007888888889,891
133.5919988888889,35.32996305555555,891
133.59184888888888,35.32975388888889,891
133.5915738888889,35.32931305555555,890
133.59139888888888,35.32915388888889,887
133.5912238888889,35.32907111111111,884
133.5908488888889,35.32895388888889,883
133.59023611111112,35.328763055555555,872
133.5898488888889,35.328605,867
133.58971111111111,35.328496111111114,866
133.5896111111111,35.328355,867
133.58958611111112,35.32816305555556,867
133.5895988888889,35.32774611111111,863
133.5896611111111,35.32733,863
133.5896488888889,35.327155,862
133.58958611111112,35.32702111111111,863
133.5894361111111,35.326855,863
133.5890861111111,35.32658,863
133.5888238888889,35.326355,862
133.58843611111112,35.325938055555554,854
133.58823694444445,35.325721944444446,856
133.588095,35.32556611111111,854
133.588095,35.32556611111111,854
133.58798694444445,35.325446944444444,852
133.5874738888889,35.32493,854
133.5868738888889,35.32453,855
133.5865738888889,35.324355,854
133.58636194444443,35.32418805555555,854
133.58628694444445,35.32408,853
133.58626194444443,35.32391305555556,853
133.58628694444445,35.323813055555554,854
133.5863738888889,35.32371305555556,857
133.58676194444445,35.323388055555554,852
133.5868988888889,35.323363055555554,853
133.58703694444443,35.323371944444446,852
133.58723694444444,35.323438055555556,851
133.58741194444445,35.32358,854
133.58768694444444,35.323996944444445,854
133.58783694444443,35.32411305555556,855
133.58833694444445,35.32436305555556,854
133.58876194444446,35.324655,847
133.58899888888888,35.32489694444445,846
133.5893111111111,35.325313055555554,843
133.58981111111112,35.32622111111111,827
133.58993611111111,35.326363055555554,827
133.5901111111111,35.32648805555556,825
133.5903111111111,35.326555,824
133.5906488888889,35.326571111111114,825
133.59151111111112,35.32656305555555,824
133.59171111111112,35.326605,819
133.5918738888889,35.32673,815
133.5922488888889,35.327288055555556,811
133.59238611111113,35.327438055555554,807
133.59251111111112,35.32752111111111,805
133.5926861111111,35.32756305555556,807
133.59386111111112,35.32763805555555,801
133.59443611111112,35.327688055555555,792
133.5947238888889,35.327688055555555,795
133.5949611111111,35.32758805555556,793
133.5958861111111,35.32693805555556,783
133.5960861111111,35.32682194444445,782
133.5963361111111,35.32676305555555,782
133.5966488888889,35.326771944444445,781
133.59706111111112,35.326855,775
133.59716111111112,35.326905,777
133.59727388888888,35.327021944444446,777
133.59742305555557,35.327263055555555,777
133.59744805555556,35.32747194444445,773
133.59732305555556,35.32797111111111,774
133.59716111111112,35.32861305555556,764
133.59717305555554,35.328763055555555,761
133.59726111111112,35.328905,754
133.59742305555557,35.329005,756
133.59773611111112,35.32908805555556,754
133.59806111111112,35.32907111111111,754
133.59827305555555,35.32899611111111,754
133.5984361111111,35.32881305555556,753
133.5985611111111,35.32857111111111,747
133.5988361111111,35.328005,743
133.59892305555556,35.327913055555555,743
133.59909805555554,35.327863055555554,742
133.6002861111111,35.327646944444446,732
133.6005861111111,35.32753805555556,732
133.60089805555555,35.327396944444445,733
133.6012611111111,35.32712194444444,727
133.60148611111111,35.326855,721
133.60179805555555,35.32638,723
133.60191111111112,35.32628805555556,724
133.6020611111111,35.326205,720
133.60264805555556,35.325946944444446,716
133.6027861111111,35.325855,716
133.6029611111111,35.325671944444444,715
133.6035361111111,35.324855,707
133.60394805555555,35.32429694444444,705
133.6045861111111,35.323371944444446,700
133.60473611111112,35.32308888888889,696
133.6048361111111,35.32282194444444,695
133.60497305555555,35.322271944444445,692
133.60508611111112,35.32190611111111,692
133.60518611111112,35.321556111111114,691
133.60532305555554,35.32128888888889,690
133.60554805555554,35.32082305555556,689
133.60572305555556,35.32050611111111,685
133.60584805555555,35.32019694444445,682
133.6059361111111,35.31993111111111,681
133.60599805555555,35.31968888888889,680
133.6060611111111,35.31926388888889,680
133.60617305555556,35.318998055555554,680
133.6062861111111,35.31888111111111,680
133.60643611111112,35.318756111111114,680
133.6067361111111,35.31858888888889,675
133.6069861111111,35.31841388888889,671
133.60712305555555,35.31823888888889,670
133.60732305555555,35.31793111111111,672
133.60747305555554,35.31759805555556,672
133.60758611111112,35.31734,671
133.60771111111112,35.31715611111111,671
133.6086611111111,35.31638111111111,670
133.6092111111111,35.31593194444444,666
133.60974805555554,35.315423055555556,663
133.61042305555554,35.314798055555556,659
133.61054805555557,35.314665,656
133.6107111111111,35.314415,653
133.61112305555557,35.31377388888889,653
133.61134805555557,35.31349,653
133.6115111111111,35.31334,653
133.61221,35.31242388888889,645
133.612785,35.31147388888889,633
133.61317305555556,35.31104888888889,631
133.61364805555556,35.310606944444444,625
133.61422305555556,35.31005694444445,621
133.61459805555555,35.30957388888889,618
133.615035,35.30894111111111,616
133.61522305555556,35.30864888888889,614
133.61551,35.308256944444445,613
133.61577305555556,35.30797388888889,613
133.61602305555556,35.30779888888889,611
133.61629805555555,35.307656944444446,610
133.616985,35.307341111111114,608
133.617685,35.307008055555556,603
133.61796,35.30684888888889,598
133.61817194444444,35.30665805555556,597
133.61844805555555,35.30620805555556,589
133.618735,35.30538305555555,586
133.61881,35.305,584
133.61896,35.304675,584
133.61911,35.304525,579
133.619385,35.30433305555555,578
133.619985,35.304008055555556,574
133.62047305555555,35.3038,567
133.62079694444444,35.303725,565
133.621335,35.30363305555556,566
133.62167194444444,35.3036,562
133.62189694444444,35.30354111111111,556
133.62211,35.30346611111111,554
133.62234694444444,35.30335,554
133.62262305555555,35.30315,553
133.622735,35.30294194444444,553
133.62301,35.3024,543
133.62326,35.302075,543
133.62351,35.30185,544
133.62382305555556,35.30165,536
133.62419694444444,35.301525,535
133.62469694444445,35.301425,530
133.625135,35.301341944444445,526
133.62586,35.301225,528
133.62631,35.30108388888889,534
133.62649694444445,35.30098388888889,539
133.62701,35.3005,543
133.62704694444446,35.30043388888889,542
133.62714694444443,35.300266944444445,543
133.62744694444444,35.29979194444444,543
133.627535,35.29963388888889,544
133.62801,35.298766944444445,542
133.62826,35.29885111111111,539
133.62842194444445,35.29886694444444,537
133.6286088888889,35.29885888888889,534
133.6288088888889,35.298808888888885,533
133.62923388888888,35.29864194444445,532
133.6293588888889,35.298608888888886,532
133.6295338888889,35.298608888888886,533
133.6309588888889,35.29895111111111,536
133.63117194444445,35.298966944444444,537
133.6320088888889,35.29865888888889,538
133.63212194444444,35.29858388888889,538
133.63218388888887,35.298541944444445,537
133.63224694444443,35.29845888888889,538
133.6323338888889,35.29835111111111,537
133.63267194444444,35.29790111111111,538
133.6336088888889,35.296643055555556,535
133.63412194444444,35.29587611111111,532
133.63422194444445,35.295251111111114,530
133.63439694444443,35.29473388888889,530
133.63485888888889,35.29395111111111,527
133.6354088888889,35.29275888888889,521
133.6356088888889,35.29232611111111,518
133.63579694444445,35.29196805555556,518
133.63623388888888,35.29145111111111,518
133.63645888888888,35.29105111111111,517
133.63655888888889,35.289685,517
133.6366088888889,35.289385,516
133.63735888888888,35.28774305555555,511
133.63749694444445,35.287443055555556,511
133.63752194444444,35.287235,511
133.63699694444443,35.28512694444444,497
133.63697194444444,35.284818888888886,494
133.63704694444445,35.284526944444444,492
133.6376338888889,35.283451944444444,484
133.63759694444445,35.28311111111111,476
133.63709694444444,35.28235194444444,473
133.6368588888889,35.28188611111111,473
133.6367338888889,35.28126888888889,472
133.63672194444445,35.28111888888889,472
133.63672194444445,35.28100194444445,472
133.63670888888888,35.28075305555556,471
133.63712194444443,35.280543888888886,470
133.63725888888888,35.28049388888889,470
133.64019694444445,35.27984388888889,467
133.64112194444445,35.27963611111111,466
133.64168388888888,35.279561111111114,465
133.6426711111111,35.27944388888889,465
133.6445461111111,35.279203055555556,463
133.6449838888889,35.279153055555554,463
133.6474088888889,35.27885305555556,464
133.64880805555555,35.278686111111114,466
133.64943305555556,35.27860305555556,463
133.64965805555556,35.27857,462
133.6502211111111,35.278495,461
133.65123305555556,35.27838694444444,457
133.65322,35.27816194444444,458
133.653395,35.278145,458
133.65372,35.27817,457
133.65407,35.27827,457
133.65495694444445,35.278663055555555,457
133.65495694444445,35.278663055555555,457
133.65407,35.27827,457
133.65372,35.27817,457
133.653395,35.278145,458
133.65322,35.27816194444444,458
133.65123305555556,35.27838694444444,457
133.6502211111111,35.278495,461
133.64965805555556,35.27857,462
133.64943305555556,35.27860305555556,463
133.64880805555555,35.278686111111114,466
133.6474088888889,35.27885305555556,464
133.6449838888889,35.279153055555554,463
133.6445461111111,35.279203055555556,463
133.6426711111111,35.27944388888889,465
133.64168388888888,35.279561111111114,465
133.64112194444445,35.27963611111111,466
133.64019694444445,35.27984388888889,467
133.63725888888888,35.28049388888889,470
133.63712194444443,35.280543888888886,470
133.63670888888888,35.28075305555556,471
133.63672194444445,35.28100194444445,472
133.63672194444445,35.28111888888889,472
133.6367338888889,35.28126888888889,472
133.6368588888889,35.28188611111111,473
133.63709694444444,35.28235194444444,473
133.63759694444445,35.28311111111111,476
133.6376338888889,35.283451944444444,484
133.63704694444445,35.284526944444444,492
133.63697194444444,35.284818888888886,494
133.63699694444443,35.28512694444444,497
133.63752194444444,35.287235,511
133.63749694444445,35.287443055555556,511
133.63735888888888,35.28774305555555,511
133.6366088888889,35.289385,516
133.63655888888889,35.289685,517
133.63645888888888,35.29105111111111,517
133.63623388888888,35.29145111111111,518
133.63579694444445,35.29196805555556,518
133.6356088888889,35.29232611111111,518
133.6354088888889,35.29275888888889,521
133.63485888888889,35.29395111111111,527
133.63439694444443,35.29473388888889,530
133.63422194444445,35.295251111111114,530
133.63412194444444,35.29587611111111,532
133.6336088888889,35.296643055555556,535
133.63267194444444,35.29790111111111,538
133.6323338888889,35.29835111111111,537
133.63224694444443,35.29845888888889,538
133.63218388888887,35.298541944444445,537
133.63212194444444,35.29858388888889,538
133.6320088888889,35.29865888888889,538
133.63117194444445,35.298966944444444,537
133.6309588888889,35.29895111111111,536
133.6295338888889,35.298608888888886,533
133.6293588888889,35.298608888888886,532
133.62923388888888,35.29864194444445,532
133.6288088888889,35.298808888888885,533
133.6286088888889,35.29885888888889,534
133.62842194444445,35.29886694444444,537
133.62826,35.29885111111111,539
133.62801,35.298766944444445,542
133.627535,35.29963388888889,544
133.627685,35.299725,542
133.62772194444443,35.29979194444444,542
133.627735,35.2999,542
133.62747194444444,35.30041694444444,545
133.62739694444446,35.30050888888889,545
133.62729694444445,35.30065,545
133.62701,35.30098388888889,545
133.62646,35.30195805555555,546
133.62631,35.30224194444445,545
133.62627194444445,35.30238305555555,545
133.62626,35.30258305555556,545
133.626285,35.302708055555556,545
133.62639694444445,35.30289194444445,545
133.62639694444445,35.30300805555556,546
133.626385,35.303108055555555,546
133.62631,35.30318305555556,548
133.62619694444444,35.30323305555556,550
133.62579694444443,35.303308055555554,551
133.62569694444446,35.30336694444444,551
133.625685,35.30345,551
133.625685,35.30354194444445,551
133.625835,35.303875,551
133.62582194444445,35.304358055555554,553
133.62579694444443,35.304475,554
133.62536,35.304808055555554,552
133.62531,35.30490805555556,553
133.62531,35.30511611111111,555
133.62534694444443,35.30529111111111,554
133.625335,35.30540805555555,555
133.625335,35.30546611111111,556
133.62522194444443,35.305683055555555,557
133.624235,35.30688305555555,567
133.623935,35.30721611111111,567
133.62384694444444,35.30731611111111,567
133.62371,35.30826611111111,578
133.623735,35.30835805555556,581
133.62381,35.308416111111114,582
133.62397194444443,35.30847388888889,584
133.624185,35.30852388888889,586
133.62452194444444,35.30855805555556,587
133.62538388888888,35.30860805555555,582
133.62538388888888,35.30878305555556,581
</coordinates>
</LineString>
</Placemark>
</Document>
</kml>
