<?xml version="1.0" encoding="UTF-8"?>
<kml xmlns="http://www.opengis.net/kml/2.2" xmlns:atom="http://www.w3.org/2005/Atom">
<Document>
<name>52代夏合宿in中国 8日目</name>
<atom:author>
<atom:name>ぺらあ</atom:name>
</atom:author> 
<atom:link href="https://latlonglab.yahoo.co.jp/route/watch?id=194205c425aa68b4683bbead913c3a4b" />
<description><![CDATA[8/18(月)
58.1km 50up
(楽勝日)
松江FT

解散地：松江しんじ湖温泉駅

再集合地：末次公園

主な見どころ
・出雲大社]]></description>
<tags><![CDATA[WCC52nd 夏合宿]]></tags>  
<Placemark>
<Style>
<LineStyle>
<color>99ff0000</color>
<width>6</width>
</LineStyle>
</Style>
<LineString>
<coordinates>
132.73026305555555,35.29387305555556,45
132.73010194444444,35.29367388888889,46
132.73002694444443,35.293548888888886,47
132.73002694444443,35.29349111111111,47
132.73006388888888,35.293481944444444,47
132.7301138888889,35.29349888888889,48
132.73057694444444,35.29388194444444,48
132.73063888888888,35.29391611111111,47
132.73085194444445,35.293841111111114,49
132.73108888888888,35.29398194444445,48
132.73147694444444,35.294156944444445,45
132.73170194444444,35.29424111111111,42
132.73187694444445,35.29429888888889,43
132.73232694444445,35.294381944444446,41
132.7331388888889,35.29448194444444,40
132.73377694444446,35.29454888888889,36
132.7342888888889,35.294556944444444,33
132.7361138888889,35.294581944444445,34
132.73641388888888,35.294581944444445,40
132.7366888888889,35.29454888888889,44
132.7371638888889,35.29443194444445,46
132.73776388888888,35.29429888888889,45
132.7387388888889,35.29404888888889,42
132.7390638888889,35.293973888888885,44
132.73923888888888,35.29396611111111,43
132.73945111111112,35.293973888888885,44
132.7404011111111,35.29407388888889,44
132.7408511111111,35.29407388888889,45
132.74256305555556,35.29396611111111,52
132.74281305555556,35.29392388888889,53
132.7430563888889,35.29398222222222,55
132.7430563888889,35.29398222222222,55
132.7431261111111,35.293998888888886,55
132.7433761111111,35.29409111111111,54
132.7435761111111,35.29421611111111,55
132.74376305555555,35.29445805555556,52
132.74431305555555,35.29522388888889,53
132.74453805555555,35.29551611111111,53
132.74621305555556,35.297606944444446,34
132.746425,35.29789111111111,27
132.746975,35.29842388888889,28
132.74715,35.29854888888889,28
132.747425,35.29867388888889,27
132.747825,35.29874,29
132.74801305555556,35.29875694444444,35
132.74841305555555,35.29875694444444,37
132.749925,35.29877388888889,37
132.750225,35.29881611111111,36
132.75051194444444,35.298881944444446,37
132.7509,35.29899888888889,37
132.75146194444446,35.29915694444445,36
132.75181194444446,35.29929888888889,36
132.75204888888888,35.299456944444444,34
132.75228694444445,35.29961611111111,35
132.75249888888888,35.29980694444444,34
132.75256194444444,35.29986611111111,37
132.7526738888889,35.29999888888889,37
132.7527988888889,35.30023194444444,35
132.7528738888889,35.300398888888886,33
132.75303694444443,35.300781944444445,34
132.75317388888888,35.30109,35
132.7532488888889,35.301365,29
132.75331194444445,35.30155694444444,28
132.7533738888889,35.30172388888889,28
132.75363694444445,35.302323888888886,26
132.75373694444446,35.30258194444445,24
132.7538238888889,35.30274,24
132.75397388888888,35.302965,23
132.75406194444443,35.30305694444444,23
132.7543738888889,35.303315,24
132.7546988888889,35.30352305555556,24
132.75497388888888,35.303648055555556,24
132.75511194444445,35.30368194444444,24
132.75546194444445,35.303765,25
132.75578611111112,35.30377388888889,26
132.75603611111111,35.30377388888889,25
132.7563111111111,35.30372388888889,25
132.75656111111113,35.30367388888889,24
132.75671111111112,35.303623888888886,24
132.75693611111112,35.30352388888889,24
132.75716111111112,35.303365,23
132.7574238888889,35.303131944444445,23
132.75772388888888,35.30280694444444,22
132.7579111111111,35.30258194444445,22
132.75803611111112,35.30240694444444,22
132.75816111111112,35.30226611111111,21
132.75849888888888,35.30181611111111,21
132.7587611111111,35.30150694444445,22
132.7589988888889,35.301273888888886,23
132.75928611111112,35.30108194444445,23
132.7595988888889,35.30093194444444,23
132.75997388888888,35.300806944444446,24
132.76033611111112,35.30070694444444,24
132.76052388888888,35.30066611111111,24
132.7608361111111,35.300623888888886,24
132.7609488888889,35.300623888888886,24
132.7616988888889,35.30064111111111,23
132.7619488888889,35.30068305555555,22
132.76211111111112,35.30073194444444,21
132.76224888888888,35.30079111111111,20
132.76236111111112,35.30085694444445,20
132.7625611111111,35.300981944444445,18
132.7627861111111,35.30112388888889,20
132.76291111111112,35.30124111111111,22
132.7630611111111,35.301406944444444,24
132.76327305555554,35.30170694444445,23
132.76338611111112,35.30189111111111,20
132.7634611111111,35.30215694444444,24
132.76348611111112,35.30247388888889,27
132.7634611111111,35.30266611111111,27
132.76342305555556,35.30281611111111,25
132.7633111111111,35.30314111111111,26
132.76307305555557,35.30368194444444,26
132.76297305555556,35.303915,25
132.76284805555557,35.30424,25
132.7627861111111,35.304615,25
132.76277305555556,35.305056944444445,25
132.7628861111111,35.30533194444445,26
132.76307305555557,35.305715,27
132.7637861111111,35.306915,27
132.76416111111112,35.30753194444444,27
132.76441111111112,35.307965,27
132.7645361111111,35.30824805555555,26
132.7645611111111,35.30840694444444,27
132.76457305555556,35.308573055555556,27
132.7645861111111,35.30890611111111,27
132.7645861111111,35.309065,27
132.76457305555556,35.309198055555555,27
132.76452305555554,35.30940611111111,25
132.7644861111111,35.309565,25
132.76434805555556,35.30993111111111,24
132.76428611111112,35.31008111111111,24
132.76422305555556,35.31019805555555,25
132.7640861111111,35.31039,24
132.76397305555557,35.31054,23
132.76387305555556,35.31070611111111,22
132.76379805555555,35.31100611111111,25
132.7636861111111,35.31145611111111,26
132.76338611111112,35.31241388888889,27
132.7632861111111,35.31265611111111,26
132.7628361111111,35.31337194444444,26
132.7627361111111,35.313563888888886,25
132.76262305555557,35.31393111111111,27
132.76258611111112,35.31408888888889,28
132.76254805555556,35.31428888888889,29
132.76254805555556,35.31458111111111,25
132.76258611111112,35.31496388888889,23
132.76259805555554,35.31507194444445,22
132.76262305555557,35.31518888888889,21
132.76271111111112,35.31549694444445,21
132.76281111111112,35.31566388888889,20
132.76297305555556,35.315913888888886,18
132.76307305555557,35.31603888888889,18
132.76329805555557,35.31628888888889,19
132.76347305555555,35.31645611111111,19
132.763685,35.31660611111111,19
132.76492305555556,35.31743111111111,19
132.76507305555555,35.31753111111111,19
132.765285,35.31771388888889,19
132.76547305555556,35.31788888888889,19
132.76644694444445,35.31879694444444,16
132.76747194444445,35.31973,17
132.76812194444443,35.32029694444444,19
132.76859694444445,35.32067194444444,22
132.769335,35.321263055555555,33
132.76986,35.32172194444444,43
132.77014694444443,35.32197194444444,47
132.77024694444444,35.322046944444445,51
132.77057194444444,35.32223,50
132.7711588888889,35.32239694444444,49
132.77165888888888,35.322496111111114,42
132.77184694444443,35.322563055555555,39
132.77199694444445,35.32264611111111,37
132.77214694444444,35.322763055555555,35
132.7722838888889,35.32291305555555,33
132.77288388888888,35.323705,18
132.77294694444444,35.323771111111114,18
132.77380888888888,35.324705,15
132.7740088888889,35.32496305555556,16
132.77417194444445,35.32516305555556,17
132.7743461111111,35.32547888888889,18
132.7744338888889,35.32568805555555,18
132.77458388888888,35.32606305555556,19
132.7747461111111,35.32652111111111,18
132.7743461111111,35.32677888888889,15
132.7742461111111,35.326863055555556,15
132.77415888888888,35.32697888888889,15
132.7740711111111,35.327128888888886,15
132.77402111111113,35.32725388888889,15
132.7739711111111,35.32737111111111,15
132.7738461111111,35.32772888888889,15
132.7737461111111,35.32792888888889,14
132.7736588888889,35.328088055555554,14
132.77348388888888,35.32834611111111,15
132.77337111111112,35.328471111111114,15
132.77314694444445,35.32868805555555,14
132.77292194444445,35.32886194444445,14
132.7721588888889,35.32937888888889,15
132.7720338888889,35.32951194444444,14
132.77178388888888,35.32974611111111,14
132.77162194444443,35.33001194444444,14
132.77139694444443,35.33037111111111,14
132.7712338888889,35.33064611111111,14
132.77109694444445,35.33086194444444,14
132.77087194444445,35.331195,14
132.77042194444445,35.33187888888889,13
132.77024694444444,35.332145,13
132.77004694444443,35.33252,13
132.76997194444445,35.332703055555555,13
132.76994694444446,35.33278694444444,13
132.7698088888889,35.33320305555556,13
132.7697588888889,35.33343694444444,12
132.76970888888889,35.333945,12
132.76967194444444,35.334853055555556,13
132.76964694444445,35.33547,16
132.76962194444445,35.33560305555555,15
132.76960888888888,35.33568611111111,15
132.76957194444444,35.33581111111111,18
132.7695338888889,35.33587,17
132.76948388888889,35.33593611111111,18
132.76939694444445,35.33605305555555,19
132.7693088888889,35.336145,24
132.76922194444444,35.33622805555556,27
132.76897194444444,35.33641111111111,26
132.76889694444444,35.33647,29
132.76837194444445,35.33694388888889,25
132.76797194444444,35.33726111111111,16
132.76780888888888,35.33738611111111,16
132.76759694444445,35.33752805555556,16
132.76737194444445,35.337653055555556,16
132.7672838888889,35.33770305555556,16
132.76717194444444,35.337761111111114,15
132.7670838888889,35.337803055555554,16
132.76690888888888,35.33787805555556,15
132.7667088888889,35.33796111111111,14
132.7665338888889,35.33803611111111,14
132.76633388888888,35.338101944444446,14
132.765185,35.33842694444444,12
132.76494694444443,35.33849388888889,12
132.76382194444443,35.33880194444444,12
132.76306,35.338993888888886,12
132.76257305555555,35.339103055555555,12
132.76156,35.33936111111111,13
132.76134694444445,35.33944388888889,12
132.76124694444445,35.339486111111114,13
132.761085,35.339601944444446,12
132.76096,35.33974388888889,12
132.76087305555555,35.33986111111111,12
132.76079694444445,35.33998611111111,12
132.76071,35.34025194444445,13
132.760535,35.34074388888889,14
132.76017194444444,35.34182694444444,17
132.76011,35.341951944444446,17
132.76001,35.34207694444444,17
132.759985,35.34211,16
132.759835,35.34226,16
132.75964694444446,35.34236888888889,14
132.75957694444443,35.342395,14
132.75957694444443,35.342395,14
132.75947305555556,35.342435,14
132.759285,35.34247694444444,13
132.759135,35.342485,13
132.75859805555555,35.342485,12
132.75836,35.34251,12
132.75796,35.342585,12
132.75757305555555,35.34269305555556,11
132.75679805555555,35.343001944444445,10
132.75672305555557,35.343035,10
132.75564805555555,35.34347611111111,9
132.75463611111113,35.343885,9
132.75364805555554,35.34430111111111,9
132.75241111111112,35.34480888888889,8
132.7513238888889,35.34525111111111,8
132.75036111111112,35.34565111111111,8
132.75023611111112,35.345708888888886,8
132.7490611111111,35.34618388888889,8
132.74866,35.34634611111111,8
132.74866,35.34634611111111,8
132.74811111111111,35.34656694444445,8
132.74794888888889,35.34654305555556,8
132.7478988888889,35.34654305555556,8
132.7474488888889,35.346518055555556,7
132.74742388888887,35.346516944444446,7
132.74727388888888,35.34653388888889,7
132.7469988888889,35.34661694444444,7
132.74672388888888,35.346691944444444,7
132.74638694444445,35.34681694444444,7
132.74613694444446,35.34685888888889,7
132.74591194444446,35.34695888888889,7
132.74568694444446,35.34706694444444,7
132.74498694444443,35.347408888888886,7
132.7448238888889,35.34747611111111,7
132.74443694444443,35.34761694444445,7
132.74434888888888,35.34765,7
132.74409,35.34778194444444,7
132.74409,35.34778194444444,7
132.74408694444443,35.34778388888889,7
132.74373694444444,35.347975,7
132.7430738888889,35.34835,7
132.74296194444443,35.34845888888889,7
132.74271194444444,35.348641944444445,7
132.74243694444445,35.34878388888889,7
132.74158694444444,35.34916694444444,7
132.7413,35.349308055555554,7
132.74081194444443,35.34954194444445,7
132.74015,35.34985805555556,7
132.74003694444446,35.34990805555555,7
132.73963694444444,35.350075,6
132.7392,35.35025805555556,6
132.738975,35.35035,6
132.73705,35.35094111111111,5
132.73703805555556,35.35098305555555,5
132.73695,35.35096611111111,5
132.73666305555557,35.35104111111111,5
132.73655,35.35104111111111,5
132.73641805555556,35.35106305555556,5
132.73641805555556,35.35106305555556,5
132.73635,35.35107388888889,5
132.73623805555556,35.35109111111111,5
132.736075,35.351123888888885,5
132.735825,35.35110805555556,5
132.73427611111111,35.351123888888885,5
132.7334261111111,35.35118305555556,5
132.73313805555554,35.35116611111111,5
132.73263805555555,35.35124111111111,5
132.73267611111112,35.35131611111111,5
132.7327261111111,35.35139888888889,5
132.73288805555555,35.35151611111111,5
132.73301305555555,35.35158305555556,5
132.73353805555556,35.351883055555554,5
132.7336261111111,35.35194111111111,5
132.73371305555557,35.35201611111111,5
132.7337511111111,35.35207388888889,5
132.73376305555556,35.35198305555556,5
132.7337511111111,35.351933055555556,5
132.73347611111112,35.351483055555555,5
132.73343805555555,35.35146611111111,5
132.7331511111111,35.35143305555555,5
132.73293805555556,35.351483055555555,5
132.73290111111112,35.35149111111111,5
132.73286305555555,35.35149111111111,5
132.73281305555557,35.35151611111111,5
132.7320261111111,35.35163305555555,5
132.73158805555556,35.35169111111111,5
132.73151305555555,35.351708055555555,5
132.73110111111112,35.351773888888886,5
132.7305761111111,35.35185805555555,5
132.73030111111112,35.35189111111111,5
132.72933805555556,35.35194111111111,5
132.7289761111111,35.351956944444446,5
132.7287511111111,35.351956944444446,5
132.72850111111111,35.35194888888889,5
132.7281761111111,35.35192388888889,5
132.7278511111111,35.35192388888889,5
132.72746388888888,35.351908055555555,5
132.7271888888889,35.351883055555554,5
132.7268638888889,35.35184111111111,5
132.7267011111111,35.35183194444444,5
132.72653888888888,35.35183194444444,5
132.7264011111111,35.35184111111111,5
132.7262388888889,35.35184888888889,5
132.7248138888889,35.351956944444446,5
132.72407611111112,35.35197388888889,5
132.72278888888889,35.35182388888889,4
132.72278305555557,35.35183888888889,4
132.72278305555557,35.35183888888889,4
132.72268888888888,35.35209888888889,5
132.72258888888888,35.35239888888889,5
132.7225261111111,35.35259111111111,4
132.7224511111111,35.35274111111111,4
132.72235111111112,35.35289888888889,4
132.7223011111111,35.35299111111111,4
132.7218638888889,35.353656944444445,4
132.7217511111111,35.353856944444445,4
132.7217511111111,35.35393194444445,4
132.72168888888888,35.35394888888889,4
132.7211511111111,35.35478194444445,4
132.7210511111111,35.35494111111111,4
132.72080111111111,35.355331944444444,4
132.72011388888887,35.356431944444445,4
132.72000194444445,35.356665,4
132.71995194444443,35.356831944444444,4
132.7199138888889,35.35698194444444,4
132.71980194444444,35.35809888888889,4
132.7197888888889,35.358215,4
132.7198011111111,35.358415,4
132.7198011111111,35.358673055555556,4
132.7198011111111,35.35884,4
132.7198138888889,35.359215,4
132.7198261111111,35.359606944444444,4
132.7198261111111,35.35973194444444,4
132.7198138888889,35.35984,4
132.7197888888889,35.35994,4
132.71977611111112,35.35999,4
132.7197138888889,35.36013194444445,4
132.7196261111111,35.36023194444444,4
132.71952611111112,35.360323055555554,4
132.7194638888889,35.360365,4
132.71910111111112,35.36060694444444,4
132.7190511111111,35.36063194444444,4
132.71870194444443,35.360706944444445,4
132.71847694444443,35.360773055555555,4
132.7183638888889,35.36080694444444,4
132.71800194444444,35.36094805555555,4
132.71806388888888,35.36103194444444,4
132.71825194444443,35.361265,4
132.7183638888889,35.36140694444445,4
132.7185761111111,35.361648055555555,4
132.71896388888888,35.36214,4
132.7190261111111,35.362215,4
132.71873888888888,35.36234,4
132.71862611111112,35.36239,4
132.7183511111111,35.36253111111111,4
132.71816388888888,35.36262305555555,4
132.71792694444446,35.362765,4
132.7177388888889,35.36288111111111,4
132.71757694444443,35.36300611111111,4
132.71738888888888,35.363165,4
132.71727694444445,35.36325611111111,4
132.71712694444443,35.36335611111111,4
132.71700194444443,35.363415,4
132.7168388888889,35.36349,4
132.71671388888888,35.36353111111111,4
132.71652694444444,35.36359,4
132.7163138888889,35.36364,4
132.71620194444444,35.36365611111111,4
132.71591388888888,35.36367305555556,4
132.71567694444445,35.363665,4
132.71520194444443,35.36363111111111,4
132.71485194444443,35.36362305555556,4
132.71463888888889,35.363615,4
132.71442694444445,35.363615,4
132.7140138888889,35.36363111111111,4
132.71375194444445,35.36364805555556,4
132.71353888888888,35.363665,4
132.7131388888889,35.363706111111114,4
132.71302694444444,35.36372305555555,4
132.7125388888889,35.36380611111111,4
132.71222694444444,35.363865,4
132.7116888888889,35.36400611111111,4
132.71136388888888,35.36409805555556,4
132.71122694444443,35.36414805555555,4
132.71116388888888,35.36418111111111,4
132.7110888888889,35.364223055555556,4
132.71101388888889,35.36427305555556,4
132.71082694444445,35.36445611111111,4
132.71060194444445,35.364673055555556,5
132.71052694444444,35.36475611111111,5
132.7102138888889,35.36505611111111,5
132.7100388888889,35.365215,5
132.7098388888889,35.36535611111111,7
132.70965194444443,35.365448055555554,7
132.70945194444445,35.36554805555556,7
132.709215,35.365656111111115,7
132.709115,35.365715,8
132.709015,35.36578111111111,8
132.708915,35.365865,8
132.708715,35.366056111111114,8
132.70849,35.366315,8
132.70842694444445,35.366373055555556,8
132.70825194444444,35.366565,8
132.708165,35.36663111111111,8
132.707965,35.366748055555554,8
132.70784,35.36682305555556,8
132.70749,35.366998055555555,7
132.70734,35.36708111111111,6
132.70719,35.36718111111111,6
132.70710194444445,35.36725611111111,5
132.70699,35.36734805555555,5
132.70680194444444,35.36753111111111,5
132.70662694444445,35.36772305555556,5
132.70625194444443,35.36814805555556,5
132.706015,35.36841388888889,5
132.70594,35.36851388888889,5
132.70589,35.36859805555556,5
132.70580194444443,35.368763888888886,5
132.70570194444446,35.36900611111111,5
132.70562694444445,35.36923111111111,5
132.70549,35.36982305555556,5
132.705365,35.37038111111111,5
132.70532694444444,35.37053888888889,5
132.704215,35.37043888888889,4
132.70405194444444,35.37043111111111,4
132.70394,35.37043888888889,4
132.703815,35.37047305555556,4
132.703665,35.37053888888889,4
132.70355194444446,35.37061388888889,4
132.703015,35.371271944444445,4
132.70260194444444,35.37178888888889,4
132.7023888888889,35.37206111111111,4
132.7023888888889,35.37206111111111,4
132.70204,35.372506111111115,4
132.70197694444445,35.37258111111111,4
132.70177694444445,35.37286388888889,4
132.70159,35.37318111111111,4
132.70139,35.37350611111111,4
132.70127805555555,35.373671944444446,4
132.70110305555556,35.37386388888889,4
132.70075194444445,35.37422194444444,4
132.70039,35.374671944444444,5
132.699965,35.375155,5
132.69990305555555,35.37521388888889,5
132.69955194444444,35.375605,5
132.698715,35.37668,5
132.69829,35.37717194444444,5
132.69792694444445,35.377588055555556,5
132.69695305555555,35.37876305555555,4
132.69649,35.37933,4
132.696115,35.37978,4
132.6959688888889,35.37995305555555,4
132.6959688888889,35.37995305555555,4
132.69530194444445,35.38074611111111,4
132.69495305555554,35.38117111111111,4
132.69437805555555,35.38187888888889,4
132.69420305555556,35.38212111111111,4
132.69397805555556,35.38240388888889,4
132.69304,35.383538055555555,4
132.69212694444445,35.38462888888889,4
132.69154,35.38533694444445,4
132.691515,35.38537111111111,4
132.69139,35.38552111111111,4
132.691265,35.385621111111114,4
132.69110194444445,35.38570388888889,4
132.69089,35.38580388888889,4
132.69017805555555,35.38592111111111,4
132.69005305555555,35.38595388888889,4
132.68989,35.38600388888889,4
132.689765,35.38609611111111,4
132.68960305555555,35.38625388888889,4
132.68949,35.38647111111111,4
132.68989,35.386586944444446,4
132.68989,35.386586944444446,4
132.68949,35.38647111111111,4
132.68937805555555,35.38670388888889,4
132.689015,35.38747111111111,4
132.688615,35.38832111111111,3
132.68857805555555,35.38843694444444,3
132.68790305555555,35.38982,4
132.68757805555555,35.390478888888886,4
132.68749,35.390678055555554,4
132.68745305555555,35.39078694444444,4
132.68742805555556,35.39087,4
132.68734,35.39141194444444,5
132.68732805555555,35.39147,5
132.68720305555556,35.39212805555555,5
132.68715305555557,35.39242,5
132.68704,35.393028055555554,5
132.68690305555555,35.39380305555556,7
132.68682805555557,35.39423611111111,7
132.68675305555556,35.39465305555556,7
132.686715,35.394911111111114,7
132.68669,35.39503611111111,7
132.68659,35.39563611111111,8
132.68649,35.39618611111111,11
132.68644,35.396453055555554,13
132.68635194444445,35.396478055555555,13
132.68625194444445,35.39651888888889,13
132.68595305555556,35.39666888888889,14
132.68587805555555,35.396728055555556,13
132.68585305555555,35.39677805555556,13
132.68584,35.39686888888889,14
132.685865,35.39705305555555,14
132.68587805555555,35.397128055555555,14
132.685865,35.39721888888889,14
132.68585305555555,35.39731888888889,14
132.68582805555556,35.39736888888889,15
132.685815,35.39740194444445,15
132.68572805555556,35.39756111111111,15
132.68512694444445,35.39821111111111,13
132.68472805555555,35.398651944444445,10
132.68440305555555,35.39897805555555,9
132.68435305555556,35.399026944444444,9
132.684315,35.399051944444444,9
132.68422805555556,35.39911111111111,9
132.684065,35.39919388888889,9
132.683665,35.39937694444444,9
132.683175,35.39957611111111,9
132.683175,35.39957611111111,9
132.683665,35.39937694444444,9
132.684065,35.39919388888889,9
132.68422805555556,35.39911111111111,9
132.684315,35.399051944444444,9
132.68435305555556,35.399026944444444,9
132.68440305555555,35.39897805555555,9
132.68472805555555,35.398651944444445,10
132.68512694444445,35.39821111111111,13
132.68572805555556,35.39756111111111,15
132.685815,35.39740194444445,15
132.68582805555556,35.39736888888889,15
132.68585305555555,35.39731888888889,14
132.685865,35.39721888888889,14
132.68587805555555,35.397128055555555,14
132.685865,35.39705305555555,14
132.68584,35.39686888888889,14
132.68585305555555,35.39677805555556,13
132.68587805555555,35.396728055555556,13
132.68595305555556,35.39666888888889,14
132.68625194444445,35.39651888888889,13
132.68635194444445,35.396478055555555,13
132.68644,35.396453055555554,13
132.686565,35.39646111111111,13
132.68667805555555,35.39649388888889,13
132.68682805555557,35.396543888888885,13
132.68700305555555,35.39666888888889,13
132.68710305555555,35.39674388888889,13
132.68735305555555,35.39694388888889,13
132.687465,35.39701888888889,11
132.68760194444445,35.39707805555555,10
132.68779,35.397128055555555,5
132.68795305555557,35.39714388888889,4
132.68837694444446,35.397153055555556,4
132.68890194444444,35.39716111111111,3
132.69000194444445,35.39717805555556,3
132.69044,35.39718611111111,3
132.69090194444445,35.397193888888886,3
132.69172694444444,35.39721111111111,4
132.69213888888888,35.39721111111111,4
132.6926638888889,35.39718611111111,4
132.69407694444445,35.39709388888889,5
132.6954388888889,35.39701888888889,5
132.69605194444443,35.39698611111111,5
132.69622694444445,35.39697805555556,5
132.6968138888889,35.39695305555556,5
132.69701388888888,35.39694388888889,5
132.6971638888889,35.39694388888889,5
132.6976011111111,35.396928055555556,5
132.69767611111112,35.39691888888889,5
132.69802611111112,35.396903055555555,4
132.6980761111111,35.396903055555555,4
132.6982888888889,35.39688611111111,4
132.6988388888889,35.39688611111111,5
132.69901388888889,35.39687,5
132.69916388888888,35.396861111111114,5
132.6994511111111,35.396845,5
132.6996638888889,35.39681111111111,5
132.70006388888888,35.396728055555556,4
132.70016388888888,35.396703055555555,4
132.7004261111111,35.396636111111114,4
132.7010011111111,35.396478055555555,4
132.7017138888889,35.396278055555555,4
132.70242611111112,35.396078055555556,4
132.7024888888889,35.39606111111111,4
132.70253888888888,35.396053055555555,4
132.7027261111111,35.39602,4
132.7029138888889,35.39600305555555,5
132.7031888888889,35.396011111111115,5
132.7034138888889,35.396045,4
132.70346388888888,35.396053055555555,4
132.70390111111112,35.396145,4
132.70402611111112,35.39617,4
132.70421305555556,35.396211111111114,4
132.7047761111111,35.39632805555556,4
132.70503805555555,35.39637805555556,4
132.7051261111111,35.39638611111111,4
132.70527611111112,35.396395,4
132.70543805555556,35.396395,4
132.70550111111112,35.39640305555555,4
132.70588805555556,35.396395,4
132.70640111111112,35.39640305555555,4
132.70662611111112,35.39640305555555,4
132.70685111111112,35.39640305555555,4
132.70822611111112,35.39640305555555,4
132.7085261111111,35.39640305555555,4
132.7087011111111,35.396411111111114,4
132.7089761111111,35.39642805555555,4
132.70957611111112,35.39646111111111,4
132.7096511111111,35.39646111111111,4
132.71028805555557,35.396503055555556,4
132.71036305555555,35.39651111111111,4
132.71071305555554,35.396545,4
132.71098805555556,35.39657,4
132.71185,35.396636111111114,4
132.71241305555554,35.396678055555554,5
132.71251305555555,35.396678055555554,5
132.713075,35.39672,7
132.713275,35.39673611111111,6
132.7136,35.39676111111111,6
132.713825,35.39677805555556,7
132.714075,35.39680305555556,7
132.7143,35.39681111111111,7
132.714825,35.39680305555556,7
132.715175,35.39678611111111,7
132.715625,35.39675305555556,7
132.71606194444445,35.39671111111111,7
132.71733694444444,35.396595,5
132.718025,35.39653611111111,5
132.71951194444443,35.39640305555555,6
132.71958694444444,35.396395,5
132.72046194444445,35.39632,4
132.72163694444444,35.396211111111114,5
132.72171194444445,35.39620305555555,5
132.72227388888888,35.39615305555556,5
132.72276194444444,35.39611111111111,4
132.7229988888889,35.39608611111111,4
132.72409888888888,35.395995,4
132.7242238888889,35.39597805555555,4
132.72438694444443,35.39596111111111,4
132.7250488888889,35.395895,4
132.72516194444444,35.395878055555556,4
132.72553694444446,35.395828055555555,4
132.7257488888889,35.395786111111114,4
132.7264988888889,35.395645,4
132.7271861111111,35.39552,5
132.72779888888888,35.39541194444445,4
132.7280861111111,35.39535305555555,4
132.72873611111112,35.39523694444444,4
132.7293738888889,35.39512,5
132.7295738888889,35.39507805555556,5
132.72996111111112,35.395003055555556,5
132.7303611111111,35.39492805555555,5
132.7305111111111,35.39490305555555,5
132.73098611111112,35.394845,5
132.73133611111112,35.39481194444444,5
132.7313861111111,35.39481194444444,5
132.7323861111111,35.39476194444445,4
132.7335111111111,35.39472,5
132.7337488888889,35.394711944444445,5
132.73382388888888,35.39470305555555,5
132.73426111111112,35.394686944444445,7
132.7345611111111,35.394686944444445,7
132.73483611111112,35.39467805555555,7
132.73504805555555,35.39467,7
132.73527305555555,35.394661944444444,7
132.7355611111111,35.39465305555556,6
132.73573611111112,35.394645,5
132.73579805555556,35.394645,5
132.73604805555556,35.394645,5
132.73663611111112,35.39465305555556,5
132.73682305555556,35.39467,5
132.73714805555556,35.394728055555554,5
132.73723611111112,35.394745,5
132.73742305555555,35.39478694444445,5
132.7376361111111,35.39485305555556,5
132.73829805555556,35.39506194444444,5
132.7386611111111,35.395161944444446,5
132.73909805555556,35.39527,5
132.739485,35.395361944444446,4
132.73986,35.395445,4
132.74039805555554,35.39557,4
132.74071,35.395628055555555,3
132.740785,35.395645,3
132.74084805555555,35.39566194444444,3
132.74109805555557,35.39570305555556,3
132.74116,35.39571194444444,3
132.74136,35.395736944444444,3
132.74191,35.39577805555555,4
132.74304694444444,35.395786944444446,5
132.74349694444444,35.395786944444446,5
132.74412305555555,35.395786944444446,5
132.74529694444445,35.395786944444446,5
132.74592194444443,35.395786944444446,5
132.7468338888889,35.395795,5
132.7472338888889,35.395795,5
132.7473588888889,35.395795,5
132.74742194444445,35.395795,5
132.74762194444443,35.395803055555554,5
132.74812194444445,35.39583694444445,5
132.7482838888889,35.395853055555555,5
132.74843388888888,35.39587,5
132.74917194444444,35.39595305555556,5
132.74955888888888,35.39600305555555,5
132.74978388888889,35.396028055555554,5
132.7504088888889,35.39610305555556,6
132.75119694444444,35.396195,6
132.75172194444445,35.396253055555555,6
132.75177194444444,35.396253055555555,6
132.75199694444444,35.39626194444445,6
132.7523461111111,35.396245,6
132.7530088888889,35.39620305555555,5
132.7532838888889,35.39617805555555,5
132.7541588888889,35.39612,5
132.7542588888889,35.39612,6
132.7545088888889,35.396095,5
132.75469611111112,35.396095,5
132.7549338888889,35.39612,5
132.7551711111111,35.396161944444444,5
132.75525888888887,35.396186944444445,5
132.7555088888889,35.39627888888889,5
132.7558338888889,35.396411944444445,5
132.7558961111111,35.39642888888889,5
132.75625888888888,35.39657888888889,5
132.7565461111111,35.396695,5
132.75660888888888,35.39672,5
132.7566838888889,35.396745,5
132.75682111111112,35.39682888888889,5
132.7569588888889,35.39692888888889,5
132.75703388888888,35.39700305555556,5
132.7570961111111,35.39707805555555,5
132.75718388888887,35.39722805555556,5
132.7573711111111,35.397661944444444,5
132.75740805555554,35.39776194444445,5
132.75752111111112,35.39803694444444,5
132.75772111111112,35.39850305555556,5
132.75778305555556,35.398628055555555,5
132.75784611111112,35.398761944444445,5
132.75800805555556,35.39900305555555,5
132.75833305555557,35.39937,5
132.75843305555554,35.399453055555554,5
132.7586961111111,35.399695,5
132.75873305555555,35.39972,5
132.7590211111111,35.39993694444444,5
132.75922111111112,35.400061944444445,5
132.7593461111111,35.40011194444445,5
132.75943305555555,35.400153055555556,5
132.75963305555555,35.40020305555556,5
132.7597461111111,35.40022,5
132.7604961111111,35.40037805555556,5
132.76080805555554,35.400445,5
132.76112111111112,35.40050305555555,5
132.76169611111112,35.40062,6
132.761895,35.400661944444444,6
132.76222,35.400728055555554,6
132.76260805555555,35.40081194444444,7
132.76277,35.400845,7
132.763095,35.400911944444445,7
132.76377,35.40103694444444,5
132.76417,35.401136944444445,6
132.764495,35.401245,7
132.76487,35.401395,8
132.76500694444445,35.40147805555556,8
132.76522,35.401603055555555,8
132.765495,35.40177,9
132.76708194444444,35.40262805555555,12
132.76717,35.40267,10
132.76815694444446,35.40321111111111,12
132.76823194444444,35.403245,14
132.76833194444444,35.40327,14
132.76845694444444,35.40327805555555,12
132.76852,35.40327,12
132.76868194444444,35.403261111111114,13
132.76910694444445,35.40322805555556,14
132.76932,35.40321111111111,15
132.7701438888889,35.40327805555555,18
132.7705938888889,35.40331111111111,17
132.77095694444444,35.40333611111111,18
132.7710688888889,35.403328055555555,17
132.77155694444446,35.40320305555556,9
132.77193194444445,35.403086944444446,8
132.7722188888889,35.403045,7
132.77243194444443,35.403036944444445,7
132.77265694444444,35.403036944444445,6
132.77285694444444,35.403061944444445,6
132.77318194444445,35.40312,7
132.7733438888889,35.403145,6
132.77339388888888,35.40316194444444,6
132.77343194444444,35.40317,6
132.7741438888889,35.40333694444445,6
132.77483194444446,35.403503055555554,9
132.77503194444444,35.403553055555555,9
132.77510694444445,35.40357,9
132.77523194444444,35.403595,9
132.7753438888889,35.40361194444444,9
132.7763438888889,35.40380305555556,8
132.77666888888888,35.40386111111111,8
132.7768188888889,35.40388611111111,8
132.7769438888889,35.403911111111114,8
132.77766888888888,35.404045,9
132.7779938888889,35.40412805555555,9
132.7784061111111,35.404203055555556,9
132.7786688888889,35.40425305555556,9
132.7791311111111,35.40432805555555,9
132.77940611111111,35.404378055555554,9
132.77984388888888,35.40448611111111,9
132.7801561111111,35.404595,9
132.78064388888887,35.40477,9
132.78108111111112,35.40492805555556,9
132.78120611111112,35.40495305555555,9
132.781255,35.40496388888889,9
132.781255,35.40496388888889,9
132.78139388888889,35.404995,9
132.78211805555554,35.40508611111111,9
132.78226805555556,35.40511111111111,9
132.78239305555556,35.405145,9
132.7825061111111,35.405186111111114,9
132.78268111111112,35.405253055555555,9
132.7830811111111,35.40543611111111,9
132.78336805555554,35.40557,9
132.7838311111111,35.405795,13
132.78458111111112,35.406128055555556,11
132.7854311111111,35.40652,18
132.7864311111111,35.40697,13
132.78656805555556,35.40702,13
132.78681805555556,35.40712,13
132.78710611111111,35.40721888888889,13
132.78726805555556,35.40726111111111,13
132.78813,35.40752805555555,12
132.788205,35.40754388888889,12
132.78844305555555,35.40759388888889,12
132.78866805555555,35.40761888888889,12
132.78876805555555,35.40761111111111,12
132.78909305555555,35.407603055555555,11
132.78938,35.40759388888889,11
132.78964305555556,35.40761888888889,10
132.789855,35.40766888888889,10
132.789955,35.407693888888886,10
132.79021805555556,35.40776888888889,10
132.79164194444445,35.40809388888889,9
132.79183,35.40814388888889,9
132.79203,35.408211111111115,9
132.79219194444445,35.40826888888889,9
132.79236694444444,35.40835305555556,9
132.79268,35.40857805555556,8
132.79316805555555,35.40893611111111,8
132.79374194444443,35.40936888888889,8
132.79379194444445,35.40941111111111,8
132.79499194444443,35.41031888888889,8
132.795055,35.41036888888889,8
132.79556694444443,35.41093611111111,8
132.79704194444443,35.412618888888886,6
132.7977038888889,35.41338611111111,6
132.79829194444446,35.414051944444445,5
132.7983788888889,35.41415194444444,5
132.7995911111111,35.415526944444444,5
132.7996161111111,35.415551944444445,5
132.8002911111111,35.41609388888889,5
132.80112888888888,35.41679388888889,5
132.8019911111111,35.41757694444444,5
132.8024161111111,35.41797694444445,5
132.8031411111111,35.41871,5
132.80419111111112,35.41977694444444,5
132.80421611111112,35.41979305555556,5
132.80455305555554,35.42015194444444,5
132.80464111111112,35.42026,5
132.80467805555554,35.420318055555555,5
132.80535305555554,35.42111805555555,5
132.80562805555556,35.42146,5
132.80580305555554,35.42166805555556,5
132.80640305555556,35.422235,4
132.80697805555556,35.422718055555556,4
132.80707805555556,35.42279305555556,4
132.80710305555556,35.42281805555555,4
132.80734,35.42296,4
132.808165,35.423335,4
132.80932805555557,35.42384305555556,4
132.80985305555555,35.42408388888889,4
132.80989,35.42410111111111,4
132.81072694444444,35.424483888888886,4
132.81102694444445,35.42466805555556,3
132.81114,35.424751111111114,3
132.811315,35.424908888888886,3
132.811365,35.42496805555555,3
132.81144,35.42505888888889,3
132.81157694444445,35.42528388888889,3
132.81192694444445,35.42598388888889,3
132.81236388888888,35.42701805555556,3
132.81257694444446,35.42738388888889,3
132.8127388888889,35.42760888888889,3
132.81287694444444,35.427751111111114,3
132.8135388888889,35.42831694444445,3
132.81418888888888,35.42888388888889,3
132.81457694444444,35.42921805555556,3
132.81476388888888,35.429383888888886,3
132.81537694444444,35.429918055555554,3
132.81610111111112,35.43058388888889,3
132.8162888888889,35.43071694444444,3
132.8165261111111,35.43083388888889,4
132.8169511111111,35.43100888888889,4
132.81801388888888,35.43145888888889,4
132.8184511111111,35.43164194444444,4
132.8191138888889,35.431916944444446,4
132.81962611111112,35.43213388888889,4
132.8209511111111,35.43270111111111,4
132.82093805555556,35.43277611111111,4
132.82091305555556,35.43290888888889,4
132.82077611111112,35.433526111111114,4
132.82075111111112,35.43370888888889,4
132.82061305555555,35.43445,3
132.82058805555556,35.43495,3
132.8205761111111,35.43510888888889,3
132.82055111111112,35.4356,3
132.82056305555557,35.436,3
132.82055111111112,35.436141944444444,4
132.82048805555556,35.436375,4
132.82047888888889,35.436391111111114,4
132.82047888888889,35.436391111111114,4
132.82048805555556,35.436375,4
132.8205761111111,35.43649194444444,4
132.8215761111111,35.436883055555555,3
132.82166305555555,35.436908055555556,3
132.8217511111111,35.436925,3
132.8218261111111,35.436925,3
132.82196305555556,35.436933055555556,3
132.8227261111111,35.437,3
132.82328805555557,35.437041944444445,3
132.8233788888889,35.43704888888889,2
132.8233788888889,35.43705,2
132.82428805555554,35.437125,2
132.82433805555556,35.437216944444444,2
132.825025,35.43733388888889,2
132.82531305555557,35.4374,2
132.82545,35.437441944444444,2
132.82638805555555,35.437716944444446,3
132.826575,35.43778388888889,3
132.82708805555555,35.43796694444445,3
132.82736194444445,35.43808305555556,3
132.827675,35.43824194444444,3
132.82813805555554,35.4385,3
132.82858694444445,35.438741944444445,3
132.828725,35.43881,3
132.828725,35.43881,3
132.829075,35.43898305555555,3
132.82996194444445,35.439433055555554,3
132.83084888888888,35.439858055555554,3
132.83153694444445,35.44018305555556,3
132.83298694444446,35.44085805555556,3
132.83430194444443,35.44147111111111,3
132.83430194444443,35.44147111111111,3
132.83481194444445,35.44170805555556,3
132.83686111111112,35.442641944444446,4
132.8389488888889,35.443508055555554,4
132.84217305555555,35.444808055555555,4
132.84279,35.44505111111111,4
132.84279,35.44505111111111,4
132.84394805555556,35.44550805555556,4
132.84474805555556,35.44584111111111,4
132.84625,35.44651694444445,4
132.84625,35.44651694444445,4
132.84636,35.44656611111111,4
132.84659805555555,35.446666111111114,4
132.84659805555555,35.44680805555556,4
132.84732305555556,35.44704111111111,4
132.84762305555554,35.447158055555555,4
132.849385,35.44793305555555,4
132.84961,35.448033055555555,4
132.84964805555555,35.44805,4
132.85086,35.448616111111114,4
132.85152194444444,35.44895,5
132.85201,35.449241111111114,5
132.852135,35.44931611111111,5
132.852435,35.449525,5
132.85329694444445,35.45017388888889,5
132.853485,35.45030805555555,5
132.85356,35.45037388888889,6
132.8540088888889,35.45066611111111,14
132.85418388888888,35.45075805555555,14
132.85443388888888,35.45085805555556,11
132.85463388888888,35.45091611111111,9
132.8547338888889,35.45093305555555,8
132.85567194444445,35.45102388888889,9
132.8557588888889,35.451033055555556,9
132.85597194444443,35.45104888888889,10
132.8572088888889,35.451225,16
132.85797194444444,35.45126611111111,9
132.8581338888889,35.45129111111111,8
132.85827194444445,35.451325,7
132.85849694444445,35.451425,6
132.8587838888889,35.451675,6
132.85893388888888,35.451833055555554,6
132.8603461111111,35.453808055555555,7
132.8604588888889,35.45393305555555,7
132.86123388888888,35.45454888888889,6
132.8618211111111,35.45492388888889,7
132.86234611111112,35.45520805555556,5
132.86245888888888,35.455258055555554,5
132.86270888888887,35.45531611111111,5
132.8634461111111,35.455533055555556,5
132.86359611111112,35.45554888888889,5
132.8637838888889,35.45555805555556,5
132.8658961111111,35.45545694444444,5
132.8660461111111,35.455466111111114,5
132.8663961111111,35.45554888888889,5
132.8667211111111,35.45564111111111,5
132.86754611111112,35.45597388888889,5
132.86775805555556,35.45609888888889,5
132.86792111111112,35.456206944444446,5
132.86805805555557,35.45632388888889,5
132.8683961111111,35.456606944444445,5
132.86847111111112,35.45666611111111,5
132.87060805555555,35.45854888888889,5
132.87065805555557,35.45859111111111,5
132.87083305555555,35.45868194444444,5
132.8710461111111,35.45874888888889,6
132.87108305555554,35.45876611111111,6
132.87215805555556,35.45901611111111,11
132.8722961111111,35.459023888888886,15
132.87240805555555,35.45901611111111,16
132.87253305555555,35.458981944444446,12
132.87273305555556,35.45885694444444,7
132.8729711111111,35.45871611111111,8
132.87308305555555,35.458666111111114,8
132.87320805555555,35.458666111111114,9
132.8733711111111,35.45869111111111,9
132.8743211111111,35.45905694444444,9
132.8748461111111,35.459223888888886,9
132.8755211111111,35.45939111111111,9
132.87582111111112,35.45947388888889,9
132.87808305555555,35.46038194444444,9
132.87825805555556,35.46044111111111,9
132.87858305555557,35.460523888888886,9
132.87908305555555,35.46060694444444,9
132.87968305555555,35.46069111111111,9
132.880345,35.46076611111111,9
132.88187,35.460856944444444,9
132.88297,35.460723888888886,7
132.88330805555555,35.46069111111111,6
132.88398305555555,35.46069111111111,5
132.884245,35.460723888888886,5
132.88455694444445,35.460791111111114,6
132.884845,35.46087388888889,6
132.88525694444445,35.46103194444444,6
132.88585805555556,35.46135694444445,6
132.88615694444445,35.46151611111111,7
132.886545,35.46165694444444,8
132.88697,35.461756944444446,9
132.88710805555556,35.46177388888889,9
132.887545,35.46174111111111,9
132.88880694444444,35.46154111111111,9
132.88993194444444,35.46135694444445,9
132.89035694444445,35.461308055555556,9
132.89067,35.46129888888889,9
132.89232,35.46152388888889,12
132.89403194444444,35.46144888888889,17
132.89483194444443,35.46152388888889,16
132.89543194444445,35.46162388888889,18
132.89643194444446,35.46171611111111,18
132.89700694444446,35.46180805555556,18
132.89733194444443,35.46184888888889,16
132.89771888888887,35.46183305555556,11
132.89824388888889,35.461733055555555,9
132.89898194444444,35.46154888888889,9
132.9001188888889,35.46126611111111,8
132.90120694444445,35.46099111111111,7
132.90145694444445,35.46094111111111,7
132.90165694444445,35.46091611111111,7
132.90203194444445,35.460883055555556,8
132.9024188888889,35.46085,9
132.9027561111111,35.4609,11
132.90335611111112,35.46105,13
132.90663111111112,35.46201611111111,14
132.90719388888888,35.462225,12
132.90776888888888,35.462533055555554,10
132.90813111111112,35.462775,9
132.9093938888889,35.463833055555554,9
132.9096311111111,35.46400805555555,9
132.9100061111111,35.46415,9
132.91119305555554,35.464525,13
132.91201805555556,35.46485,15
132.91230611111112,35.464958055555556,16
132.91243111111112,35.46499111111111,16
132.91243111111112,35.46499111111111,16
132.91249305555556,35.46500805555556,16
132.91261805555555,35.46504111111111,14
132.91296805555555,35.465108055555554,10
132.9133561111111,35.46519111111111,9
132.9150811111111,35.465516111111114,9
132.91781805555556,35.46604194444444,7
132.9181311111111,35.4661,7
132.91848,35.466175,7
132.92004305555557,35.46648305555556,9
132.920505,35.466566944444445,9
132.92099305555556,35.466658055555556,9
132.92118,35.4667,9
132.92289194444444,35.467025,9
132.923305,35.46715805555556,9
132.92364194444446,35.467325,9
132.923855,35.46751694444445,9
132.924005,35.467725,9
132.92454305555555,35.46861694444444,8
132.92483,35.46899194444445,6
132.925005,35.469125,5
132.925255,35.4693,6
132.925905,35.46965,7
132.92671694444445,35.47005,7
132.92876694444445,35.47099111111111,6
132.92961694444443,35.47120805555556,6
132.93001694444445,35.471275,6
132.93024194444445,35.47131611111111,6
132.9308038888889,35.47144111111111,5
132.9319661111111,35.47185805555556,7
132.9330161111111,35.472225,8
132.93351611111112,35.472366111111114,7
132.9337538888889,35.47241611111111,6
132.9342038888889,35.472433055555555,5
132.93475388888888,35.47239111111111,5
132.9354661111111,35.47234111111111,8
132.93580305555557,35.47233305555555,8
132.93605305555556,35.472375,9
132.93712805555555,35.47270805555556,9
132.93791611111112,35.47296611111111,9
132.93826611111112,35.4731,9
132.9386411111111,35.473283055555555,9
132.93972805555555,35.47385,8
132.94087694444445,35.47428305555555,5
132.94170305555556,35.47456611111111,8
132.94202694444445,35.47463305555556,8
132.94227694444444,35.47465805555556,8
132.94302694444445,35.47469111111111,8
132.94327694444445,35.47469111111111,8
132.94437694444446,35.4746,9
132.94472694444445,35.474583055555556,9
132.9452138888889,35.47461611111111,9
132.94535194444444,35.47463305555556,9
132.94553888888888,35.47465805555556,9
132.94692694444444,35.474958055555554,9
132.94778888888888,35.47513305555555,6
132.9480388888889,35.47515805555555,6
132.9481888888889,35.47516611111111,6
132.9485388888889,35.475141111111114,6
132.94871388888888,35.47509111111111,6
132.94940194444445,35.4749,6
132.94971388888888,35.47484111111111,5
132.9498888888889,35.474825,5
132.95005111111112,35.474825,5
132.9503388888889,35.474875,5
132.9510388888889,35.47506611111111,5
132.95163888888888,35.475233055555556,6
132.95222611111112,35.47534111111111,5
132.95346388888888,35.47539111111111,9
132.9538638888889,35.4755,9
132.95411388888888,35.475658055555556,9
132.95502611111112,35.47635805555556,9
132.9553138888889,35.47655805555556,9
132.9555761111111,35.47665805555555,9
132.9562511111111,35.476875,9
132.95681305555556,35.47708305555555,9
132.95755111111112,35.47745805555556,8
132.95845111111112,35.47784111111111,9
132.95893805555556,35.47805,9
132.96013805555555,35.478566111111114,9
132.96263805555554,35.47953305555556,9
132.96365,35.47994111111111,9
132.96401305555557,35.48004111111111,9
132.965225,35.48027388888889,8
132.966425,35.48050805555555,8
132.96816194444443,35.48077388888889,5
132.96895,35.480848888888886,5
132.96977388888888,35.48083305555556,8
132.9701738888889,35.480775,9
132.97158694444445,35.480583055555556,8
132.97217388888888,35.48048305555555,9
132.97233694444444,35.48044111111111,9
132.9727488888889,35.480325,9
132.97307388888888,35.48020805555556,9
132.9734488888889,35.48003305555556,8
132.97361194444446,35.479933055555556,8
132.97468694444444,35.47913305555556,5
132.97513694444444,35.478925,6
132.97546194444445,35.478816944444446,6
132.9766611111111,35.47844194444444,0
132.9776738888889,35.478158055555554,5
132.9826361111111,35.47691694444445,6
132.98393611111112,35.47653388888889,7
132.98592305555556,35.47597611111111,7
132.98989805555556,35.474868055555554,9
132.99024805555555,35.47478388888889,9
132.99049805555555,35.474741944444446,9
132.990885,35.474691944444444,9
132.99126,35.47467611111111,9
132.99164694444445,35.47468388888889,9
132.99191,35.47470111111111,9
132.99244694444445,35.47476694444445,9
132.99304694444444,35.47490111111111,9
132.99331,35.47500111111111,9
132.993635,35.475118055555555,9
132.993785,35.47517611111111,9
132.99434694444443,35.47539305555556,9
132.99479694444443,35.47557611111111,9
132.994935,35.47562611111111,9
132.99522194444444,35.47569194444444,9
132.99546,35.47573388888889,11
132.995785,35.47577611111111,15
132.99707194444446,35.47585111111111,20
132.99739694444443,35.47587611111111,18
132.9980588888889,35.47593388888889,16
132.99827194444444,35.475966944444444,17
132.9983088888889,35.47597611111111,17
132.99900888888888,35.47602611111111,14
133.00029694444444,35.47610111111111,6
133.00037194444445,35.47610888888889,6
133.00044694444443,35.47610888888889,6
133.00054694444444,35.47611805555555,7
133.00097194444444,35.47615111111111,8
133.0015338888889,35.47618388888889,7
133.0022211111111,35.47620888888889,8
133.0030088888889,35.47624305555556,6
133.0032588888889,35.47624305555556,6
133.0039088888889,35.47626805555556,5
133.0044088888889,35.47626805555556,5
133.00479611111112,35.47627611111111,6
133.0050588888889,35.47631805555555,5
133.0053211111111,35.47640111111111,4
133.0055338888889,35.47646805555556,4
133.00557111111112,35.476483888888886,4
133.0057338888889,35.47653388888889,4
133.00614611111112,35.47665888888889,4
133.0062211111111,35.476683888888886,4
133.0064211111111,35.47674305555555,4
133.00659611111112,35.476793055555554,4
133.00673305555554,35.476818055555555,4
133.0069711111111,35.47683388888889,4
133.00710805555556,35.476818055555555,4
133.00738305555555,35.476776111111114,4
133.00765805555557,35.47674305555555,4
133.0084711111111,35.47662611111111,5
133.0090211111111,35.47654305555555,4
133.00950805555556,35.476483888888886,4
133.01113305555555,35.47631805555555,4
133.01177,35.47626,3
133.012245,35.476218055555556,3
133.01293305555555,35.47614305555555,2
133.01337,35.476085,3
133.01357,35.47605111111111,3
133.013695,35.47602611111111,3
133.01422,35.47590111111111,3
133.01450805555555,35.47582611111111,4
133.015145,35.47562611111111,4
133.01578194444446,35.47541805555556,5
133.01685694444444,35.47506,5
133.01712,35.47497694444444,5
133.01778194444444,35.47476,6
133.01828194444445,35.474601944444444,6
133.0187688888889,35.474468055555555,6
133.01883194444446,35.474451944444446,6
133.01943194444445,35.474401944444445,6
133.0207438888889,35.474293055555556,7
133.0212688888889,35.474243055555554,8
133.0215188888889,35.47421805555555,8
133.02155694444446,35.47421805555555,8
133.02201888888888,35.474176944444444,8
133.0220688888889,35.474176944444444,8
133.02250694444444,35.474135,8
133.0226438888889,35.47411888888889,8
133.02305611111112,35.474085,7
133.0231938888889,35.47405194444445,7
133.0233438888889,35.474001944444446,7
133.02346888888889,35.473935,7
133.02359388888888,35.47384388888889,7
133.02370611111112,35.47374388888889,7
133.0239688888889,35.47345194444444,7
133.0242438888889,35.47314388888889,7
133.02461888888888,35.472768888888886,7
133.02498111111112,35.47242694444444,6
133.0252311111111,35.472186111111114,6
133.0253811111111,35.472076944444446,6
133.02554388888888,35.471986111111114,6
133.0256811111111,35.47192694444445,6
133.0258061111111,35.471876944444446,6
133.02596888888888,35.47183611111111,6
133.0265188888889,35.47167694444445,6
133.0274061111111,35.471426944444445,5
133.02769388888888,35.47129388888889,5
133.02780611111112,35.47123611111111,5
133.0281061111111,35.470951944444444,5
133.02844305555556,35.470618888888886,5
133.02864305555556,35.47046888888889,5
133.02889305555556,35.47031888888889,5
133.0293061111111,35.47014388888889,5
133.02991805555556,35.46989388888889,5
133.03074305555555,35.46955194444445,5
133.0312811111111,35.46926888888889,5
133.0316811111111,35.46901888888889,5
133.03206805555556,35.468761111111114,5
133.0325811111111,35.468336111111114,5
133.03356805555555,35.46741111111111,5
133.03441805555556,35.46662805555555,5
133.034705,35.466411111111114,5
133.03551805555554,35.466011944444446,5
133.03711694444445,35.46525305555556,5
133.03799305555555,35.464845,5
133.03814194444445,35.46481194444444,5
133.03828,35.464795,5
133.03884194444444,35.46481194444444,5
133.03898611111111,35.46483805555555,4
133.03898611111111,35.46483805555555,4
133.03903,35.464845,4
133.03963,35.46487888888889,4
133.03948,35.46530388888889,4
133.04108,35.465736944444444,4
133.041255,35.46577888888889,4
133.04129194444445,35.465795,4
133.04149194444443,35.465845,4
133.04162888888888,35.46586194444444,4
133.04179194444444,35.46587,4
133.0422788888889,35.46588694444444,4
133.04291694444444,35.46592,4
133.04359194444444,35.465961944444444,4
133.0438288888889,35.46597888888889,4
133.04400388888888,35.466011944444446,4
133.04422888888888,35.46607,4
133.04447888888888,35.46615388888889,4
133.04467694444443,35.46626194444445,4
133.04467694444443,35.46626194444445,4
133.04511694444443,35.46650388888889,4
133.04559194444445,35.46678694444444,4
133.0457538888889,35.466895,4
133.0459538888889,35.46705388888889,4
133.0462411111111,35.467261944444445,4
133.0462761111111,35.46728,4
</coordinates>
</LineString>
</Placemark>
</Document>
</kml>
