<?xml version="1.0" encoding="UTF-8"?>
<kml xmlns="http://www.opengis.net/kml/2.2" xmlns:atom="http://www.w3.org/2005/Atom">
<Document>
<name>52代夏合宿in中国 7日目 石見ルート</name>
<atom:author>
<atom:name>ぺらあ</atom:name>
</atom:author> 
<atom:link href="https://latlonglab.yahoo.co.jp/route/watch?id=b8211ab3d39eeb14861f2b62d8faa4af" />
<description><![CDATA[8/17(日)
102.9km 950up

買い出し地：ラピタ佐田店(9:30~19:30)
https://www.jaizumo.or.jp/business/lapita/store.html

テン泊地：立久恵峡わかあゆの里
http://wakaayu-izumo.jp/campsite.html

主な見どころ
・石見銀山
http://ginzan.city.ohda.lg.jp/33.html
http://www.visit-ohda.jp/files/20140407173749.pdf
・三瓶山･･･大山とともに国引き神話の綱を掛けた杭とされる1000m級の山。]]></description>
<tags><![CDATA[WCC52nd 夏合宿]]></tags>  
<Placemark>
<Style>
<LineStyle>
<color>99ff0000</color>
<width>6</width>
</LineStyle>
</Style>
<LineString>
<coordinates>
132.11918194444445,34.94979388888889,14
132.11913305555555,34.94986111111111,14
132.11923305555555,34.94991111111111,13
132.119395,34.94999388888889,13
132.11995694444445,34.95030305555556,11
132.11997694444443,34.95027888888889,11
132.11997694444443,34.95027888888889,11
132.12002,34.950228055555556,11
132.120345,34.94982805555556,20
132.120395,34.94976111111111,24
132.12048305555555,34.949711111111114,24
132.12057,34.94968611111111,24
132.12083194444443,34.94961111111111,25
132.121195,34.949528055555554,25
132.12130805555555,34.949511111111114,25
132.12145694444445,34.94950305555555,23
132.12180694444444,34.94948611111111,17
132.12188194444445,34.94946888888889,17
132.12193194444444,34.94944388888889,14
132.12195694444443,34.94939388888889,15
132.12195694444443,34.94933611111111,15
132.121945,34.94927805555555,17
132.121895,34.94918611111111,17
132.12183194444444,34.94911111111111,19
132.121645,34.94900305555556,25
132.121645,34.94897,21
132.121945,34.94857805555556,16
132.122495,34.94887,16
132.122545,34.94888611111111,16
132.12313194444445,34.94920305555556,17
132.12335694444445,34.949245,19
132.12350694444444,34.949245,19
132.12367,34.94920305555556,21
132.12467,34.94857,29
132.12488194444444,34.948453055555554,28
132.12508194444445,34.94837,28
132.12555694444444,34.94822,37
132.125745,34.94813611111111,38
132.12590694444444,34.948053055555555,36
132.126045,34.947945,36
132.126095,34.947895,36
132.126145,34.94783611111111,38
132.12628194444446,34.94761111111111,37
132.12645694444444,34.94722,37
132.12690694444444,34.94735305555555,37
132.12745694444445,34.947445,33
132.12809388888888,34.94752805555556,31
132.12888194444446,34.947628055555555,31
132.12913194444445,34.94767,27
132.12936888888888,34.94775305555556,27
132.12959388888888,34.94786194444445,27
132.12979388888888,34.94800305555555,28
132.1299688888889,34.94817,28
132.13003194444445,34.948253055555554,28
132.13010694444444,34.94835305555556,28
132.1304438888889,34.948953055555556,25
132.13118194444445,34.950395,27
132.13138194444446,34.950803055555554,26
132.1315438888889,34.95108611111111,21
132.1315938888889,34.951143888888886,22
132.13170694444443,34.95128611111111,24
132.1319188888889,34.951478055555555,19
132.1321438888889,34.95165305555555,17
132.13285694444446,34.95209388888889,14
132.1338438888889,34.95270305555555,9
132.1342561111111,34.952978055555555,8
132.1343938888889,34.95307805555556,8
132.1345311111111,34.953203055555555,7
132.13466888888888,34.953378055555554,6
132.1347561111111,34.95352805555556,5
132.1348688888889,34.95374388888889,8
132.1348811111111,34.95376888888889,8
132.1353061111111,34.954926944444445,6
132.1354061111111,34.95511111111111,7
132.1355061111111,34.95526111111111,7
132.1356688888889,34.95543611111111,9
132.1359061111111,34.95563611111111,15
132.13615611111112,34.955801944444445,17
132.13660611111112,34.956026944444446,15
132.1376938888889,34.95657805555555,12
132.1383561111111,34.956901944444446,15
132.1386811111111,34.95709388888889,16
132.14001805555554,34.95797694444445,13
132.14010611111112,34.95802694444444,12
132.14033111111112,34.95818611111111,11
132.1406561111111,34.95841111111111,11
132.1412811111111,34.95886888888889,12
132.1417561111111,34.959201944444445,10
132.1429061111111,34.95996888888889,7
132.14319305555554,34.96016111111111,6
132.14366805555557,34.96049388888889,5
132.14371805555555,34.96053611111111,5
132.14394305555555,34.960685,4
132.1442561111111,34.96089388888889,4
132.14443111111112,34.96100194444445,4
132.14463111111112,34.96116888888889,4
132.14479305555557,34.96131,4
132.14520611111112,34.96174388888889,3
132.1453561111111,34.96192694444444,3
132.14554305555555,34.962185,3
132.14606805555556,34.96297694444444,3
132.146555,34.963701944444445,3
132.146705,34.963901944444444,3
132.14681805555554,34.96405194444444,3
132.14714305555555,34.964418055555555,4
132.14761805555557,34.96491805555556,5
132.14774305555557,34.965035,6
132.14796805555557,34.965226944444446,6
132.148555,34.965718055555556,6
132.14873,34.96586805555555,6
132.14883,34.96595194444444,6
132.14906805555555,34.966185,5
132.14913,34.96629305555555,4
132.14919194444445,34.96641,4
132.14928,34.96664305555556,2
132.14936694444444,34.96700111111111,0
132.1493688888889,34.96700805555555,0
132.1493688888889,34.96700805555555,0
132.14958,34.96780111111111,1
132.14964194444445,34.96802611111111,1
132.14969305555556,34.968135,2
132.14978,34.96827611111111,2
132.14989194444445,34.96841,3
132.15001694444445,34.96852611111111,3
132.150155,34.968635,4
132.15129305555556,34.96945111111111,8
132.15248,34.97030111111111,16
132.15268,34.97043388888889,16
132.15286694444444,34.97052611111111,17
132.153005,34.97056805555555,18
132.15311694444443,34.97058388888889,18
132.15363,34.97065111111111,16
132.15388,34.97069305555556,18
132.15404194444446,34.97073388888889,22
132.15416694444446,34.97079305555555,22
132.15429194444445,34.97085888888889,24
132.15446694444444,34.97099305555555,27
132.15478,34.97128388888889,27
132.15496694444445,34.971426111111114,26
132.15508,34.97150888888889,26
132.155205,34.97155111111111,26
132.15533,34.97157611111111,26
132.15790388888888,34.97195888888889,14
132.15859194444445,34.97208388888889,12
132.1589038888889,34.97215111111111,9
132.1592288888889,34.97223388888889,9
132.15947888888888,34.97230888888889,9
132.15966694444444,34.972368055555556,9
132.16017888888888,34.972543055555555,9
132.16046694444444,34.97265111111111,8
132.1610538888889,34.97291805555555,7
132.16155388888888,34.97318388888889,8
132.16210388888888,34.973551111111114,8
132.1625911111111,34.97387611111111,7
132.1629411111111,34.97411694444445,6
132.1632788888889,34.97432611111111,6
132.16345388888888,34.974426111111114,6
132.16367888888888,34.97454305555556,5
132.1641038888889,34.974716944444445,4
132.1644038888889,34.97480111111111,4
132.16494111111112,34.97492611111111,4
132.16615388888889,34.97521694444445,5
132.16730388888888,34.97549305555555,6
132.16900305555555,34.97590111111111,5
132.1701161111111,34.97617611111111,4
132.1708661111111,34.97635888888889,3
132.1714161111111,34.97652611111111,3
132.17240305555555,34.97688388888889,3
132.17337805555556,34.97722611111111,3
132.1742661111111,34.97756694444445,3
132.17495305555556,34.97781805555555,4
132.17507805555556,34.977868055555554,4
132.17542805555556,34.97806694444444,4
132.17609,34.978476111111114,4
132.17617805555557,34.97853388888889,4
132.17774,34.97952611111111,4
132.179565,34.98068388888889,4
132.18105194444445,34.981566944444445,4
132.182165,34.98223388888889,4
132.18340194444446,34.98296694444444,5
132.183715,34.98325888888889,5
132.18387694444445,34.98343388888889,5
132.18417694444443,34.98379194444444,5
132.18440194444443,34.98405888888889,6
132.18485194444443,34.984591944444446,6
132.18533888888888,34.98518388888889,5
132.1858388888889,34.98579194444444,5
132.1860888888889,34.9861,4
132.18652694444444,34.986558055555555,4
132.18710194444444,34.987175,5
132.1875638888889,34.98766694444444,5
132.1876388888889,34.98775805555555,5
132.18797694444444,34.9881,6
132.1880138888889,34.98814194444444,7
132.18817694444445,34.98833305555556,7
132.1883388888889,34.98856694444444,7
132.18855194444444,34.988925,7
132.1886638888889,34.98915,7
132.18877694444444,34.98939111111111,7
132.18882694444446,34.989558055555555,7
132.18886388888887,34.989675,7
132.1888888888889,34.98975,7
132.1889138888889,34.98985805555556,7
132.18893888888888,34.989983055555555,7
132.18897694444445,34.99023305555556,7
132.1890388888889,34.99055805555555,7
132.18906388888888,34.99064111111111,7
132.1891138888889,34.99089111111111,7
132.18916388888888,34.99120805555555,6
132.1892138888889,34.99145,6
132.18935194444444,34.99184888888889,6
132.18940194444446,34.99195805555556,6
132.1895888888889,34.99224888888889,7
132.1913638888889,34.99438305555555,9
132.19155111111112,34.99463305555555,9
132.1916138888889,34.994706944444445,9
132.1918138888889,34.99499111111111,9
132.19192611111112,34.99514111111111,8
132.19202611111112,34.995283055555554,8
132.1924511111111,34.99586611111111,8
132.19282611111112,34.99637388888889,7
132.19317611111111,34.99686611111111,9
132.1933011111111,34.99704111111111,8
132.19347611111112,34.99726611111111,8
132.1935761111111,34.99738194444444,8
132.1946888888889,34.99843194444444,9
132.19493888888888,34.99859111111111,8
132.19510111111111,34.99868194444444,8
132.1951511111111,34.99870694444444,8
132.19553805555555,34.998916111111114,7
132.19563805555555,34.99896611111111,7
132.19578805555557,34.999048888888886,6
132.19613805555556,34.999231944444446,6
132.1968011111111,34.99957388888889,3
132.1975261111111,34.99994888888889,5
132.19768805555555,35.00001611111111,5
132.19841305555556,35.00019888888889,6
132.19846305555555,35.000215,6
132.19902611111112,35.00035694444444,7
132.19951305555554,35.000456944444444,8
132.19988805555556,35.00055694444445,9
132.2003511111111,35.000715,9
132.200775,35.00087388888889,9
132.20163805555555,35.001265,9
132.20278805555554,35.001806944444446,12
132.20343805555555,35.002115,12
132.2039,35.00234,13
132.20401305555555,35.00239,14
132.20443805555556,35.002581944444444,12
132.205025,35.002856944444446,14
132.205625,35.00317305555556,14
132.20591305555556,35.00334,14
132.20596194444445,35.003365,14
132.20625,35.003481944444445,12
132.207125,35.003948055555554,9
132.20763694444443,35.00424,8
132.20771194444444,35.00428194444444,9
132.2082,35.004556944444445,7
132.2091988888889,35.00510694444444,5
132.2094238888889,35.005215,3
132.2101738888889,35.005615,6
132.21043694444444,35.00578111111111,7
132.21107388888888,35.006123055555555,6
132.21178694444444,35.006523055555554,7
132.2123738888889,35.00684805555556,6
132.2130238888889,35.00720611111111,6
132.2131488888889,35.00728111111111,6
132.21338694444444,35.007398055555555,6
132.21376194444446,35.00760611111111,6
132.2141738888889,35.00784,7
132.21467388888888,35.008113888888886,7
132.21478611111112,35.008181111111114,8
132.21493611111111,35.00826388888889,8
132.21501111111112,35.00830611111111,8
132.21547388888888,35.00856388888889,10
132.21616111111112,35.00893111111111,14
132.2164361111111,35.00908111111111,14
132.2170238888889,35.00940611111111,13
132.21738611111113,35.00960611111111,11
132.21751111111112,35.009681111111114,11
132.2179111111111,35.00989805555555,13
132.2189111111111,35.01044805555556,11
132.2192738888889,35.01063888888889,11
132.2195861111111,35.01081388888889,13
132.21979805555554,35.01093888888889,15
132.21989805555555,35.011021944444444,15
132.22001111111112,35.01112194444445,14
132.22009805555555,35.01123111111111,13
132.2201611111111,35.011338888888886,12
132.22023611111112,35.01150611111111,11
132.22027305555557,35.011698055555556,10
132.2203111111111,35.01198111111111,9
132.2203111111111,35.01203111111111,10
132.22033611111112,35.012121944444445,10
132.22037305555557,35.01220611111111,10
132.22044805555555,35.01230611111111,10
132.22049805555557,35.01233888888889,10
132.22054805555555,35.01238111111111,10
132.2207611111111,35.01245611111111,10
132.2216361111111,35.012681111111114,10
132.22183611111112,35.012746944444444,10
132.22247305555555,35.012996944444446,8
132.22269805555555,35.01309694444444,8
132.22331111111112,35.01333888888889,7
132.22349805555555,35.013421944444445,7
132.22387305555554,35.01357194444444,7
132.22457305555557,35.01385611111111,7
132.22466111111112,35.013888888888886,7
132.22494805555556,35.01399694444444,8
132.22519805555555,35.014071944444446,8
132.225435,35.01414694444444,8
132.22587305555555,35.014271944444445,8
132.22619805555556,35.01436388888889,7
132.22682305555554,35.014521944444446,5
132.22696,35.01457194444444,5
132.2294138888889,35.015391944444445,4
132.2294138888889,35.015391944444445,4
132.23209694444444,35.01628888888889,4
132.23234694444446,35.016371944444444,4
132.23252194444444,35.016446944444446,4
132.23254694444444,35.016463888888886,4
132.232735,35.01657194444444,4
132.23306,35.016846944444445,3
132.233185,35.01701388888889,3
132.23322194444444,35.01708,3
132.23326,35.017155,4
132.2333338888889,35.01734694444445,4
132.23337194444446,35.01754694444445,4
132.23338388888888,35.017946944444446,3
132.23337194444446,35.01803,3
132.2333338888889,35.018096944444444,3
132.23325888888888,35.01818,3
132.23296,35.01843,3
132.23292194444446,35.01848805555556,3
132.23291,35.018571944444446,3
132.23294694444445,35.01863,3
132.232985,35.01864694444444,3
132.23314694444446,35.01873805555555,3
132.2333338888889,35.018855,3
132.23337194444446,35.018905,3
132.2333088888889,35.01954694444444,4
132.23325888888888,35.01998,5
132.2332088888889,35.020563055555556,4
132.2331338888889,35.021355,4
132.23309694444444,35.02169611111111,4
132.23305888888888,35.02208,4
132.23307194444445,35.02213,4
132.23315888888888,35.02218805555555,4
132.2331838888889,35.02223,4
132.2331838888889,35.02228,4
132.23307194444445,35.02249611111111,4
132.23303388888888,35.02260388888889,4
132.23302194444443,35.02272888888889,4
132.23302194444443,35.022863055555554,4
132.23305888888888,35.02300388888889,4
132.23309694444444,35.02312888888889,4
132.23317194444445,35.02325388888889,4
132.23405888888888,35.02442111111111,5
132.23417194444445,35.02457888888889,5
132.23437194444443,35.02482888888889,5
132.23472194444443,35.02527888888889,5
132.23498388888888,35.02557888888889,6
132.2351088888889,35.02569611111111,6
132.2351338888889,35.02572388888889,7
132.2351338888889,35.02572388888889,7
132.23514694444444,35.02573805555556,7
132.2352838888889,35.02585388888889,7
132.2354838888889,35.026046111111114,9
132.2355588888889,35.02612111111111,9
132.2357338888889,35.02627888888889,9
132.2359588888889,35.02647888888889,9
132.23654694444446,35.027011944444446,9
132.23674694444443,35.02719611111111,9
132.2375088888889,35.02789611111111,5
132.2378961111111,35.02824611111111,8
132.2379588888889,35.02829611111111,8
132.23835888888888,35.02863694444444,5
132.2384461111111,35.02870388888889,6
132.2385211111111,35.028753888888886,6
132.23884611111112,35.028861944444444,7
132.2390211111111,35.028911944444445,8
132.23977805555555,35.02910694444444,6
132.23977805555555,35.02910694444444,6
132.2397961111111,35.029111944444445,6
132.2401088888889,35.02918694444445,6
132.2404588888889,35.02926194444444,6
132.2406711111111,35.029336944444445,6
132.24077111111112,35.02938694444445,6
132.2408961111111,35.02946194444444,5
132.2410338888889,35.02955388888889,6
132.2412461111111,35.02970388888889,9
132.2413461111111,35.02977888888889,12
132.2413961111111,35.02982,12
132.24142111111112,35.02987888888889,12
132.2414588888889,35.02995388888889,15
132.2414711111111,35.03005388888889,15
132.2415211111111,35.03060388888889,14
132.24154611111112,35.03082,12
132.2415838888889,35.030903888888886,14
132.2416088888889,35.03095388888889,14
132.24167111111112,35.03100388888889,14
132.2417461111111,35.031036944444445,14
132.2420338888889,35.03115388888889,16
132.24208388888889,35.03118694444444,16
132.24212111111112,35.03122,19
132.2421338888889,35.03127,17
132.2421711111111,35.03158694444444,19
132.2421961111111,35.031686944444445,14
132.24222111111112,35.03177,14
132.2422588888889,35.03185388888889,17
132.24230888888889,35.03192888888889,9
132.2423711111111,35.03200388888889,9
132.24245888888888,35.03207,20
132.2426088888889,35.03216194444445,20
132.2430711111111,35.032403055555555,24
132.24315805555557,35.03247805555556,23
132.2432211111111,35.03255305555555,23
132.2433211111111,35.03271194444444,21
132.24345805555555,35.032895,23
132.24355805555555,35.033011944444446,24
132.2436461111111,35.03310305555556,24
132.2437211111111,35.03312805555556,23
132.24378305555555,35.03312805555556,31
132.2438461111111,35.03311194444444,31
132.24414611111112,35.03297,38
132.24420805555556,35.032936944444444,38
132.24428305555554,35.03292805555556,36
132.2444461111111,35.032945,35
132.2445711111111,35.032945,35
132.24463305555557,35.03292805555556,35
132.24470805555555,35.03290305555556,34
132.24480805555555,35.03283694444445,36
132.24488305555556,35.032795,36
132.24495805555554,35.03277,40
132.2451461111111,35.03272,39
132.24520805555557,35.032695,39
132.2454711111111,35.03252805555555,47
132.24555805555556,35.03248694444444,44
132.24563305555554,35.03247,44
132.2456961111111,35.03246194444444,42
132.2458961111111,35.032495,42
132.24595805555555,35.032495,42
132.24603305555556,35.03248694444444,43
132.24609611111111,35.032445,43
132.2462711111111,35.03230305555556,47
132.24633305555557,35.03227,47
132.24639611111112,35.03226194444444,45
132.2464711111111,35.03227888888889,46
132.2471211111111,35.032536944444445,46
132.24722111111112,35.03257,42
132.24742111111112,35.032595,43
132.24748305555556,35.032603055555555,45
132.24760805555556,35.03267,43
132.24767111111112,35.032695,44
132.24787111111112,35.03270305555556,46
132.2479461111111,35.03272805555556,49
132.24800805555554,35.03277,52
132.24812111111112,35.032945,53
132.24815805555556,35.03297,53
132.24840805555556,35.03306194444445,52
132.24848305555557,35.03313694444444,54
132.24854611111112,35.03320305555555,54
132.2486211111111,35.033253055555555,53
132.24870805555557,35.033278055555556,55
132.24893305555557,35.03331194444444,56
132.2489961111111,35.03333694444444,57
132.2490461111111,35.033386944444445,60
132.2490961111111,35.03352,60
132.24915805555557,35.03360305555555,61
132.24922,35.033678055555555,58
132.24932,35.03373694444444,61
132.24945805555555,35.033786944444444,62
132.24977,35.03388694444445,64
132.249845,35.03393694444444,62
132.24990805555555,35.034011944444444,63
132.24992,35.034078055555554,63
132.249895,35.03502,71
132.24992,35.035145,71
132.25000805555555,35.03537,71
132.25005805555554,35.03546111111111,70
132.25013305555555,35.03558611111111,74
132.25015805555554,35.035645,74
132.25015805555554,35.03573611111111,76
132.250095,35.03627,75
132.25015805555554,35.036345,76
132.250245,35.03640305555555,76
132.25026111111112,35.036365,76
132.25026111111112,35.036365,76
132.250245,35.03640305555555,76
132.250345,35.03642,77
132.25048305555555,35.03643611111111,77
132.25063305555557,35.036428055555554,77
132.25090805555556,35.03640305555555,69
132.25135805555556,35.03635305555556,71
132.25150805555555,35.03633611111111,70
132.252145,35.036228055555554,60
132.25223305555556,35.03620305555555,63
132.252295,35.03616111111111,63
132.25253305555555,35.03591111111111,64
132.25265694444445,35.035803055555554,64
132.252945,35.035595,64
132.253145,35.03543611111111,63
132.25342,35.03518611111111,61
132.25348305555556,35.035145,55
132.25370694444445,35.03507805555556,55
132.25392,35.03502,50
132.254195,35.03496111111111,53
132.25433194444443,35.03493611111111,52
132.25467,35.03490305555555,52
132.25493194444445,35.03490305555555,53
132.255095,35.034928055555554,54
132.25555694444444,35.03506111111111,54
132.25573194444445,35.03506111111111,54
132.25602,35.03508611111111,55
132.25652,35.035145,45
132.25658194444443,35.03516111111111,44
132.25667,35.03521111111111,47
132.25672,35.03528611111111,47
132.256745,35.035403055555555,46
132.256745,35.03551111111111,46
132.256695,35.03561111111111,47
132.25655694444444,35.03582,44
132.25653194444445,35.03587,41
132.25653194444445,35.035945,39
132.25655694444444,35.03601111111111,39
132.25663194444445,35.03608611111111,39
132.25730694444445,35.03668611111111,46
132.25733194444445,35.03672,46
132.25730694444445,35.03682805555555,46
132.257545,35.03700305555556,40
132.25803194444444,35.03736888888889,37
132.25821888888888,35.03747805555555,35
132.2584938888889,35.03758611111111,33
132.25880694444444,35.03766111111111,34
132.25910694444445,35.03767805555555,31
132.25930694444443,35.03765305555556,33
132.2595188888889,35.03762805555556,29
132.26070694444445,35.037395,20
132.26078194444443,35.03737805555556,20
132.2610938888889,35.037303055555554,23
132.26113194444446,35.03728611111111,22
132.26138194444445,35.03718611111111,23
132.26160694444445,35.03707,23
132.26181888888888,35.03696111111111,24
132.2620188888889,35.03681111111111,25
132.26230694444445,35.03658611111111,26
132.26258194444443,35.03638611111111,20
132.26293194444443,35.036145,12
132.26316888888888,35.036028055555555,7
132.2634438888889,35.03592805555556,5
132.26351888888888,35.03590305555556,5
132.2640188888889,35.035778055555554,6
132.26455611111112,35.035695,5
132.2648188888889,35.03567805555556,7
132.2650311111111,35.03568611111111,8
132.26635611111112,35.035845,8
132.2681311111111,35.03612,9
132.2684688888889,35.036145,9
132.2686061111111,35.03613611111111,9
132.2687061111111,35.03613611111111,8
132.26941888888888,35.03606111111111,7
132.2697061111111,35.03606111111111,5
132.26994305555556,35.03608611111111,5
132.27044305555555,35.03617805555555,6
132.2704811111111,35.036186111111114,5
132.2715061111111,35.03637,5
132.2718811111111,35.03642,6
132.27231805555556,35.036478055555555,8
132.2725561111111,35.03648611111111,10
132.27459305555556,35.036445,14
132.2747061111111,35.036453055555555,13
132.27481805555556,35.03672,12
132.27489305555557,35.036678055555555,12
132.27508111111112,35.03666111111111,13
132.27526805555556,35.03667,12
132.27534305555557,35.03668611111111,13
132.27541805555555,35.036703055555556,13
132.275555,35.03677805555556,12
132.27561805555555,35.03681111111111,11
132.27568,35.03682,11
132.27589805555556,35.036833055555554,11
132.27589805555556,35.036833055555554,11
132.27664305555555,35.036878055555555,10
132.27714305555557,35.036878055555555,9
132.27714305555557,35.03701111111111,10
132.277255,35.03702,10
132.277905,35.037036111111114,8
132.27844305555556,35.03705305555555,6
132.27874194444445,35.03708611111111,5
132.27881805555555,35.037095,5
132.27924194444444,35.037078055555554,6
132.27956805555556,35.03707,9
132.27963,35.03707,9
132.27969305555555,35.037095,9
132.27974194444445,35.037128055555556,9
132.27976694444445,35.03717805555556,9
132.27988,35.03743611111111,8
132.28013,35.03802805555556,10
132.28026694444443,35.038353055555554,14
132.28029305555555,35.03841111111111,14
132.28031694444445,35.038536111111114,16
132.28033,35.038645,16
132.28034194444444,35.03877,17
132.280355,35.03926888888889,17
132.280355,35.03931111111111,17
132.28036694444444,35.03941888888889,17
132.28039194444443,35.039543888888886,17
132.28043,35.03969388888889,17
132.28049194444444,35.039853055555554,18
132.28059194444444,35.039878055555555,19
132.28063194444445,35.03991388888889,19
132.28063194444445,35.03991388888889,19
132.28149194444444,35.040686111111114,16
132.28168,35.04085305555556,16
132.2829538888889,35.04199388888889,17
132.2830788888889,35.04210194444445,17
132.28326694444445,35.042253055555555,18
132.2834288888889,35.04239388888889,18
132.28391694444446,35.04271888888889,24
132.28441694444444,35.04306888888889,21
132.28472888888888,35.04328611111111,20
132.28482888888888,35.04336888888889,20
132.2850038888889,35.043526944444444,20
132.28507888888888,35.04360194444445,20
132.28517888888888,35.04369388888889,20
132.28537888888889,35.043776944444446,21
132.2856538888889,35.04387805555555,20
132.2857788888889,35.04391888888889,20
132.28585388888888,35.04394388888889,20
132.2860538888889,35.043978055555556,19
132.2861538888889,35.04396888888889,18
132.28626694444444,35.04394388888889,18
132.2864538888889,35.04389388888889,17
132.28685388888888,35.04376888888889,15
132.28706694444443,35.04371111111111,14
132.28720388888888,35.04366888888889,13
132.2872788888889,35.04366111111111,13
132.28766694444445,35.04364388888889,12
132.2878038888889,35.04363611111111,11
132.28790388888888,35.04365194444444,11
132.2879538888889,35.04367805555555,12
132.28800388888888,35.04371888888889,11
132.28827305555555,35.04388194444444,11
132.28827305555555,35.04388194444444,11
132.28856611111112,35.04406111111111,11
132.28867888888888,35.04413611111111,12
132.28881611111112,35.04426111111111,12
132.28892888888888,35.044336111111114,12
132.2890911111111,35.04441888888889,11
132.28916611111111,35.04445194444445,11
132.28924111111112,35.044443888888885,10
132.28961611111112,35.04478611111111,12
132.2896661111111,35.04481111111111,12
132.2897411111111,35.044826944444445,11
132.29027888888888,35.04486111111111,11
132.2904161111111,35.04486111111111,11
132.2905661111111,35.04484388888889,11
132.29074111111112,35.044826944444445,11
132.29174111111112,35.04461888888889,13
132.29195388888888,35.04458611111111,13
132.2921288888889,35.04456111111111,13
132.2922911111111,35.04454388888889,12
132.2924538888889,35.044536111111114,12
132.2929161111111,35.044536111111114,11
132.29334111111112,35.04461111111111,12
132.2934911111111,35.044668888888886,12
132.2936161111111,35.04475305555555,11
132.2939288888889,35.04504388888889,7
132.29460305555557,35.045726944444446,7
132.2946661111111,35.04575194444445,7
132.2948911111111,35.04576111111111,7
132.29502805555555,35.04578611111111,6
132.2954411111111,35.045926944444446,8
132.29546611111112,35.04593611111111,9
132.2959911111111,35.04606888888889,12
132.29627805555555,35.046168888888886,12
132.29715305555555,35.04654388888889,15
132.29731611111112,35.046593888888886,17
132.29785305555555,35.046726944444444,17
132.29817805555555,35.046818888888886,17
132.2983661111111,35.04685194444444,18
132.29850305555556,35.04685194444444,19
132.29947805555557,35.04664388888889,15
132.29957805555554,35.04664388888889,15
132.2997161111111,35.046686111111114,16
132.2997711111111,35.04672305555555,16
132.2997711111111,35.04672305555555,16
132.29982805555557,35.04676111111111,16
132.29989111111112,35.04685194444444,15
132.29991611111112,35.04696111111111,16
132.29992805555557,35.04816888888889,9
132.2999411111111,35.04826888888889,9
132.2999911111111,35.04835194444444,9
132.30007805555556,35.04843611111111,9
132.30027805555557,35.04855194444445,8
132.3004161111111,35.048651944444444,8
132.30062805555556,35.04877694444444,9
132.30082805555554,35.048876944444444,10
132.30160305555555,35.049151944444446,18
132.30187805555556,35.04926888888889,18
132.302215,35.04946888888889,26
132.30349,35.05031,27
132.30372805555555,35.050485,26
132.30387694444445,35.050601944444445,26
132.303915,35.050651944444446,27
132.30429,35.05111,19
132.30447805555556,35.05126888888889,17
132.304765,35.05149388888889,17
132.30495305555556,35.051651944444444,17
132.30505194444444,35.05172694444445,17
132.30599,35.052435,16
132.30627694444445,35.05266805555556,15
132.30639,35.052726944444444,15
132.306815,35.05285194444444,15
132.30710194444444,35.05294305555555,15
132.30719,35.05296,16
132.30730194444445,35.05302694444445,16
132.307515,35.053176944444445,18
132.307615,35.053268055555556,17
132.30782694444446,35.053635,17
132.30792694444443,35.053776944444444,17
132.30802694444444,35.053885,17
132.30807194444444,35.053935,16
132.30807194444444,35.053935,16
132.309365,35.05537611111111,7
132.30955194444445,35.055618055555556,7
132.30964,35.05571805555556,7
132.30989,35.05591,4
132.31057694444445,35.05635111111111,4
132.3108138888889,35.05647611111111,4
132.31091388888888,35.05650111111111,4
132.31135194444445,35.056535,5
132.3116138888889,35.05654305555556,6
132.3117638888889,35.05655111111111,5
132.31195194444444,35.056585,6
132.31205194444445,35.05679305555555,6
132.31195194444444,35.05685111111111,3
132.31191388888888,35.056893055555555,4
132.31190194444446,35.05692611111111,4
132.31190194444446,35.05696,4
132.31190194444446,35.05700111111111,5
132.31192694444445,35.05707611111111,5
132.31195194444444,35.057135,4
132.31216388888888,35.05742611111111,5
132.31222694444443,35.05751,5
132.31227694444445,35.05757611111111,4
132.3123388888889,35.057676111111114,4
132.31237694444445,35.057743055555555,4
132.31246388888889,35.05797611111111,3
132.3125138888889,35.05813388888889,2
132.3125388888889,35.05820111111111,2
132.3125638888889,35.05829305555555,3
132.31258888888888,35.058343055555554,3
132.31261388888888,35.05840111111111,3
132.3126388888889,35.05846805555556,3
132.3126638888889,35.05854305555555,3
132.31272694444445,35.05870888888889,3
132.31277694444444,35.05883388888889,3
132.31283888888888,35.05894305555555,3
132.31287694444444,35.05902611111111,3
132.3129138888889,35.059083888888885,3
132.31290194444443,35.05918388888889,3
132.31272694444445,35.05918388888889,2
132.31257694444446,35.05920111111111,2
132.31247694444446,35.05922611111111,1
132.3124388888889,35.05939305555555,2
132.31240194444445,35.05959305555555,2
132.31235194444446,35.05980111111111,3
132.31232694444444,35.05990888888889,3
132.31226388888888,35.06020111111111,5
132.31226388888888,35.06027611111111,7
132.31225194444445,35.06035111111111,8
132.31226388888888,35.060566944444446,9
132.31232694444444,35.06085111111111,9
132.31236388888888,35.06097611111111,17
132.31245194444443,35.06108388888889,9
132.31257694444446,35.061191944444445,9
132.31283888888888,35.06137611111111,7
132.31293888888888,35.061418055555556,7
132.31325194444443,35.06149194444444,7
132.3133638888889,35.06151805555555,7
132.31367694444444,35.06158388888889,8
132.31425194444444,35.06175888888889,6
132.31437694444443,35.06182611111111,7
132.31451388888888,35.06190111111111,8
132.31465194444445,35.06203388888889,8
132.31472694444443,35.06214305555556,8
132.3147888888889,35.062243055555555,8
132.31500194444445,35.06279305555555,8
132.31512694444444,35.06303388888889,8
132.3151638888889,35.06310111111111,8
132.31522694444445,35.06320888888889,8
132.3152888888889,35.063293055555555,8
132.31560194444444,35.06362611111111,8
132.31576388888888,35.06377611111111,8
132.31586388888888,35.06384194444444,8
132.3160388888889,35.06392611111111,8
132.31646388888888,35.064191944444445,9
132.31657611111112,35.06425888888889,7
132.3169888888889,35.06457611111111,8
132.31747611111112,35.06489194444445,8
132.3178288888889,35.065328055555554,8
132.3178288888889,35.065328055555554,8
132.3179888888889,35.06552611111111,8
132.3180011111111,35.065666944444445,8
132.31805111111112,35.06599194444444,6
132.31805111111112,35.06607611111111,7
132.31803888888888,35.06623388888889,9
132.31768888888888,35.066625,16
132.31758888888888,35.06688388888889,18
132.3175388888889,35.06704194444445,12
132.31757611111112,35.067225,13
132.3177638888889,35.06754194444444,14
132.31780111111112,35.06770888888889,12
132.3178388888889,35.067841944444446,11
132.3181138888889,35.0682,4
132.31815111111112,35.06910805555555,13
132.3182011111111,35.069291944444444,14
132.3184261111111,35.06950805555555,15
132.3190011111111,35.069966944444445,17
132.3191011111111,35.07010805555556,18
132.3192511111111,35.070725,15
132.3192138888889,35.07115,14
132.3191138888889,35.071466111111114,15
132.31916388888888,35.071691111111114,11
132.3193511111111,35.07191611111111,12
132.31940111111112,35.07203305555556,13
132.3193638888889,35.07234111111111,15
132.31938888888888,35.072425,15
132.31971388888888,35.072608055555555,17
132.31993888888888,35.07266611111111,13
132.3201261111111,35.072625,10
132.32028888888888,35.072541111111114,6
132.32040111111112,35.072541111111114,6
132.32040111111112,35.072541111111114,6
132.3208011111111,35.072833055555556,7
132.3211388888889,35.072966111111114,8
132.32153888888888,35.073058055555556,6
132.3217261111111,35.073058055555556,6
132.32190111111112,35.073025,7
132.32222611111112,35.072875,8
132.3224011111111,35.07284111111111,8
132.3226388888889,35.07281611111111,7
132.32290111111112,35.07275,8
132.32301305555555,35.07279111111111,7
132.32328805555557,35.073008055555555,11
132.32353805555556,35.07309111111111,16
132.32368805555555,35.073233055555555,24
132.32382611111112,35.07321611111111,23
132.32386305555556,35.07318305555555,23
132.32396305555557,35.07308305555556,23
132.32405111111112,35.07299111111111,27
132.32416305555554,35.072966111111114,28
132.32478805555556,35.0731,27
132.32492611111113,35.07315,28
132.32498805555556,35.073233055555555,27
132.32511305555556,35.0736,29
132.3253261111111,35.07411611111111,18
132.32538805555555,35.07414888888889,18
132.3254761111111,35.07416611111111,18
132.32573805555555,35.07414888888889,19
132.32610111111111,35.0741,18
132.32631305555554,35.074058055555554,16
132.32652611111112,35.07394111111111,16
132.32697611111112,35.073483055555556,9
132.32711305555554,35.073433055555554,7
132.32721305555555,35.073425,7
132.32769805555554,35.07349694444444,7
132.32769805555554,35.07349694444444,7
132.32833805555555,35.073591111111114,7
132.32843805555555,35.07360805555555,7
132.33078805555556,35.07386611111111,8
132.33085,35.073858055555554,8
132.331225,35.073591111111114,5
132.33215,35.07295805555555,6
132.33243694444445,35.072741111111114,6
132.33321305555555,35.072158055555555,5
132.33385,35.07168305555555,7
132.33433805555555,35.07131694444445,9
132.334475,35.071225,9
132.33468805555555,35.071083055555555,9
132.33485,35.070991944444444,8
132.334925,35.07095805555556,8
132.33511194444444,35.070883055555555,8
132.335925,35.0706,8
132.33615,35.07051694444444,8
132.3363,35.07045,9
132.336425,35.070375,9
132.33651194444445,35.0703,9
132.33666194444444,35.070175,9
132.33676194444445,35.07003388888889,9
132.33758694444444,35.068491944444446,9
132.3377988888889,35.06815888888889,9
132.3379238888889,35.06805,9
132.3381488888889,35.06794194444444,9
132.3385738888889,35.06773388888889,9
132.33998694444443,35.06731694444444,11
132.3400738888889,35.067366944444444,13
132.3403988888889,35.067725,14
132.3406238888889,35.06811694444445,14
132.3409738888889,35.0688,11
132.3413238888889,35.06940888888889,11
132.34153694444444,35.069675,11
132.34171194444446,35.06984194444444,10
132.34204888888888,35.07011694444444,11
132.34229888888888,35.07029194444444,12
132.3425861111111,35.070425,12
132.34286111111112,35.070525,12
132.3434988888889,35.07066694444445,14
132.3450611111111,35.070991944444444,16
132.34534888888888,35.0711,17
132.34547388888888,35.07119194444444,18
132.3456111111111,35.071308055555555,19
132.34569888888888,35.07145805555555,19
132.34581111111112,35.071733055555555,23
132.3468738888889,35.075316111111114,33
132.34692388888888,35.075608055555556,35
132.3469111111111,35.07680805555555,46
132.3468988888889,35.07809888888889,48
132.34693611111112,35.07907388888889,51
132.3469611111111,35.07954888888889,57
132.34703611111112,35.07994111111111,59
132.3473361111111,35.08179,65
132.34738611111112,35.08202388888889,67
132.34749805555555,35.08222388888889,61
132.34814805555555,35.08303194444444,48
132.3482361111111,35.08324,45
132.3482611111111,35.083506944444444,45
132.34824805555556,35.08374805555555,44
132.34742305555557,35.086123055555554,29
132.3473361111111,35.08649805555556,24
132.34727305555555,35.08670611111111,27
132.34724805555555,35.086998055555554,25
132.34724805555555,35.08734,21
132.3473111111111,35.087615,20
132.34744805555556,35.087848055555554,15
132.3476611111111,35.08810611111111,13
132.3479111111111,35.08833111111111,14
132.34841111111112,35.08863111111111,19
132.3496111111111,35.08931388888889,48
132.35082305555557,35.089996944444444,8
132.35113611111112,35.09013888888889,12
132.351635,35.09026388888889,13
132.35341,35.09055611111111,9
132.35429694444446,35.09068111111111,9
132.35587194444443,35.09083888888889,10
132.35639694444444,35.09100611111111,14
132.3580838888889,35.09167194444444,19
132.3587588888889,35.09183888888889,25
132.3593588888889,35.09193111111111,34
132.36165888888888,35.091971944444445,42
132.3635588888889,35.09198888888889,49
132.3638838888889,35.09203111111111,49
132.3640838888889,35.09211388888889,52
132.3643338888889,35.092238888888886,55
132.36462111111112,35.09241388888889,56
132.3656588888889,35.093021944444445,65
132.36620888888888,35.09332194444445,68
132.3665088888889,35.093471944444445,67
132.36744611111112,35.09385611111111,72
132.37157,35.095555,79
132.37197,35.095705,67
132.37247,35.09592194444444,64
132.37260805555556,35.09598,66
132.37273305555556,35.096105,66
132.37288305555555,35.096305,61
132.37307,35.09659694444444,52
132.37333305555555,35.09703,46
132.37357,35.09748805555556,48
132.37368305555555,35.097788055555554,43
132.37377,35.098063055555556,45
132.37375805555556,35.09833,45
132.37363305555556,35.098755,44
132.37340805555556,35.099221944444444,43
132.373345,35.099488055555554,47
132.37332,35.09982111111111,45
132.37335805555554,35.100163055555555,46
132.37343305555555,35.10033,45
132.37440694444444,35.10265388888889,45
132.37465805555556,35.10308805555555,36
132.37480805555555,35.10330388888889,31
132.37535805555555,35.10412888888889,28
132.375445,35.10433805555556,28
132.375645,35.104886944444445,28
132.37612,35.106136944444444,28
132.376195,35.106386944444445,24
132.37623194444444,35.10655388888889,19
132.37625694444444,35.10667888888889,17
132.37628194444446,35.106838055555556,16
132.376295,35.106946111111114,16
132.376295,35.107011944444444,16
132.376295,35.10740388888889,16
132.376295,35.10758694444444,15
132.37630694444445,35.107728888888886,15
132.37633194444444,35.10784611111111,15
132.376445,35.10836194444445,13
132.376645,35.10887888888889,15
132.37672,35.10905388888889,17
132.376895,35.10926194444444,18
132.37766888888888,35.10984611111111,27
132.37891888888888,35.11077888888889,28
132.37903194444445,35.110886944444445,28
132.3792688888889,35.111111944444445,32
132.37945694444446,35.111311944444445,33
132.37955694444443,35.111495,39
132.3796688888889,35.11181194444445,46
132.37981888888888,35.112845,57
132.37991888888888,35.113478055555554,58
132.3801188888889,35.11461194444444,59
132.38025694444445,35.115495,59
132.38046888888888,35.117095,50
132.3806688888889,35.11841111111111,41
132.3807688888889,35.11920305555556,39
132.38080694444446,35.11953611111111,23
132.38094388888888,35.11996888888889,24
132.38105694444445,35.120243888888886,22
132.38115694444446,35.12036888888889,22
132.3812438888889,35.12046111111111,27
132.3814188888889,35.12061111111111,34
132.38175611111112,35.12091888888889,34
132.38208111111112,35.12121111111111,34
132.38288111111112,35.12197694444444,33
132.3833561111111,35.12241888888889,33
132.3841438888889,35.12319388888889,37
132.3844311111111,35.12347694444444,39
132.3848438888889,35.12381888888889,36
132.3845938888889,35.12414388888889,31
132.38458111111112,35.124228055555555,28
132.3846061111111,35.12428611111111,28
132.38469388888888,35.12433611111111,23
132.38491888888888,35.12439388888889,25
132.38501888888888,35.12446888888889,27
132.3850561111111,35.12455305555556,27
132.38501888888888,35.12469388888889,27
132.38480611111112,35.12491888888889,23
132.38458111111112,35.12569388888889,18
132.38456888888888,35.12587694444444,17
132.38456888888888,35.125993888888885,15
132.3846061111111,35.12610194444444,13
132.3846438888889,35.12622694444445,9
132.38490611111112,35.12639388888889,10
132.3855188888889,35.12689388888889,6
132.38559388888888,35.12708611111111,6
132.3857438888889,35.127386111111115,5
132.3858811111111,35.127518888888886,5
132.38774305555555,35.12890194444444,7
132.38819305555555,35.12916888888889,8
132.38856805555557,35.129401944444446,8
132.38884305555555,35.12967888888889,8
132.38884305555555,35.12967888888889,8
132.3891561111111,35.12999388888889,7
132.38990611111112,35.130485,5
132.39013111111112,35.13064388888889,4
132.3911061111111,35.13167694444444,7
132.39153,35.132126944444444,8
132.39156805555555,35.132385,9
132.39209305555556,35.13247694444444,14
132.392205,35.13252694444444,16
132.39226805555555,35.13259305555555,18
132.39229305555557,35.132635,18
132.392305,35.13276805555556,18
132.39229305555557,35.13316805555556,20
132.392305,35.133251944444446,21
132.39238,35.13330194444445,21
132.392955,35.13330194444445,27
132.39311805555556,35.13336,29
132.393155,35.13346,28
132.39306805555555,35.13376805555556,25
132.39313,35.13406,23
132.393205,35.13421,24
132.39331805555557,35.13426,28
132.393505,35.13424305555556,34
132.39358,35.13417694444444,31
132.39366805555557,35.13384305555556,38
132.39376805555557,35.13380194444444,38
132.39424194444445,35.13381805555556,42
132.39524194444445,35.133485,39
132.39571694444444,35.13310194444445,32
132.39601694444445,35.13316805555556,31
132.396555,35.13341805555556,32
132.398205,35.134501944444445,26
132.39964194444445,35.13576,18
132.40026694444444,35.13636,14
132.4005788888889,35.13675111111111,12
132.40079194444445,35.13726,12
132.40087888888888,35.13765111111111,12
132.40089194444445,35.137685,11
132.4008288888889,35.139093055555556,9
132.40055388888888,35.13914305555556,9
132.4002788888889,35.139226111111114,9
132.4001288888889,35.13930111111111,9
132.3998038888889,35.140841944444446,9
132.39977888888887,35.14208388888889,9
132.40016694444444,35.143393055555556,7
132.40055388888888,35.14438388888889,8
132.40079194444445,35.14465111111111,7
132.4012888888889,35.14574694444445,7
132.4012888888889,35.14574694444445,7
132.40189194444446,35.147075,6
132.40206694444444,35.14756694444444,6
132.40212888888888,35.14881694444444,5
132.4027538888889,35.148875,6
132.40280388888888,35.14885805555556,6
132.4029788888889,35.14881694444444,6
132.40372888888888,35.14864194444444,8
132.40494194444443,35.14834194444445,9
132.4067411111111,35.14790888888889,7
132.40916611111112,35.147325,6
132.4095788888889,35.147175,7
132.4097788888889,35.147075,7
132.4099788888889,35.14691694444444,8
132.4101411111111,35.1468,8
132.4104411111111,35.146575,8
132.4106788888889,35.14640888888889,9
132.41085388888888,35.14628388888889,9
132.41162888888888,35.14582611111111,9
132.4120288888889,35.14561694444444,9
132.41487805555556,35.14434194444444,9
132.4166661111111,35.14349305555555,9
132.41695305555555,35.14330888888889,9
132.41717805555555,35.143118055555554,9
132.4173411111111,35.14292611111111,9
132.4174661111111,35.14270888888889,9
132.4175161111111,35.14255111111111,9
132.41754111111112,35.142493055555555,9
132.4175911111111,35.14232611111111,9
132.41765305555555,35.142091944444445,10
132.41775305555555,35.141733888888886,13
132.4178411111111,35.14152611111111,12
132.41795305555556,35.14135111111111,12
132.41809111111112,35.14123388888889,14
132.41970305555554,35.13977611111111,15
132.42017805555557,35.13930111111111,15
132.4206411111111,35.13885111111111,14
132.42084111111112,35.13861,15
132.4209911111111,35.13835111111111,15
132.42102805555555,35.138151111111114,15
132.4210161111111,35.13741,17
132.4209661111111,35.136718055555555,18
132.42090305555556,35.13650194444445,19
132.42075305555556,35.13626,18
132.42030305555556,35.13559305555555,18
132.42020305555556,35.13531,19
132.42020305555556,35.134735,19
132.42022805555555,35.13457694444445,19
132.42024111111112,35.134501944444445,19
132.42032805555556,35.13426805555556,18
132.4204161111111,35.13411888888889,19
132.4211161111111,35.132935,18
132.4213411111111,35.132535,18
132.4216661111111,35.13205194444444,19
132.42186611111111,35.13174388888889,19
132.42231611111112,35.131343888888885,22
132.42294,35.13097694444444,23
132.42292805555556,35.13069388888889,22
132.42294,35.130626944444444,22
132.42299,35.13009388888889,24
132.42307805555555,35.129801944444445,25
132.42320305555555,35.12956111111111,26
132.42335305555557,35.12934388888889,27
132.42347805555556,35.12918611111111,27
132.42382805555556,35.12876888888889,26
132.42522805555555,35.12719388888889,26
132.42655194444444,35.12604388888889,35
132.42675194444445,35.12594388888889,35
132.42737805555555,35.12578611111111,37
132.42782805555555,35.12566888888889,38
132.428065,35.12556111111111,37
132.42840305555555,35.12531111111111,36
132.42855194444445,35.12526111111111,37
132.42875305555555,35.12517805555556,36
132.42882805555556,35.12513611111111,40
132.42892694444444,35.12504388888889,46
132.42922694444445,35.12453611111111,44
132.42937805555556,35.12435305555555,44
132.429515,35.12424388888889,43
132.42969,35.124195,43
132.42985305555555,35.12413611111111,44
132.430165,35.12406111111111,44
132.430565,35.12398611111111,43
132.431115,35.12397,47
132.431565,35.12387805555556,46
132.43190194444443,35.12383611111111,47
132.432115,35.12382,51
132.43230194444445,35.12383611111111,54
132.43247694444443,35.12387,53
132.43264,35.123961111111115,54
132.43322694444444,35.12451111111111,63
132.43329,35.12455305555556,63
132.43339,35.12456111111111,63
132.43347694444444,35.12455305555556,66
132.433565,35.12447805555556,69
132.43355194444445,35.12437,66
132.43344,35.12387,65
132.433415,35.12371111111111,64
132.43345194444444,35.12365305555556,63
132.43372694444443,35.12356111111111,66
132.4341638888889,35.12348611111111,65
132.43425194444444,35.12348611111111,65
132.4343888888889,35.123495,64
132.4345138888889,35.12357,65
132.43466388888888,35.12370305555555,65
132.43505194444444,35.12437,71
132.43510388888888,35.124428055555555,72
132.43510388888888,35.124428055555555,72
132.4352888888889,35.12463611111111,75
132.4356138888889,35.12501888888889,76
132.43582694444444,35.12539388888889,80
132.43605194444444,35.12564388888889,85
132.43620194444443,35.125753055555556,89
132.43637694444445,35.125793888888886,95
132.4365138888889,35.125753055555556,93
132.43660194444445,35.12565305555555,94
132.43660194444445,35.125528055555556,96
132.43635194444445,35.125011111111114,95
132.43636388888888,35.124811111111114,95
132.43660194444445,35.12457805555555,97
132.4366638888889,35.124495,102
132.43665194444444,35.12442,105
132.43637694444445,35.12426111111111,103
132.43623888888888,35.12413611111111,104
132.43602694444445,35.12387,106
132.43588888888888,35.12361111111111,106
132.43588888888888,35.123445,106
132.43595194444444,35.12333611111111,106
132.4360638888889,35.12327,105
132.43613888888888,35.12323611111111,106
132.43637694444445,35.12322,103
132.4365388888889,35.12322,103
132.43691388888888,35.12330305555555,104
132.43713888888888,35.123445,110
132.43732694444444,35.12348611111111,114
132.43750194444445,35.12347805555556,116
132.4376638888889,35.12338611111111,114
132.43772694444445,35.12330305555555,115
132.4377388888889,35.123153055555555,114
132.4377888888889,35.12307,114
132.43783888888888,35.12301111111111,114
132.43793888888888,35.12297,113
132.43806388888888,35.12292,114
132.4385388888889,35.12285305555555,114
132.4386388888889,35.12287,113
132.43871388888888,35.122886111111114,112
132.43890194444444,35.12307,116
132.4390138888889,35.123086111111114,115
132.43915194444443,35.12303611111111,116
132.43942694444445,35.12282,125
132.4394888888889,35.12272,125
132.43955194444445,35.12245305555555,124
132.43960194444443,35.12237,125
132.4396638888889,35.12235305555556,125
132.44031388888888,35.12217805555556,128
132.44041388888888,35.12216194444444,132
132.44063888888888,35.12216194444444,136
132.4411388888889,35.12222805555555,141
132.4418388888889,35.122303055555555,141
132.4429511111111,35.122303055555555,139
132.44358888888888,35.122253055555554,138
132.44407611111112,35.12212,137
132.4442388888889,35.12212,135
132.44506388888888,35.12215305555556,127
132.44520111111112,35.12213694444444,126
132.44553888888888,35.122011944444445,122
132.4459388888889,35.12192,119
132.4468388888889,35.121811944444445,116
132.4470638888889,35.12175388888889,113
132.44773805555556,35.12151194444444,109
132.44793805555557,35.12180388888889,109
132.44800305555555,35.12177694444444,110
132.44800305555555,35.12177694444444,110
132.4485011111111,35.12157888888889,115
132.4493511111111,35.12211194444444,113
132.4507761111111,35.122928055555555,111
132.4507761111111,35.123086944444445,108
132.45166305555554,35.12345305555556,106
132.451725,35.12347805555556,107
132.45245,35.12365305555556,100
132.45316305555556,35.12383694444444,98
132.4531,35.124228055555555,97
132.45313805555554,35.12463694444445,98
132.45325,35.12502805555555,98
132.4534,35.125303055555555,98
132.45358694444445,35.12573611111111,95
132.45366305555555,35.12582805555556,97
132.45371194444445,35.12591111111111,96
132.45383694444445,35.126086111111114,95
132.45398694444444,35.12622805555556,97
132.45423694444443,35.12647805555556,96
132.4545,35.126845,93
132.45481305555555,35.12707805555556,92
132.45501194444444,35.12717,91
132.455225,35.12726111111111,91
132.455875,35.12747,96
132.45653694444445,35.12773611111111,92
132.45838694444444,35.128495,86
132.4586488888889,35.12862,87
132.45873694444444,35.12868611111111,88
132.45936194444445,35.12913611111111,79
132.45963694444444,35.12939388888889,78
132.45998694444444,35.129711111111114,77
132.4601861111111,35.12987805555556,76
132.4603488888889,35.13001888888889,77
132.46061111111112,35.13026888888889,88
132.46072388888888,35.13037805555555,95
132.4616861111111,35.13109388888889,90
132.4617738888889,35.131143888888886,90
132.46194888888888,35.13129388888889,75
132.46208611111112,35.13139388888889,71
132.46276111111112,35.13187805555555,69
132.46299888888888,35.13204388888889,67
132.4631488888889,35.13216111111111,68
132.46419805555556,35.13254388888889,67
132.46457305555555,35.13266111111111,67
132.4647361111111,35.13274388888889,67
132.46484805555556,35.132868888888886,68
132.46491111111112,35.13301111111111,68
132.4652861111111,35.13377694444444,65
132.46529805555556,35.133876944444445,66
132.46532305555556,35.134011111111114,67
132.46529805555556,35.13416888888889,67
132.46512305555555,35.13471888888889,63
132.46499805555555,35.13500194444445,63
132.46494805555557,35.13520194444445,63
132.46492305555554,35.13546888888889,62
132.46494805555557,35.13567694444444,63
132.46501111111112,35.13579388888889,62
132.4652111111111,35.13596,63
132.4654111111111,35.13610194444444,64
132.46562305555557,35.136293888888886,66
132.46577305555556,35.136451944444445,67
132.4659111111111,35.13661888888889,66
132.46646,35.137535,53
132.46657305555556,35.137685,54
132.46682305555555,35.137935,54
132.46744805555556,35.13850194444444,56
132.46896,35.13986805555555,57
132.46914694444445,35.140085,57
132.46922305555555,35.14019305555556,56
132.46946,35.14069305555556,53
132.46951,35.14084305555556,54
132.46956,35.14100888888889,53
132.46959694444445,35.14114305555555,53
132.46966,35.14127611111111,54
132.47016,35.14239305555556,45
132.47047194444445,35.143301111111114,44
132.4706338888889,35.14393388888889,45
132.47068388888889,35.144241944444445,42
132.47074694444444,35.14528388888889,43
132.47090888888889,35.14641694444445,43
132.47097194444444,35.14655111111111,44
132.47115888888888,35.14688388888889,44
132.47132194444444,35.147083888888886,45
132.47157194444443,35.147275,36
132.47182194444446,35.1474,35
132.47249694444446,35.1476,37
132.4729338888889,35.14776694444444,37
132.47349694444443,35.148025,38
132.47367111111112,35.148175,35
132.47399611111112,35.148541944444446,35
132.4744961111111,35.14930805555556,31
132.4746338888889,35.14958305555555,32
132.4748711111111,35.150308055555556,26
132.4749588888889,35.15049111111111,25
132.47499611111112,35.150533055555556,25
132.4752961111111,35.15084111111111,24
132.47555888888888,35.15111611111111,26
132.47579611111112,35.15134111111111,26
132.4761211111111,35.15136611111111,32
132.47669611111112,35.15143305555556,36
132.4768588888889,35.15143305555556,36
132.47705888888888,35.15141611111111,35
132.47932111111112,35.15046611111111,36
132.4796211111111,35.15034111111111,36
132.47999611111112,35.15029111111111,37
132.48073305555556,35.150308055555556,34
132.48160805555557,35.15026611111111,31
132.4825711111111,35.15011611111111,36
132.48293305555555,35.150016111111114,37
132.48325805555555,35.149875,45
132.48352111111112,35.14970805555556,45
132.48374611111112,35.14950805555556,45
132.48378305555556,35.14945,46
132.48388305555557,35.149208055555555,44
132.4838961111111,35.14896611111111,48
132.48385805555554,35.14794194444445,41
132.48397111111112,35.147075,45
132.4839961111111,35.14685,47
132.48407111111112,35.14633388888889,47
132.48388305555557,35.14615888888889,48
132.48370805555555,35.14603388888889,48
132.48343305555557,35.14584194444444,47
132.48338305555555,35.145783888888886,47
132.4833711111111,35.145725,48
132.4833711111111,35.14563388888889,48
132.48339611111112,35.145525,48
132.4836961111111,35.144058888888885,57
132.4837961111111,35.14345111111111,59
132.48383305555555,35.14335888888889,58
132.48394611111112,35.14325888888889,60
132.4840461111111,35.14318388888889,65
132.48458305555556,35.14286805555555,64
132.48474611111112,35.14275888888889,64
132.48490805555556,35.14260111111111,66
132.4850461111111,35.142426111111114,65
132.48519611111112,35.14210888888889,65
132.48535805555557,35.14179305555555,69
132.48543305555555,35.141708888888886,71
132.48555805555554,35.141668055555556,74
132.48573305555556,35.14167611111111,74
132.48610805555555,35.14175111111111,80
132.48635805555554,35.14176805555555,85
132.48657111111112,35.14177611111111,84
132.48678305555555,35.14172611111111,84
132.48718305555556,35.14147611111111,93
132.48733305555555,35.14142611111111,93
132.487495,35.14140888888889,95
132.48758305555555,35.14143388888889,96
132.48780805555555,35.14158388888889,96
132.487995,35.141801111111114,99
132.48847,35.142583888888886,105
132.48857,35.14267611111111,106
132.48865805555556,35.14275111111111,106
132.48877,35.14280111111111,108
132.48890805555556,35.14281694444445,107
132.48910805555556,35.14283388888889,107
132.48960805555555,35.14284194444444,107
132.48992,35.14288388888889,104
132.49008194444446,35.142916944444444,106
132.49032,35.14299194444445,103
132.49067,35.143141944444444,95
132.490895,35.14326694444444,94
132.491095,35.14342611111111,94
132.49117,35.14351694444444,93
132.491195,35.143633888888886,94
132.491195,35.14374194444444,95
132.49117,35.143926111111114,96
132.491195,35.14400111111111,96
132.491245,35.14410111111111,93
132.49133194444445,35.144216944444445,89
132.491445,35.144325,88
132.49168194444445,35.144508888888886,86
132.49183194444444,35.144875,86
132.49193194444445,35.14504194444444,87
132.491995,35.14510888888889,87
132.49205694444444,35.14516694444445,87
132.49225694444445,35.145341944444446,85
132.49240694444444,35.14555,85
132.49262,35.145983888888885,82
132.49267,35.14615805555555,82
132.49272,35.146633055555554,77
132.49275694444444,35.14670805555556,76
132.49280694444445,35.14675805555556,75
132.49288194444443,35.146816944444446,77
132.49381888888888,35.14723305555555,75
132.49405694444445,35.14736694444444,73
132.49455694444444,35.147733055555555,68
132.4946688888889,35.1478,68
132.49483194444446,35.14784111111111,68
132.4950188888889,35.14785805555555,68
132.4953438888889,35.14780805555556,68
132.49564694444445,35.14773888888889,67
132.49564694444445,35.14773888888889,67
132.4958188888889,35.1477,66
132.4960188888889,35.14765805555555,68
132.49690694444445,35.147575,76
132.49725694444444,35.14755805555556,87
132.49745694444445,35.147575,88
132.49789388888888,35.14765805555555,84
132.49904388888888,35.14824111111111,93
132.4994311111111,35.14848305555556,85
132.4998938888889,35.14895,78
132.50038111111112,35.149608055555554,72
132.5006438888889,35.14975,67
132.50094388888888,35.14980805555555,61
132.5012811111111,35.149825,62
132.50231888888888,35.14966611111111,51
132.50310611111112,35.149433055555555,49
132.50354388888888,35.14919111111111,49
132.50396805555556,35.14911611111111,48
132.50426805555554,35.149208055555555,49
132.50461805555557,35.149575,48
132.50536805555555,35.150775,42
132.5058061111111,35.15099111111111,46
132.50743111111112,35.151583055555555,38
132.50909305555555,35.15219111111111,35
132.51174305555554,35.15322388888889,32
132.51186805555557,35.15250805555556,33
132.51246694444444,35.152658055555555,35
132.51311694444445,35.152875,37
132.51391805555556,35.153216111111114,36
132.51438,35.15347388888889,35
132.51498,35.153798888888886,36
132.51513,35.15389111111111,37
132.51541805555556,35.15403305555556,38
132.51616694444445,35.15472388888889,42
132.516605,35.15489888888889,47
132.51698,35.15501611111111,47
132.517205,35.15504888888889,47
132.51756694444444,35.15504111111111,47
132.518205,35.15494888888889,45
132.518455,35.15489111111111,46
132.51914194444444,35.15467388888889,45
132.51938,35.15461611111111,45
132.51964194444443,35.15459111111111,45
132.51988,35.154608055555556,46
132.52064194444444,35.154716111111114,48
132.52116694444445,35.15482388888889,47
132.52156694444446,35.154941111111114,46
132.52219194444444,35.15512388888889,48
132.52251694444445,35.155273888888885,48
132.52341694444445,35.15573305555556,52
132.52362888888888,35.15578305555555,53
132.52452888888888,35.15595805555556,56
132.52519194444446,35.15615694444445,56
132.52704194444445,35.156373888888886,58
132.52724194444446,35.15643305555555,57
132.52739194444445,35.15662388888889,59
132.52757888888888,35.156756944444446,59
132.52921694444444,35.15747388888889,69
132.53036694444444,35.15768194444444,66
132.53049194444444,35.15776611111111,64
132.53055388888887,35.15789888888889,66
132.53069194444444,35.158698888888885,62
132.53074194444446,35.15884888888889,63
132.5308288888889,35.15894111111111,64
132.53142888888888,35.159365,67
132.5316038888889,35.15954888888889,65
132.53191694444445,35.15994,66
132.53209194444443,35.160315,69
132.5321788888889,35.160465,77
132.53235388888888,35.16063194444445,77
132.53254194444443,35.16072388888889,78
132.53274194444444,35.160756944444444,76
132.53302888888888,35.160765,75
132.5335288888889,35.160715,75
132.53391694444446,35.160715,73
132.53419194444444,35.16074888888889,72
132.53506694444445,35.161006944444445,78
132.53539194444446,35.161073888888886,76
132.5356538888889,35.161073888888886,77
132.53597888888888,35.16102388888889,78
132.53624194444444,35.160915,78
132.5364788888889,35.160756944444444,76
132.5370661111111,35.16010694444444,78
132.5375788888889,35.15962388888889,80
132.5379411111111,35.15944888888889,79
132.53879111111112,35.15907388888889,79
132.5389788888889,35.159016111111114,81
132.53914111111112,35.15899888888889,84
132.53936611111112,35.15900694444444,88
132.53960388888888,35.15907388888889,87
132.5400161111111,35.159216111111114,89
132.54016611111112,35.15924888888889,91
132.5403161111111,35.159256944444444,96
132.5407661111111,35.159216111111114,93
132.54094111111112,35.159216111111114,95
132.5411161111111,35.159256944444444,98
132.54130388888888,35.15935694444445,99
132.5416911111111,35.159641111111114,99
132.54197888888888,35.159773888888886,101
132.5421288888889,35.159798888888886,101
132.5422911111111,35.159798888888886,102
132.54241611111112,35.159756944444446,100
132.54265388888888,35.15963194444444,104
132.54321611111112,35.15909888888889,104
132.54334111111112,35.15903194444444,104
132.5434788888889,35.15904111111111,104
132.54356611111112,35.15887388888889,103
132.5437411111111,35.15874888888889,103
132.5442161111111,35.15850694444445,105
132.5446161111111,35.15837388888889,106
132.5448911111111,35.15830694444445,105
132.5452788888889,35.15826611111111,107
132.5456911111111,35.158256944444446,115
132.5458911111111,35.15829111111111,115
132.54629111111112,35.158456944444445,119
132.54647805555555,35.15847388888889,118
132.54667805555556,35.15844888888889,118
132.54685305555554,35.15839888888889,116
132.54710305555557,35.15822388888889,117
132.54805305555556,35.15717388888889,122
132.54825305555556,35.15702388888889,125
132.54845305555557,35.15691611111111,125
132.5490411111111,35.156706944444444,125
132.54922805555555,35.15659888888889,124
132.5493661111111,35.15647388888889,124
132.5497411111111,35.15611611111111,127
132.5499911111111,35.15580805555555,126
132.5502661111111,35.15539888888889,127
132.5503911111111,35.15512388888889,126
132.55042805555556,35.15494888888889,124
132.5504411111111,35.15476611111111,124
132.55036611111112,35.154423888888886,124
132.55036611111112,35.15424888888889,124
132.5504161111111,35.15416611111111,123
132.55057805555555,35.15407388888889,125
132.5508661111111,35.153958055555556,133
132.55104111111112,35.15391611111111,135
132.55130305555556,35.15389111111111,136
132.55202805555555,35.1539,136
132.55222805555556,35.153908055555554,136
132.55240305555554,35.15389111111111,137
132.5528161111111,35.15376611111111,133
132.55309,35.15371611111111,134
132.55325305555556,35.15371611111111,136
132.55342805555554,35.153725,143
132.55384,35.15380805555556,144
132.554065,35.15381611111111,144
132.55427805555556,35.1538,144
132.55469,35.15369111111111,143
132.55480305555557,35.153683055555554,143
132.554915,35.15369111111111,143
132.55504,35.153725,142
132.55527805555556,35.15385,143
132.55547805555557,35.15391611111111,145
132.55564,35.153925,144
132.55577805555555,35.1539,144
132.55594,35.15383305555556,142
132.55654,35.1535,142
132.556765,35.15341611111111,141
132.55717694444445,35.15334111111111,143
132.557515,35.1533,143
132.557765,35.1533,143
132.55799,35.15335805555556,147
132.558115,35.15345,152
132.55817694444445,35.153525,152
132.55824,35.15375,154
132.55835305555556,35.153925,154
132.55850305555555,35.15411611111111,156
132.558715,35.15426611111111,155
132.55892694444444,35.154333055555554,152
132.559115,35.15435,155
132.55934,35.1543,152
132.55964,35.154175,151
132.55999,35.15400805555556,153
132.56060194444444,35.153733055555556,154
132.56104,35.153641944444445,152
132.56267694444443,35.153675,154
132.56317694444445,35.153616944444444,154
132.56430194444445,35.15331694444444,159
132.56462694444446,35.153283055555555,161
132.5652888888889,35.153375,165
132.5660638888889,35.15343305555555,164
132.56667694444445,35.15325,169
132.56702694444445,35.15320805555555,176
132.5674388888889,35.15325,178
132.5685388888889,35.15305,174
132.5691888888889,35.15275805555556,172
132.5693388888889,35.15274194444444,173
132.5702261111111,35.15290805555556,175
132.57051388888888,35.152883055555556,180
132.5712511111111,35.152425,181
132.5715888888889,35.152325,182
132.57190111111112,35.152125,184
132.5724261111111,35.151516944444445,183
132.57292611111112,35.151275,190
132.5729888888889,35.15116694444445,179
132.5730638888889,35.15063388888889,191
132.57356388888888,35.15007611111111,193
132.5736138888889,35.14975111111111,203
132.5733138888889,35.14928388888889,201
132.57315111111112,35.14808388888889,202
132.5733011111111,35.14787611111111,200
132.5734511111111,35.147801111111114,203
132.5741138888889,35.147801111111114,204
132.5744138888889,35.14771694444445,204
132.57461388888888,35.14760111111111,206
132.5752011111111,35.14705111111111,213
132.5754511111111,35.14668388888889,215
132.57566305555557,35.14600111111111,214
132.5758261111111,35.145518055555556,224
132.5760511111111,35.14491805555556,233
132.57631305555554,35.14465111111111,231
132.57671305555556,35.144468055555556,235
132.57733805555554,35.14433388888889,246
132.57811305555555,35.14435111111111,247
132.5788511111111,35.14425111111111,254
132.5795261111111,35.14406805555556,254
132.57976305555556,35.14405111111111,255
132.57996305555557,35.14415888888889,256
132.58017611111111,35.14440111111111,258
132.5804261111111,35.14454305555556,257
132.58131305555557,35.14453388888889,262
132.58328805555556,35.14452611111111,270
132.583625,35.14440888888889,270
132.58431305555555,35.143885,280
132.58448805555557,35.143743055555554,281
132.58551305555557,35.14275111111111,294
132.58603805555555,35.14234305555556,302
132.58636194444443,35.14217611111111,302
132.586725,35.142093055555556,304
132.58698694444445,35.14211805555556,307
132.58726305555555,35.14220111111111,308
132.587825,35.14256,311
132.58798694444445,35.14262611111111,311
132.5883,35.14261,314
132.5886,35.14247611111111,316
132.58865,35.14234305555556,316
132.588675,35.14194305555556,317
132.58861194444444,35.141176944444446,320
132.589025,35.13980194444444,325
132.58925,35.13939305555556,334
132.589325,35.13932694444444,334
132.590475,35.138235,347
132.59055,35.13801,350
132.590825,35.13719388888889,355
132.59093694444445,35.136851944444444,356
132.59106194444445,35.136651944444445,357
132.59188694444444,35.13657694444444,362
132.59243694444444,35.13655194444444,367
132.59331194444445,35.13655194444444,375
132.59442388888888,35.136293888888886,385
132.5951738888889,35.13609388888889,392
132.5971861111111,35.13522694444445,411
132.5980361111111,35.13471111111111,421
132.5997238888889,35.13375194444444,438
132.60032388888888,35.13331111111111,443
132.6007988888889,35.13286111111111,450
132.6010361111111,35.132551944444444,453
132.6011988888889,35.13337805555555,455
132.6011611111111,35.13363611111111,456
132.6005861111111,35.134661111111114,450
132.60032388888888,35.13591888888889,442
132.60033611111112,35.13617694444444,442
132.60043611111112,35.13641111111111,439
132.6007111111111,35.13675194444444,437
132.60227111111112,35.13842388888889,437
132.60227111111112,35.13842388888889,437
132.60281111111112,35.139001944444445,437
132.6030111111111,35.139426944444445,436
132.6031111111111,35.14019305555556,435
132.60337305555555,35.140993055555555,436
132.60539805555555,35.145318055555556,461
132.60629805555556,35.14665111111111,466
132.607835,35.14880111111111,482
132.60804694444445,35.148876111111115,485
132.60822305555556,35.14882611111111,487
132.608335,35.148716944444445,488
132.60859805555555,35.14772611111111,492
132.60866,35.147151111111114,496
132.60842194444444,35.145668055555554,503
132.60856,35.14548388888889,507
132.608785,35.14544305555555,510
132.60894694444445,35.14550888888889,513
132.61149694444444,35.14820888888889,536
132.61171,35.148243055555554,537
132.61187194444443,35.14818388888889,540
132.61197194444443,35.14803388888889,543
132.611985,35.14782611111111,547
132.61184694444444,35.146726111111114,553
132.61191,35.146543055555554,553
132.61209694444443,35.14645888888889,553
132.61231,35.14648388888889,553
132.61484388888888,35.14870388888889,566
132.61484388888888,35.14870388888889,566
132.61522194444444,35.14903388888889,568
132.6154838888889,35.14937611111111,568
132.6155838888889,35.14968388888889,566
132.6155588888889,35.150041944444446,566
132.6153588888889,35.150416944444444,567
132.61485888888888,35.15083388888889,572
132.61472194444445,35.15099194444444,572
132.61267194444446,35.15271694444444,575
132.61242194444443,35.15303388888889,576
132.61234694444445,35.15335,577
132.61237194444445,35.153625,578
132.61249694444444,35.15391694444445,583
132.6126338888889,35.15408388888889,583
132.61502194444444,35.15593305555556,598
132.6153338888889,35.156058055555555,598
132.6155838888889,35.156058055555555,598
132.61585888888888,35.15595805555556,597
132.6187711111111,35.15443305555556,577
132.6189838888889,35.154266944444444,576
132.6191088888889,35.15400888888889,577
132.6191088888889,35.15335888888889,576
132.6192088888889,35.153175,574
132.6193461111111,35.15309194444445,573
132.6195461111111,35.153058888888886,572
132.6204211111111,35.15316694444444,574
132.6209088888889,35.153241944444446,574
132.6209388888889,35.15324388888889,574
132.6209388888889,35.15324388888889,574
132.62187111111112,35.15331694444444,578
132.62244611111112,35.15436694444445,571
132.62248305555556,35.154583055555555,569
132.62248305555556,35.154783055555555,568
132.62244611111112,35.155,567
132.62235805555557,35.15544194444445,562
132.6222961111111,35.155775,560
132.62219611111112,35.15611611111111,557
132.62209611111112,35.15635,555
132.6219211111111,35.1566,552
132.62173305555555,35.15676611111111,548
132.62095805555555,35.15731611111111,548
132.6203088888889,35.15783305555556,548
132.6201338888889,35.15806611111111,547
132.62007111111112,35.158383055555554,543
132.6201088888889,35.158658055555556,539
132.6203461111111,35.15897388888889,534
132.62065805555557,35.15916611111111,532
132.62103305555556,35.159258055555554,525
132.62138305555555,35.15924111111111,521
132.62170805555556,35.15916611111111,521
132.6220211111111,35.15895805555556,522
132.62244611111112,35.158633055555555,523
132.62283305555556,35.15826611111111,526
132.6231461111111,35.158073888888886,525
132.62343305555555,35.15797388888889,526
132.62389611111112,35.15793305555555,526
132.62430805555556,35.158008055555555,523
132.62478305555555,35.15811611111111,515
132.62510805555556,35.15830805555556,512
132.625495,35.15858305555555,508
132.62578305555556,35.158833055555554,504
132.62612,35.15933305555556,501
132.62623305555556,35.15961611111111,501
132.62628305555555,35.159883055555554,501
132.62632,35.16024888888889,504
132.62627,35.16069111111111,495
132.62620805555557,35.16095694444444,494
132.626045,35.161298888888886,496
132.62587,35.16154111111111,490
132.62573305555554,35.161698888888886,485
132.625545,35.16187388888889,480
132.62552,35.16191611111111,480
132.62527,35.16211611111111,470
132.624945,35.162306944444445,480
132.62462,35.16244888888889,483
132.62423305555555,35.16259111111111,482
132.6235211111111,35.162681944444444,481
132.62302111111111,35.16261611111111,481
132.62244611111112,35.16238194444445,475
132.6213461111111,35.16171611111111,472
132.6209961111111,35.16158194444444,476
132.6205711111111,35.16160694444444,475
132.62027111111112,35.16173194444445,469
132.6199838888889,35.16191611111111,464
132.61983388888888,35.16216611111111,461
132.6197838888889,35.162533055555556,455
132.6197961111111,35.162681944444444,453
132.61990805555556,35.162906944444444,455
132.62008305555557,35.163091111111115,457
132.62148305555556,35.16409888888889,442
132.6216711111111,35.164265,443
132.62184611111113,35.164515,440
132.62193305555556,35.16477388888889,435
132.62198305555555,35.16504888888889,431
132.62197111111112,35.165306944444445,430
132.62160805555555,35.16657305555555,416
132.6214961111111,35.16697305555556,413
132.62142111111112,35.16730694444445,411
132.62143305555554,35.16753194444444,410
132.6214461111111,35.16773194444445,411
132.62154611111112,35.16795611111111,411
132.62177111111112,35.16844805555556,410
132.62183305555556,35.16865611111111,409
132.62180805555556,35.16884,407
132.62158305555556,35.16920611111111,408
132.62173305555555,35.169315,408
132.62244611111112,35.169565,408
132.62318305555556,35.169823055555554,407
132.623845,35.170098055555556,402
132.62418305555556,35.17017305555556,399
132.62560805555555,35.17041388888889,396
132.62577,35.17043888888889,395
132.62588305555556,35.17048888888889,393
132.62597,35.170563888888886,389
132.62613305555556,35.17075611111111,387
132.626445,35.17116388888889,387
132.62673194444446,35.171621944444446,386
132.62713194444444,35.172246944444446,382
132.62762,35.17303111111111,386
132.6279688888889,35.17366388888889,387
132.62830694444443,35.17416388888889,387
132.62875694444443,35.17481388888889,395
132.6289438888889,35.17501388888889,398
132.62914388888888,35.17517194444444,392
132.62940694444444,35.175288888888886,386
132.62956888888888,35.17536388888889,377
132.62979388888888,35.175421944444444,376
132.63004388888888,35.175455,378
132.63045694444443,35.175471944444446,375
132.63123194444444,35.17549694444445,367
132.6322438888889,35.175555,364
132.6333688888889,35.175621944444444,359
132.63354388888888,35.175646944444445,358
132.63389388888888,35.175713888888886,357
132.63468111111112,35.17581305555556,353
132.63524388888888,35.175871944444445,350
132.63560611111112,35.175905,347
132.6357811111111,35.17592194444445,346
132.63593111111112,35.175955,346
132.6362061111111,35.17601305555556,346
132.6364061111111,35.176046944444444,344
132.63660611111112,35.176055,342
132.63681805555555,35.17603805555556,343
132.63696805555554,35.17601305555556,344
132.63726805555555,35.17594694444445,343
132.63738111111113,35.175938055555555,343
132.63746805555556,35.17594694444445,343
132.6375561111111,35.17598,343
132.6376561111111,35.176046944444444,346
132.63893,35.177013055555555,344
132.639105,35.17718,342
132.63936805555556,35.17754611111111,336
132.639605,35.177655,336
132.639955,35.177755,336
132.64024305555554,35.17781305555555,336
132.64046694444446,35.17777111111111,334
132.64073,35.177705,329
132.641005,35.17768,329
132.64136805555555,35.17768,328
132.64188,35.17773805555556,327
132.64221694444444,35.17778,327
132.64249194444446,35.17792111111111,326
132.64274194444445,35.17812111111111,325
132.64309194444445,35.17856305555556,325
132.64334194444444,35.178913055555554,324
132.643555,35.17906305555555,324
132.6438038888889,35.17917888888889,323
132.6440288888889,35.17934611111111,323
132.6442538888889,35.179521111111114,324
132.6444038888889,35.17955388888889,324
132.64459194444444,35.179538055555554,322
132.64490388888888,35.17943805555556,321
132.64514194444445,35.179428888888886,322
132.64534194444445,35.17947888888889,320
132.64556694444445,35.17960388888889,319
132.64586694444444,35.179763055555554,318
132.6462038888889,35.179788055555555,318
132.6468538888889,35.17980388888889,318
132.6471911111111,35.17988805555556,317
132.6474288888889,35.18004611111111,319
132.64760388888888,35.18017888888889,317
132.6477661111111,35.18052111111111,319
132.6479788888889,35.18064611111111,318
132.64840388888888,35.18074611111111,316
132.64876611111112,35.18078805555555,310
132.6489161111111,35.18085388888889,309
132.6490538888889,35.18095388888889,309
132.6491661111111,35.18109611111111,309
132.6493661111111,35.18145388888889,309
132.6494911111111,35.181578888888886,309
132.6499038888889,35.18174611111111,309
132.6500411111111,35.18190388888889,309
132.6501288888889,35.18210388888889,309
132.65022805555554,35.18242111111111,309
132.65027805555556,35.18266194444445,309
132.65012805555557,35.18288694444445,309
132.6499661111111,35.18302888888889,309
132.6496911111111,35.18316194444444,309
132.6493538888889,35.183278888888886,308
132.64885388888888,35.18342111111111,307
132.6485911111111,35.18349611111111,305
132.6483288888889,35.183636944444444,307
132.64817888888888,35.183796111111114,301
132.64805388888888,35.18395388888889,299
132.64796611111112,35.18414611111111,299
132.64796611111112,35.18442888888889,299
132.6480411111111,35.18462888888889,299
132.64817888888888,35.184695,299
132.6483661111111,35.184736944444445,299
132.64875388888888,35.18472888888889,299
132.6490161111111,35.18477,299
132.6492411111111,35.18482,299
132.64930305555555,35.18498694444445,299
132.6491411111111,35.185111944444444,297
132.6488288888889,35.185195,298
132.6484911111111,35.18521194444445,299
132.6482411111111,35.18535388888889,298
132.6482538888889,35.18552,299
132.64875388888888,35.18592,298
132.64886611111112,35.18611194444444,297
132.64884111111112,35.18638694444444,296
132.6488161111111,35.186703055555554,296
132.6489411111111,35.18682,296
132.64944111111112,35.18693694444445,297
132.64960305555556,35.18702,299
132.64985305555555,35.18722,296
132.64992805555556,35.187553055555554,296
132.6497411111111,35.187803055555555,296
132.64937805555556,35.18808611111111,296
132.64920305555555,35.18837805555555,296
132.64912805555556,35.18868611111111,295
132.64917805555555,35.18886111111111,296
132.64967805555557,35.18921111111111,295
132.65025305555557,35.18955305555556,304
132.6503911111111,35.18968611111111,305
132.65042805555555,35.18982805555556,302
132.6503661111111,35.19001111111111,293
132.6501661111111,35.190103055555554,289
132.64987805555555,35.19019388888889,289
132.64941611111112,35.19058611111111,289
132.64887805555554,35.19116888888889,290
132.64887805555554,35.19131888888889,289
132.64952805555555,35.191878055555556,280
132.64941611111112,35.19217694444445,278
132.64937805555556,35.192276944444444,278
132.64932805555554,35.192326944444446,278
132.64921611111112,35.192436111111114,279
132.64884111111112,35.19241888888889,278
132.64827805555555,35.19258611111111,277
132.64810305555557,35.19277694444445,275
132.64796611111112,35.19291888888889,278
132.64785305555554,35.19303611111111,278
132.64760305555555,35.19318611111111,276
132.64727805555555,35.193176944444446,277
132.6471161111111,35.19325194444444,276
132.64695305555554,35.19341111111111,277
132.64672805555554,35.193643888888886,277
132.6465411111111,35.19385194444445,275
132.64630305555556,35.19414388888889,275
132.6461661111111,35.19443611111111,277
132.64620305555556,35.19466111111111,278
132.64636611111112,35.194811111111115,275
132.64649111111112,35.19488611111111,272
132.64670305555555,35.19488611111111,271
132.6469911111111,35.19484388888889,272
132.6472161111111,35.19486111111111,273
132.6474411111111,35.19500194444444,271
132.64750305555555,35.19511111111111,269
132.64752805555557,35.19536111111111,268
132.6474161111111,35.195551944444446,269
132.64727805555555,35.19571,264
132.64691611111112,35.19587694444444,267
132.64672805555554,35.19606,268
132.64662805555557,35.19632694444444,267
132.64639111111111,35.197185,261
132.6463411111111,35.19741,258
132.64617805555557,35.19755194444444,258
132.64591611111112,35.19761805555556,256
132.6455411111111,35.19760194444444,257
132.6452538888889,35.19770194444445,258
132.64510388888888,35.197885,261
132.64499111111112,35.198118055555554,263
132.6451661111111,35.19866,258
132.64522888888888,35.19907611111111,257
132.64521611111113,35.19971805555556,260
132.6452911111111,35.20007611111111,258
132.64536611111112,35.20027611111111,257
132.6455161111111,35.20046,257
132.6459661111111,35.20081805555556,253
132.64602805555555,35.201008888888886,252
132.64591611111112,35.201233888888886,252
132.64555305555555,35.201526111111114,255
132.64545305555555,35.20171805555555,254
132.64547805555554,35.20195888888889,256
132.64567805555555,35.20250111111111,254
132.64572805555557,35.202801111111114,255
132.64579111111112,35.20317611111111,245
132.64591611111112,35.20343388888889,246
132.64602805555555,35.20356694444445,246
132.64612805555555,35.203691944444444,247
132.64612805555555,35.20385888888889,248
132.64555305555555,35.20440111111111,247
132.64530305555556,35.20474194444444,246
132.64520305555556,35.20498388888889,247
132.64524111111112,35.205083888888886,244
132.64536611111112,35.20538388888889,243
132.6452661111111,35.205641944444444,238
132.64434111111112,35.20685888888889,234
132.64434111111112,35.20705888888889,234
132.64454111111112,35.20750888888889,236
132.64455305555555,35.20760888888889,237
132.64456611111112,35.207725,234
132.64442805555555,35.2083,238
132.64445305555554,35.20881694444444,229
132.64437805555556,35.20914194444445,229
132.64444111111112,35.2094,229
132.6445161111111,35.20955,228
132.64491611111112,35.20985805555556,227
132.6449661111111,35.21005,228
132.6449661111111,35.21005,228
132.6448411111111,35.2102,228
132.64450305555556,35.21035,226
132.6440288888889,35.210608055555554,224
132.64366611111112,35.210816111111114,224
132.6435038888889,35.2112,228
132.6435661111111,35.21270805555555,223
132.6435538888889,35.21293305555555,228
132.6432288888889,35.21322388888889,227
132.6430038888889,35.213523888888886,227
132.64285388888888,35.213856944444444,229
132.6427911111111,35.214216111111114,226
132.64284111111112,35.214533055555556,223
132.64264111111112,35.21501611111111,222
132.6424288888889,35.21554888888889,227
132.6424411111111,35.21574888888889,224
132.6426911111111,35.21610694444445,218
132.6433788888889,35.21683194444444,215
132.6438161111111,35.21740694444444,214
132.6440411111111,35.21763194444444,215
132.64422805555554,35.21772388888889,215
132.64452805555555,35.217731944444445,213
132.64482805555556,35.217731944444445,211
132.6450411111111,35.217756944444446,212
132.64534111111112,35.21785694444444,212
132.64582805555557,35.21809,213
132.6461661111111,35.21810694444444,211
132.64649,35.21809,210
132.64672805555554,35.218091111111114,211
132.64694,35.217998888888886,210
132.64717805555554,35.21772388888889,209
132.64734,35.21754111111111,209
132.64745305555556,35.21746611111111,212
132.647615,35.217441111111114,209
132.64797694444445,35.21758194444445,209
132.64817805555555,35.21767388888889,209
132.648365,35.21769888888889,208
132.64862805555555,35.217641111111114,205
132.64925194444444,35.21747388888889,206
132.649365,35.217373888888886,205
132.64932805555554,35.21682388888889,198
132.649365,35.21660694444444,199
132.64944,35.21644888888889,198
132.64960194444444,35.21641611111111,198
132.64980194444445,35.21651611111111,198
132.64995194444444,35.21664111111111,198
132.65022694444446,35.21689111111111,196
132.650415,35.21703194444444,196
132.65057694444445,35.21706611111111,194
132.650815,35.217033055555554,194
132.6510638888889,35.216923888888886,192
132.65146388888888,35.21669888888889,192
132.65177694444444,35.21660694444444,192
132.65195194444445,35.21666611111111,192
132.65212694444443,35.21679888888889,189
132.65222694444444,35.21702388888889,188
132.65227694444445,35.217241111111115,189
132.65235194444443,35.21744888888889,188
132.65255194444444,35.217556944444446,188
132.65296388888888,35.217533055555556,185
132.65332694444444,35.21747388888889,185
132.6537888888889,35.21731611111111,185
132.65397611111112,35.21719111111111,185
132.6541261111111,35.21699888888889,186
132.65418888888888,35.21674111111111,184
132.65421388888888,35.21639111111111,179
132.65428888888889,35.21602388888889,182
132.65443888888888,35.215808055555556,180
132.6547888888889,35.21579888888889,182
132.6551388888889,35.215848888888885,182
132.65535111111112,35.21583305555556,184
132.65555111111112,35.21570805555555,182
132.6557388888889,35.215516111111114,180
132.65600111111112,35.215358055555555,182
132.65621388888889,35.215358055555555,182
132.65643888888889,35.21557388888889,179
132.65667611111112,35.21584111111111,177
132.6571011111111,35.216141111111114,178
132.65750111111112,35.21644111111111,175
132.65771305555555,35.21667388888889,176
132.65778805555556,35.21699888888889,174
132.65778805555556,35.21769111111111,175
132.65770111111112,35.21796611111111,174
132.65711305555556,35.21843305555556,174
132.65668805555555,35.21876611111111,176
132.65641305555556,35.21904111111111,174
132.6562761111111,35.21924111111111,172
132.65623805555555,35.219498888888886,169
132.65628805555556,35.219656944444445,169
132.65645111111112,35.21975694444444,168
132.65668805555555,35.21982388888889,168
132.65703805555555,35.21987388888889,165
132.65716305555554,35.22000694444444,166
132.65718805555557,35.22007388888889,166
132.65728805555557,35.22036611111111,165
132.6573261111111,35.22051611111111,165
132.65737611111112,35.22063194444444,166
132.65746305555555,35.22076611111111,166
132.6575511111111,35.22084111111111,167
132.65763805555557,35.22089888888889,168
132.65776305555556,35.22096611111111,167
132.65788805555556,35.22101611111111,167
132.6580261111111,35.22104888888889,165
132.65816305555555,35.221066111111114,165
132.65831305555557,35.221091111111114,163
132.65845,35.22111611111111,164
132.658525,35.221131944444444,164
132.65858805555555,35.221156944444445,162
132.65863805555554,35.22119111111111,162
132.6587,35.22123194444445,165
132.65875,35.221291111111114,165
132.6588,35.221356944444445,166
132.65883805555555,35.22141611111111,166
132.658875,35.22147388888889,168
132.6589,35.22154888888889,166
132.65891305555556,35.22161611111111,167
132.65891305555556,35.22168194444444,167
132.65891305555556,35.22174,167
132.6589,35.221806944444445,166
132.658875,35.22189888888889,168
132.658825,35.222031944444446,166
132.6588,35.22213194444444,164
132.65878805555556,35.22222388888889,161
132.65876305555557,35.22232388888889,161
132.65876305555557,35.222415,159
132.65873805555555,35.222881944444445,159
132.658725,35.22324888888889,158
132.658725,35.22359,157
132.65871305555555,35.223981944444446,158
132.65873805555555,35.224515,157
132.658775,35.22479,166
132.6587,35.225073055555555,167
132.65838805555555,35.225681944444446,169
132.65836194444444,35.225881944444446,169
132.65848694444443,35.226256944444444,167
132.65863694444445,35.226548055555554,166
132.658675,35.22699,165
132.65873805555555,35.227156111111114,168
132.65891305555556,35.227223055555555,166
132.659125,35.22724,165
132.65945,35.227248055555556,162
132.65968694444445,35.22734,157
132.65986194444446,35.22743111111111,154
132.6602988888889,35.227848055555555,155
132.66089888888888,35.22838111111111,154
132.66101194444445,35.22855611111111,154
132.66103694444445,35.22873111111111,155
132.66091194444445,35.22894,156
132.6605988888889,35.22934,157
132.66043694444446,35.22961388888889,160
132.66041194444443,35.22978888888889,158
132.6604738888889,35.22991388888889,157
132.66063694444443,35.23000611111111,158
132.66086194444443,35.23013888888889,156
132.66123694444445,35.230381111111114,143
132.66144888888888,35.23057305555555,144
132.66147388888888,35.23081388888889,145
132.6612738888889,35.231248055555554,145
132.66113694444445,35.23151388888889,139
132.66103694444445,35.231856111111114,139
132.66102388888888,35.23208888888889,138
132.66123694444445,35.23223888888889,137
132.66159888888888,35.232371944444445,134
132.66169888888888,35.23265611111111,134
132.66183694444445,35.232823055555556,135
132.66202388888888,35.233021944444445,136
132.66212388888889,35.23333888888889,145
132.66223694444443,35.23349694444445,144
132.6624488888889,35.23365611111111,143
132.66323694444444,35.23413111111111,144
132.66341194444445,35.234298055555556,144
132.66349888888888,35.23438888888889,143
132.66351194444445,35.23473111111111,146
132.66343694444444,35.23496388888889,145
132.66338694444445,35.235121944444444,138
132.6631988888889,35.23547194444444,138
132.66301194444443,35.23587194444445,146
132.6630238888889,35.23607194444445,144
132.6630738888889,35.23633111111111,143
132.6633488888889,35.236713888888886,142
132.6636488888889,35.23692194444445,144
132.6638738888889,35.23703,144
132.66413694444444,35.237055,142
132.6647988888889,35.23697194444444,141
132.66508694444445,35.23701388888889,147
132.66531111111112,35.23708,140
132.66574888888888,35.23734694444445,124
132.6658361111111,35.23738888888889,122
132.6660738888889,35.237496944444445,114
132.66632388888888,35.23759694444445,108
132.66658611111112,35.237655,108
132.6667611111111,35.23766388888889,108
132.6669238888889,35.23766388888889,108
132.66712388888888,35.23762194444444,108
132.6673361111111,35.23753888888889,108
132.6678488888889,35.23725611111111,108
132.6681111111111,35.237096944444446,113
132.6684238888889,35.23702194444444,113
132.66851111111112,35.236938888888886,114
132.6685611111111,35.23683111111111,112
132.6685238888889,35.23670611111111,114
132.66838611111112,35.23656388888889,115
132.6683111111111,35.23638111111111,116
132.66826111111112,35.23612194444444,115
132.66824888888888,35.23589694444444,116
132.66838611111112,35.23558888888889,115
132.66837388888888,35.235396944444446,116
132.6683361111111,35.235171944444446,116
132.6683361111111,35.234948055555556,114
132.6684238888889,35.234723055555556,112
132.66899805555556,35.23397305555556,111
132.66932305555557,35.23336388888889,111
132.6695611111111,35.232931111111114,111
132.66977305555557,35.232598055555556,111
132.66989805555556,35.23246388888889,110
132.67029805555555,35.23223888888889,109
132.6703861111111,35.232213888888886,109
132.6705861111111,35.23216388888889,107
132.67102305555557,35.23228888888889,110
132.67107305555555,35.232306111111114,110
132.6710111111111,35.23246388888889,112
132.67097305555555,35.232573055555555,111
132.67042305555555,35.233381111111115,109
132.6702611111111,35.23375611111111,110
132.6701361111111,35.23410611111111,113
132.6701111111111,35.234363888888886,107
132.6702361111111,35.23458111111111,108
132.67054805555554,35.23475611111111,109
132.67092305555556,35.23503111111111,109
132.67143611111112,35.235396944444446,107
132.67191111111111,35.23568888888889,104
132.67202305555554,35.23578111111111,104
132.6721861111111,35.23595611111111,104
132.6722861111111,35.23613111111111,104
132.672435,35.236471944444446,103
132.67257305555555,35.23663888888889,106
132.672785,35.236846944444444,105
132.672985,35.23701388888889,102
132.673235,35.23716388888889,104
132.673535,35.23730611111111,104
132.67426,35.23764694444444,106
132.674535,35.23778111111111,103
132.67516,35.23824694444444,104
132.675335,35.238438888888886,106
132.67541,35.238596944444446,104
132.67546,35.238863888888886,105
132.67552194444445,35.23914694444444,103
132.67564694444445,35.239455,103
132.67642194444446,35.240655,104
132.67657194444445,35.24086305555556,104
132.67674694444443,35.24103,102
132.676935,35.24113,101
132.67717194444444,35.24119694444445,102
132.67727194444444,35.24122194444445,103
132.677585,35.24128805555556,103
132.67869694444445,35.24152194444444,102
132.67924694444446,35.241613055555554,106
132.67964694444444,35.24167194444444,106
132.68004694444446,35.24171305555556,107
132.68029694444445,35.241805,105
132.68047194444443,35.241838055555554,105
132.68073388888888,35.241863055555555,105
132.68112194444444,35.241838055555554,104
132.68143388888888,35.241771944444444,106
132.6817838888889,35.24168,103
132.68199694444445,35.241613055555554,104
132.68220888888888,35.241546944444444,105
132.68322194444445,35.241346944444444,94
132.6846338888889,35.24113805555555,96
132.6856961111111,35.24103,96
132.68663388888888,35.240946944444445,96
132.68707111111112,35.24096388888889,97
132.68742111111112,35.24106388888889,95
132.6883711111111,35.241405,95
132.68947111111112,35.241905,95
132.6900961111111,35.242355,93
132.69059611111112,35.24279694444444,95
132.6905711111111,35.24308805555555,93
132.69068305555555,35.243363055555555,94
132.6910211111111,35.24382111111111,96
132.69130805555557,35.24463,93
132.69185805555554,35.24583,91
132.69232,35.24682888888889,90
132.692695,35.247503888888886,92
132.69277,35.247663055555556,91
132.692845,35.24789611111111,91
132.69285805555555,35.248021111111115,91
132.69285805555555,35.24822888888889,92
132.692695,35.24879611111111,93
132.69265805555557,35.24907888888889,91
132.692795,35.249738055555554,94
132.692795,35.24988694444444,94
132.69270805555556,35.25013694444444,94
132.692145,35.25100388888889,93
132.69205805555555,35.25122888888889,92
132.69202,35.251421111111114,92
132.69197,35.25246194444444,92
132.69195805555555,35.25287888888889,93
132.69192,35.253145,94
132.69177,35.253411944444444,88
132.69165805555556,35.25381194444444,88
132.691645,35.254036944444444,88
132.69172,35.25422888888889,88
132.69183194444443,35.25437,88
132.69197,35.254486944444444,88
132.69217,35.25458694444445,88
132.69350805555555,35.25510305555556,84
132.69380694444445,35.25523694444444,86
132.69400694444445,35.25528694444444,86
132.69425694444445,35.255295,85
132.69442,35.25527,84
132.69488194444443,35.255195,85
132.69505694444445,35.255203055555555,85
132.69520694444444,35.255253055555556,88
132.69598194444444,35.255545,92
132.696145,35.255653055555555,94
132.69628194444445,35.255811944444446,93
132.6963438888889,35.255995,95
132.6964438888889,35.256103055555556,95
132.6966938888889,35.25626194444445,93
132.69678194444444,35.25631194444444,95
132.69706888888888,35.25645305555555,92
132.6993688888889,35.257328055555554,86
132.70170611111112,35.25823611111111,80
132.7019938888889,35.258295,81
132.70226888888888,35.25832805555556,83
132.7029311111111,35.258361111111114,82
132.7032188888889,35.258403055555554,82
132.7034938888889,35.25848611111111,82
132.7038061111111,35.25862,84
132.70410611111112,35.258845,82
132.70431888888888,35.25897,83
132.7046188888889,35.259103055555556,84
132.7050811111111,35.25933611111111,81
132.70531888888888,35.25942,83
132.70556805555555,35.259436111111114,85
132.70576805555555,35.25942,85
132.7058311111111,35.25937805555556,84
132.7059561111111,35.259303055555556,85
132.7061811111111,35.25911111111111,84
132.70634305555555,35.25892,83
132.70648111111112,35.25872,85
132.70658111111112,35.258428055555555,85
132.7066311111111,35.25802,86
132.70661805555557,35.257595,86
132.70654305555556,35.25733694444445,86
132.7061688888889,35.256611944444444,79
132.7061438888889,35.256461944444446,77
132.7061561111111,35.256195,77
132.70624388888888,35.25602888888889,76
132.7064188888889,35.25586194444445,77
132.70670611111112,35.25568694444444,75
132.7069811111111,35.25555388888889,77
132.7072061111111,35.255495,75
132.70756805555556,35.255495,74
132.70805611111112,35.255561944444445,74
132.70844305555556,35.25566194444445,80
132.7088811111111,35.25573694444444,83
132.70943111111112,35.25573694444444,85
132.71008111111112,35.25562,86
132.71029305555555,35.25552888888889,86
132.7104561111111,35.255445,82
132.71088111111112,35.25507888888889,77
132.7110561111111,35.254978888888886,76
132.71129305555556,35.254911944444444,74
132.71155611111112,35.25487888888889,76
132.71331805555556,35.25485388888889,74
132.713705,35.25479611111111,75
132.71406805555554,35.25467111111111,72
132.714505,35.25443694444444,70
132.7147375,35.25438916666667,68
132.7147375,35.25438916666667,68
132.71499305555557,35.25433694444445,68
132.71543,35.25424611111111,68
132.715805,35.25420388888889,68
132.716305,35.254128888888886,72
132.71643,35.254086944444445,74
132.71653,35.254036944444444,72
132.71668,35.253903888888885,71
132.71678,35.253796111111114,71
132.71721805555555,35.253146111111114,73
132.71726694444445,35.253078888888886,72
132.717455,35.25287888888889,70
132.71748,35.25291305555555,60
132.717555,35.25297888888889,60
132.71784194444444,35.253146111111114,58
132.717905,35.253188055555555,59
132.71803,35.25324611111111,60
132.71814194444445,35.25328694444445,60
132.71826694444445,35.25332111111111,61
132.71838,35.253346111111114,64
132.71851694444445,35.253346111111114,67
132.71864194444444,35.25333805555555,70
132.718805,35.25331194444444,74
132.719305,35.25319611111111,76
132.71958,35.253146111111114,77
132.719655,35.25313694444444,77
132.71984194444445,35.25312888888889,77
132.72003,35.25312888888889,77
132.720205,35.253146111111114,77
132.72049194444443,35.25320388888889,76
132.72084194444443,35.25332111111111,76
132.7211288888889,35.25346305555556,77
132.72132888888888,35.253613055555554,78
132.7214788888889,35.25374611111111,76
132.72156694444445,35.25385388888889,74
132.7217288888889,35.25407111111111,73
132.72199194444445,35.254511944444445,56
132.72204194444444,35.25462888888889,59
132.7228538888889,35.25632111111111,65
132.72291694444445,35.25658694444444,64
132.72291694444445,35.256903888888885,61
132.72290388888888,35.257111944444446,57
132.7228538888889,35.25765388888889,55
132.72284194444444,35.257736944444446,55
132.72286694444443,35.257886944444444,57
132.72294194444444,35.257995,57
132.72367888888888,35.25866194444444,56
132.72380388888888,35.25877888888889,57
132.72394111111112,35.25895305555556,57
132.7240661111111,35.25916194444444,57
132.72425388888888,35.259811944444444,56
132.7243288888889,35.260045,59
132.7244161111111,35.26018694444444,57
132.7245538888889,35.26030305555555,56
132.72506611111112,35.26077,50
132.7253411111111,35.261028055555556,53
132.7254538888889,35.261178055555554,53
132.72551611111112,35.261361111111114,51
132.7255288888889,35.26155305555555,51
132.7254788888889,35.262436111111114,51
132.72539111111112,35.26369388888889,54
132.7253411111111,35.26415305555555,56
132.7250788888889,35.26526111111111,55
132.7244661111111,35.26712694444444,55
132.7240911111111,35.26859388888889,54
132.72402888888888,35.268935,54
132.72404111111112,35.26946888888889,53
132.72412888888888,35.26981,52
132.7244161111111,35.270451944444446,48
132.72471611111112,35.270935,47
132.72505305555555,35.27135194444445,50
132.72542805555557,35.271743055555554,52
132.72597805555554,35.27226,52
132.72692805555556,35.27310111111111,52
132.7273911111111,35.273585,54
132.7278661111111,35.274093055555554,48
132.72827805555556,35.274543055555554,47
132.729815,35.27598388888889,43
132.72994,35.27610111111111,43
132.73015305555555,35.27633388888889,43
132.730315,35.27661805555555,42
132.730465,35.27704305555555,50
132.73050305555554,35.277208888888886,58
132.73060305555555,35.27766805555556,57
132.73059,35.27804305555556,56
132.73052694444445,35.278393055555554,54
132.73035305555555,35.27896805555555,53
132.73025305555555,35.27915888888889,48
132.73010305555556,35.27939305555556,47
132.729965,35.279558888888886,45
132.72987805555556,35.27964305555555,45
132.72979,35.279716944444445,43
132.72959,35.27987611111111,41
132.72935305555555,35.28000111111111,39
132.72854,35.28035888888889,36
132.72817805555556,35.28052611111111,35
132.72792805555557,35.280633888888886,35
132.72725305555556,35.28093388888889,35
132.72705305555556,35.28102611111111,36
132.72674,35.28117611111111,37
132.72617805555555,35.28145,39
132.7257161111111,35.28176694444444,39
132.72547805555556,35.28196694444444,39
132.72541611111112,35.28201694444444,39
132.7253661111111,35.28205888888889,39
132.7253411111111,35.28208388888889,39
132.72522805555556,35.282175,39
132.72504111111112,35.28243388888889,38
132.72490305555556,35.28265888888889,38
132.7247911111111,35.282916944444445,37
132.72470305555555,35.28324194444444,36
132.72467805555556,35.28355,36
132.72467805555556,35.28391694444444,36
132.72474111111111,35.2842,36
132.72485305555554,35.284483055555555,36
132.72532805555556,35.2854,34
132.725415,35.28555,34
132.725965,35.2865,37
132.726115,35.28675,38
132.72617805555555,35.287033055555554,36
132.72647805555556,35.28745,42
132.72674,35.2877,41
132.72707805555555,35.287958055555556,41
132.728415,35.28885805555556,45
132.72855194444443,35.28899888888889,44
132.72882694444445,35.28932388888889,44
132.72895194444445,35.28951611111111,43
132.729065,35.28977388888889,44
132.72977694444444,35.29252388888889,47
132.72989,35.29284888888889,48
132.73003888888888,35.29314888888889,48
132.73018888888888,35.29334111111111,48
132.73037694444446,35.29351611111111,49
132.73061388888888,35.29369111111111,49
132.73085194444445,35.293841111111114,49
132.73063888888888,35.29391611111111,47
132.73057694444444,35.29388194444444,48
132.7301138888889,35.29349888888889,48
132.73006388888888,35.293481944444444,47
132.73002694444443,35.29349111111111,47
132.73002694444443,35.293548888888886,47
132.73010194444444,35.29367388888889,46
132.7301788888889,35.29376888888889,46
</coordinates>
</LineString>
</Placemark>
</Document>
</kml>
