<?xml version="1.0" encoding="UTF-8"?>
<kml xmlns="http://www.opengis.net/kml/2.2" xmlns:atom="http://www.w3.org/2005/Atom">
<Document>
<name>52代3年企画 高尾陣馬周回ラン</name>
<atom:author>
<atom:name>ぺらあ</atom:name>
</atom:author> 
<atom:link href="https://latlonglab.yahoo.co.jp/route/watch?id=82e350b6579de5aa702941c253e9d671" />
<description><![CDATA[44.6km 760up]]></description>
<tags><![CDATA[WCC52nd 3年企画]]></tags>  
<Placemark>
<Style>
<LineStyle>
<color>99ff0000</color>
<width>6</width>
</LineStyle>
</Style>
<LineString>
<coordinates>
139.28163388888888,35.64239305555556,169
139.2816961111111,35.64241305555556,170
139.2815338888889,35.64272111111111,166
139.2814711111111,35.64288,166
139.2812088888889,35.64278,165
139.28052194444444,35.642605,166
139.28014694444445,35.64254611111111,167
139.27989694444443,35.642505,167
139.27924694444445,35.64241305555556,167
139.27864694444443,35.64233,169
139.2783838888889,35.64229611111111,170
139.27832194444446,35.642288055555554,170
139.27817194444444,35.642271111111114,170
139.27774694444443,35.64221305555556,171
139.27762194444443,35.64219611111111,171
139.2772588888889,35.64214611111111,172
139.27677194444445,35.64206305555555,173
139.27650888888888,35.64202111111111,174
139.2764588888889,35.64201305555556,174
139.27552194444445,35.641846111111114,176
139.27509694444444,35.64176305555556,175
139.274785,35.64169694444445,175
139.27447194444446,35.64163,174
139.27439694444445,35.641605,174
139.274285,35.64154694444444,173
139.27424694444446,35.641513055555556,173
139.274185,35.64147194444445,172
139.27409694444444,35.64138,173
139.27407194444444,35.641355,173
139.27401,35.64127194444445,173
139.27391,35.64113805555556,174
139.273735,35.640971944444445,175
139.27361,35.64088805555556,175
139.27352194444444,35.64082194444445,176
139.27319805555555,35.64059694444445,176
139.272985,35.640438055555556,176
139.27296,35.640413055555555,176
139.27231,35.63988,177
139.27226,35.63983,177
139.27184805555555,35.63941388888889,180
139.27166,35.639221944444444,180
139.27151,35.639071944444446,180
139.271385,35.638905,181
139.27136,35.63883,180
139.271335,35.63876388888889,180
139.27131,35.63863888888889,180
139.27129805555555,35.63860611111111,180
139.27124805555556,35.63830611111111,180
139.27121,35.63809694444444,180
139.271135,35.63782194444445,180
139.27102305555556,35.63746388888889,180
139.27089805555556,35.637188888888886,181
139.27077305555557,35.636921944444445,181
139.27067305555556,35.63672305555556,180
139.27062305555555,35.63661388888889,181
139.2705611111111,35.63651388888889,181
139.27052305555554,35.63638111111111,182
139.27047305555556,35.636048055555555,181
139.27044805555556,35.63581388888889,183
139.27044805555556,35.63553111111111,185
139.2704611111111,35.63543888888889,185
139.27047305555556,35.63525611111111,186
139.27047305555556,35.63522305555556,186
139.2705361111111,35.63493111111111,186
139.2705611111111,35.63484805555556,187
139.27079805555556,35.63415611111111,188
139.27084805555555,35.63404,188
139.27086111111112,35.63399805555556,187
139.2708861111111,35.63393111111111,187
139.2710361111111,35.63352305555556,188
139.27106111111112,35.633406111111114,187
139.27108611111112,35.63330611111111,187
139.27108611111112,35.63309805555556,187
139.27106111111112,35.63293111111111,188
139.27104805555555,35.632865,188
139.2709861111111,35.63269805555556,187
139.2709361111111,35.632623055555555,188
139.27087305555557,35.63254,188
139.27069805555556,35.63234805555555,188
139.2704361111111,35.632081944444444,188
139.27002305555555,35.631656944444444,189
139.26982305555555,35.631456944444444,190
139.26973611111111,35.631348055555556,189
139.26971111111112,35.631265,190
139.2696238888889,35.63095694444444,190
139.26957388888889,35.63079888888889,191
139.26957388888889,35.63074888888889,192
139.26961111111112,35.63054,194
139.2696611111111,35.630181944444445,193
139.2696611111111,35.63009,194
139.26959888888888,35.62992388888889,194
139.26936111111112,35.629598888888886,192
139.26928611111111,35.62947388888889,192
139.2692111111111,35.62931611111111,193
139.2691861111111,35.62925694444444,193
139.26914888888888,35.62919888888889,193
139.2690988888889,35.629081944444444,194
139.26904888888888,35.62900694444444,194
139.2689738888889,35.62894111111111,195
139.2688861111111,35.628881944444444,196
139.26871111111112,35.62879888888889,195
139.2684238888889,35.628656944444444,196
139.26833611111113,35.62860694444444,196
139.2682861111111,35.62856611111111,196
139.26826111111112,35.62854111111111,197
139.2679738888889,35.62830805555556,197
139.2678361111111,35.62822388888889,196
139.2677611111111,35.62817388888889,197
139.26689888888887,35.627766111111114,207
139.2668488888889,35.62775805555555,206
139.2659488888889,35.62741611111111,207
139.2658238888889,35.627383055555555,205
139.26572388888889,35.627358055555554,204
139.2647738888889,35.62719888888889,205
139.2645738888889,35.627158055555554,205
139.2644238888889,35.62710805555555,207
139.26426194444446,35.62704111111111,205
139.2641238888889,35.62694888888889,207
139.26398694444444,35.62683305555556,205
139.26388694444444,35.62672388888889,205
139.26381194444446,35.62664111111111,206
139.26372388888888,35.62648305555555,205
139.26369888888888,35.62640805555556,204
139.26368694444446,35.626325,204
139.2636738888889,35.62624111111111,204
139.2636488888889,35.62601611111111,202
139.26366194444444,35.625858055555554,205
139.26366194444444,35.62569111111111,206
139.2636488888889,35.625458055555555,207
139.2636238888889,35.62531611111111,207
139.26359888888888,35.625225,207
139.26355,35.6251,208
139.26351194444445,35.62489194444444,208
139.263475,35.624791944444446,208
139.263425,35.624608055555555,208
139.26338694444445,35.62444194444444,211
139.26333694444443,35.624175,211
139.26323694444446,35.623425,211
139.26323694444446,35.62338388888889,211
139.26321194444444,35.62314194444444,211
139.26321194444444,35.623066944444446,210
139.26318694444444,35.62280888888889,209
139.26321194444444,35.622616944444445,211
139.2631,35.62215111111111,214
139.263075,35.62207611111111,215
139.263,35.62188388888889,216
139.26281194444445,35.62140888888889,216
139.26258694444445,35.620893055555555,212
139.26248694444445,35.620626111111115,214
139.26245,35.62054305555556,214
139.262425,35.62045888888889,216
139.26238805555556,35.62036805555555,216
139.26236194444445,35.62020111111111,216
139.262375,35.62005888888889,216
139.26241305555556,35.61977611111111,217
139.26256305555555,35.61897611111111,222
139.262625,35.61855111111111,225
139.262625,35.61841805555556,224
139.2626,35.618335,224
139.26255,35.61821805555556,223
139.262525,35.61819305555556,223
139.26246305555554,35.61812611111111,223
139.26233805555555,35.61801805555555,223
139.26218805555555,35.61794305555556,224
139.26198805555555,35.61787611111111,223
139.26185,35.617868055555554,223
139.26173805555555,35.61786,224
139.26165,35.61787611111111,224
139.2615,35.617935,224
139.26121305555554,35.61817611111111,224
139.261175,35.61821,224
139.260925,35.61842611111111,224
139.2605,35.618785,227
139.26033805555556,35.61889305555555,226
139.26013805555556,35.618968055555555,227
139.26,35.618985,227
139.25986305555554,35.61897611111111,227
139.25978805555556,35.61897611111111,227
139.25908805555557,35.61879305555556,234
139.25903805555555,35.618785,234
139.25886305555557,35.618768055555556,232
139.2586511111111,35.61876,234
139.2584511111111,35.61877611111111,234
139.25790111111112,35.618935,236
139.2578511111111,35.61895111111111,235
139.2569511111111,35.61907611111111,236
139.2567511111111,35.61911805555555,237
139.25576305555555,35.61937611111111,245
139.25556305555557,35.61940111111111,245
139.25533805555557,35.619393055555555,244
139.2550138888889,35.61935111111111,245
139.2544761111111,35.61926,243
139.2541011111111,35.619193055555556,245
139.25395111111112,35.619168055555555,246
139.25375111111111,35.61911,247
139.25348888888888,35.618985,246
139.2534138888889,35.618943055555555,247
139.2533138888889,35.618885,247
139.25326388888888,35.61884305555556,247
139.2530638888889,35.618635,249
139.2530261111111,35.61860194444444,249
139.25272611111112,35.61824305555555,256
139.2524261111111,35.617626944444446,256
139.2523138888889,35.61747694444445,256
139.2522011111111,35.61736,257
139.25203888888888,35.617235,257
139.25182611111111,35.61711,256
139.2514888888889,35.61696,256
139.2508638888889,35.616785,257
139.25040194444443,35.616685,260
139.25000194444445,35.61664388888889,263
139.24918888888888,35.61656888888889,264
139.24747694444446,35.61642694444444,268
139.246815,35.616368888888886,272
139.246765,35.61636111111111,272
139.245615,35.61625194444444,278
139.244865,35.61617694444445,284
139.24465305555555,35.61615194444445,286
139.244365,35.61608611111111,286
139.244215,35.61604388888889,287
139.24404,35.61598611111111,286
139.243915,35.61593611111111,287
139.24370305555556,35.61586888888889,287
139.243565,35.61583611111111,287
139.243315,35.615811111111114,288
139.24304,35.61581888888889,288
139.24224,35.61596111111111,291
139.24204,35.61599388888889,290
139.24189,35.61601888888889,290
139.241765,35.616036111111114,296
139.24117805555557,35.61605194444444,297
139.24095305555556,35.61609388888889,295
139.240765,35.61619388888889,295
139.24059,35.616326944444445,296
139.24050305555556,35.61646888888889,297
139.24015305555557,35.61713611111111,299
139.24012805555554,35.61719388888889,299
139.2400911111111,35.61726888888889,299
139.24005305555556,35.617376944444445,299
139.23999,35.61836111111111,315
139.239965,35.618501944444446,315
139.23989,35.61861888888889,314
139.23979,35.61869388888889,314
139.23897805555555,35.618985,318
139.23872805555555,35.619076944444444,318
139.23840305555555,35.61926,319
139.2382661111111,35.61931,319
139.23812805555556,35.61931888888889,323
139.23782805555555,35.61926,323
139.2376661111111,35.619235,325
139.2374911111111,35.61924388888889,325
139.2373411111111,35.619301944444445,326
139.23722805555556,35.61939388888889,326
139.23716611111112,35.61947694444444,327
139.23715305555555,35.61956888888889,328
139.23716611111112,35.61967694444444,329
139.23722805555556,35.61986888888889,333
139.23725305555556,35.619951944444445,337
139.2372411111111,35.62001,337
139.23719111111112,35.620135,334
139.23712805555556,35.62021,334
139.23671611111112,35.62046888888889,334
139.2364661111111,35.620585,336
139.23635305555555,35.62061,336
139.2362411111111,35.620601944444445,336
139.23620305555556,35.62059388888889,336
139.2354161111111,35.62041,339
139.2353411111111,35.620376944444445,339
139.23512805555555,35.62022694444445,343
139.23480388888888,35.62000194444445,348
139.2342911111111,35.619793888888886,355
139.23410388888888,35.61974388888889,358
139.2337411111111,35.619701944444444,358
139.23344111111112,35.61963611111111,359
139.2331911111111,35.61953611111111,359
139.2330661111111,35.619501944444444,359
139.2323788888889,35.61940194444445,368
139.23229111111112,35.61939388888889,367
139.23219111111112,35.61933611111111,369
139.23196611111112,35.619168888888886,368
139.2317661111111,35.61908611111111,369
139.2315788888889,35.61906111111111,369
139.23137888888888,35.61908611111111,369
139.2312161111111,35.61913611111111,373
139.23106611111112,35.61919388888889,378
139.2305538888889,35.61951888888889,379
139.23039111111112,35.619661111111114,383
139.23025388888888,35.61983611111111,384
139.2302161111111,35.61991888888889,386
139.2301911111111,35.61996111111111,386
139.2300911111111,35.620351944444444,389
139.23004111111112,35.62045194444445,392
139.2299661111111,35.62050194444444,393
139.2296538888889,35.62061,397
139.22949111111112,35.620685,395
139.22914194444445,35.62091888888889,395
139.2289288888889,35.62101,398
139.2287288888889,35.62104388888889,397
139.22843194444445,35.621026944444445,397
139.22843194444445,35.621026944444445,397
139.2282788888889,35.62101888888889,397
139.22816694444444,35.621001944444444,397
139.22801694444445,35.620935,396
139.2278538888889,35.620801944444445,397
139.22751694444443,35.62041111111111,393
139.2273788888889,35.62030194444444,386
139.22720388888888,35.62025194444445,386
139.22694194444443,35.62023611111111,386
139.2262538888889,35.620176944444445,382
139.22581694444443,35.62014388888889,377
139.2257038888889,35.62016888888889,375
139.22559194444443,35.62023611111111,378
139.22549194444446,35.62036111111111,376
139.2254538888889,35.62046888888889,377
139.2254288888889,35.62087694444445,377
139.22539194444445,35.62096888888889,378
139.2253038888889,35.621026944444445,378
139.22521694444444,35.62104388888889,377
139.2251038888889,35.62101888888889,377
139.22499194444444,35.620936111111114,376
139.22470388888888,35.620668888888886,366
139.2243288888889,35.620401944444446,367
139.22421694444444,35.62036111111111,368
139.22412888888888,35.62036888888889,368
139.22373,35.620443888888886,366
139.22358,35.62043611111111,365
139.22334194444446,35.62038611111111,365
139.22318,35.62038611111111,367
139.223005,35.62045194444445,368
139.22256694444445,35.62074388888889,356
139.22248,35.62081888888889,357
139.22224194444445,35.621161111111114,358
139.22214194444445,35.62121888888889,356
139.222055,35.621251944444445,353
139.22188,35.62126111111111,357
139.22161694444443,35.62115194444444,358
139.221555,35.62108611111111,356
139.22151694444443,35.62098611111111,356
139.22154194444445,35.62086111111111,354
139.22181694444444,35.62005194444444,338
139.22181694444444,35.61990194444444,338
139.22176694444445,35.619753055555556,344
139.221705,35.61967694444444,344
139.22131694444445,35.619276944444444,350
139.22128,35.61918611111111,350
139.22126694444444,35.619076944444444,350
139.221305,35.61895194444445,350
139.22159194444444,35.618453055555555,336
139.221705,35.61827805555556,333
139.22171694444444,35.618161111111114,332
139.221705,35.61806111111111,331
139.22161694444443,35.617978055555554,332
139.22154194444445,35.61791888888889,336
139.22148,35.61788611111111,334
139.22136694444444,35.61787805555556,335
139.22124194444444,35.61788611111111,333
139.22116694444443,35.61791888888889,329
139.22109194444445,35.61799388888889,327
139.22088,35.61849388888889,325
139.22083,35.61856888888889,328
139.22073,35.61866111111111,326
139.22021694444445,35.619011111111114,331
139.22013,35.619036111111114,331
139.22001694444444,35.619036111111114,329
139.219905,35.61899388888889,327
139.21981805555555,35.618926944444446,326
139.21978,35.61886111111111,327
139.219755,35.61872694444445,329
139.21983,35.61812805555556,317
139.21981805555555,35.61801111111111,317
139.21974194444445,35.61776888888889,320
139.21974194444445,35.61767805555556,320
139.21979305555556,35.61745305555556,315
139.21978,35.617378055555555,315
139.219655,35.61716111111111,319
139.21961694444445,35.61705305555556,314
139.21963,35.61693611111111,309
139.219805,35.61643611111111,305
139.219855,35.61637,305
139.22018,35.61597,305
139.22026694444443,35.61582805555555,302
139.22034194444444,35.615595,302
139.220405,35.615253055555556,306
139.22038,35.61512805555556,306
139.22031694444445,35.61503694444445,307
139.22021694444445,35.614978055555554,303
139.22011694444444,35.614945,303
139.22003,35.614936944444445,299
139.219205,35.61503694444445,296
139.21904305555555,35.615095,295
139.21894194444445,35.61517805555555,295
139.21889194444444,35.61526194444444,296
139.21888,35.615345,293
139.21868,35.61621111111111,288
139.21863,35.616303055555555,287
139.21859194444446,35.61637805555556,288
139.21839194444445,35.616703055555554,286
139.21833,35.616793888888886,283
139.21828,35.61691888888889,284
139.21813,35.617311111111114,281
139.21803,35.61741888888889,287
139.21788,35.61748611111111,285
139.21769194444445,35.61750305555555,282
139.21751694444444,35.61745305555556,283
139.21739194444444,35.61736888888889,281
139.21733,35.61727805555556,281
139.217305,35.61723611111111,281
139.21726694444445,35.617111111111114,279
139.21726694444445,35.61699388888889,277
139.21733,35.616461111111114,276
139.21733,35.616053055555554,268
139.217255,35.61573611111111,266
139.217155,35.61548611111111,267
139.21709305555555,35.61533611111111,268
139.21698,35.615195,266
139.21693,35.61517,266
139.21686805555555,35.61513611111111,267
139.21671694444444,35.615095,265
139.21649194444444,35.615095,264
139.21634194444445,35.61512805555556,265
139.21621694444445,35.61521111111111,262
139.216155,35.61530305555556,263
139.21596805555555,35.61567,256
139.21584305555555,35.61578611111111,257
139.21549305555556,35.61597,257
139.21541805555555,35.61602805555555,257
139.215355,35.616095,257
139.21531805555554,35.616145,255
139.215205,35.61645305555555,253
139.21518,35.61654388888889,253
139.21518,35.61662805555556,251
139.21523,35.61687805555555,248
139.21523,35.61696111111111,249
139.215205,35.61705305555556,245
139.215155,35.617111111111114,246
139.21508,35.61716888888889,245
139.21481805555555,35.61730305555555,246
139.214755,35.61734388888889,243
139.21471805555555,35.61741888888889,243
139.21466805555556,35.61763611111111,240
139.21464305555557,35.61769388888889,235
139.21459305555555,35.617736111111114,235
139.21454305555557,35.617778055555554,234
139.21446805555556,35.61779388888889,238
139.21439305555555,35.61781111111111,239
139.21429305555554,35.61781111111111,242
139.214205,35.617778055555554,237
139.213855,35.61758611111111,232
139.21343,35.61736111111111,236
139.21333,35.617311111111114,236
139.21324305555555,35.61727805555556,236
139.21308,35.617243888888886,238
139.21296805555556,35.617243888888886,238
139.21283,35.61729388888889,237
139.212755,35.61734388888889,237
139.21266805555555,35.61741111111111,237
139.212605,35.61748611111111,228
139.21243,35.61774388888889,227
139.21233,35.61783611111111,227
139.211855,35.618253055555556,226
139.21164305555556,35.61851111111111,216
139.21128,35.61906111111111,217
139.211055,35.61934388888889,219
139.210805,35.61957694444445,219
139.21064305555555,35.61969388888889,218
139.21044305555554,35.619793888888886,218
139.21014305555556,35.61990194444444,218
139.2099311111111,35.619951944444445,217
139.20974305555555,35.61999388888889,216
139.2096811111111,35.62000194444445,217
139.2095811111111,35.620018888888886,217
139.20918111111112,35.62005194444444,215
139.2091061111111,35.62006111111111,215
139.20829305555554,35.62011888888889,211
139.20819305555557,35.62012694444444,210
139.20756805555556,35.620176944444445,206
139.2074061111111,35.62021111111111,205
139.2070811111111,35.62028611111111,204
139.20681805555554,35.62036888888889,203
139.20648111111112,35.620511111111114,202
139.2061561111111,35.62067694444445,201
139.2053811111111,35.621093888888886,197
139.20520611111112,35.62119388888889,197
139.20509305555555,35.62126,197
139.2049561111111,35.62134388888889,197
139.20478111111112,35.62146,198
139.20456805555557,35.62164388888889,200
139.20410611111112,35.62216,201
139.20404305555556,35.62226,201
139.2040061111111,35.62236,202
139.20398111111112,35.62245194444444,201
139.20386805555555,35.622976944444446,203
139.20385611111112,35.623018055555555,205
139.2034561111111,35.623868055555555,206
139.20331805555554,35.62414305555556,201
139.20330611111112,35.62422611111111,196
139.20331805555554,35.62431,196
139.20340611111112,35.62446,190
139.2035561111111,35.62465111111111,196
139.2035811111111,35.62475111111111,196
139.2035811111111,35.62485111111111,195
139.20354305555554,35.62492611111111,191
139.2034811111111,35.62497611111111,191
139.2033811111111,35.62502611111111,186
139.20328111111112,35.625035,182
139.20318111111112,35.62502611111111,183
139.2025811111111,35.624785,194
139.20228111111112,35.62464305555556,199
139.20214305555555,35.624518055555555,198
139.20206805555554,35.62441,199
139.2020311111111,35.624285,198
139.2020811111111,35.62376,204
139.20206805555554,35.62370111111111,204
139.2020061111111,35.62354305555556,203
139.2019811111111,35.62327694444444,204
139.20186805555556,35.623018055555555,206
139.20184305555554,35.62296805555555,205
139.2017811111111,35.62291805555556,205
139.20148111111112,35.62276,203
139.20135611111112,35.622685,204
139.2012061111111,35.622593055555555,204
139.20109305555556,35.62247694444444,203
139.2010061111111,35.622351944444446,202
139.2008311111111,35.62201805555556,204
139.2007561111111,35.621876944444445,204
139.20066805555555,35.621785,204
139.2005311111111,35.62166,205
139.20045611111112,35.62161805555556,205
139.20021805555555,35.62151,205
139.19964305555555,35.621285,205
139.19956805555555,35.621251944444445,205
139.19951805555556,35.621235,205
139.1992561111111,35.621118055555556,205
139.1988311111111,35.62090194444445,206
139.19865611111112,35.620785,205
139.1985811111111,35.620735,204
139.19844305555554,35.620635,205
139.19820611111112,35.62051,206
139.19808111111112,35.62045194444445,208
139.19799305555554,35.620435,207
139.19776805555554,35.620418055555554,208
139.1975561111111,35.620401944444446,209
139.19744305555557,35.620385,212
139.19736805555556,35.62034305555556,212
139.19728111111112,35.62029305555556,211
139.19716805555555,35.620201944444446,211
139.1969811111111,35.62001,214
139.1969061111111,35.61989305555556,211
139.19681805555555,35.61974388888889,209
139.19673111111112,35.61960194444445,210
139.19664305555557,35.61944388888889,209
139.19659305555555,35.61934388888889,209
139.19644305555556,35.61905194444444,210
139.1963061111111,35.61876,207
139.19626805555555,35.61871,207
139.19619305555557,35.61864388888889,208
139.1958688888889,35.618435,207
139.1957561111111,35.61839388888889,211
139.19546888888888,35.61837694444444,218
139.19535611111112,35.61834388888889,220
139.1953188888889,35.61831,218
139.1951688888889,35.61821,216
139.1950938888889,35.61817694444444,216
139.1946061111111,35.61807694444445,215
139.19448111111112,35.618035,217
139.1943938888889,35.617985,215
139.1942938888889,35.61791,216
139.19423111111112,35.61781888888889,210
139.1942061111111,35.61772694444444,210
139.1941938888889,35.61761,209
139.1941938888889,35.61747694444445,209
139.1942688888889,35.61722694444445,206
139.1942688888889,35.617135,206
139.19424388888888,35.61706888888889,205
139.1941438888889,35.61694388888889,208
139.1940438888889,35.616835,209
139.19331888888888,35.616276944444444,209
139.19320611111112,35.61620194444444,209
139.1930811111111,35.61615194444445,208
139.1923938888889,35.61589388888889,209
139.1919188888889,35.615701944444446,207
139.1917188888889,35.61562694444444,205
139.19139388888888,35.61551111111111,203
139.1912188888889,35.61546111111111,203
139.19106888888888,35.615435,202
139.1909311111111,35.615435,202
139.1907938888889,35.61544388888889,202
139.19063111111112,35.615485,204
139.1904688888889,35.61554388888889,204
139.1902311111111,35.615651944444444,203
139.1900938888889,35.615718888888885,202
139.18993111111112,35.61579388888889,201
139.1895561111111,35.61596888888889,199
139.18913111111112,35.616135,199
139.1886311111111,35.61634388888889,196
139.1880688888889,35.616576944444446,200
139.1873688888889,35.61686,200
139.1866061111111,35.617201944444446,202
139.18641888888888,35.617285,202
139.1861688888889,35.617385,202
139.1855938888889,35.61756,203
139.18526888888888,35.61766,204
139.18508111111112,35.61771,206
139.1846688888889,35.61779305555556,208
139.18405694444445,35.617893055555555,209
139.18360694444445,35.61796,208
139.18336888888888,35.61800111111111,209
139.18328194444445,35.61801805555555,209
139.18308194444444,35.61806,212
139.18268194444445,35.61819305555556,215
139.18218194444444,35.61842611111111,214
139.18213194444445,35.61845111111111,215
139.18193194444444,35.61857611111111,215
139.1816938888889,35.618743055555555,216
139.18163194444443,35.61880111111111,217
139.18148194444444,35.61892611111111,217
139.18138194444444,35.61904305555556,216
139.1812688888889,35.61925111111111,222
139.1812438888889,35.61933388888889,224
139.18123194444445,35.61942611111111,224
139.1812438888889,35.620043055555556,229
139.18123194444445,35.620108888888886,229
139.1810688888889,35.62048388888889,226
139.18093194444444,35.62072611111111,227
139.18085694444446,35.62080888888889,226
139.1807188888889,35.620868055555555,226
139.18058194444444,35.62087611111111,227
139.18045694444444,35.620843055555554,228
139.18040694444446,35.62080111111111,229
139.18038194444443,35.620758888888886,229
139.1803438888889,35.62063388888889,227
139.18033194444445,35.62051805555556,228
139.18033194444445,35.62036805555555,227
139.18031888888888,35.620308888888886,225
139.1802438888889,35.62022611111111,225
139.1800438888889,35.62010111111111,225
139.17988194444445,35.62000888888889,228
139.17973194444446,35.61998388888889,226
139.1795438888889,35.62000111111111,221
139.17939388888888,35.620043055555556,219
139.1793438888889,35.62005888888889,219
139.17928194444445,35.62009305555556,217
139.17905694444445,35.62045111111111,224
139.17896888888887,35.62052611111111,219
139.17884388888888,35.62056805555556,219
139.17873194444445,35.62057611111111,218
139.17861888888888,35.62056805555556,217
139.1785188888889,35.62052611111111,215
139.1784188888889,35.62047611111111,216
139.17836888888888,35.62040888888889,215
139.1782188888889,35.62015888888889,214
139.17818194444445,35.62011805555556,214
139.17815694444445,35.62008388888889,213
139.1780938888889,35.62003388888889,214
139.17800694444443,35.62000111111111,214
139.1778938888889,35.61996805555555,213
139.1777688888889,35.61995888888889,213
139.17745694444446,35.619993055555554,213
139.17685694444444,35.62016805555555,214
139.17669388888888,35.62020111111111,214
139.1766188888889,35.62022611111111,217
139.17653194444443,35.62028388888889,216
139.17577,35.62106694444444,211
139.17567,35.62122611111111,216
139.17562,35.62137611111111,217
139.175545,35.62145888888889,218
139.17493194444444,35.62177611111111,218
139.174795,35.621808888888886,223
139.17470694444444,35.621808888888886,223
139.17462,35.62177611111111,219
139.17455694444445,35.62172611111111,219
139.17448194444444,35.62164305555556,216
139.17440694444446,35.621493055555554,217
139.17437,35.62142611111111,216
139.17420694444445,35.621158888888885,217
139.17415694444443,35.621116944444445,217
139.17387,35.62090111111111,217
139.17355694444444,35.620691944444445,216
139.17343194444445,35.62060888888889,213
139.17313194444444,35.620418055555554,208
139.17298194444444,35.62037611111111,211
139.17282,35.62038388888889,210
139.17265805555556,35.62045111111111,208
139.172495,35.62057611111111,207
139.17245694444443,35.620668055555555,209
139.172395,35.62088388888889,208
139.172295,35.62107611111111,207
139.172195,35.62119194444445,205
139.17200805555555,35.62125888888889,221
139.17182,35.62127611111111,208
139.171645,35.62124194444444,210
139.171495,35.621183888888886,199
139.17137,35.62107611111111,196
139.17128194444444,35.62096694444445,198
139.17122,35.620843055555554,202
139.171095,35.620533888888886,203
139.17108194444444,35.620401111111114,201
139.171095,35.62030111111111,200
139.17113194444445,35.62019194444444,197
139.17122,35.62009194444445,197
139.17162,35.61975888888889,193
139.17167,35.61966805555556,190
139.171695,35.61954305555555,192
139.17168305555555,35.619418055555556,192
139.17160805555557,35.61930111111111,194
139.17128194444444,35.618991944444446,190
139.171195,35.61887611111111,188
139.17113194444445,35.61877611111111,186
139.170845,35.61765111111111,186
139.17075805555555,35.617533888888886,187
139.17068194444445,35.617468055555555,187
139.17055805555555,35.617401111111114,188
139.170445,35.61737611111111,189
139.17010805555554,35.61734305555556,195
139.16998305555555,35.617308888888886,188
139.16988305555554,35.617268055555556,194
139.16980805555556,35.61718388888889,188
139.16977,35.61711805555556,192
139.169745,35.617043055555555,187
139.16975805555555,35.61696805555555,184
139.169795,35.61689305555556,182
139.169845,35.61682611111111,183
139.17020805555555,35.61650111111111,182
139.17028305555556,35.61640888888889,181
139.17033305555555,35.616343055555554,181
139.17035805555557,35.616258888888886,178
139.17035805555557,35.616143055555554,181
139.17030805555555,35.61582611111111,183
139.170295,35.61576,181
139.170295,35.61564305555556,177
139.170345,35.615543055555555,174
139.17042,35.61546805555555,174
139.17047,35.615435,174
139.17053305555555,35.61540111111111,174
139.17087,35.61526805555555,171
139.17093305555557,35.61522611111111,169
139.17108305555556,35.61512611111111,170
139.17118305555556,35.615035,171
139.17125805555557,35.61492611111111,171
139.17128305555556,35.61485111111111,173
139.17128305555556,35.61476,174
139.17125805555557,35.614693055555556,174
139.171195,35.61459305555555,178
139.171145,35.61454305555556,178
139.17102,35.614485,179
139.17097,35.614468055555555,179
139.17025805555556,35.61441,179
139.17015805555556,35.614401111111114,179
139.16970805555556,35.61421,177
139.16950805555555,35.61411805555556,178
139.16942,35.61409305555556,177
139.16907,35.61406,179
139.1685961111111,35.61401,179
139.16788305555556,35.613935,177
139.16772111111112,35.61391805555556,178
139.16763305555557,35.61391,178
139.16717111111112,35.61386,179
139.16708805555555,35.61416611111111,189
139.16708805555555,35.61416611111111,189
139.16705805555554,35.61427611111111,193
139.1670211111111,35.614335,195
139.16695805555557,35.61439305555555,196
139.1668961111111,35.614418055555554,196
139.16682111111112,35.61442611111111,196
139.16670805555555,35.61439305555555,197
139.16665805555556,35.614401111111114,197
139.16660805555554,35.61434305555556,197
139.16649611111112,35.614285,194
139.16643305555556,35.61427611111111,194
139.16630805555556,35.614285,193
139.16613305555555,35.61435111111111,194
139.16604611111111,35.614401111111114,193
139.1659461111111,35.614485,194
139.1655461111111,35.61488388888889,189
139.1655211111111,35.61493388888889,190
139.1655211111111,35.61503388888889,190
139.16567111111112,35.61528388888889,202
139.16570805555557,35.61535111111111,203
139.16570805555557,35.61542611111111,203
139.16569611111112,35.61550111111111,204
139.16560805555557,35.61565888888889,204
139.16530805555556,35.61600111111111,206
139.1652711111111,35.61605111111111,206
139.1651961111111,35.61625111111111,209
139.1651461111111,35.61631805555555,209
139.16508305555556,35.61635888888889,213
139.16500805555555,35.61638388888889,213
139.16490805555554,35.61640111111111,211
139.16463305555556,35.616418055555556,207
139.1645211111111,35.61643388888889,206
139.16443305555555,35.61644305555556,205
139.1643961111111,35.61646805555556,207
139.16408305555555,35.61678388888889,208
139.16400805555554,35.61685888888889,208
139.16380805555556,35.61705111111111,203
139.1642961111111,35.61735888888889,202
139.16438305555556,35.61750111111111,210
139.16438305555556,35.61755111111111,210
139.1642711111111,35.61780888888889,215
139.1641711111111,35.61798388888889,212
139.16413305555557,35.61806694444444,207
139.16412111111111,35.618183888888886,205
139.1641461111111,35.618366944444446,202
139.16415805555556,35.618493055555554,201
139.16413305555557,35.61855111111111,201
139.16405805555556,35.618608888888886,201
139.16389611111111,35.61866805555555,203
139.1637961111111,35.61872611111111,199
139.16348305555556,35.61898388888889,195
139.16315805555556,35.61926694444445,198
139.1630461111111,35.61929194444444,198
139.16204611111112,35.61948388888889,188
139.16195805555554,35.61950888888889,187
139.1618711111111,35.619551111111114,186
139.16165805555556,35.61969194444445,186
139.16158305555555,35.61974194444444,186
139.16153305555557,35.61975888888889,180
139.1614461111111,35.61975888888889,180
139.16128305555554,35.61971694444444,178
139.16122,35.6197,178
139.16122,35.6197,178
139.16100805555556,35.619641944444446,178
139.16093305555555,35.61962611111111,179
139.16088305555556,35.61962611111111,180
139.1606088888889,35.61962611111111,179
139.1605088888889,35.61963388888889,179
139.15968388888888,35.619791944444444,189
139.15957111111112,35.61983388888889,191
139.1592711111111,35.61991694444445,193
139.1588461111111,35.62000888888889,191
139.1587461111111,35.62002611111111,190
139.15854611111112,35.62002611111111,190
139.1582838888889,35.62000888888889,192
139.15819611111112,35.620016944444444,193
139.15809611111112,35.620041944444445,195
139.1580461111111,35.62005888888889,195
139.1579461111111,35.62010111111111,194
139.1578961111111,35.62015,197
139.15788388888888,35.62020888888889,194
139.15788388888888,35.62025,192
139.1579338888889,35.620475,192
139.1579338888889,35.62059194444444,194
139.15788388888888,35.620733888888886,189
139.1578338888889,35.62083388888889,189
139.15774611111112,35.620925,187
139.15764611111112,35.62098388888889,184
139.1575711111111,35.621,186
139.15752111111112,35.62101694444444,183
139.1569961111111,35.621091944444444,179
139.15687111111112,35.62110888888889,178
139.1567088888889,35.62113388888889,179
139.1564461111111,35.62115,179
139.15639611111112,35.621141944444446,179
139.15629611111112,35.621116944444445,179
139.1562338888889,35.62108388888889,178
139.15604611111112,35.620941944444446,178
139.1559838888889,35.620916944444446,178
139.1559211111111,35.62090888888889,178
139.1558588888889,35.62090888888889,178
139.15569694444446,35.62093388888889,178
139.1548838888889,35.62106694444444,176
139.1542838888889,35.62123388888889,180
139.1541588888889,35.62128388888889,180
139.15354694444446,35.6215,184
139.15352194444444,35.62150805555556,184
139.15345888888888,35.621541944444445,184
139.15342194444443,35.62155805555555,185
139.15333388888888,35.62165,185
139.15329694444443,35.62169194444444,185
139.15327194444444,35.62173305555555,185
139.15312194444445,35.62205,180
139.15300888888888,35.62229194444444,179
139.1528588888889,35.62240805555555,182
139.1525838888889,35.62269194444445,181
139.1524838888889,35.62280805555555,181
139.15229694444446,35.6231,180
139.1522338888889,35.62315805555556,179
139.1521588888889,35.62320805555556,180
139.1519338888889,35.62331611111111,181
139.15185888888888,35.62331611111111,182
139.1518088888889,35.62331611111111,182
139.1517088888889,35.62339111111111,182
139.1516088888889,35.62345,183
139.1511088888889,35.62364111111111,184
139.15102194444444,35.62368305555555,183
139.15097194444445,35.623733055555554,185
139.15095888888888,35.623775,185
139.1509338888889,35.62380805555556,186
139.1509338888889,35.62388305555555,186
139.15095888888888,35.623975,186
139.15099694444444,35.62404111111111,187
139.15109694444445,35.624208055555556,187
139.15117194444446,35.624425,188
139.15117194444446,35.62451611111111,188
139.1511088888889,35.624608055555555,188
139.1509338888889,35.624825,189
139.1509088888889,35.62486611111111,189
139.15057194444444,35.62524888888889,190
139.15031,35.62546611111111,191
139.15024694444443,35.62550805555556,191
139.150235,35.62551611111111,191
139.149885,35.62567388888889,192
139.14979694444443,35.62572388888889,192
139.14974694444444,35.62579111111111,192
139.14959694444445,35.62594111111111,192
139.14936,35.62618305555556,192
139.14917194444445,35.62636611111111,195
139.14911,35.62641611111111,194
139.14901,35.62651611111111,196
139.14879694444446,35.62670694444444,197
139.14872194444445,35.62681611111111,197
139.14867194444443,35.62690805555555,197
139.14864694444444,35.627023888888885,197
139.14864694444444,35.62714111111111,197
139.14866,35.62728194444445,197
139.14869694444445,35.627383055555555,197
139.14874694444444,35.627473888888886,197
139.148835,35.62759111111111,197
139.14904694444445,35.62779111111111,197
139.149185,35.62792388888889,197
139.14924694444446,35.62801611111111,196
139.149285,35.62812388888889,197
139.14931,35.628231944444444,197
139.149335,35.62844111111111,198
139.14932194444444,35.628548888888886,197
139.14931,35.62858305555555,198
139.149285,35.62864888888889,198
139.14921,35.628748888888886,198
139.14909694444444,35.628816111111114,199
139.14896,35.628906944444445,199
139.14894694444445,35.62891611111111,199
139.14882194444445,35.628973888888886,199
139.148435,35.62914111111111,199
139.14829694444444,35.62920694444445,198
139.147835,35.62940694444445,199
139.14761,35.629506944444444,199
139.14714694444444,35.62970694444444,199
139.14702194444445,35.62976611111111,199
139.146885,35.629823888888886,199
139.14671,35.62986611111111,199
139.14654694444445,35.62988194444444,205
139.14636,35.62988194444444,205
139.145485,35.62977388888889,206
139.14531,35.629781944444446,208
139.145135,35.62983194444445,208
139.14497305555557,35.62994,208
139.144885,35.630023888888886,208
139.144835,35.630115,209
139.14459805555555,35.63079,217
139.14452305555557,35.63093194444444,217
139.14437305555555,35.63104,217
139.14424805555555,35.631098888888886,217
139.14374805555556,35.631215,217
139.14312305555555,35.631348055555556,218
139.1430611111111,35.63139805555556,218
139.14301111111112,35.631465,218
139.14281111111111,35.631915,218
139.14274805555556,35.63204805555556,218
139.14268611111112,35.63214,219
139.14222305555555,35.632556944444445,219
139.14212305555554,35.63264,219
139.14199805555555,35.63279,219
139.14178611111112,35.633115,219
139.14129805555555,35.63359805555555,224
139.1412361111111,35.633673055555555,224
139.1412361111111,35.63375611111111,224
139.1412611111111,35.63388111111111,224
139.14139805555556,35.63419805555556,224
139.14143611111112,35.634315,225
139.14142305555555,35.63444,226
139.1413611111111,35.634573055555556,228
139.14102305555556,35.63493111111111,227
139.14096111111112,35.63500611111111,226
139.1408111111111,35.63538111111111,227
139.14069805555556,35.63574805555555,227
139.14054805555554,35.63619805555555,227
139.14049805555555,35.63628111111111,228
139.14042305555554,35.63637305555555,229
139.14028611111112,35.63648888888889,229
139.13979,35.636735,231
139.13979,35.636735,231
139.13974805555554,35.63675611111111,231
139.13963611111112,35.63686388888889,233
139.13954805555557,35.63699694444445,233
139.13952305555554,35.637073055555554,234
139.13949888888888,35.63715611111111,234
139.13949805555555,35.63730611111111,235
139.13951111111112,35.63741388888889,236
139.1395611111111,35.63749694444444,239
139.1397861111111,35.637796944444446,242
139.13992305555556,35.638038888888886,241
139.1399861111111,35.63822305555556,240
139.14008611111112,35.63849694444445,242
139.14004805555555,35.63854694444444,242
139.1397861111111,35.63873888888889,249
139.1398861111111,35.638871944444446,249
139.1400111111111,35.639181111111114,247
139.14002305555556,35.639246944444444,249
139.13999805555557,35.63930611111111,247
139.13962305555555,35.63998888888889,249
139.13961111111112,35.64002194444444,251
139.1391988888889,35.640613888888886,249
139.13917388888888,35.64068,249
139.13916111111112,35.640705,249
139.13917388888888,35.640796944444446,248
139.1392111111111,35.64088888888889,248
139.13952305555554,35.641221944444446,252
139.13986111111112,35.641621944444445,255
139.13996111111112,35.641688888888886,253
139.1402111111111,35.641821944444445,260
139.14028611111112,35.641888888888886,263
139.1404861111111,35.64217194444444,265
139.14049805555555,35.642221944444444,265
139.14047305555556,35.64228,265
139.14037305555556,35.64243805555556,263
139.14037305555556,35.642505,260
139.14039805555555,35.642563055555556,258
139.14047305555556,35.642605,260
139.14067305555557,35.642696944444445,270
139.14073611111112,35.64274694444445,270
139.14092305555556,35.642988055555556,277
139.14094805555555,35.64304694444444,275
139.1410111111111,35.643355,276
139.14108611111112,35.64364694444444,277
139.14114805555556,35.643746944444445,283
139.1412361111111,35.64384694444445,287
139.1412861111111,35.64398,286
139.14133611111112,35.64423,290
139.14133611111112,35.644421944444446,293
139.14131111111112,35.64451305555556,294
139.14114805555556,35.644863055555554,294
139.14112305555557,35.64496305555556,294
139.1411361111111,35.64519611111111,293
139.14119805555555,35.64543,291
139.14122305555554,35.645471111111114,290
139.14127305555556,35.64552111111111,290
139.14139805555556,35.64558,291
139.1415861111111,35.64566305555555,301
139.14164805555555,35.645763055555555,300
139.1418111111111,35.64628,303
139.14187305555555,35.64638,303
139.14201111111112,35.64649611111111,309
139.14211111111112,35.646555,309
139.14262305555556,35.64684611111111,306
139.1427611111111,35.64696305555555,307
139.1428361111111,35.64705388888889,310
139.1429361111111,35.64725388888889,312
139.14297305555556,35.64737888888889,311
139.1429861111111,35.64752111111111,312
139.1429361111111,35.64785388888889,323
139.1429611111111,35.64798805555556,322
139.14303611111112,35.64816305555556,322
139.1431611111111,35.64830388888889,323
139.14347305555555,35.648563055555556,317
139.14382305555554,35.64875388888889,320
139.14392305555555,35.64881305555556,318
139.14449805555554,35.64907888888889,323
139.144585,35.649188055555555,324
139.14469805555555,35.64946194444445,328
139.14477305555556,35.64960388888889,324
139.14487305555556,35.64972111111111,324
139.14502305555555,35.64982111111111,324
139.145135,35.64987111111111,326
139.14577305555557,35.65004611111111,325
139.14644805555557,35.65036194444444,341
139.146985,35.65056194444445,341
139.147285,35.650661944444444,348
139.14799805555555,35.650846111111115,343
139.14829694444444,35.650953888888886,345
139.148485,35.65107111111111,347
139.14902305555555,35.65152111111111,347
139.149135,35.65157888888889,349
139.14929694444444,35.65163694444445,350
139.14984694444445,35.65177111111111,359
139.149885,35.651786944444446,354
139.14997194444445,35.651828888888886,359
139.15004694444445,35.65191305555555,361
139.15009805555556,35.652011944444446,360
139.15012305555555,35.65213694444444,364
139.15009805555556,35.65233805555555,360
139.15004694444445,35.652861944444446,356
139.15006,35.65302888888889,359
139.150085,35.653103888888886,359
139.15017194444445,35.65320388888889,360
139.150485,35.65342888888889,359
139.15064694444445,35.65352111111111,359
139.15076,35.65353694444445,359
139.15091,35.65353694444445,359
139.151035,35.65352111111111,360
139.15114694444443,35.653511944444446,362
139.15171,35.65353694444445,365
139.15206,35.65356194444445,366
139.152085,35.65357888888889,366
139.152085,35.65361194444444,366
139.15206,35.65378694444444,368
139.15206,35.65382888888889,368
139.15212194444445,35.653911944444445,369
139.152135,35.65397111111111,369
139.15217194444443,35.654086944444444,368
139.152185,35.65412111111111,369
139.15236,35.65425388888889,372
139.152385,35.65428694444444,372
139.152535,35.65459611111111,375
139.15254694444445,35.65471194444444,375
139.15256,35.65502111111111,376
139.152585,35.65507888888889,376
139.15267194444445,35.65517111111111,379
139.15276,35.65522111111111,379
139.15311,35.655386944444444,378
139.15316,35.65542888888889,380
139.15321,35.65547888888889,379
139.153235,35.65557,382
139.153235,35.655645,382
139.15319694444443,35.655811944444444,380
139.15319694444443,35.65591194444445,384
139.15324694444445,35.656036944444445,386
139.15331,35.656103888888886,386
139.15349694444444,35.65617,385
139.15372194444444,35.65620388888889,386
139.15399694444446,35.65618694444444,388
139.1544338888889,35.65622888888889,395
139.1545088888889,35.65622888888889,395
139.1548338888889,35.65612,395
139.1548838888889,35.65612,395
139.15494694444445,35.65612888888889,396
139.15515888888888,35.656195,399
139.1554588888889,35.65632,402
139.1556338888889,35.65642,402
139.15599694444444,35.65672,407
139.15603388888889,35.65677,411
139.15607194444445,35.656895,409
139.1560838888889,35.656995,409
139.15607194444445,35.65707888888889,410
139.1560088888889,35.65725388888889,412
139.1560088888889,35.657286944444444,412
139.15603388888889,35.657361944444446,412
139.1561338888889,35.65761194444445,415
139.15614694444446,35.65765388888889,415
139.15614694444446,35.65787,416
139.15614694444446,35.657936944444444,418
139.15624694444443,35.658211944444446,420
139.15640888888888,35.65866194444445,426
139.15640888888888,35.658861944444446,428
139.1564338888889,35.658945,429
139.1564588888889,35.65898694444444,429
139.15673388888888,35.659328055555555,434
139.1567838888889,35.65937,435
139.15687194444445,35.659395,435
139.15702194444444,35.65947805555555,435
139.1571338888889,35.659578055555556,436
139.15719694444445,35.65967,439
139.15727194444443,35.65982805555556,447
139.15730888888888,35.65987,447
139.1573588888889,35.659895,453
139.1574588888889,35.659928055555554,445
139.15765888888888,35.659945,443
139.1577088888889,35.659936944444446,446
139.15775888888888,35.65990305555555,446
139.15782194444444,35.659686944444445,446
139.1578311111111,35.65965611111111,446
139.1578311111111,35.65965611111111,446
139.15787194444445,35.659528055555555,448
139.1586088888889,35.65806194444445,477
139.15865888888888,35.65787,478
139.15867194444445,35.657803888888886,482
139.15865888888888,35.657745,480
139.1586088888889,35.65763694444444,485
139.15843388888888,35.657395,490
139.15842194444446,35.65735388888889,490
139.15843388888888,35.657311944444444,491
139.15847194444444,35.65727888888889,488
139.15854694444445,35.65726194444444,488
139.15859694444444,35.65726194444444,489
139.15864694444446,35.65727888888889,489
139.15867194444445,35.657295,491
139.15869694444444,35.657345,492
139.1588088888889,35.657736944444444,502
139.15889694444445,35.657936944444444,509
139.15889694444445,35.658045,509
139.15879694444445,35.658361944444444,506
139.15879694444445,35.65842,506
139.15882194444444,35.65847,500
139.15887194444446,35.658495,500
139.15892194444444,35.658495,509
139.1589588888889,35.65848694444445,509
139.15904694444444,35.658436944444446,517
139.1590588888889,35.65840388888889,517
139.1590588888889,35.658361944444444,517
139.15902194444445,35.65810388888889,522
139.15902194444445,35.65797888888889,522
139.1590338888889,35.65785388888889,522
139.15904694444444,35.65763694444444,515
139.15907194444443,35.65757888888889,515
139.15912194444445,35.657545,514
139.15919694444443,35.65750388888889,514
139.1597588888889,35.65738694444445,517
139.15990888888888,35.657378888888886,517
139.15997194444444,35.657395,517
139.16022194444446,35.65755388888889,523
139.16029694444444,35.65757888888889,528
139.1603838888889,35.65757888888889,527
139.16044694444443,35.657536944444445,526
139.16047194444445,35.65747888888889,526
139.16045888888888,35.65741194444445,523
139.16039694444444,35.65725388888889,523
139.16032194444443,35.65709611111111,522
139.1601838888889,35.65687888888889,517
139.16000888888888,35.656728888888885,518
139.15990888888888,35.65662888888889,517
139.15980888888888,35.656461944444445,515
139.1597588888889,35.65635388888889,518
139.1597088888889,35.656196111111115,526
139.1597088888889,35.65613694444444,526
139.15974694444444,35.656061944444446,527
139.15982194444445,35.65602888888889,526
139.15990888888888,35.65604611111111,528
139.15994694444444,35.656086944444446,528
139.15997194444444,35.65615388888889,524
139.1600588888889,35.65653694444445,522
139.1600838888889,35.65657888888889,519
139.1601838888889,35.65669611111111,520
139.1605588888889,35.65699611111111,538
139.1606588888889,35.65706194444444,534
139.16092194444445,35.65716194444445,536
139.16129694444444,35.657286944444444,539
139.16139694444445,35.65734611111111,538
139.1615338888889,35.65744611111111,542
139.1616338888889,35.657536944444445,546
139.16177194444444,35.657696111111115,547
139.16203388888889,35.65807,557
139.1620838888889,35.65817,557
139.16207111111112,35.658253888888886,557
139.1620088888889,35.65835388888889,556
139.16193388888888,35.658436944444446,554
139.1618588888889,35.65847,561
139.1617838888889,35.65848694444445,561
139.1616588888889,35.65847888888889,584
139.1615211111111,35.65842,573
139.16107194444444,35.658045,566
139.16099694444443,35.658011944444446,568
139.16094694444445,35.657995,564
139.16084694444444,35.658011944444446,568
139.16054694444443,35.65808694444444,571
139.16049694444445,35.658095,571
139.16035888888888,35.65808694444444,577
139.15999694444446,35.65803694444445,580
139.1599338888889,35.65803694444445,580
139.1598588888889,35.65806194444445,580
139.1598338888889,35.65810388888889,580
139.15982194444445,35.65813694444444,582
139.15984694444444,35.658211944444446,582
139.15988388888888,35.658245,581
139.1599338888889,35.65826194444445,587
139.15999694444446,35.658253888888886,587
139.16034694444446,35.65820388888889,590
139.16044694444443,35.65820388888889,591
139.1607588888889,35.65822,591
139.1608338888889,35.65823694444445,596
139.16092194444445,35.65828694444444,594
139.16099694444443,35.65833694444444,599
139.16124694444446,35.65865388888889,605
139.1614088888889,35.65880388888889,609
139.16150888888887,35.65887,607
139.16205888888888,35.65911194444445,608
139.1628211111111,35.65941194444444,610
139.1628838888889,35.65942888888889,610
139.16364611111112,35.659395,618
139.16373388888888,35.65937,640
139.1637838888889,35.65933694444445,642
139.1638338888889,35.659261944444445,616
139.1639211111111,35.65913694444444,609
139.1640338888889,35.65907888888889,607
139.1641461111111,35.659036944444445,608
139.1642838888889,35.659011944444444,611
139.16433388888888,35.65902,616
139.1647211111111,35.659103888888886,623
139.16479611111112,35.659103888888886,626
139.1649088888889,35.659095,627
139.16499611111112,35.659061944444446,627
139.1657338888889,35.65867111111111,640
139.1662838888889,35.65826194444445,650
139.16658388888888,35.65807888888889,655
139.16670888888888,35.65802111111111,657
139.16682111111112,35.65799611111111,658
139.16704611111112,35.65800388888889,665
139.1673088888889,35.65805388888889,664
139.1674338888889,35.65811194444444,669
139.1675211111111,35.65812888888889,669
139.16762111111112,35.658121111111114,669
139.1676838888889,35.65807888888889,668
139.16784611111112,35.65787111111111,669
139.16784611111112,35.657828888888886,669
139.16783388888888,35.657803888888886,669
139.1676588888889,35.65768694444444,672
139.1672211111111,35.65730388888889,688
139.16717111111112,35.65725388888889,688
139.16715888888888,35.65719611111111,688
139.16715888888888,35.657136944444446,688
139.1672211111111,35.65710388888889,688
139.16727111111112,35.65709611111111,685
139.16735888888888,35.65712111111111,684
139.1674211111111,35.65716194444445,684
139.1675588888889,35.65732888888889,686
139.16760888888888,35.65737111111111,689
139.16780888888889,35.65752111111111,692
139.16793388888888,35.65757111111111,691
139.1683211111111,35.65764611111111,692
139.16834694444444,35.65765388888889,691
139.16834694444444,35.65765388888889,691
139.1683711111111,35.65766194444444,691
139.16852111111112,35.657736944444444,688
139.1685461111111,35.65777888888889,687
139.1685588888889,35.65783694444445,683
139.1685961111111,35.65837111111111,686
139.16862111111112,35.65842111111111,686
139.1686961111111,35.65847888888889,686
139.1688961111111,35.658586944444444,678
139.1692711111111,35.65879611111111,664
139.16932111111112,35.658836944444445,664
139.1693338888889,35.65889611111111,660
139.1693338888889,35.65893694444444,660
139.1692711111111,35.65916194444444,668
139.1692711111111,35.659196111111115,668
139.16930888888888,35.65922888888889,672
139.1693588888889,35.65922111111111,664
139.1693961111111,35.659196111111115,664
139.16952111111112,35.658861944444446,656
139.16952111111112,35.658811944444444,656
139.1694961111111,35.65877111111111,655
139.1691211111111,35.65844611111111,659
139.16907111111112,35.658361944444444,660
139.1690461111111,35.65826194444445,654
139.1690461111111,35.65807888888889,647
139.16907111111112,35.65802111111111,647
139.1691211111111,35.657961944444445,645
139.1694961111111,35.65768694444444,640
139.16963388888888,35.65757111111111,637
139.1697088888889,35.65755388888889,637
139.16995888888889,35.65747888888889,632
139.17012111111111,35.65740388888889,618
139.17022111111112,35.65735388888889,618
139.1702588888889,35.65730388888889,617
139.1702961111111,35.65720388888889,618
139.1702961111111,35.65716194444445,618
139.17022111111112,35.65692111111111,628
139.17022111111112,35.65687111111111,633
139.1702338888889,35.65683805555555,626
139.1702838888889,35.65681305555555,626
139.17032111111112,35.65683805555555,626
139.1703961111111,35.657136944444446,615
139.1704088888889,35.65729611111111,614
139.1703838888889,35.65743805555555,613
139.1703588888889,35.657511944444444,611
139.1702461111111,35.65762888888889,608
139.1701711111111,35.657671111111114,599
139.1697211111111,35.65788694444444,620
139.1696838888889,35.657936944444444,609
139.16965888888888,35.65807111111111,622
139.16967111111111,35.65813694444444,609
139.16973388888889,35.658228888888885,620
139.1697961111111,35.65827888888889,610
139.1701588888889,35.65844611111111,620
139.1702961111111,35.658521111111114,610
139.1704961111111,35.65864611111111,598
139.1705838888889,35.65870388888889,593
139.1706088888889,35.65875388888889,593
139.1706088888889,35.65880388888889,589
139.1705961111111,35.65885388888889,589
139.17053388888888,35.659103888888886,600
139.17054611111112,35.65914611111111,598
139.1705961111111,35.659171111111114,594
139.17070805555556,35.65918694444444,590
139.17089611111112,35.65920388888889,584
139.17093305555557,35.65922111111111,584
139.17095805555556,35.65924611111111,585
139.1709711111111,35.65952111111111,579
139.17098305555555,35.65955388888889,579
139.17105805555556,35.65967888888889,575
139.1710711111111,35.659711944444446,575
139.1710461111111,35.659753888888886,575
139.17085805555556,35.65994611111111,579
139.17079611111112,35.660086944444444,574
139.17078305555555,35.660145,566
139.17077111111112,35.660495,575
139.17079611111112,35.660536944444445,569
139.17083305555556,35.66057888888889,576
139.17089611111112,35.660603888888886,570
139.1709461111111,35.660603888888886,570
139.17100805555555,35.66057888888889,570
139.1710461111111,35.660536944444445,568
139.17105805555556,35.66048694444444,568
139.17102111111112,35.66020388888889,557
139.17102111111112,35.66016194444445,557
139.17105805555556,35.66012,557
139.17125805555557,35.65997111111111,553
139.17138305555557,35.65990388888889,550
139.1714211111111,35.659861944444444,553
139.17145805555555,35.65981194444444,546
139.17157111111112,35.659621111111115,544
139.1715961111111,35.65960388888889,544
139.1716461111111,35.659596111111114,544
139.17180805555554,35.65961194444444,536
139.1718461111111,35.65960388888889,536
139.17189611111112,35.65957888888889,532
139.17223305555555,35.65936194444444,528
139.1723211111111,35.65929611111111,531
139.17234611111112,35.65925388888889,527
139.17234611111112,35.659196111111115,529
139.17233305555555,35.65916194444444,533
139.17224611111112,35.65907111111111,533
139.1722211111111,35.65904611111111,536
139.1722211111111,35.65898694444444,535
139.17225805555555,35.65872111111111,526
139.17225805555555,35.65866194444445,520
139.17224611111112,35.658611944444445,520
139.17220805555556,35.65856194444444,523
139.1719961111111,35.65837888888889,531
139.1719711111111,35.65833694444444,531
139.17195805555556,35.65829611111111,525
139.17198305555556,35.65823694444445,525
139.17204611111111,35.65821305555556,519
139.17212111111112,35.65821305555556,519
139.1721711111111,35.658253888888886,519
139.17220805555556,35.65829611111111,519
139.17238305555554,35.65862888888889,517
139.1726211111111,35.659036944444445,518
139.17275805555556,35.659171111111114,515
139.1727711111111,35.65920388888889,515
139.1727711111111,35.65924611111111,515
139.17270805555555,35.65935388888889,514
139.17270805555555,35.65938694444444,514
139.17273305555557,35.65941194444444,514
139.1727961111111,35.65942111111111,517
139.17285805555557,35.65941194444444,517
139.1728961111111,35.65938694444444,519
139.1729711111111,35.65929611111111,516
139.17308305555557,35.65918694444444,513
139.17320805555556,35.65913694444444,511
139.1736711111111,35.65907111111111,500
139.17417111111112,35.65905388888889,497
139.17423305555556,35.65904611111111,497
139.1743461111111,35.65902111111111,504
139.17442111111112,35.658988055555554,488
139.17458305555556,35.65890388888889,493
139.17470805555556,35.65887111111111,488
139.17518305555555,35.65879611111111,479
139.17523305555557,35.65879611111111,479
139.1753961111111,35.658813055555555,479
139.17548305555556,35.65880388888889,469
139.17568305555557,35.65873805555555,465
139.175745,35.65873805555555,465
139.17590805555557,35.65875388888889,465
139.17600805555554,35.65876194444444,459
139.17622,35.65872888888889,458
139.17630805555555,35.65872888888889,457
139.17662,35.658813055555555,461
139.17668305555554,35.65882111111111,449
139.176845,35.65882888888889,448
139.17690805555554,35.65882888888889,448
139.17695805555556,35.65884611111111,448
139.177045,35.65889611111111,463
139.17712,35.65894611111111,460
139.17715805555557,35.65896305555555,460
139.17720805555555,35.65896305555555,460
139.17727,35.65896305555555,460
139.17733305555555,35.65893805555555,460
139.177495,35.65886305555556,438
139.17762,35.65882888888889,438
139.17770805555554,35.65882888888889,436
139.177745,35.65884611111111,436
139.17783194444445,35.65893805555555,437
139.17800805555555,35.65916305555555,434
139.178095,35.65934611111111,462
139.17812,35.659396111111114,456
139.17815694444445,35.65942111111111,456
139.17827,35.65947111111111,462
139.17832,35.65947888888889,462
139.178495,35.65947888888889,446
139.178595,35.65947888888889,433
139.17867,35.65947111111111,422
139.17873305555557,35.659463055555555,422
139.17877,35.659463055555555,422
139.17882,35.65947888888889,419
139.178895,35.65952111111111,417
139.17897,35.65958805555555,440
139.179045,35.65962888888889,425
139.17938305555555,35.65973805555556,424
139.17948194444443,35.65976194444445,415
139.179545,35.65977111111111,415
139.17963194444445,35.65976194444445,409
139.17972,35.65974611111111,411
139.17992,35.659661944444444,409
139.17998194444445,35.659661944444444,409
139.18007,35.65967888888889,422
139.18022,35.65972111111111,409
139.18037,35.65979611111111,407
139.180445,35.65985388888889,404
139.18047,35.65990388888889,404
139.18048194444444,35.65997111111111,404
139.180495,35.66023805555555,404
139.18048194444444,35.66027888888889,404
139.18025694444444,35.66086305555555,399
139.180245,35.66090388888889,399
139.180245,35.660963055555555,399
139.18025694444444,35.66099611111111,399
139.18030694444445,35.66103694444445,399
139.18053194444445,35.661186944444445,398
139.18058194444444,35.66121305555556,398
139.18072,35.661253888888886,400
139.18078194444445,35.66127111111111,400
139.180845,35.66127111111111,400
139.1810438888889,35.66127111111111,401
139.18113194444445,35.66127111111111,399
139.18120694444445,35.66129611111111,399
139.1813938888889,35.66134611111111,400
139.1816188888889,35.66144611111111,398
139.18166888888888,35.66148694444444,393
139.18170694444444,35.66152888888889,393
139.18175694444443,35.661636944444446,395
139.1819438888889,35.661946111111114,392
139.18203194444445,35.662036944444445,389
139.1821688888889,35.66216305555555,389
139.18221888888888,35.66219611111111,389
139.1822938888889,35.66222111111111,386
139.18289388888888,35.66232111111111,380
139.18295694444444,35.66232888888889,380
139.1829938888889,35.66234611111111,382
139.1830938888889,35.662396111111114,378
139.18315694444445,35.662438055555555,376
139.18324388888888,35.66254611111111,376
139.1832938888889,35.66257111111111,379
139.18369388888888,35.66274611111111,369
139.18385694444444,35.66280388888889,371
139.18430694444444,35.66290388888889,367
139.18438194444445,35.662936944444446,366
139.18443194444444,35.66297111111111,366
139.18448194444446,35.66301194444444,366
139.18463111111112,35.663178888888886,365
139.1846688888889,35.66325388888889,363
139.1847811111111,35.66364611111111,365
139.1848061111111,35.66367888888889,366
139.18485611111112,35.663711944444444,366
139.1849061111111,35.66372888888889,359
139.18526888888888,35.66374611111111,356
139.1853188888889,35.66375388888889,356
139.1858938888889,35.66405388888889,349
139.1863561111111,35.66424611111111,348
139.1863938888889,35.66425388888889,348
139.1864561111111,35.66425388888889,348
139.1865061111111,35.66423694444445,348
139.18678111111112,35.664096111111114,341
139.1871688888889,35.66401194444445,340
139.18720611111112,35.66400388888889,340
139.1874938888889,35.66382888888889,337
139.18758111111111,35.663786944444446,337
139.18810611111113,35.663671111111114,336
139.18834388888888,35.66359611111111,331
139.1884311111111,35.663561944444446,331
139.1885438888889,35.663536944444445,328
139.1886188888889,35.663536944444445,328
139.1887811111111,35.66352111111111,327
139.1888438888889,35.66352111111111,327
139.1889811111111,35.66349611111111,327
139.1890061111111,35.663488055555554,327
139.1890561111111,35.66346305555555,327
139.1891688888889,35.66339611111111,329
139.18949305555554,35.66354611111111,328
139.18989305555556,35.66382888888889,324
139.18994305555555,35.66385388888889,324
139.19001805555556,35.66387111111111,324
139.19011805555556,35.66386305555555,324
139.1902061111111,35.66382888888889,324
139.19071805555555,35.66350388888889,327
139.19085611111112,35.66346305555555,325
139.19094305555555,35.66346305555555,325
139.1910311111111,35.66347888888889,324
139.19111805555556,35.66352111111111,325
139.19174305555555,35.66407111111111,318
139.19181805555556,35.66415388888889,318
139.19185611111112,35.66417888888889,318
139.1919311111111,35.66420388888889,318
139.1921561111111,35.66426194444445,318
139.1922311111111,35.66431305555555,317
139.19231805555555,35.664386944444445,318
139.1924561111111,35.664563055555554,317
139.19251805555555,35.664746111111114,317
139.19256805555557,35.66489611111111,317
139.19265611111112,35.66505388888889,318
139.1926811111111,35.665078888888885,317
139.19278111111112,35.66512888888889,316
139.1928061111111,35.66516305555555,316
139.19303,35.665686944444445,315
139.19308,35.66578805555555,315
139.19308,35.66579611111111,315
139.19323,35.66604611111111,312
139.193255,35.66612111111111,311
139.19326805555556,35.66618694444445,311
139.19326805555556,35.66627111111111,311
139.193255,35.666338055555556,310
139.19323,35.666378888888886,310
139.19309305555555,35.66663805555556,310
139.193005,35.666803888888886,309
139.19299305555555,35.66686194444444,310
139.19298,35.666936944444444,311
139.193005,35.66697888888889,309
139.19304305555556,35.66705388888889,309
139.193105,35.66708694444444,309
139.193405,35.66727111111111,309
139.19346805555554,35.66729611111111,308
139.193555,35.66731194444444,308
139.193705,35.66732888888889,308
139.194105,35.66732888888889,306
139.194205,35.66734611111111,307
139.19426694444445,35.667386944444445,306
139.194405,35.66754611111111,306
139.19456805555555,35.66780388888889,302
139.19458,35.66786194444445,302
139.19458,35.66820388888889,301
139.19518,35.66872111111111,308
139.19524194444443,35.66876194444445,304
139.19533,35.668796111111114,307
139.19541694444445,35.668796111111114,307
139.19548,35.66877111111111,299
139.19628,35.66841194444444,296
139.19639194444446,35.66837888888889,296
139.19648,35.66837888888889,295
139.19658,35.66841194444444,295
139.19668,35.66847888888889,296
139.19671694444443,35.66852111111111,296
139.19749194444444,35.66922888888889,306
139.197555,35.66927111111111,306
139.19764194444446,35.66929611111111,304
139.1977288888889,35.66929611111111,304
139.1978038888889,35.66927888888889,306
139.19787888888888,35.66922888888889,306
139.198505,35.66842111111111,291
139.19858,35.66837888888889,293
139.19868,35.668371111111114,293
139.19878,35.66838694444444,293
139.19889194444445,35.668438055555555,292
139.19967888888888,35.66896194444445,296
139.19974194444444,35.66899611111111,296
139.19981694444445,35.66901194444444,299
139.19989194444443,35.66899611111111,296
139.19996694444444,35.66893694444445,296
139.2000538888889,35.66881305555555,295
139.20009194444444,35.66872111111111,292
139.2001788888889,35.668463055555556,290
139.20024194444446,35.668103888888886,280
139.200255,35.66805388888889,280
139.200305,35.668011944444444,280
139.20039194444445,35.66799611111111,282
139.20048,35.66800388888889,287
139.20056694444443,35.66802888888889,286
139.20081694444445,35.668171111111114,289
139.20089194444444,35.66819611111111,288
139.20154194444444,35.66827888888889,293
139.20172888888888,35.66827111111111,289
139.20226694444443,35.66819611111111,282
139.20234194444444,35.66820388888889,282
139.20286694444445,35.66835388888889,279
139.20332888888888,35.66848805555556,277
139.2036038888889,35.668613055555554,274
139.20366694444445,35.66864611111111,272
139.2037288888889,35.66870388888889,275
139.20420388888888,35.66918694444445,282
139.2042788888889,35.66923805555555,286
139.20441694444443,35.66930388888889,280
139.2047038888889,35.66941194444444,278
139.2048288888889,35.66945388888889,281
139.2050788888889,35.66954611111111,277
139.20536694444445,35.66962111111111,274
139.20576694444443,35.66977111111111,274
139.20584194444444,35.66979611111111,275
139.20592888888888,35.669803888888886,273
139.20627888888887,35.669803888888886,269
139.20636694444445,35.66981194444445,267
139.20650388888888,35.66985388888889,266
139.20657888888888,35.669896111111115,265
139.20661694444445,35.66992888888889,265
139.20679194444443,35.67005388888889,264
139.20686694444444,35.67007888888889,264
139.20695388888888,35.670096111111114,263
139.2075788888889,35.67010388888889,260
139.2077788888889,35.67012888888889,261
139.20795388888888,35.67017111111111,261
139.20886694444445,35.67043694444445,258
139.20919194444446,35.67073694444444,259
139.20932888888888,35.670836944444446,259
139.2094038888889,35.67087111111111,258
139.2095038888889,35.67089611111111,259
139.2097288888889,35.67092111111111,258
139.20991694444444,35.67093694444444,258
139.21006694444443,35.67097888888889,257
139.21021694444445,35.67105388888889,258
139.21055388888888,35.67117888888889,258
139.2109538888889,35.671371111111114,256
139.2115411111111,35.67116194444444,255
139.2122038888889,35.67102888888889,254
139.21239111111112,35.67100388888889,254
139.21271611111112,35.67099611111111,253
139.2135788888889,35.67102111111111,253
139.2137661111111,35.67102888888889,253
139.21385388888888,35.67102111111111,252
139.2139038888889,35.67099611111111,250
139.2140161111111,35.67085388888889,253
139.21429111111112,35.67054611111111,256
139.21442888888888,35.670428888888885,255
139.21462888888888,35.670321111111114,252
139.21474111111112,35.67027888888889,251
139.2154538888889,35.66999611111111,255
139.2157038888889,35.669896111111115,256
139.2160661111111,35.66977111111111,254
139.21621611111112,35.66974611111111,254
139.21635388888888,35.66975388888889,254
139.21642888888888,35.66977888888889,255
139.2165411111111,35.66982888888889,255
139.2166288888889,35.669896111111115,255
139.2167411111111,35.67003694444445,255
139.21697805555556,35.67107,253
139.2169661111111,35.67111194444445,253
139.21695305555556,35.67122888888889,253
139.21690305555555,35.67133694444444,252
139.21669111111112,35.67153694444445,253
139.21644111111112,35.67177888888889,254
139.2163911111111,35.67182,254
139.2163161111111,35.671945,254
139.2162538888889,35.67212888888889,250
139.2161661111111,35.67286194444444,245
139.21612888888887,35.67317,245
139.2161538888889,35.673245,246
139.21620305555555,35.67332888888889,246
139.21660305555557,35.67372888888889,246
139.21685305555556,35.673895,248
139.2170911111111,35.67400388888889,249
139.2174161111111,35.674128055555556,248
139.2175161111111,35.67415305555556,247
139.21762805555556,35.67416194444444,246
139.21771611111112,35.67416194444444,246
139.21802805555555,35.674053055555554,243
139.2180661111111,35.674045,243
139.21842805555556,35.673995,243
139.2189911111111,35.67397,243
139.21905305555555,35.67396194444444,243
139.21929111111112,35.67392805555556,242
139.2193411111111,35.67392,242
139.21975305555554,35.673853055555554,241
139.21990305555556,35.673836944444446,241
139.22002805555556,35.673853055555554,240
139.22012805555556,35.673878055555555,240
139.22020305555554,35.673903055555556,241
139.22022805555557,35.67391194444444,240
139.2205661111111,35.67408694444445,235
139.2210661111111,35.67440305555556,235
139.22119111111112,35.674436944444444,234
139.22160305555556,35.674528055555555,233
139.22175305555555,35.67456194444444,234
139.22259,35.67478694444444,234
139.22277805555555,35.67481194444444,233
139.22294,35.67481194444444,234
139.22310305555555,35.67477,230
139.22322805555555,35.674695,234
139.223265,35.67465305555555,230
139.22332805555556,35.674595,230
139.223565,35.674045,235
139.22360305555554,35.67387,233
139.22360305555554,35.673645,232
139.22357805555555,35.67340305555555,231
139.22320305555556,35.672536944444445,230
139.22319,35.67241194444444,230
139.223215,35.672311944444445,230
139.22327805555557,35.67222805555556,231
139.224065,35.671845,232
139.224565,35.67158694444444,232
139.22475194444445,35.67152,232
139.22480194444444,35.671503055555554,233
139.22492694444443,35.67147,233
139.225465,35.67132,230
139.225665,35.671261111111114,230
139.22579,35.671245,227
139.225915,35.67122805555555,226
139.22622694444445,35.67125305555555,223
139.22649,35.671261111111114,223
139.22670194444444,35.671295,222
139.226865,35.67133611111111,223
139.22692694444444,35.671345,222
139.227115,35.67142805555556,221
139.22732694444446,35.671545,222
139.227515,35.67167805555555,223
139.2278638888889,35.672018888888886,223
139.22792694444445,35.67207805555555,222
139.22835194444446,35.67249388888889,222
139.2284388888889,35.672553055555554,222
139.22855194444443,35.672578055555554,224
139.22910194444444,35.672578055555554,224
139.22926388888888,35.67256111111111,224
139.2293138888889,35.67254388888889,222
139.22942694444444,35.67250305555555,223
139.23028888888888,35.67206888888889,221
139.2306888888889,35.67186111111111,219
139.23086388888888,35.67179388888889,218
139.23155111111112,35.67154388888889,215
139.2317011111111,35.67148611111111,214
139.2321261111111,35.671301944444444,217
139.2322638888889,35.67124388888889,216
139.2326011111111,35.67111888888889,216
139.2327261111111,35.67105194444444,217
139.2328511111111,35.67095194444445,218
139.2329388888889,35.67084388888889,218
139.23301388888888,35.67071888888889,217
139.23302611111112,35.67069388888889,217
139.2331888888889,35.670276944444446,217
139.23325111111112,35.67021888888889,216
139.2336388888889,35.669893888888886,214
139.23388888888888,35.66968611111111,212
139.2339511111111,35.66959388888889,211
139.2339761111111,35.66950305555556,211
139.2339888888889,35.66936888888889,211
139.23399111111112,35.66916111111111,211
139.23399111111112,35.66916111111111,211
139.2340011111111,35.66849388888889,211
139.2340011111111,35.66841888888889,212
139.2339888888889,35.66806111111111,213
139.2340011111111,35.66800305555556,212
139.2340511111111,35.66793611111111,212
139.23413888888888,35.667878055555555,210
139.23425111111112,35.667836111111114,209
139.23437611111112,35.66781888888889,208
139.2346761111111,35.667836111111114,207
139.2352388888889,35.66784388888889,208
139.23538888888888,35.667836111111114,209
139.23608805555557,35.66775194444445,209
139.23616305555555,35.66773611111111,209
139.23663805555555,35.66762694444444,207
139.23695111111113,35.66756111111111,207
139.23710111111112,35.667543888888886,206
139.23728805555555,35.667543888888886,206
139.23748805555556,35.66757694444444,206
139.23775111111112,35.66764388888889,206
139.23812611111111,35.66775194444445,206
139.2382511111111,35.66778611111111,206
139.23856305555555,35.66786,204
139.23876305555555,35.66791888888889,204
139.23915,35.668135,204
139.23966305555555,35.66841888888889,203
139.2397,35.66844388888889,203
139.23978805555555,35.668485,203
139.24033694444444,35.668735,202
139.24036194444443,35.668751944444445,202
139.24065,35.668843055555556,202
139.24078805555556,35.668868055555556,201
139.24166194444444,35.668985,202
139.24213694444444,35.66905111111111,202
139.24271194444444,35.669135,202
139.24306194444443,35.669185,202
139.24364888888888,35.66927611111111,203
139.24383694444444,35.66931,202
139.24399888888888,35.66931805555556,202
139.24424888888888,35.66931805555556,203
139.24434888888888,35.66930111111111,203
139.24441194444444,35.669268055555555,203
139.24448694444445,35.669243055555555,205
139.24456194444446,35.66918388888889,206
139.2448488888889,35.66894305555556,205
139.24498694444443,35.66885888888889,205
139.24537388888888,35.66860111111111,209
139.24553694444444,35.66845111111111,209
139.24563694444444,35.66830111111111,207
139.24586194444444,35.667901111111114,206
139.24593694444445,35.66772611111111,205
139.2461238888889,35.66719305555556,203
139.24626194444446,35.66700888888889,205
139.2466611111111,35.66670888888889,205
139.24673611111112,35.666668055555554,206
139.2468111111111,35.666626111111114,206
139.24683611111112,35.666626111111114,206
139.2468988888889,35.66661805555555,207
139.2476738888889,35.66668388888889,203
139.24784888888888,35.66672611111111,202
139.24843611111112,35.66700111111111,199
139.2484988888889,35.66702611111111,199
139.2490488888889,35.66717611111111,198
139.24919888888888,35.66721805555556,198
139.2495238888889,35.667293055555554,197
139.2498238888889,35.667318055555555,197
139.2500611111111,35.66733388888889,199
139.25026111111112,35.66737611111111,198
139.2503111111111,35.66739305555556,198
139.25048611111112,35.66744305555556,197
139.2508238888889,35.66759305555556,197
139.2509611111111,35.66766805555555,197
139.2510861111111,35.66777611111111,196
139.25117305555557,35.66785888888889,196
139.25129805555557,35.66797611111111,196
139.2514361111111,35.66810888888889,196
139.25149805555554,35.66817611111111,197
139.25154805555556,35.668218055555556,197
139.25161111111112,35.66824305555556,198
139.25194805555554,35.66834305555555,198
139.2528111111111,35.66856694444444,196
139.25309805555557,35.66865888888889,195
139.25351111111112,35.668816944444444,195
139.25382305555556,35.66893388888889,192
139.25398611111112,35.66898388888889,191
139.25463611111113,35.66907611111111,189
139.25469805555556,35.66908388888889,189
139.25511111111112,35.669091944444446,189
139.25572305555556,35.669091944444446,188
139.255935,35.66915888888889,187
139.25599805555555,35.66917611111111,187
139.25606,35.669218055555554,187
139.25626,35.66935888888889,186
139.25644805555555,35.66950111111111,186
139.256685,35.66970111111111,185
139.25687305555556,35.669893055555555,185
139.25699805555556,35.67002611111111,184
139.257235,35.670276111111114,184
139.25754694444444,35.670608888888886,184
139.25762194444445,35.67069194444444,184
139.25772194444446,35.67078388888889,184
139.25789694444444,35.670966944444444,184
139.25816,35.67125111111111,183
139.25857305555556,35.671683888888886,183
139.25911,35.672266944444445,182
139.25919694444445,35.67236694444444,182
139.259435,35.67260888888889,181
139.260085,35.67195888888889,180
139.26036,35.671683888888886,180
139.26041,35.671641944444445,181
139.26064694444443,35.67140888888889,182
139.26079694444445,35.67126694444445,183
139.26152194444444,35.67055888888889,187
139.26169694444445,35.67039194444445,189
139.26216,35.669983888888886,198
139.26226,35.669893055555555,199
139.26274694444444,35.66952611111111,211
139.2637161111111,35.668821944444446,209
139.2637161111111,35.668821944444446,209
139.26399694444444,35.668618055555555,209
139.2642338888889,35.66850111111111,208
139.26437194444443,35.668458888888885,207
139.26452194444445,35.66842611111111,207
139.26512194444445,35.668368055555554,205
139.26529694444446,35.66834305555555,204
139.2655088888889,35.66829305555556,202
139.26565888888888,35.66823388888889,201
139.2663088888889,35.667926111111115,198
139.2667338888889,35.667701111111114,195
139.26704694444444,35.66746805555555,189
139.26709694444443,35.66741805555556,188
139.26745888888888,35.66706805555555,185
139.26768388888888,35.66677611111111,184
139.26782194444445,35.66654305555556,187
139.2679838888889,35.66622611111111,188
139.26804694444445,35.66609305555556,189
139.26812194444443,35.66582611111111,191
139.26815888888888,35.66560111111111,197
139.26819694444444,35.66517694444445,196
139.2683338888889,35.66301,208
139.2684338888889,35.66164388888889,217
139.26847194444446,35.66111,219
139.26849694444445,35.66096,221
139.26859694444445,35.660668888888885,223
139.2686588888889,35.66055194444444,223
139.26882194444445,35.66031111111111,222
139.2689088888889,35.66021888888889,222
139.2689838888889,35.660136111111115,222
139.26912194444444,35.66001888888889,222
139.26918388888888,35.65996111111111,222
139.26938388888888,35.65982694444445,222
139.27077194444445,35.659168888888885,218
139.2713838888889,35.658878055555554,209
139.2718088888889,35.65859388888889,209
139.27220888888888,35.65826888888889,207
139.2724088888889,35.658076944444446,205
139.2731588888889,35.65723611111111,194
139.2732838888889,35.65710305555555,194
139.27357194444446,35.656818888888886,193
139.2738838888889,35.65656111111111,192
139.27389694444443,35.65656111111111,193
139.27412194444443,35.65638611111111,192
139.27425888888888,35.65627805555555,192
139.27452194444444,35.656078055555554,190
139.27477194444444,35.65582805555555,189
139.27493388888888,35.65558611111111,189
139.27519694444445,35.65513611111111,187
139.27547194444443,35.65467805555556,186
139.27583388888888,35.65411111111111,185
139.27599694444444,35.653911111111114,183
139.2761711111111,35.65376111111111,182
139.27629611111112,35.65366111111111,182
139.27718388888889,35.65288694444445,184
139.2770711111111,35.652453055555554,186
139.2768088888889,35.65145305555556,189
139.27679694444444,35.65135388888889,190
139.27672194444443,35.650845,196
139.27667194444444,35.65022888888889,197
139.27665888888887,35.65012888888889,196
139.2766838888889,35.64987,200
139.27669694444444,35.64975388888889,199
139.27673388888888,35.649636944444445,198
139.27679694444444,35.649495,199
139.27704694444444,35.64906194444445,199
139.2773838888889,35.64847888888889,188
139.27757194444445,35.64822111111111,188
139.27777194444445,35.64802111111111,188
139.2780588888889,35.64782888888889,186
139.27822194444445,35.64776194444445,185
139.27847194444445,35.647661944444444,184
139.27872194444444,35.647528888888885,179
139.27902194444445,35.64735388888889,179
139.27954694444443,35.64680388888889,177
139.27968388888888,35.64671194444445,177
139.2798711111111,35.64662111111111,175
139.2798961111111,35.64649611111111,174
139.27992111111112,35.64644611111111,174
139.2803461111111,35.64602111111111,175
139.2805711111111,35.645738055555555,174
139.28060888888888,35.645628888888886,174
139.28062111111112,35.645563055555556,174
139.28062111111112,35.64550388888889,173
139.28058388888888,35.64537111111111,171
139.2805211111111,35.64522888888889,172
139.28035888888888,35.64499611111111,171
139.2803088888889,35.644888055555555,173
139.2802838888889,35.64472111111111,172
139.28029694444444,35.64459611111111,169
139.28032194444444,35.64453805555556,169
139.28037194444445,35.64445388888889,169
139.2804338888889,35.64436305555556,168
139.28060888888888,35.644128888888886,167
139.28070888888888,35.64398805555555,166
139.28074694444445,35.64394611111111,166
139.2808838888889,35.64373805555555,165
139.2811338888889,35.643413055555556,163
139.28118388888888,35.64333805555555,163
139.28129694444445,35.643188055555555,164
139.2814711111111,35.64288,166
139.2815338888889,35.64272111111111,166
139.2816961111111,35.64241305555556,170
139.2816511111111,35.64239888888889,170
</coordinates>
</LineString>
</Placemark>
</Document>
</kml>
