<?xml version="1.0" encoding="UTF-8"?>
<kml xmlns="http://www.opengis.net/kml/2.2" xmlns:atom="http://www.w3.org/2005/Atom">
<Document>
<name>54代プレ合宿　2日目</name>
<atom:author>
<atom:name>ぐんまあ</atom:name>
</atom:author> 
<atom:link href="https://latlonglab.yahoo.co.jp/route/watch?id=d4ca8c2b31d3cb6f812efcc695a6e8f5" />
<description><![CDATA[2016年6月19日(日)実施
54代プレ合宿2日目
72km 1300UP

Start:草津高原オートキャンプ場
観光30分：1発目、草津温泉湯畑
写真：国道最高所碑前
昼食・観光:渋峠レストハウス
フリーラン：3.7km,260UP,7%
　国道292分岐から笠ヶ岳登山口まで
エール：笠ヶ岳登山口
ゴール:長野駅]]></description>
<tags><![CDATA[wcc54th]]></tags>  
<Placemark>
<Style>
<LineStyle>
<color>99ff0000</color>
<width>6</width>
</LineStyle>
</Style>
<LineString>
<coordinates>
138.59682388888888,36.607953055555555,1178
138.59675388888888,36.608035,1179
138.59669194444444,36.608176944444445,1180
138.59661694444443,36.608376944444444,1181
138.5966038888889,36.60841805555555,1181
138.5964538888889,36.608685,1182
138.5963538888889,36.608785,1183
138.5961288888889,36.60895194444444,1184
138.59591694444444,36.609093055555554,1184
138.59393,36.609968055555555,1190
138.59383,36.61001,1190
138.59409194444444,36.61026805555556,1189
138.59416694444445,36.61031805555555,1188
138.5941288888889,36.61062611111111,1188
138.5940788888889,36.610835,1189
138.5937538888889,36.61116805555555,1189
138.59333,36.61135888888889,1190
138.59333,36.61151805555556,1192
138.593305,36.611626111111114,1195
138.59321694444444,36.61177611111111,1196
138.59318,36.61193388888889,1199
138.59316694444445,36.61222611111111,1204
138.593155,36.61235888888889,1206
138.5930788888889,36.61264305555556,1207
138.59301694444446,36.61282611111111,1206
138.5929538888889,36.61290888888889,1207
138.59278,36.61313388888889,1207
138.59276694444443,36.61320888888889,1208
138.59276694444443,36.61330888888889,1207
138.59284194444444,36.61340888888889,1205
138.59243,36.613841944444445,1205
138.59188,36.614333888888886,1206
138.591605,36.61459305555555,1212
138.591555,36.61470888888889,1214
138.59154194444446,36.61485888888889,1215
138.59159194444445,36.615091944444444,1216
138.59179194444445,36.615366944444446,1217
138.59225388888888,36.61600888888889,1217
138.59225388888888,36.616126111111114,1218
138.59234194444446,36.61620888888889,1217
138.5924038888889,36.61630111111111,1218
138.59246694444445,36.61638388888889,1217
138.5926288888889,36.61678388888889,1218
138.5927538888889,36.61703388888889,1217
138.59280388888888,36.61711694444445,1217
138.59299194444444,36.61745888888889,1209
138.5932038888889,36.61778388888889,1206
138.5933038888889,36.61796694444445,1203
138.59337888888888,36.618251111111114,1199
138.59339194444445,36.61842611111111,1198
138.59331694444444,36.61897611111111,1197
138.59326694444445,36.619441944444446,1197
138.5932038888889,36.619883888888886,1197
138.59309194444444,36.62081694444444,1195
138.5936288888889,36.620825,1195
138.5938788888889,36.62081694444444,1193
138.59401694444443,36.6208,1192
138.59440388888888,36.62074194444445,1190
138.5945538888889,36.62075,1189
138.5947538888889,36.62078388888889,1188
138.59494194444446,36.620825,1186
138.5954911111111,36.62093388888889,1182
138.5957161111111,36.620975,1180
138.59599111111112,36.62103388888889,1178
138.5962661111111,36.621125,1175
138.5963911111111,36.621141944444446,1175
138.5964911111111,36.62110888888889,1176
138.59697888888888,36.62085,1175
138.59724111111112,36.621116944444445,1171
138.5973038888889,36.62120888888889,1171
138.59734111111112,36.62130888888889,1171
138.59734111111112,36.62140888888889,1171
138.59724111111112,36.621741944444445,1167
138.5971411111111,36.6219,1162
138.5970911111111,36.621925,1162
138.5968288888889,36.62218388888889,1158
138.59656388888888,36.622436111111114,1156
138.59656388888888,36.622436111111114,1156
138.5968288888889,36.62218388888889,1158
138.5970911111111,36.621925,1162
138.5971411111111,36.6219,1162
138.59724111111112,36.621741944444445,1167
138.59734111111112,36.62140888888889,1171
138.59734111111112,36.62130888888889,1171
138.5973038888889,36.62120888888889,1171
138.59724111111112,36.621116944444445,1171
138.59697888888888,36.62085,1175
138.5964911111111,36.62110888888889,1176
138.5963911111111,36.621141944444446,1175
138.5962661111111,36.621125,1175
138.59599111111112,36.62103388888889,1178
138.5957161111111,36.620975,1180
138.5954911111111,36.62093388888889,1182
138.59494194444446,36.620825,1186
138.5947538888889,36.62078388888889,1188
138.5945538888889,36.62075,1189
138.59440388888888,36.62074194444445,1190
138.59401694444443,36.6208,1192
138.5938788888889,36.62081694444444,1193
138.5936288888889,36.620825,1195
138.59309194444444,36.62081694444444,1195
138.5922038888889,36.620866944444444,1201
138.59177888888888,36.620891944444445,1202
138.59161694444444,36.620916944444446,1204
138.59056694444445,36.62113388888889,1210
138.59044194444445,36.621158888888885,1212
138.58986694444445,36.621275,1215
138.5898038888889,36.621291944444444,1215
138.58895388888888,36.62145805555556,1220
138.588505,36.62155,1222
138.58788,36.621675,1222
138.58778,36.6217,1222
138.58769194444446,36.62173305555555,1222
138.587605,36.621791944444446,1222
138.587555,36.621833055555555,1222
138.587455,36.62208305555556,1220
138.587405,36.62283305555555,1216
138.58736694444445,36.622975,1215
138.587305,36.623083055555554,1217
138.58719194444444,36.6232,1218
138.58703,36.623275,1215
138.58583,36.62365805555556,1215
138.58566694444445,36.623725,1215
138.58553,36.62380805555556,1217
138.58544194444445,36.62390805555555,1220
138.585305,36.624208055555556,1223
138.58536694444444,36.62569111111111,1228
138.58538,36.62599111111111,1225
138.58538,36.62614111111111,1221
138.58548,36.62647388888889,1221
138.58563,36.626733055555555,1222
138.58591694444445,36.62704111111111,1228
138.5861788888889,36.62723305555556,1232
138.58679194444446,36.62752388888889,1240
138.5869538888889,36.62759888888889,1241
138.5873038888889,36.62775805555555,1241
138.58754194444444,36.627898888888886,1242
138.58776694444444,36.628098888888886,1243
138.5880038888889,36.62853305555556,1244
138.58829194444445,36.62929111111111,1247
138.58831694444444,36.62942388888889,1248
138.5883038888889,36.62965805555555,1250
138.5882538888889,36.62981611111111,1252
138.58821694444444,36.62989888888889,1253
138.58809194444444,36.63005694444445,1253
138.5879788888889,36.630158055555555,1253
138.58770388888888,36.630316111111114,1254
138.5875538888889,36.63037388888889,1255
138.58606694444444,36.63104888888889,1266
138.5858538888889,36.63121611111111,1268
138.5857288888889,36.63136611111111,1271
138.58566694444445,36.63149111111111,1271
138.5855288888889,36.631881944444444,1274
138.58536694444444,36.632356944444446,1275
138.58531694444446,36.632506944444444,1276
138.5851788888889,36.63297388888889,1277
138.58514194444444,36.63309111111111,1276
138.58501694444445,36.633265,1275
138.5849538888889,36.63334888888889,1280
138.5847288888889,36.63350694444444,1280
138.58441694444446,36.633656944444446,1281
138.58417888888889,36.63368194444445,1281
138.58409194444445,36.63364888888889,1283
138.58401694444444,36.63359,1283
138.58397888888888,36.63354,1284
138.58391694444444,36.63339888888889,1285
138.5837038888889,36.632556944444445,1295
138.583655,36.632506944444444,1295
138.58354194444445,36.63243194444444,1294
138.58348,36.63241611111111,1294
138.58341694444445,36.63241611111111,1295
138.58328,36.63244888888889,1297
138.583205,36.63247388888889,1298
138.58308,36.63257388888889,1300
138.58241694444445,36.63307388888889,1304
138.58144194444444,36.63362388888889,1313
138.58113,36.63379888888889,1310
138.58079194444446,36.63394888888889,1312
138.580105,36.63418194444444,1315
138.57958,36.63433194444445,1322
138.57949194444444,36.63434,1320
138.579405,36.63434,1321
138.57926694444444,36.63429,1323
138.57921694444445,36.63424805555555,1325
138.57916805555556,36.63415694444444,1325
138.579155,36.63407388888889,1326
138.579155,36.634031944444445,1326
138.57919305555555,36.633965,1327
138.579355,36.633831944444445,1330
138.57983,36.633565,1330
138.579955,36.63345694444445,1331
138.57998,36.633365,1332
138.579955,36.63328194444444,1332
138.57993,36.633248888888886,1332
138.57989194444446,36.633215,1331
138.57981805555556,36.63319,1334
138.57971694444444,36.63317388888889,1336
138.57956694444445,36.63319888888889,1337
138.579255,36.63330694444444,1337
138.57906805555555,36.63339,1336
138.57863,36.633806944444444,1342
138.57846694444444,36.63388194444445,1344
138.578355,36.63388194444445,1345
138.578305,36.633865,1346
138.57821694444445,36.63382388888889,1347
138.57819305555554,36.63379,1347
138.578155,36.63369888888889,1344
138.57818,36.63359888888889,1346
138.57828,36.63345694444445,1346
138.57846694444444,36.63329,1345
138.57854194444445,36.63322388888889,1345
138.57874305555555,36.63308194444444,1349
138.57919305555555,36.63285694444444,1353
138.57943,36.63277388888889,1354
138.580905,36.632306944444444,1363
138.58121694444444,36.63219,1363
138.58146694444446,36.632081944444444,1362
138.58168,36.631973888888886,1362
138.581905,36.63179111111111,1361
138.58204194444446,36.63164111111111,1364
138.58213,36.63151611111111,1363
138.58228,36.63129111111111,1365
138.58239194444445,36.63109111111111,1367
138.58241694444445,36.63097388888889,1370
138.58236694444443,36.63077388888889,1373
138.582305,36.63070694444445,1375
138.58221694444444,36.63064888888889,1375
138.58209194444444,36.63059888888889,1377
138.58196694444445,36.630581944444444,1377
138.581755,36.63061611111111,1378
138.58048,36.63104111111111,1384
138.58026694444445,36.63111611111111,1387
138.58011805555554,36.63119888888889,1387
138.58003,36.631281944444446,1390
138.57966694444445,36.63162388888889,1395
138.57951694444444,36.631748888888886,1397
138.57946694444445,36.631765,1397
138.579355,36.63178194444444,1398
138.57929305555555,36.63178194444444,1399
138.57916805555556,36.63175694444445,1399
138.57873,36.631615,1404
138.57846694444444,36.63159888888889,1404
138.578155,36.631615,1404
138.57804305555555,36.63160694444444,1404
138.57798,36.63158194444444,1405
138.577955,36.63154888888889,1405
138.57793,36.631515,1405
138.57793,36.631481944444445,1405
138.578055,36.63110694444445,1403
138.57806805555555,36.63098194444444,1403
138.57801805555556,36.63084888888889,1403
138.57793,36.63077388888889,1404
138.57764305555557,36.63070694444445,1406
138.57744305555556,36.63071611111111,1407
138.576455,36.631215,1417
138.57614305555555,36.631256944444445,1418
138.575955,36.63115694444444,1419
138.57494305555556,36.63034888888889,1428
138.57474305555556,36.63009,1432
138.57471805555556,36.630015,1432
138.57471805555556,36.62979111111111,1434
138.5747561111111,36.62942388888889,1435
138.5747561111111,36.62932388888889,1436
138.5747311111111,36.62904888888889,1436
138.5747061111111,36.62896611111111,1437
138.57466805555555,36.62889888888889,1437
138.5744811111111,36.62879888888889,1441
138.5743061111111,36.62878194444444,1445
138.57396805555555,36.62880694444444,1443
138.57391805555557,36.62882388888889,1443
138.5738311111111,36.62887388888889,1443
138.57371805555556,36.628948888888885,1444
138.57364305555555,36.62904888888889,1444
138.57351805555555,36.62925694444444,1445
138.5733811111111,36.62964888888889,1447
138.57329305555555,36.629931944444444,1453
138.57330611111112,36.63029,1456
138.57331805555555,36.63037388888889,1456
138.5734061111111,36.630806944444444,1455
138.5734561111111,36.63104,1453
138.57341805555555,36.63118194444444,1457
138.57339305555556,36.63122388888889,1456
138.57330611111112,36.63129,1457
138.57324305555557,36.631323888888886,1457
138.57291805555556,36.63144,1462
138.57281805555556,36.63144888888889,1462
138.5725561111111,36.63144888888889,1462
138.5722311111111,36.631315,1465
138.57128111111112,36.630765,1471
138.5712061111111,36.63069888888889,1471
138.57115611111112,36.630631944444445,1472
138.5711061111111,36.63054888888889,1471
138.57103111111113,36.63028194444444,1472
138.57099305555556,36.62999888888889,1478
138.57093111111112,36.629731944444444,1482
138.57076805555556,36.62942388888889,1482
138.57048111111112,36.62902388888889,1484
138.57038111111112,36.62892388888889,1486
138.57026805555554,36.62884888888889,1488
138.57014305555555,36.62883194444444,1491
138.57001805555555,36.628906944444445,1492
138.5700061111111,36.628948888888885,1492
138.56991805555555,36.62945694444444,1494
138.56984305555557,36.62954888888889,1497
138.56976805555556,36.62960694444445,1496
138.56961805555557,36.62965694444444,1496
138.56948111111112,36.62965694444444,1495
138.56939305555557,36.62964,1495
138.56924305555555,36.62959,1495
138.5684811111111,36.62922388888889,1501
138.56820611111112,36.629115,1503
138.5679561111111,36.62904888888889,1505
138.5675688888889,36.629065,1508
138.56696888888888,36.62914,1516
138.56674388888888,36.629156944444446,1519
138.56653111111112,36.629115,1523
138.5664561111111,36.62909,1522
138.5660188888889,36.628865,1521
138.56596888888888,36.62883194444444,1523
138.5658938888889,36.62874,1522
138.5658688888889,36.628681944444445,1525
138.56571888888888,36.62815694444444,1526
138.5655811111111,36.62799888888889,1533
138.5654188888889,36.62799,1534
138.5653188888889,36.628065,1535
138.5653438888889,36.628481944444445,1533
138.5653188888889,36.62854,1535
138.5652438888889,36.62859888888889,1535
138.56516888888888,36.628615,1536
138.5651188888889,36.62859,1536
138.56503111111113,36.628523888888886,1538
138.56481888888888,36.62813194444445,1543
138.56480611111112,36.628015,1543
138.564815,36.62775194444445,1545
138.564815,36.62775194444445,1545
138.56481888888888,36.62764,1546
138.56481888888888,36.62735694444444,1547
138.5647561111111,36.62724,1550
138.56469388888888,36.627165,1551
138.5645311111111,36.62703194444445,1552
138.56434388888889,36.62693194444444,1553
138.56401888888888,36.62679,1554
138.5636061111111,36.62664,1553
138.56305694444444,36.626465,1560
138.56290694444445,36.62644888888889,1561
138.56266888888888,36.62647388888889,1563
138.56254388888888,36.62650694444444,1563
138.5625188888889,36.62657388888889,1565
138.5625188888889,36.62669888888889,1565
138.5625938888889,36.62684888888889,1565
138.56273194444444,36.627006944444446,1566
138.56288194444446,36.627115,1567
138.56293194444444,36.62714888888889,1565
138.56334388888888,36.62728194444445,1562
138.56344388888888,36.627381944444444,1564
138.56345611111112,36.627448888888885,1561
138.5634188888889,36.62749888888889,1562
138.5632811111111,36.62757388888889,1562
138.5631811111111,36.627581944444444,1563
138.56280694444445,36.627606944444445,1571
138.56221888888888,36.62764888888889,1577
138.56105694444443,36.62778194444444,1573
138.5608188888889,36.62777388888889,1584
138.5598688888889,36.627406944444445,1583
138.55965694444444,36.627381944444444,1584
138.5595688888889,36.627406944444445,1584
138.55943194444444,36.62748194444445,1584
138.55875694444444,36.627831944444445,1596
138.55859388888888,36.62788194444445,1596
138.55846888888888,36.62788194444445,1596
138.55833194444443,36.627831944444445,1595
138.55823194444446,36.62773194444444,1597
138.5582188888889,36.627615,1599
138.5582938888889,36.62749,1602
138.5586188888889,36.627265,1603
138.55873194444445,36.627215,1605
138.55913194444443,36.627065,1604
138.5593438888889,36.62704,1613
138.5596688888889,36.62704,1612
138.56029388888888,36.62708194444444,1611
138.56055694444444,36.62707388888889,1611
138.56064388888888,36.62703194444445,1611
138.5606688888889,36.62694,1613
138.56063194444445,36.62687388888889,1614
138.56051888888888,36.626815,1616
138.56035694444444,36.62677388888889,1617
138.5602438888889,36.626756944444445,1618
138.55990694444444,36.62674,1625
138.55915694444445,36.626765,1624
138.55856888888889,36.62679,1628
138.55811888888888,36.62689,1633
138.55790694444445,36.626956944444444,1636
138.5566188888889,36.627448055555554,1642
138.5564938888889,36.62748194444445,1643
138.55612,36.627565,1642
138.55580694444444,36.627565,1643
138.55548194444444,36.62750694444444,1645
138.554945,36.62729,1654
138.55407,36.62689805555556,1655
138.55387,36.626806944444446,1661
138.55363194444445,36.626765,1667
138.55347,36.626765,1667
138.55335694444443,36.626806944444446,1663
138.55333194444444,36.62684,1663
138.55328194444445,36.626965,1662
138.55335694444443,36.62712305555556,1663
138.55375694444444,36.627565,1669
138.55388194444444,36.62784,1676
138.553895,36.62794,1673
138.55385694444445,36.628015,1674
138.553795,36.628073055555554,1674
138.55290694444443,36.62874,1684
138.55273194444445,36.62892305555555,1684
138.55267,36.62903111111111,1682
138.55265694444444,36.62915611111111,1683
138.55273194444445,36.629223055555556,1686
138.55327,36.629398055555555,1685
138.55347,36.62954805555555,1684
138.55358194444443,36.62979,1693
138.55358194444443,36.62988111111111,1693
138.553545,36.630065,1696
138.55342,36.63038111111111,1695
138.55340694444445,36.630448055555554,1693
138.55340694444445,36.630565,1694
138.55342,36.63060611111111,1694
138.55352,36.630673055555555,1695
138.55378194444444,36.63065611111111,1694
138.55422,36.63053111111111,1694
138.55437,36.63049,1700
138.55548194444444,36.629823055555555,1714
138.5557938888889,36.62979,1716
138.5559188888889,36.629815,1715
138.55648194444444,36.629965,1716
138.5566188888889,36.630015,1718
138.55733194444446,36.630273055555556,1723
138.55758194444445,36.63037305555556,1723
138.55790694444445,36.630565,1723
138.55814388888888,36.63077305555556,1723
138.5582188888889,36.63094805555556,1726
138.55823194444446,36.631073055555554,1727
138.55818194444444,36.63124,1730
138.55804388888888,36.63139,1731
138.55785694444444,36.63144805555556,1732
138.55766888888888,36.631465,1733
138.55758194444445,36.63144805555556,1733
138.55740694444444,36.63138111111111,1734
138.55701888888888,36.63113111111111,1735
138.55675694444443,36.631015,1738
138.5565938888889,36.63099805555556,1739
138.5565188888889,36.63102305555555,1741
138.55643194444445,36.63108111111111,1742
138.55630694444446,36.63119,1743
138.5561438888889,36.63138111111111,1744
138.55589388888887,36.63178111111111,1749
138.55551888888888,36.63233888888889,1754
138.55519388888888,36.63280611111111,1759
138.5551438888889,36.63293888888889,1762
138.55515694444443,36.63315611111111,1763
138.5554938888889,36.63378111111111,1766
138.55565694444445,36.63413888888889,1771
138.55568194444444,36.63427305555555,1771
138.5556688888889,36.634323055555555,1771
138.5555938888889,36.63444805555555,1772
138.55545694444444,36.63450611111111,1774
138.5552688888889,36.634498055555554,1774
138.55381888888888,36.63368888888889,1785
138.55367,36.63358111111111,1786
138.553595,36.63346388888889,1787
138.55352,36.63332305555556,1788
138.55350694444445,36.633223055555554,1788
138.55350694444445,36.63296388888889,1793
138.553545,36.63235611111111,1795
138.553495,36.63218111111111,1797
138.553445,36.63212305555555,1797
138.55333194444444,36.63212305555555,1799
138.55325694444446,36.632173055555555,1799
138.55312,36.632331111111114,1802
138.552945,36.63260611111111,1803
138.55277,36.63278888888889,1803
138.55263194444444,36.632848055555556,1805
138.55240694444444,36.63290611111111,1809
138.551045,36.63306388888889,1814
138.55077,36.63308888888889,1815
138.55053305555555,36.633181111111114,1815
138.55045694444445,36.63323111111111,1817
138.550395,36.63336388888889,1823
138.55035805555556,36.633763888888886,1825
138.55015805555556,36.63400611111111,1833
138.549895,36.634146944444446,1832
138.54890805555556,36.63471388888889,1842
138.54730694444444,36.63534694444444,1851
138.54715694444445,36.63533888888889,1852
138.54707,36.63528888888889,1858
138.54703305555554,36.63524694444445,1858
138.54702,36.63516388888889,1862
138.547045,36.635131111111114,1862
138.547195,36.634996944444445,1866
138.547295,36.63495611111111,1865
138.547845,36.63480611111111,1864
138.54815805555555,36.63471388888889,1864
138.54850694444445,36.634481111111114,1873
138.548695,36.63426388888889,1873
138.54877,36.63410611111111,1876
138.54877,36.63402305555555,1876
138.548745,36.633963888888886,1875
138.54868194444444,36.63393111111111,1875
138.548595,36.633921944444445,1877
138.54850694444445,36.63394805555556,1878
138.54843194444445,36.63399694444445,1880
138.548195,36.63422305555556,1884
138.547995,36.63435611111111,1884
138.54768305555555,36.63444805555555,1882
138.54698305555556,36.63450611111111,1893
138.545395,36.63478111111111,1895
138.545295,36.634813888888885,1896
138.54520805555555,36.63487194444444,1897
138.54517,36.634946944444444,1895
138.54515805555556,36.63504694444445,1895
138.54522,36.635171944444444,1896
138.545945,36.63588111111111,1894
138.545995,36.635981111111114,1897
138.545995,36.63603888888889,1902
138.54588305555555,36.63612194444445,1905
138.545745,36.636096944444446,1904
138.54557,36.63599694444444,1903
138.54545805555554,36.635913888888886,1906
138.54457,36.635131111111114,1919
138.54447,36.63498888888889,1923
138.544445,36.63480611111111,1923
138.54448305555556,36.63471388888889,1923
138.54465805555554,36.63455611111111,1925
138.54580805555557,36.63417194444445,1925
138.54640805555556,36.63393111111111,1926
138.546595,36.63381388888889,1931
138.54665805555555,36.63373888888889,1933
138.54663305555556,36.633698055555556,1933
138.54657,36.63363888888889,1935
138.546445,36.63362194444444,1935
138.54617,36.63368111111111,1937
138.54592,36.63378888888889,1942
138.545545,36.63390611111111,1943
138.54543305555555,36.633921944444445,1944
138.54480805555556,36.63395611111111,1948
138.54432,36.63399694444445,1957
138.5438211111111,36.63407194444444,1956
138.54364611111112,36.634146944444446,1955
138.54348305555555,36.63426388888889,1953
138.54338305555555,36.634413888888886,1954
138.54338305555555,36.63445611111111,1953
138.5434461111111,36.63465611111111,1951
138.54368305555556,36.63514694444444,1953
138.54370805555556,36.635221944444446,1953
138.54372,36.635446944444446,1959
138.54372,36.63548111111111,1959
138.543645,36.635596944444444,1962
138.54340805555555,36.63578111111111,1962
138.54313305555556,36.63583111111111,1964
138.5429211111111,36.63581388888889,1965
138.54274611111111,36.63578888888889,1965
138.5425711111111,36.63570611111111,1966
138.54165805555556,36.63508888888889,1972
138.5413961111111,36.63506388888889,1972
138.54124611111112,36.63509694444444,1973
138.5411711111111,36.63515611111111,1972
138.5399711111111,36.63598,1982
138.53975805555555,36.63612194444445,1983
138.53965805555555,36.63626388888889,1986
138.5396211111111,36.636963888888886,1991
138.53957111111112,36.63701388888889,1991
138.53948305555556,36.63707194444444,1992
138.53922111111112,36.63713888888889,1992
138.5385961111111,36.63719694444445,1995
138.53820805555554,36.63717194444445,1997
138.53809611111112,36.637155,1998
138.53698305555557,36.63686388888889,2005
138.5368961111111,36.63684694444444,2005
138.53643305555556,36.63684694444444,2006
138.53635805555555,36.636855,2006
138.5355338888889,36.63703805555556,2006
138.53512111111112,36.637146944444446,2008
138.5338461111111,36.637438055555556,2013
138.53355888888888,36.637521944444444,2011
138.53277111111112,36.637996944444446,2012
138.5325711111111,36.638105,2012
138.53232111111112,36.63818805555555,2013
138.5318838888889,36.63824694444445,2015
138.53138388888888,36.638255,2017
138.53125888888889,36.638238055555554,2017
138.5309211111111,36.638205,2015
138.5301088888889,36.638155,2015
138.52917194444444,36.638255,2007
138.52872194444444,36.63833805555556,2007
138.52864694444443,36.63837111111111,2006
138.52844694444445,36.63849611111111,2006
138.52842194444443,36.63853805555556,2005
138.52822194444445,36.63888,2002
138.52794694444444,36.63913,2007
138.52764694444446,36.63922111111111,2003
138.5269088888889,36.639405,1996
138.52664694444445,36.63941305555556,1996
138.52657194444444,36.63938805555556,1996
138.52637194444443,36.63932888888889,1993
138.52614694444443,36.639288055555554,1987
138.5259838888889,36.63925388888889,1987
138.52587194444445,36.63926305555555,1986
138.52579694444444,36.639271111111114,1986
138.52573388888888,36.639313055555554,1986
138.52563388888888,36.63938805555556,1984
138.52560888888888,36.63943805555556,1984
138.52560888888888,36.63952888888889,1984
138.52564694444445,36.639588055555556,1984
138.52569694444443,36.63965388888889,1986
138.5259338888889,36.63985388888889,1984
138.5261088888889,36.639988055555555,1983
138.5261588888889,36.64003805555556,1983
138.52634694444444,36.64037888888889,1984
138.52642194444445,36.64062888888889,1976
138.5263838888889,36.64073805555556,1976
138.5263338888889,36.640788055555554,1978
138.52624944444443,36.64084027777778,1977
138.52624944444443,36.64084027777778,1977
138.5261588888889,36.64089611111111,1978
138.52569694444443,36.64107111111111,1975
138.5255338888889,36.64111305555556,1975
138.52532194444444,36.64111305555556,1969
138.5250088888889,36.641063055555556,1966
138.52497194444445,36.641063055555556,1966
138.52493388888888,36.64107111111111,1966
138.5249088888889,36.64108805555556,1966
138.5248588888889,36.64114611111111,1967
138.52480888888888,36.64124611111111,1968
138.52479694444443,36.64130388888889,1968
138.5246338888889,36.64189611111111,1984
138.52457194444443,36.641978888888886,1984
138.52449694444445,36.64202888888889,1986
138.5241088888889,36.64221194444445,1984
138.5240088888889,36.64223805555555,1987
138.5238838888889,36.64223805555555,1987
138.5236588888889,36.64210388888889,1986
138.52333388888889,36.641661944444444,1984
138.5231838888889,36.64147888888889,1986
138.52307194444444,36.64140388888889,1985
138.52280888888887,36.64124611111111,1985
138.52252194444443,36.64122888888889,1996
138.52226,36.641286944444445,1994
138.52171,36.641553888888886,2002
138.52157194444445,36.64159611111111,2005
138.52134694444445,36.64162888888889,2005
138.52071,36.64164611111111,2004
138.52029694444445,36.64167888888889,2007
138.519985,36.64172888888889,2007
138.51981,36.64183805555555,2013
138.51967194444444,36.641978888888886,2015
138.51962194444445,36.642088055555554,2014
138.51964694444445,36.64215388888889,2014
138.51972194444446,36.64223694444444,2014
138.51979694444444,36.642271111111114,2016
138.51989694444444,36.64228694444444,2016
138.52181,36.642271111111114,2024
138.52191,36.642271111111114,2025
138.52222194444445,36.64234611111111,2023
138.5223588888889,36.642386944444446,2027
138.52249694444444,36.64246305555555,2026
138.52329694444444,36.64295388888889,2033
138.52337194444445,36.64297888888889,2034
138.5244088888889,36.643213055555556,2039
138.52473388888887,36.64330388888889,2044
138.52489694444444,36.643411944444445,2044
138.52493388888888,36.64349611111111,2044
138.52493388888888,36.64362111111111,2044
138.52487194444444,36.64379611111111,2045
138.52482194444445,36.643886944444446,2045
138.52472194444445,36.64416194444444,2052
138.52470888888888,36.64420388888889,2052
138.5247588888889,36.64447111111111,2052
138.52492194444446,36.64482888888889,2059
138.52493388888888,36.64492888888889,2062
138.5248838888889,36.645536944444444,2061
138.52503388888888,36.645786944444446,2063
138.52519694444445,36.64593694444444,2063
138.5253088888889,36.64610388888889,2064
138.52532194444444,36.646245,2064
138.5253088888889,36.64678694444444,2064
138.52527194444446,36.647128888888886,2066
138.5251338888889,36.647695,2066
138.52512194444444,36.64776194444445,2066
138.5251338888889,36.64802888888889,2065
138.52514694444446,36.64817,2066
138.52532194444444,36.649195,2067
138.52537194444446,36.64955305555556,2065
138.52538388888888,36.649745,2065
138.5253588888889,36.65002,2058
138.52529694444445,36.650445,2057
138.52524694444443,36.65078694444444,2055
138.52524694444443,36.65082805555556,2055
138.52529694444445,36.65108611111111,2053
138.5253338888889,36.65117,2049
138.52544694444444,36.65132805555555,2049
138.5257588888889,36.651761111111114,2046
138.52584611111112,36.65187,2046
138.52630888888888,36.652395,2054
138.5266838888889,36.65281111111111,2059
138.52673388888888,36.65286111111111,2059
138.5270088888889,36.653061111111114,2062
138.5271461111111,36.65316111111111,2063
138.52757111111111,36.65341111111111,2064
138.52779611111112,36.65356111111111,2064
138.52800888888888,36.653728055555554,2062
138.5284211111111,36.654145,2065
138.5286088888889,36.65423611111111,2069
138.5290838888889,36.65437,2076
138.52914611111112,36.654428055555556,2075
138.5292838888889,36.654578055555554,2077
138.5294338888889,36.654761111111114,2076
138.52968388888888,36.654986111111114,2075
138.52990888888888,36.65516888888889,2084
138.5300088888889,36.655278055555556,2085
138.53002111111113,36.655318888888885,2085
138.53003388888888,36.655503055555556,2084
138.53002111111113,36.65556888888889,2084
138.5297461111111,36.65644388888889,2096
138.52968388888888,36.656778055555556,2094
138.52968388888888,36.656843888888886,2094
138.52970888888888,36.65699388888889,2094
138.5297711111111,36.65716888888889,2096
138.52990888888888,36.65732805555555,2100
138.5300838888889,36.657468888888886,2105
138.53039611111112,36.657603055555555,2105
138.53058305555555,36.65766111111111,2104
138.53088305555556,36.65774388888889,2105
138.5311461111111,36.65781888888889,2111
138.5313211111111,36.65796111111111,2114
138.53129611111112,36.65803611111111,2116
138.53115805555555,36.65814388888889,2118
138.5309211111111,36.65814388888889,2118
138.53059611111112,36.65808611111111,2116
138.5302211111111,36.65801111111111,2119
138.5300088888889,36.65796888888889,2124
138.5296461111111,36.65784388888889,2125
138.5295088888889,36.65783611111111,2125
138.5294338888889,36.65792694444445,2128
138.5294461111111,36.65801888888889,2132
138.52947111111112,36.65806111111111,2132
138.5295461111111,36.65813611111111,2136
138.52959611111112,36.65816111111111,2136
138.5300711111111,36.658276944444445,2135
138.5304211111111,36.65835194444445,2136
138.5312461111111,36.65851111111111,2144
138.53162111111112,36.658543888888886,2143
138.5321461111111,36.65853611111111,2144
138.53328305555556,36.65837805555555,2147
138.53350805555556,36.65835194444445,2154
138.53390805555554,36.65835305555556,2156
138.5339711111111,36.65836888888889,2156
138.53402111111112,36.658411111111114,2155
138.53405805555556,36.65846888888889,2156
138.53403444444444,36.65825805555556,2152
138.53403444444444,36.65825805555556,2152
138.5340711111111,36.65858611111111,2156
138.5340711111111,36.65869388888889,2156
138.5340461111111,36.65923611111111,2161
138.53405805555556,36.659353055555556,2164
138.53408305555556,36.659551944444445,2165
138.53415805555557,36.65973611111111,2165
138.53430805555556,36.659953055555555,2166
138.53434611111112,36.65999388888889,2164
138.53479611111112,36.660378055555555,2163
138.53514611111112,36.66068611111111,2172
138.53555805555555,36.661226944444444,2167
138.53563305555556,36.66134388888889,2167
138.53575805555556,36.66168611111111,2167
138.53594611111112,36.66229388888889,2165
138.53618305555557,36.66326888888889,2162
138.53632,36.66386111111111,2162
138.53633305555556,36.664093888888885,2160
138.53625805555555,36.664385,2157
138.53607,36.66461,2157
138.535895,36.66479388888889,2157
138.53565805555556,36.66500194444444,2157
138.53502111111112,36.66551,2154
138.5348461111111,36.66571,2153
138.5347711111111,36.66584388888889,2152
138.5346211111111,36.666218055555554,2150
138.5345461111111,36.66635194444444,2151
138.53445805555555,36.666385,2151
138.53444027777778,36.66638805555556,2151
138.53444,36.66638805555556,2151
138.53425805555557,36.66641805555555,2151
138.5340961111111,36.66641,2151
138.53357111111112,36.666376944444444,2153
138.53299611111112,36.66632694444444,2147
138.53243305555554,36.66631,2144
138.53180805555556,36.666335,2147
138.53152111111112,36.66634305555556,2147
138.53048305555555,36.66631805555556,2144
138.5302461111111,36.666335,2148
138.5299961111111,36.666293055555556,2147
138.52957111111112,36.66606,2145
138.52940805555556,36.666001944444446,2148
138.52913305555555,36.665935,2138
138.5289461111111,36.66591805555556,2135
138.52863305555556,36.66591,2136
138.5285461111111,36.66592694444444,2135
138.52820888888888,36.666001944444446,2135
138.52787111111112,36.66610194444444,2131
138.5276838888889,36.66619305555555,2132
138.52699611111112,36.66655111111111,2118
138.52688388888888,36.66659305555556,2117
138.52663388888888,36.666635,2116
138.5264711111111,36.66661,2116
138.5263711111111,36.666585,2117
138.52587111111112,36.666293055555556,2114
138.5256588888889,36.66621,2108
138.5255588888889,36.66617611111111,2108
138.5253211111111,36.66616805555555,2105
138.5250838888889,36.66622611111111,2107
138.5247711111111,36.66641,2104
138.52439611111112,36.666668055555554,2098
138.5234338888889,36.66735111111111,2095
138.5232211111111,36.667485,2095
138.5229961111111,36.667585,2096
138.5227588888889,36.66765111111111,2095
138.5226088888889,36.667701111111114,2096
138.52245888888888,36.667793055555556,2096
138.5223711111111,36.66786805555556,2093
138.5221961111111,36.66807611111111,2093
138.5220461111111,36.66823388888889,2095
138.5219211111111,36.66833388888889,2096
138.5214838888889,36.66863388888889,2084
138.52052194444445,36.66917611111111,2076
138.52030888888888,36.66917611111111,2077
138.52017194444446,36.66912611111111,2078
138.51982194444443,36.66895888888889,2070
138.51973388888888,36.66893388888889,2068
138.5195588888889,36.66889305555556,2066
138.51940888888888,36.66890111111111,2066
138.51924694444443,36.66894305555556,2065
138.5190838888889,36.669018055555554,2066
138.5189838888889,36.66907611111111,2065
138.5189088888889,36.66915888888889,2066
138.5187588888889,36.66944194444444,2060
138.51870888888888,36.66961805555555,2055
138.51869694444446,36.669758888888886,2056
138.51872194444445,36.66995111111111,2055
138.5187338888889,36.670091944444444,2054
138.51895888888887,36.670543055555555,2050
138.51897194444444,36.67065888888889,2048
138.51895888888887,36.670743055555555,2046
138.51892194444446,36.67080111111111,2046
138.51884694444445,36.67085111111111,2045
138.5187838888889,36.67086694444444,2045
138.51869694444446,36.67085888888889,2043
138.51860888888888,36.67082611111111,2042
138.51854694444444,36.67077611111111,2042
138.5183338888889,36.67053388888889,2043
138.5181088888889,36.670293055555554,2034
138.51784694444444,36.66995111111111,2034
138.51780888888888,36.669851111111115,2035
138.51779694444446,36.669758888888886,2027
138.51780888888888,36.66931694444445,2028
138.51779694444446,36.66923388888889,2028
138.5177588888889,36.66919194444444,2027
138.51768388888888,36.66912611111111,2027
138.5175338888889,36.66912611111111,2024
138.51745888888888,36.66917611111111,2024
138.5174088888889,36.669243055555555,2022
138.51739694444444,36.669691944444445,2014
138.5174088888889,36.669758888888886,2014
138.5175338888889,36.66993388888889,2018
138.5176588888889,36.670183888888886,2018
138.51780888888888,36.67053388888889,2018
138.51780888888888,36.67063388888889,2017
138.51777194444443,36.670701111111114,2015
138.51769694444445,36.67072611111111,2015
138.5176338888889,36.67072611111111,2013
138.51755888888889,36.67069194444444,2013
138.51745888888888,36.670543055555555,2014
138.51710888888888,36.66995111111111,2009
138.5169338888889,36.669758888888886,2004
138.5168088888889,36.669626111111114,2003
138.51669694444445,36.66955111111111,2003
138.51609694444446,36.66935888888889,1995
138.51578388888888,36.669243055555555,1995
138.51557194444445,36.66911694444445,1994
138.51532194444445,36.66896805555555,1994
138.51453388888888,36.66830111111111,1987
138.51430888888888,36.66815888888889,1986
138.5141588888889,36.668126111111114,1984
138.5140338888889,36.668126111111114,1982
138.51394694444446,36.668168055555554,1980
138.5138838888889,36.668218055555556,1979
138.51387194444445,36.668326111111114,1977
138.5138838888889,36.66835888888889,1976
138.5140088888889,36.66853388888889,1977
138.51452194444445,36.669066944444445,1975
138.51498388888888,36.66954305555556,1973
138.51504694444444,36.66961805555555,1972
138.5151338888889,36.669758888888886,1968
138.51514694444444,36.66980888888889,1967
138.51510888888888,36.669918055555556,1965
138.5150088888889,36.66999194444445,1965
138.51492194444444,36.67001805555556,1965
138.51482194444444,36.67000888888889,1963
138.51473388888888,36.669983888888886,1963
138.51462194444446,36.66992611111111,1962
138.51437194444443,36.669758888888886,1959
138.5142088888889,36.669626111111114,1955
138.51402194444444,36.66950888888889,1955
138.51373388888888,36.66937611111111,1952
138.51364694444445,36.669333888888886,1952
138.51349694444446,36.66930111111111,1953
138.51331,36.66931694444445,1952
138.513135,36.669333888888886,1949
138.513085,36.66935111111111,1948
138.51302194444443,36.66938388888889,1948
138.512985,36.669426111111115,1947
138.51297194444444,36.66957611111111,1944
138.51301,36.66968388888889,1943
138.51307194444445,36.669758888888886,1943
138.51334694444444,36.66999194444445,1943
138.5135338888889,36.67019194444445,1942
138.51367194444444,36.670341944444445,1943
138.5139838888889,36.67065888888889,1945
138.51419694444445,36.67087611111111,1946
138.51429694444445,36.67105111111111,1941
138.51429694444445,36.671168055555555,1938
138.5142338888889,36.67129194444444,1936
138.51417194444446,36.671351111111115,1934
138.51412194444444,36.67138388888889,1934
138.51394694444446,36.67140111111111,1934
138.51382194444443,36.67137611111111,1934
138.51364694444445,36.67127611111111,1935
138.512685,36.67066805555555,1926
138.51242194444444,36.67050111111111,1927
138.51229694444444,36.67045111111111,1926
138.51214694444445,36.67041805555556,1927
138.51202194444446,36.67043388888889,1927
138.51191,36.67045111111111,1925
138.51172194444445,36.67055111111111,1925
138.51169694444445,36.67062611111111,1923
138.51172194444445,36.670768055555556,1921
138.51191,36.67109194444444,1916
138.51334694444444,36.67325888888889,1908
138.51348388888889,36.67350888888889,1907
138.51350888888888,36.67363388888889,1905
138.51352194444445,36.67385111111111,1901
138.51348388888889,36.67393388888889,1899
138.5134338888889,36.673991944444445,1899
138.5133088888889,36.67407611111111,1897
138.51324694444443,36.67409194444444,1897
138.51299694444444,36.67410111111111,1897
138.51199694444443,36.67391694444444,1883
138.51069694444445,36.67363388888889,1880
138.51012194444445,36.67357611111111,1876
138.50992194444444,36.673541944444445,1876
138.50889694444444,36.67321694444444,1864
138.508735,36.673166944444446,1861
138.508635,36.673141944444446,1860
138.50841,36.673141944444446,1856
138.508285,36.67315888888889,1855
138.508185,36.67321694444444,1853
138.50811,36.67329194444444,1852
138.50806,36.673408888888886,1852
138.508035,36.67350888888889,1853
138.50801,36.6739,1846
138.50802194444444,36.673975,1846
138.50807194444445,36.67405888888889,1845
138.50822194444444,36.674225,1844
138.508585,36.674625,1840
138.50902194444444,36.67515,1835
138.50927194444444,36.67550888888889,1834
138.50977194444445,36.676425,1831
138.50979694444445,36.676475,1832
138.509885,36.67670888888889,1831
138.50989694444445,36.676791944444446,1831
138.509885,36.676875,1830
138.509835,36.676966944444445,1829
138.509785,36.67700888888889,1827
138.50971,36.677033888888886,1826
138.509585,36.67705,1826
138.50934694444445,36.677058055555555,1824
138.509185,36.677016944444446,1823
138.50909694444445,36.676966944444445,1823
138.50842194444445,36.67633388888889,1816
138.50809694444445,36.676,1817
138.50802194444444,36.67593388888889,1817
138.50791,36.675875,1817
138.50776,36.67585,1815
138.50766,36.67585888888889,1814
138.50757194444444,36.67590888888889,1814
138.50751,36.67596694444445,1813
138.50746,36.67610888888889,1813
138.50742194444445,36.67688305555556,1806
138.50737194444446,36.677525,1802
138.507385,36.677841944444445,1800
138.50742194444445,36.678041944444445,1797
138.507535,36.67835,1794
138.50756,36.67845,1796
138.50754694444444,36.678558055555555,1795
138.507485,36.678666944444444,1795
138.50741,36.67874194444445,1795
138.50719694444444,36.67884194444444,1793
138.50579694444446,36.679325,1785
138.50559694444445,36.67939111111111,1784
138.505435,36.67946611111111,1782
138.50516,36.679625,1780
138.50442194444443,36.68010805555556,1772
138.50427194444444,36.680175,1773
138.504135,36.68020805555555,1773
138.50402194444445,36.68020805555555,1773
138.50389694444445,36.68018305555555,1773
138.503285,36.68001611111111,1769
138.50302194444444,36.679975,1766
138.50289694444444,36.67998305555555,1765
138.502835,36.680008055555554,1766
138.50274694444445,36.68006611111111,1765
138.502685,36.68014111111111,1766
138.50266,36.68025,1765
138.50264694444445,36.680325,1765
138.50266,36.680425,1765
138.50284805555555,36.68081611111111,1765
138.502935,36.68099111111111,1765
138.50296,36.681075,1764
138.50294805555555,36.68125805555555,1762
138.50289694444444,36.681325,1762
138.50282305555555,36.681375,1760
138.50276,36.68140805555556,1759
138.502685,36.681425,1759
138.50257305555556,36.681425,1758
138.50246,36.68139111111111,1757
138.50224805555555,36.681266111111114,1756
138.50187305555556,36.68095805555556,1750
138.50177305555556,36.680908055555555,1749
138.50167305555556,36.6809,1749
138.50157305555555,36.6809,1748
138.50146,36.680933055555556,1747
138.50141,36.68095805555556,1746
138.50126,36.681066111111114,1745
138.50116,36.68116611111111,1744
138.50109805555556,36.681283055555554,1743
138.501085,36.68137388888889,1743
138.50111,36.68152388888889,1743
138.50114805555555,36.68159111111111,1742
138.50126,36.68172388888889,1739
138.501585,36.682008055555556,1735
138.50159805555555,36.68208305555556,1735
138.50156,36.68213305555555,1733
138.50149805555554,36.68216611111111,1732
138.50141,36.68219111111111,1732
138.50131,36.68219111111111,1732
138.50117305555557,36.682158055555554,1732
138.500685,36.681916111111114,1729
138.50014805555554,36.68160805555556,1725
138.49997305555556,36.68154888888889,1723
138.49981,36.68154111111111,1722
138.49971,36.681558055555556,1720
138.49954805555555,36.68164111111111,1717
138.499435,36.681758055555555,1715
138.49942305555555,36.68181611111111,1716
138.49951,36.68266611111111,1713
138.49947305555557,36.68284888888889,1711
138.49939805555556,36.68301611111111,1709
138.49917305555556,36.68346611111111,1705
138.498785,36.68412388888889,1698
138.49866,36.68434888888889,1695
138.49854805555555,36.684508055555554,1695
138.498385,36.684691111111114,1696
138.498235,36.684823888888886,1697
138.49812305555557,36.68490805555555,1697
138.49797305555555,36.68499111111111,1695
138.497635,36.68512388888889,1691
138.49746,36.68519111111111,1689
138.49731111111112,36.68525694444445,1687
138.4971361111111,36.68542388888889,1687
138.49708611111112,36.68551611111111,1686
138.4970361111111,36.68577388888889,1687
138.4969861111111,36.68618305555555,1686
138.49697305555554,36.68624111111111,1686
138.49692305555556,36.68630805555556,1686
138.49684805555555,36.68636611111111,1685
138.49644805555556,36.68658305555556,1685
138.49603611111112,36.68676611111111,1683
138.4957361111111,36.68695694444445,1683
138.4955361111111,36.68712388888889,1677
138.4952361111111,36.687491111111115,1675
138.49482305555554,36.688316111111114,1664
138.49456111111112,36.68869111111111,1664
138.49433611111112,36.68897388888889,1662
138.49327305555556,36.690215,1655
138.49287305555555,36.69074,1651
138.49266111111112,36.69105694444445,1645
138.49232305555554,36.69164,1643
138.49217305555555,36.691965,1644
138.49211111111111,36.69224888888889,1643
138.49197305555555,36.692231944444444,1643
138.49182305555556,36.69219888888889,1643
138.4917111111111,36.69214,1642
138.49162305555555,36.69204,1642
138.49162305555555,36.69194888888889,1642
138.491645,36.691831111111114,1641
138.491645,36.691831111111114,1641
138.4916611111111,36.69174888888889,1641
138.49179805555556,36.69148194444445,1641
138.4919361111111,36.69125694444445,1641
138.4921361111111,36.69099888888889,1641
138.49227305555556,36.69074888888889,1638
138.49233611111111,36.69047388888889,1638
138.49229805555555,36.68987388888889,1638
138.49224805555556,36.68974,1637
138.49212305555557,36.689615,1636
138.49142305555554,36.68911611111111,1644
138.49131111111112,36.68893194444444,1648
138.49118611111112,36.68824111111111,1656
138.49114805555556,36.68814888888889,1656
138.49108611111112,36.68809888888889,1657
138.49094805555555,36.68808194444444,1659
138.49057305555556,36.68821611111111,1663
138.49028611111112,36.68833194444444,1663
138.4902111111111,36.688341111111114,1662
138.49016111111112,36.688316111111114,1664
138.4901361111111,36.68826611111111,1664
138.49016111111112,36.68816611111111,1667
138.49041111111111,36.68760694444445,1675
138.49044805555556,36.68741611111111,1673
138.49042305555557,36.68723194444444,1675
138.49038611111112,36.68707388888889,1675
138.4902238888889,36.686748888888886,1675
138.4899738888889,36.68647388888889,1677
138.48959888888888,36.68615694444444,1683
138.4895111111111,36.68606611111111,1687
138.4894238888889,36.68595694444444,1690
138.4893111111111,36.68551611111111,1692
138.48916111111112,36.685181944444444,1694
138.4890488888889,36.68505694444445,1696
138.4889861111111,36.68504111111111,1697
138.48892388888888,36.68504111111111,1697
138.4888488888889,36.68506611111111,1698
138.4885488888889,36.685248888888886,1698
138.4884111111111,36.68529888888889,1698
138.4882861111111,36.68532388888889,1699
138.4879361111111,36.68532388888889,1699
138.4877111111111,36.68529888888889,1698
138.4876111111111,36.68525694444445,1698
138.4875361111111,36.68519888888889,1697
138.4874738888889,36.68513194444444,1697
138.4874111111111,36.68494888888889,1697
138.4875111111111,36.68441611111111,1693
138.4875111111111,36.68429888888889,1692
138.48743611111112,36.68414888888889,1694
138.4873611111111,36.684066111111115,1698
138.48722388888888,36.68398194444445,1703
138.4869361111111,36.68387388888889,1704
138.4868238888889,36.68384888888889,1702
138.48677388888888,36.68379111111111,1700
138.48676111111112,36.68374111111111,1702
138.48676111111112,36.683706944444445,1702
138.4868111111111,36.68363194444444,1704
138.4871738888889,36.68337388888889,1719
138.4878611111111,36.682433055555556,1726
138.48787388888888,36.68232388888889,1730
138.4878611111111,36.682248888888886,1730
138.4878111111111,36.682141111111115,1733
138.4876988888889,36.68189888888889,1734
138.4876988888889,36.68174888888889,1734
138.4877238888889,36.681623888888886,1733
138.48779888888888,36.68149888888889,1735
138.48791111111112,36.68136611111111,1737
138.4879361111111,36.68129888888889,1734
138.4879361111111,36.68124111111111,1734
138.48768611111112,36.681041111111114,1732
138.48744888888888,36.68075694444445,1745
138.48732388888888,36.680658055555554,1743
138.4870738888889,36.68058194444444,1746
138.48676111111112,36.68054111111111,1753
138.4864738888889,36.68054111111111,1754
138.4860488888889,36.68056611111111,1753
138.48591194444444,36.68059111111111,1754
138.48572388888888,36.68064888888889,1754
138.4853488888889,36.68079888888889,1756
138.4852488888889,36.68086611111111,1757
138.4851488888889,36.68094111111111,1756
138.48507388888888,36.68102388888889,1757
138.48486194444445,36.68134111111111,1758
138.48481194444443,36.68140694444445,1758
138.48468694444443,36.68149888888889,1761
138.48458694444443,36.681558055555556,1764
138.48347388888888,36.681916111111114,1774
138.48334888888888,36.68194111111111,1775
138.4830488888889,36.68194111111111,1780
138.4829738888889,36.68192388888889,1780
138.48273694444444,36.68184888888889,1781
138.4826238888889,36.681781944444445,1780
138.48247388888888,36.68166611111111,1782
138.4823738888889,36.68154888888889,1781
138.48231194444443,36.68142388888889,1781
138.48218694444444,36.681106944444444,1783
138.48206194444444,36.68094111111111,1782
138.4811488888889,36.68029111111111,1794
138.48097388888888,36.68027388888889,1793
138.480575,36.68029111111111,1801
138.48021194444445,36.68024111111111,1801
138.48,36.68015694444444,1802
138.4798,36.680058055555556,1804
138.479675,36.67996611111111,1806
138.47945,36.67971611111111,1812
138.47936194444443,36.67964888888889,1814
138.4793,36.67961611111111,1812
138.479225,36.67961611111111,1812
138.479,36.67966611111111,1813
138.47885,36.679631944444445,1813
138.47871194444446,36.67948194444445,1812
138.478625,36.67917388888889,1820
138.47858805555555,36.67908194444444,1824
138.47843805555556,36.67890805555555,1822
138.47838805555557,36.67889111111111,1822
138.478325,36.67889888888889,1822
138.478025,36.67901611111111,1821
138.47781194444445,36.679031944444446,1822
138.47775,36.67904111111111,1825
138.4777,36.67906611111111,1825
138.4772,36.67950694444445,1825
138.47713694444445,36.67954888888889,1825
138.477075,36.67957388888889,1824
138.477025,36.67957388888889,1824
138.47698694444443,36.67955694444444,1827
138.47696194444444,36.67951611111111,1831
138.47695,36.679473888888886,1831
138.477,36.67935694444444,1831
138.47753805555556,36.67886611111111,1835
138.47758694444445,36.678823888888886,1833
138.47765,36.67879888888889,1833
138.477725,36.67879888888889,1832
138.478,36.678783055555556,1831
138.478075,36.678758055555555,1833
138.4783,36.67856611111111,1836
138.47836194444446,36.67854111111111,1843
138.47845,36.67854888888889,1845
138.47873694444445,36.67870694444444,1842
138.47896194444445,36.678783055555556,1841
138.47918694444445,36.67879888888889,1842
138.479225,36.67881,1843
138.479225,36.67881,1843
138.47933694444444,36.67884111111111,1846
138.480125,36.67912388888889,1850
138.4803,36.67916611111111,1855
138.480975,36.67924111111111,1859
138.481075,36.67922388888889,1859
138.48113694444444,36.67919111111111,1867
138.48116194444444,36.679158055555554,1867
138.48115,36.67912388888889,1867
138.48111194444445,36.67909111111111,1874
138.48105,36.67906611111111,1873
138.48071194444444,36.679031944444446,1870
138.48055,36.67897388888889,1873
138.480275,36.678848888888886,1873
138.47951194444445,36.67841611111111,1874
138.479125,36.67818305555556,1875
138.47898694444444,36.678106944444444,1879
138.47881305555555,36.67796611111111,1884
138.478325,36.67747388888889,1892
138.47826194444445,36.67742388888889,1896
138.47818694444445,36.67739888888889,1894
138.478125,36.67739111111111,1894
138.47806194444445,36.67739888888889,1895
138.477775,36.67757388888889,1895
138.477725,36.67760805555555,1895
138.47765,36.67762388888889,1898
138.4776,36.677616111111114,1898
138.47756305555555,36.67758194444445,1898
138.47755,36.67752388888889,1906
138.47763805555556,36.67740805555555,1904
138.477775,36.67727388888889,1905
138.47786194444444,36.67716611111111,1906
138.4779,36.67709111111111,1906
138.47791305555555,36.67702388888889,1906
138.4779,36.67697388888889,1907
138.47787055555557,36.676919444444444,1907
138.47787055555557,36.676919444444444,1907
138.47785,36.676881944444446,1905
138.47756305555555,36.67655805555555,1904
138.477425,36.67642388888889,1900
138.477025,36.676208055555556,1894
138.47678805555555,36.67607388888889,1895
138.476725,36.67601611111111,1897
138.47656305555554,36.675758055555555,1893
138.47646305555554,36.67564111111111,1892
138.47638805555556,36.67559888888889,1894
138.47625,36.675558055555555,1895
138.475775,36.675508055555554,1894
138.47563805555555,36.67548305555555,1893
138.475525,36.67544111111111,1889
138.475425,36.67534111111111,1888
138.4754,36.67529888888889,1886
138.4754,36.67523305555556,1886
138.4755,36.67514111111111,1885
138.47555,36.67512388888889,1885
138.47566305555554,36.675108055555555,1884
138.47611305555554,36.67511611111111,1886
138.47631305555555,36.67514888888889,1885
138.47646305555554,36.67522388888889,1885
138.47678805555555,36.67545805555555,1883
138.47708694444444,36.67572388888889,1874
138.4772,36.67579111111111,1869
138.47733805555555,36.67583305555556,1868
138.477575,36.67585805555556,1867
138.47775,36.67583305555556,1867
138.47786194444444,36.67579111111111,1868
138.47808694444444,36.67566611111111,1866
138.47816194444445,36.67559888888889,1867
138.47816194444445,36.67552388888889,1865
138.4781,36.67549888888889,1864
138.477975,36.675508055555554,1863
138.47766305555555,36.67554888888889,1859
138.47743805555555,36.675533055555555,1857
138.477375,36.675491111111114,1857
138.47715,36.67524888888889,1856
138.47693805555556,36.67504111111111,1855
138.47681305555557,36.67495805555556,1854
138.47666305555555,36.67487388888889,1856
138.47658805555557,36.67480805555556,1856
138.47638805555556,36.67453305555556,1853
138.4763,36.67442388888889,1847
138.47601305555557,36.674216111111114,1843
138.47591305555557,36.674123888888886,1845
138.47585,36.67402388888889,1845
138.4758,36.67389111111111,1843
138.47568805555557,36.67349111111111,1835
138.47555,36.67321611111111,1835
138.47545,36.6731,1831
138.47513805555556,36.67285805555556,1825
138.47471305555555,36.67283305555556,1826
138.47426305555555,36.672825,1827
138.4741261111111,36.6728,1828
138.4740261111111,36.67276611111111,1825
138.47393805555555,36.672733055555554,1826
138.47378805555556,36.67260805555556,1825
138.47371305555555,36.67251611111111,1825
138.47348805555555,36.672075,1823
138.47338805555555,36.671975,1822
138.4732011111111,36.671883055555554,1823
138.47302611111112,36.671841111111114,1824
138.47268805555555,36.671775,1822
138.4724511111111,36.67175,1823
138.47191305555555,36.67176611111111,1823
138.47112611111112,36.671875,1816
138.4709761111111,36.67191611111111,1814
138.47088805555555,36.67195805555556,1812
138.47083805555556,36.67200805555556,1812
138.47077611111112,36.67219111111111,1806
138.47063805555555,36.67276611111111,1797
138.47043805555555,36.67319888888889,1793
138.4703761111111,36.673408055555555,1794
138.47045111111112,36.67378305555555,1805
138.47045111111112,36.673858055555556,1805
138.47041305555555,36.673923888888886,1806
138.47021305555555,36.674058055555555,1804
138.47008805555555,36.67415805555556,1805
138.47000111111112,36.67422388888889,1808
138.4699011111111,36.67426611111111,1806
138.4693638888889,36.67446611111111,1807
138.4690011111111,36.67462388888889,1802
138.46883888888888,36.67472388888889,1795
138.46871388888889,36.67482388888889,1795
138.4685638888889,36.674908055555555,1795
138.46848888888888,36.67492388888889,1792
138.46828888888888,36.67494111111111,1786
138.46818888888887,36.67491611111111,1783
138.4681138888889,36.67485805555555,1783
138.46805111111112,36.67474111111111,1781
138.46805111111112,36.674641111111114,1784
138.46817611111112,36.674458055555554,1787
138.4683511111111,36.67433305555556,1784
138.46920111111112,36.67384888888889,1773
138.4692388888889,36.67381611111111,1775
138.4692511111111,36.67375805555555,1772
138.4692261111111,36.67371611111111,1772
138.46906388888888,36.67364888888889,1765
138.46896388888888,36.673658055555556,1763
138.46885111111112,36.67369111111111,1765
138.46865111111111,36.67377388888889,1761
138.4682011111111,36.674008055555554,1756
138.4677888888889,36.67426611111111,1756
138.46758888888888,36.674416111111114,1754
138.4674388888889,36.67457388888889,1752
138.46727611111112,36.67486611111111,1746
138.46725111111112,36.67502388888889,1743
138.46726388888888,36.675158055555556,1743
138.4673011111111,36.67527388888889,1742
138.46738888888888,36.67545805555555,1743
138.4678888888889,36.67625694444445,1741
138.46795111111112,36.67639888888889,1743
138.4679638888889,36.676473888888886,1742
138.46793888888888,36.67652388888889,1742
138.46783888888888,36.67657388888889,1739
138.4677761111111,36.67655805555555,1735
138.46771388888888,36.67648194444445,1735
138.46748888888888,36.67609888888889,1735
138.4673388888889,36.67586611111111,1737
138.4671888888889,36.67568305555555,1732
138.46701388888889,36.67551611111111,1733
138.4667511111111,36.67534111111111,1723
138.46658888888888,36.675266111111114,1724
138.4663138888889,36.67522388888889,1720
138.4659388888889,36.675198888888886,1719
138.46511388888888,36.67512388888889,1714
138.46435194444445,36.67502388888889,1706
138.46372694444443,36.67487388888889,1702
138.46360194444443,36.67482388888889,1700
138.46355194444445,36.67475805555556,1701
138.46355194444445,36.674708055555556,1701
138.46360194444443,36.674641111111114,1701
138.4636888888889,36.67458305555556,1701
138.46386388888888,36.674508055555556,1700
138.4647261111111,36.674258055555555,1694
138.46510111111112,36.67416611111111,1686
138.46521388888888,36.67415805555556,1686
138.4653638888889,36.67416611111111,1686
138.46555111111113,36.67422388888889,1688
138.4657388888889,36.67422388888889,1688
138.46580111111112,36.67419888888889,1684
138.4658388888889,36.67411611111111,1684
138.4658261111111,36.67406611111111,1681
138.4657261111111,36.67398305555555,1678
138.46555111111113,36.67387388888889,1675
138.46508888888889,36.67368305555556,1665
138.4649138888889,36.673633055555555,1662
138.46431388888888,36.67359111111111,1666
138.46392694444444,36.673583055555554,1667
138.46286388888888,36.67357388888889,1655
138.46261388888888,36.67364888888889,1652
138.46225194444443,36.67393305555556,1655
138.46218888888887,36.67396611111111,1651
138.46197694444444,36.67398305555555,1646
138.46165194444444,36.67395805555556,1647
138.4615388888889,36.673923888888886,1648
138.4614388888889,36.67387388888889,1647
138.46112694444443,36.67357388888889,1646
138.46101388888889,36.67350805555556,1643
138.46078888888889,36.67345805555556,1637
138.4600638888889,36.673433055555556,1633
138.45954,36.67339111111111,1635
138.45920194444443,36.67333305555555,1627
138.45887694444446,36.67322388888889,1628
138.45872694444444,36.67319111111111,1624
138.457965,36.67311611111111,1617
138.45717805555554,36.67299111111111,1614
138.45690194444444,36.672916111111114,1615
138.456515,36.672775,1608
138.45612805555555,36.6726,1606
138.45587805555556,36.67255,1605
138.45550194444445,36.672558055555555,1608
138.455315,36.672575,1605
138.45514,36.67261611111111,1599
138.45497805555556,36.6727,1599
138.45487805555555,36.672725,1598
138.45480305555554,36.672716111111114,1598
138.454865,36.67245,1595
138.45490305555555,36.6724,1593
138.45499,36.672325,1591
138.455115,36.67228305555555,1594
138.45555305555555,36.67228305555555,1596
138.45564,36.67225805555555,1594
138.45595305555557,36.672025,1585
138.45615305555555,36.671975,1584
138.45629,36.67198305555556,1584
138.45637805555555,36.67200805555556,1587
138.45692694444443,36.67236611111111,1589
138.457065,36.67244111111111,1587
138.45727805555555,36.672475,1589
138.45732805555556,36.67245,1589
138.45735305555556,36.672375,1580
138.45730194444445,36.67224111111111,1578
138.457165,36.67209111111111,1574
138.45690194444444,36.671933055555556,1575
138.456615,36.671683055555555,1576
138.456465,36.67159111111111,1572
138.456015,36.6714,1562
138.45590305555555,36.67139111111111,1558
138.455815,36.671416111111114,1554
138.45557805555555,36.67154111111111,1554
138.45542805555556,36.67158305555556,1555
138.45535305555555,36.67159111111111,1555
138.45522805555555,36.671575,1555
138.45519,36.67153305555556,1551
138.45524,36.67144111111111,1547
138.45555305555555,36.67131611111111,1546
138.45592805555555,36.671033055555554,1546
138.45609,36.670991111111114,1543
138.456265,36.670991111111114,1542
138.45670305555555,36.67106611111111,1537
138.45692694444443,36.671083055555556,1537
138.457115,36.671058055555555,1537
138.45744,36.671,1531
138.45785305555555,36.671,1524
138.458015,36.670975,1522
138.45850194444444,36.670833055555555,1521
138.45904,36.670775,1515
138.459315,36.67069111111111,1515
138.459465,36.670608055555554,1510
138.45959,36.670475,1508
138.45967694444445,36.67039194444445,1507
138.45980194444445,36.670208055555555,1507
138.45982694444444,36.67005,1506
138.45980194444445,36.66985805555556,1505
138.459765,36.669758055555555,1503
138.459715,36.669666944444444,1503
138.45957694444445,36.669558055555555,1502
138.45940194444444,36.669491944444445,1499
138.457265,36.66895805555556,1494
138.45719,36.66894194444444,1493
138.45709,36.668883055555554,1493
138.457065,36.66883305555555,1493
138.457065,36.66875,1492
138.45732805555556,36.667991944444445,1490
138.45740305555555,36.666716944444445,1476
138.457515,36.666558888888886,1476
138.45769,36.666375,1476
138.457765,36.666325,1471
138.458015,36.666225,1478
138.458815,36.666066944444445,1475
138.45909,36.66596694444444,1474
138.45924,36.665875,1474
138.45927694444444,36.66575888888889,1473
138.459265,36.665575,1471
138.45915194444444,36.66545111111111,1471
138.45902694444445,36.66540888888889,1467
138.45885194444443,36.66545111111111,1467
138.45854,36.66560888888889,1466
138.45839,36.665616944444444,1464
138.45825305555556,36.665575,1463
138.45817694444443,36.66546694444445,1461
138.458165,36.665351111111114,1461
138.458215,36.665241944444446,1460
138.458315,36.66514194444444,1461
138.45852805555555,36.665033888888885,1455
138.45880194444445,36.66498388888889,1449
138.45895194444444,36.66491694444444,1450
138.45902694444445,36.66482611111111,1452
138.45922694444445,36.66410888888889,1453
138.45934,36.66380111111111,1454
138.45950194444444,36.66354194444445,1450
138.45960194444444,36.66347611111111,1451
138.45985194444444,36.66345888888889,1451
138.46009,36.663491944444445,1450
138.46055194444443,36.66360888888889,1451
138.460715,36.66363388888889,1450
138.460915,36.663626111111114,1449
138.4612888888889,36.66352611111111,1443
138.46167694444443,36.66340111111111,1444
138.46200194444444,36.66335111111111,1436
138.46228888888888,36.663333888888886,1436
138.4625388888889,36.66338388888889,1434
138.46340194444446,36.66382611111111,1431
138.46353888888888,36.663891944444444,1428
138.46367694444444,36.663916944444445,1424
138.46382694444443,36.66390111111111,1426
138.46390194444444,36.66384194444444,1422
138.46392694444444,36.663741944444446,1418
138.4638888888889,36.66364194444444,1416
138.46353888888888,36.66336694444445,1417
138.46327694444443,36.663001111111114,1412
138.46297694444445,36.66278388888889,1409
138.46235194444444,36.662441944444446,1398
138.46192694444446,36.66235888888889,1403
138.46171388888888,36.66235888888889,1395
138.46138888888888,36.662418055555555,1391
138.460965,36.662551111111114,1391
138.46074,36.66258388888889,1395
138.46054,36.66255888888889,1396
138.46032694444443,36.662441944444446,1384
138.46019,36.66240111111111,1382
138.46002694444445,36.66237611111111,1382
138.45972694444444,36.66240111111111,1383
138.45955194444446,36.662368055555554,1385
138.45917694444444,36.662191944444444,1378
138.45895305555555,36.662126111111114,1377
138.45869,36.66207611111111,1374
138.45835305555556,36.66206694444445,1374
138.458215,36.66202611111111,1372
138.458065,36.66193388888889,1371
138.457965,36.66185888888889,1371
138.45792694444444,36.661768055555555,1370
138.45795305555555,36.66166805555556,1370
138.458065,36.661591944444446,1365
138.458215,36.661591944444446,1365
138.45839,36.66165111111111,1362
138.458515,36.66171805555555,1365
138.45864,36.66173388888889,1363
138.458865,36.66171805555555,1362
138.45910194444446,36.66166805555556,1357
138.45940194444444,36.66167611111111,1354
138.459515,36.661633888888886,1352
138.45975194444443,36.66146805555555,1350
138.45989,36.661408888888886,1344
138.46005194444444,36.66138388888889,1345
138.46025194444445,36.66138388888889,1344
138.46062694444444,36.66149305555555,1342
138.46080194444446,36.66152611111111,1336
138.46104,36.66152611111111,1334
138.46119,36.661476111111114,1334
138.46134,36.66133388888889,1334
138.46142694444444,36.66115888888889,1328
138.46150194444445,36.66092611111111,1325
138.46157694444443,36.66076694444445,1325
138.46170194444446,36.66064305555555,1325
138.46182694444445,36.66057611111111,1326
138.46195194444445,36.66055111111111,1322
138.4626888888889,36.660493055555555,1315
138.4628888888889,36.66040888888889,1311
138.46306388888888,36.660268055555555,1304
138.46332694444445,36.660133888888886,1304
138.46390194444444,36.65994305555556,1303
138.4641638888889,36.65989305555556,1303
138.4645138888889,36.659868055555556,1300
138.46543888888888,36.659908888888886,1294
138.4658138888889,36.65993388888889,1294
138.46633888888888,36.66008388888889,1283
138.46646388888888,36.66010888888889,1282
138.4666138888889,36.66010888888889,1282
138.46668888888888,36.660068055555556,1283
138.46671388888888,36.65996805555555,1280
138.46668888888888,36.65988388888889,1277
138.4665388888889,36.659793055555554,1276
138.4664011111111,36.65973388888889,1273
138.46603888888887,36.65965111111111,1272
138.4651888888889,36.659368055555554,1269
138.46495194444444,36.65933388888889,1265
138.46363888888888,36.65930888888889,1257
138.4630138888889,36.65938388888889,1261
138.46257694444444,36.65949305555556,1257
138.4624638888889,36.65947611111111,1256
138.46242694444445,36.65940111111111,1251
138.4624638888889,36.65929305555556,1250
138.4625388888889,36.65920111111111,1236
138.4626638888889,36.65917611111111,1243
138.46325194444444,36.65910888888889,1242
138.46373888888888,36.65902611111111,1243
138.46415194444444,36.65905111111111,1244
138.46431388888888,36.65903388888889,1244
138.4643888888889,36.659018055555556,1244
138.46443888888888,36.658943055555554,1239
138.46442694444445,36.658833888888886,1235
138.46435194444445,36.65878388888889,1235
138.46421388888888,36.65875111111111,1232
138.46375194444445,36.65875888888889,1230
138.4634888888889,36.65880111111111,1233
138.46290194444444,36.65885111111111,1225
138.46250194444445,36.65890888888889,1225
138.46226388888888,36.65890888888889,1220
138.4619138888889,36.65882611111111,1213
138.46157694444443,36.658793055555556,1215
138.461365,36.65873388888889,1213
138.461165,36.65860888888889,1208
138.460965,36.65855111111111,1203
138.46070194444445,36.65849305555555,1205
138.460415,36.65845888888889,1208
138.46024,36.65842611111111,1205
138.46019,36.65835111111111,1205
138.460215,36.65823388888889,1201
138.460265,36.658183888888885,1196
138.46035194444445,36.65817611111111,1195
138.46072694444445,36.65824305555556,1196
138.46107694444444,36.658276111111114,1194
138.46140194444445,36.65825888888889,1188
138.46154,36.65823388888889,1188
138.46160194444445,36.65820111111111,1184
138.461615,36.65810111111111,1182
138.46152694444444,36.65796805555556,1180
138.46137694444445,36.657943055555556,1180
138.46097694444444,36.657943055555556,1174
138.460765,36.657893055555554,1175
138.46035194444445,36.65773388888889,1171
138.46014,36.65770111111111,1166
138.459765,36.65775111111111,1164
138.45915194444444,36.65790888888889,1156
138.45894,36.65802611111111,1153
138.45879,36.65824305555556,1155
138.45864,36.658408888888886,1153
138.45854,36.658501111111114,1154
138.458115,36.65872611111111,1152
138.45785305555555,36.658793055555556,1148
138.456715,36.658833888888886,1142
138.45637805555555,36.658793055555556,1138
138.45605305555554,36.65871805555555,1135
138.45575305555556,36.658701111111114,1140
138.45552805555556,36.65872611111111,1142
138.45535305555555,36.65882611111111,1142
138.45517805555556,36.659193055555555,1142
138.45509,36.65933388888889,1136
138.45497805555556,36.659443055555556,1134
138.45474,36.659576111111114,1134
138.45455305555555,36.65963388888889,1132
138.45430305555556,36.659683888888885,1137
138.4539161111111,36.65972611111111,1135
138.4538411111111,36.65974305555556,1133
138.45379111111112,36.659776111111114,1133
138.45321611111112,36.66028388888889,1131
138.4527161111111,36.66060888888889,1131
138.45247805555556,36.66072611111111,1126
138.45225305555556,36.66080111111111,1126
138.45206611111112,36.66082611111111,1124
138.4519411111111,36.66083388888889,1123
138.4515411111111,36.660741944444446,1115
138.45145305555556,36.660741944444446,1115
138.4513411111111,36.66079305555556,1115
138.45084111111112,36.66122611111111,1113
138.45081611111112,36.661293055555554,1113
138.45082805555555,36.66146805555555,1115
138.45084111111112,36.66158388888889,1115
138.4507911111111,36.66164194444445,1115
138.45059111111112,36.66165111111111,1111
138.45049111111112,36.66167611111111,1107
138.45040305555557,36.661743055555554,1103
138.45037805555555,36.66197611111111,1105
138.4503161111111,36.66204305555556,1105
138.45025305555555,36.66209194444444,1105
138.45017805555557,36.662126111111114,1106
138.45000305555556,36.66215888888889,1101
138.44945305555555,36.66214305555555,1094
138.44925388888888,36.66215888888889,1094
138.4491661111111,36.66220111111111,1092
138.4485288888889,36.66260888888889,1092
138.4484038888889,36.66269194444445,1092
138.44832888888888,36.66280111111111,1092
138.4483038888889,36.66292611111111,1093
138.4483038888889,36.663043055555555,1093
138.4483788888889,36.663241944444444,1094
138.44855388888888,36.66352611111111,1093
138.44857888888887,36.66358388888889,1092
138.44856611111112,36.66377611111111,1088
138.4485288888889,36.66386694444444,1085
138.44845388888888,36.66393388888889,1087
138.44834111111112,36.663983888888886,1083
138.4481911111111,36.66397611111111,1084
138.4480411111111,36.663916944444445,1085
138.44775388888888,36.66383388888889,1085
138.4475788888889,36.66381694444444,1086
138.44744111111112,36.66379194444445,1086
138.4472288888889,36.663691944444444,1083
138.4471661111111,36.663666944444444,1084
138.4468911111111,36.66365111111111,1082
138.4466661111111,36.66360888888889,1085
138.4464661111111,36.66348388888889,1082
138.4463911111111,36.66345888888889,1083
138.44630388888888,36.66345111111111,1084
138.4462161111111,36.663426111111114,1084
138.4460038888889,36.66320888888889,1080
138.44595388888888,36.66316694444444,1083
138.4457538888889,36.663066944444445,1076
138.44516611111112,36.66275888888889,1073
138.4450038888889,36.66262611111111,1072
138.44492888888888,36.66253388888889,1073
138.4449038888889,36.66247611111111,1073
138.4448788888889,36.66237611111111,1076
138.44492888888888,36.66189305555555,1063
138.4449161111111,36.661743055555554,1061
138.4448788888889,36.66168388888889,1063
138.44481611111112,36.66167611111111,1063
138.4447411111111,36.66169305555555,1061
138.4445411111111,36.661768055555555,1052
138.44411694444443,36.662058888888886,1056
138.44401694444446,36.66208388888889,1053
138.44349194444445,36.66206694444445,1050
138.44325388888888,36.66209194444444,1043
138.44302888888888,36.66210888888889,1040
138.44242888888888,36.66209194444444,1038
138.44226694444444,36.66207611111111,1034
138.4421538888889,36.66203388888889,1035
138.44206694444443,36.661966944444444,1034
138.4420288888889,36.661926111111114,1034
138.44191694444444,36.66145111111111,1032
138.4418288888889,36.661408888888886,1032
138.44169194444444,36.661408888888886,1032
138.44154194444445,36.66141805555556,1031
138.44132888888888,36.66145111111111,1034
138.4411538888889,36.66153388888889,1032
138.44106694444446,36.661591944444446,1031
138.4409038888889,36.661743055555554,1026
138.4407788888889,36.66188388888889,1026
138.4406038888889,36.66215111111111,1018
138.44044194444444,36.66250888888889,1013
138.4403538888889,36.66282611111111,1007
138.44031694444445,36.66317611111111,1004
138.4403288888889,36.66334194444445,997
138.4403538888889,36.66340111111111,998
138.44052888888888,36.66365888888889,996
138.44054194444445,36.663741944444446,994
138.44051694444445,36.66379194444445,994
138.4404538888889,36.66381694444444,994
138.4402538888889,36.66382611111111,993
138.44005388888888,36.66380888888889,993
138.43962888888888,36.66370888888889,990
138.4391288888889,36.66359194444444,983
138.43902888888888,36.66358388888889,983
138.43839194444445,36.66361694444444,983
138.43831694444444,36.66364194444444,981
138.43826694444445,36.66368388888889,983
138.43809194444444,36.66400111111111,986
138.43799194444443,36.66412611111111,985
138.43776694444443,36.66432611111111,983
138.43746694444445,36.66455,984
138.437405,36.664591944444446,985
138.43638,36.66509194444444,982
138.43621694444445,36.665166944444444,983
138.435855,36.665275,985
138.43553,36.66531694444444,983
138.43517805555555,36.66535805555556,975
138.43517805555555,36.66535805555556,975
138.435105,36.66536694444444,974
138.43494305555555,36.6654,971
138.43488,36.665425,968
138.434655,36.66573388888889,963
138.43459305555555,36.66579194444444,965
138.43438,36.665875,956
138.43421694444444,36.66594194444444,954
138.43399194444444,36.666091944444446,953
138.43393,36.66616694444444,956
138.433855,36.6663,948
138.433805,36.66645888888889,947
138.433755,36.666741944444446,945
138.43373,36.66683305555556,946
138.433655,36.666983055555555,944
138.43356805555555,36.667075,946
138.433455,36.66715,946
138.43293,36.667325,942
138.43281694444445,36.66735,946
138.43219305555556,36.667408055555555,942
138.43183,36.66748305555556,935
138.431605,36.66758305555555,934
138.431405,36.667725,925
138.43129305555556,36.667775,924
138.43106805555556,36.6679,924
138.43089305555554,36.6681,925
138.43079305555557,36.668175,925
138.43061805555556,36.668283055555555,925
138.43009305555555,36.66856694444444,919
138.43003,36.66863305555555,919
138.42994305555555,36.66878305555556,915
138.42993,36.668841111111114,915
138.42993,36.66895805555556,915
138.429905,36.66901611111111,916
138.429855,36.66905805555555,913
138.42978,36.669075,913
138.4292061111111,36.669083055555554,910
138.4291311111111,36.6691,910
138.4286811111111,36.66940805555556,904
138.4282061111111,36.669758055555555,901
138.42791805555555,36.669958055555554,897
138.42773111111111,36.67004111111111,895
138.42704305555554,36.67009111111111,889
138.42693111111112,36.67011611111111,886
138.42674305555556,36.670158055555554,885
138.4259811111111,36.670208055555555,881
138.42584305555556,36.67024111111111,881
138.4251311111111,36.670608055555554,876
138.42433111111112,36.67100805555555,875
138.4214061111111,36.67274111111111,852
138.4213311111111,36.67281611111111,852
138.4208438888889,36.67281611111111,837
138.42009388888889,36.67281611111111,841
138.4194811111111,36.67281611111111,842
138.41898111111112,36.67287388888889,844
138.4187061111111,36.67290805555555,839
138.4183811111111,36.672956944444444,836
138.41809388888888,36.673031944444446,833
138.41784388888888,36.67313305555555,832
138.41726888888888,36.673408055555555,825
138.41704388888888,36.673473888888886,822
138.41681888888888,36.673498888888886,823
138.4165438888889,36.673498888888886,823
138.4162061111111,36.67344111111111,815
138.4151938888889,36.67308194444445,807
138.4149438888889,36.67299888888889,808
138.41473194444444,36.672956944444444,806
138.4143938888889,36.67294111111111,806
138.4139688888889,36.672956944444444,806
138.4137438888889,36.67299888888889,807
138.41303194444444,36.67316611111111,804
138.41276888888888,36.67319888888889,806
138.4124688888889,36.673206944444445,806
138.41215694444443,36.67317388888889,803
138.4115438888889,36.67310805555555,806
138.41128194444445,36.67311611111111,801
138.41110694444444,36.673158055555554,804
138.41065694444444,36.673366111111115,803
138.41036888888888,36.67348194444445,803
138.41004388888888,36.67358194444444,804
138.40958194444445,36.67371611111111,804
138.40928194444444,36.67389111111111,801
138.40893194444445,36.67414111111111,802
138.40760694444444,36.67486611111111,795
138.407445,36.674931944444445,793
138.40590694444444,36.67545694444444,784
138.40560694444446,36.675531944444444,785
138.40535694444443,36.67557388888889,783
138.40502,36.67559111111111,783
138.404445,36.675623888888886,783
138.40230805555555,36.67574888888889,764
138.40195694444444,36.67574888888889,756
138.40175805555555,36.67572388888889,755
138.40158194444444,36.67568194444444,754
138.40083194444443,36.67546611111111,754
138.400645,36.675423888888886,755
138.40040805555554,36.675423888888886,755
138.40005805555555,36.67545694444444,752
138.39975805555557,36.67544888888889,745
138.39933305555556,36.67541611111111,743
138.398345,36.675266111111114,734
138.39797,36.67528194444444,735
138.39787,36.67530694444444,736
138.39688305555555,36.67554888888889,728
138.39653305555555,36.675615,725
138.3961711111111,36.67565694444444,723
138.39578305555557,36.675665,719
138.39535805555556,36.67563194444445,716
138.3947711111111,36.675556944444445,710
138.39388305555556,36.675398888888886,701
138.39283305555554,36.67518194444445,695
138.3923961111111,36.675106944444444,694
138.39214611111112,36.67509,692
138.3914211111111,36.675131944444445,687
138.39054611111112,36.675115,686
138.39043305555555,36.67514888888889,686
138.38942111111112,36.675565,682
138.38928305555555,36.67559,680
138.38910805555557,36.67554888888889,677
138.38894611111112,36.67547388888889,673
138.3886838888889,36.67534,660
138.38849611111112,36.67525694444444,665
138.38825888888888,36.675198888888886,674
138.3880961111111,36.67520694444445,675
138.3878838888889,36.67522388888889,675
138.3876588888889,36.675315,676
138.38748388888888,36.67543194444445,675
138.38694611111111,36.67592388888889,667
138.38657111111112,36.67619,667
138.3862211111111,36.676406944444444,664
138.3858211111111,36.676606944444444,660
138.3855338888889,36.67673194444444,657
138.3840588888889,36.67734,642
138.3839088888889,36.67738194444444,642
138.3835838888889,36.67744,642
138.38329611111112,36.677481944444445,641
138.38309611111112,36.677481944444445,641
138.3823588888889,36.67742305555556,641
138.38092194444445,36.677215,636
138.3806588888889,36.677173055555556,636
138.38044694444446,36.67715694444444,637
138.3799838888889,36.67718194444444,636
138.3797088888889,36.67720694444444,637
138.37885888888889,36.67735694444445,637
138.37847194444444,36.67738194444444,637
138.3782338888889,36.677365,637
138.3780588888889,36.677315,638
138.3773338888889,36.677031944444444,635
138.37717194444446,36.67700694444444,630
138.3769838888889,36.67698194444444,625
138.37579694444443,36.67695694444444,631
138.37552194444444,36.676948055555556,632
138.37529694444444,36.676923055555555,632
138.37512194444443,36.676881944444446,632
138.37489694444446,36.67678194444444,631
138.37457194444445,36.67659,631
138.37389694444445,36.676231944444446,628
138.373535,36.676065,626
138.37314694444444,36.67589805555556,624
138.37264694444445,36.675715,620
138.37186,36.67549,616
138.37144805555556,36.675381944444446,614
138.37067194444444,36.67518194444445,610
138.37042194444444,36.675131944444445,608
138.37027194444445,36.675115,607
138.36994805555557,36.675115,605
138.36859805555557,36.67508194444444,596
138.36829805555556,36.67507305555556,594
138.36777305555555,36.67499,591
138.36741,36.67489805555556,589
138.36707305555555,36.67479,587
138.36676111111112,36.674665,587
138.36644805555557,36.674506944444445,586
138.36567305555556,36.67415694444445,582
138.36538611111112,36.674031944444444,580
138.36509805555556,36.673965,578
138.3648861111111,36.673923055555555,576
138.36387305555556,36.673815,572
138.3626111111111,36.673665,567
138.36142388888888,36.67354,562
138.36117388888889,36.673515,561
138.36052388888888,36.67344805555555,557
138.3602111111111,36.673415,555
138.35926111111112,36.67334,549
138.3588488888889,36.673315,546
138.3582738888889,36.673273055555555,543
138.3580861111111,36.673231111111114,542
138.3578861111111,36.67312305555556,540
138.35679888888887,36.67252305555556,532
138.35676194444446,36.67249805555556,531
138.35566194444445,36.67179,523
138.35546194444444,36.671665,522
138.35483694444446,36.67139,518
138.35473694444445,36.671315,517
138.35461194444446,36.67104805555555,515
138.35443694444444,36.67070694444445,513
138.35433694444444,36.67055694444444,513
138.35369888888889,36.669756944444444,504
138.35361194444445,36.66963194444445,503
138.35273694444444,36.668515,491
138.35266194444443,36.66843194444444,489
138.35256194444443,36.66835694444445,489
138.352475,36.668315,489
138.3522,36.66824805555556,487
138.35205,36.66819805555556,486
138.35191194444445,36.66814,486
138.35178694444446,36.668081944444445,485
138.35165,36.66799,483
138.35113805555557,36.66755694444444,479
138.35028805555555,36.666806944444446,471
138.350125,36.666665,470
138.34998694444445,36.66659888888889,470
138.349875,36.666565,470
138.349425,36.66650694444444,468
138.348925,36.66644888888889,466
138.34873805555554,36.666423888888886,464
138.34845,36.66639,463
138.34813805555555,36.66634,461
138.34785,36.66628194444444,459
138.34743805555556,36.66620694444445,457
138.34726305555554,36.66620694444445,457
138.34706305555557,36.66622388888889,456
138.346925,36.666215,456
138.34678805555555,36.66620694444445,455
138.3465511111111,36.666181944444446,454
138.34628805555556,36.666131944444444,454
138.34601305555555,36.666065,453
138.3457511111111,36.665998888888886,452
138.34538805555556,36.66589,452
138.34432611111112,36.665515,448
138.34416305555555,36.66545694444444,448
138.3440511111111,36.66539888888889,448
138.34386305555554,36.66529,447
138.34276305555557,36.664515,443
138.3427011111111,36.66447388888889,443
138.34246305555556,36.664315,441
138.3419761111111,36.664031944444446,440
138.34170111111112,36.66389888888889,439
138.34113805555555,36.66361611111111,436
138.34073805555556,36.66343194444445,434
138.34022611111112,36.663198888888886,433
138.3397261111111,36.66294111111111,431
138.3394638888889,36.66282388888889,431
138.33908888888888,36.66269888888889,430
138.33862611111113,36.66258194444445,428
138.3382511111111,36.662506944444445,427
138.3378011111111,36.66234111111111,426
138.3375511111111,36.662216111111114,425
138.3365638888889,36.66164111111111,421
138.3363388888889,36.66150694444445,421
138.3361261111111,36.66137388888889,420
138.3358888888889,36.66119888888889,419
138.3356138888889,36.660981944444444,418
138.3353011111111,36.66074888888889,417
138.3346138888889,36.66039111111111,415
138.33443888888888,36.66028305555555,414
138.3339388888889,36.66001611111111,413
138.3337011111111,36.65989888888889,412
138.3334761111111,36.659798888888886,412
138.33335194444444,36.65974111111111,411
138.33310194444445,36.659666111111115,410
138.33251388888888,36.659506944444445,408
138.3322138888889,36.65942388888889,407
138.33193888888889,36.65934111111111,407
138.33162694444445,36.65923305555555,406
138.3312138888889,36.659106944444446,404
138.33106388888888,36.65906611111111,404
138.33061388888888,36.65897388888889,403
138.33035194444443,36.658923888888886,402
138.32870194444445,36.65862388888889,397
138.3285138888889,36.65858194444444,397
138.32790194444445,36.65847388888889,395
138.32731388888888,36.65837388888889,393
138.32670194444444,36.65825805555556,391
138.32617694444446,36.658166111111115,390
138.32542694444444,36.658033055555556,388
138.32534,36.658008055555555,388
138.32529,36.65799111111111,388
138.32509,36.657958055555554,388
138.32489,36.65791611111111,387
138.32419,36.65779111111111,386
138.32360194444445,36.65770805555555,385
138.32345194444446,36.65769111111111,384
138.32242805555555,36.65762388888889,380
138.32204,36.657608055555556,379
138.32074,36.657533055555554,376
138.32042694444445,36.65750805555555,375
138.32027805555555,36.65748305555555,375
138.319915,36.657423888888886,375
138.31945305555556,36.65734888888889,375
138.318615,36.65719888888889,375
138.31772805555556,36.65704888888889,375
138.31745305555555,36.656998888888886,376
138.31669,36.656866111111114,377
138.316315,36.656798888888886,377
138.316115,36.65676611111111,377
138.3150161111111,36.656573888888886,376
138.31484111111112,36.65654111111111,376
138.3131911111111,36.65629888888889,376
138.31335305555555,36.65559888888889,379
138.3135161111111,36.65489111111111,381
138.31326611111112,36.65483305555556,381
138.31294111111112,36.654741111111115,382
138.31262805555556,36.654648888888886,381
138.31226611111111,36.65452388888889,380
138.31214111111112,36.65449888888889,380
138.31201611111112,36.65449111111111,380
138.31167805555555,36.65446611111111,380
138.31130305555556,36.654448888888886,379
138.31050305555556,36.65439888888889,378
138.3103661111111,36.654383055555556,378
138.3087538888889,36.65424888888889,374
138.30849111111112,36.65423305555556,374
138.3083538888889,36.65424888888889,374
138.30825388888888,36.65426611111111,374
138.30802888888888,36.654333055555554,373
138.3076788888889,36.65444111111111,372
138.3074411111111,36.65448305555555,371
138.3074161111111,36.65425805555556,372
138.30737888888888,36.65414888888889,372
138.3072911111111,36.65396611111111,372
138.3072161111111,36.653733055555556,373
138.30712888888888,36.6535,373
138.3069661111111,36.65318305555556,373
138.30677888888889,36.652816111111115,373
138.3066411111111,36.652608055555554,374
138.3064411111111,36.652325,374
138.3061538888889,36.652008055555555,374
138.30610388888888,36.65195,374
138.3060661111111,36.6519,374
138.3055788888889,36.651333055555554,374
138.3049538888889,36.65056694444444,374
138.30462888888889,36.65016694444444,373
138.3040661111111,36.649458055555556,373
138.3035538888889,36.64885,372
138.3030288888889,36.649141944444445,371
138.30294194444446,36.649183055555554,371
138.3028038888889,36.64924194444445,371
138.3019038888889,36.649525,368
138.30147888888888,36.649658055555555,367
138.30126694444445,36.64974194444444,366
138.30096694444444,36.649825,365
138.30045388888888,36.649975,363
138.30036694444445,36.64998305555556,363
138.30026694444445,36.649975,363
138.3001538888889,36.64995,362
138.3000538888889,36.64990805555556,362
138.29971694444444,36.6498,361
138.29961694444444,36.649766944444444,361
138.2994038888889,36.64971694444444,361
138.29871694444444,36.64958305555555,360
138.29852888888888,36.64953305555556,360
138.29809194444445,36.64941694444445,359
138.29771694444443,36.64930805555556,358
138.29721694444444,36.649166944444445,357
138.2969788888889,36.64908305555556,357
138.2967788888889,36.649025,357
138.29653,36.648916944444444,357
138.29638,36.64884194444444,357
138.29624194444443,36.64875,358
138.29608,36.64861694444444,358
138.29599194444444,36.648525,358
138.295805,36.648333055555554,358
138.29573,36.64825805555556,358
138.29566694444443,36.64819194444444,358
138.29506694444444,36.64755805555556,357
138.29469194444445,36.64718388888889,357
138.29441694444444,36.64688388888889,356
138.29433,36.64678388888889,356
138.29423,36.646675,356
138.29384305555556,36.64631694444444,356
138.293505,36.64603388888889,356
138.29319305555555,36.645775,357
138.29269305555556,36.64540888888889,360
138.29208,36.64494194444445,355
138.29201694444444,36.6449,355
138.29141805555557,36.644441944444445,355
138.29053,36.64377611111111,352
138.29039305555557,36.64366694444445,352
138.28963,36.64313388888889,350
138.289405,36.64297611111111,350
138.28928,36.64290111111111,350
138.2889561111111,36.64268388888889,351
138.2888061111111,36.64257611111111,351
138.2886061111111,36.64240888888889,352
138.28843111111112,36.64221694444444,353
138.28811805555554,36.64185111111111,354
138.28778111111112,36.641441944444445,353
138.28744305555554,36.641043055555556,354
138.28710611111111,36.64060888888889,353
138.28644305555557,36.63973388888889,352
138.28581805555555,36.63890888888889,351
138.28550611111112,36.63853388888889,351
138.28519305555557,36.63822611111111,351
138.28506805555554,36.63814305555555,351
138.28491805555555,36.638043055555556,351
138.2845061111111,36.63784305555556,350
138.28435611111112,36.63778388888889,350
138.28366888888888,36.63751805555555,350
138.2832688888889,36.63738388888889,350
138.2824811111111,36.63709305555555,348
138.2818188888889,36.63684305555556,346
138.28118111111112,36.63660888888889,344
138.2805688888889,36.636383888888886,343
138.2804688888889,36.63635111111111,343
138.2802438888889,36.63630111111111,342
138.27994388888888,36.63623388888889,342
138.27939388888888,36.636158888888886,341
138.2789938888889,36.63614305555556,340
138.2786438888889,36.63615111111111,339
138.27835694444445,36.63616805555556,339
138.2782938888889,36.63620888888889,339
138.2781938888889,36.636226111111114,339
138.2776438888889,36.63632611111111,339
138.27564388888888,36.63672611111111,338
138.2744438888889,36.636968055555556,338
138.27410694444444,36.63704194444445,338
138.273345,36.63720111111111,338
138.27277,36.63731694444444,338
138.27263194444444,36.63735111111111,338
138.271495,36.63758388888889,337
138.26982,36.63793388888889,337
138.269045,36.638151111111114,337
138.268495,36.638308888888886,337
138.267845,36.63848388888889,337
138.2675188888889,36.63857111111111,337
138.2675188888889,36.63857111111111,337
138.26715805555557,36.638666944444445,337
138.26658305555554,36.63882611111111,337
138.26615805555556,36.63894194444445,337
138.2646211111111,36.63930111111111,337
138.26342111111111,36.63955888888889,337
138.26304611111112,36.63963388888889,337
138.26283305555555,36.639675,337
138.26175805555556,36.63989194444444,337
138.2565338888889,36.64094194444444,340
138.25465888888888,36.641308055555555,341
138.2544961111111,36.64134194444444,340
138.2537461111111,36.641483055555554,341
138.25277111111112,36.64163305555556,341
138.2524961111111,36.641666944444445,340
138.2522588888889,36.641691944444446,341
138.2520088888889,36.64171694444445,339
138.2518211111111,36.641725,339
138.2511461111111,36.641758055555556,339
138.2503338888889,36.64180805555556,339
138.25015888888888,36.64181694444444,339
138.2495338888889,36.64183305555556,339
138.2491711111111,36.64183305555556,338
138.24890888888888,36.64185,338
138.2483961111111,36.641875,338
138.24785888888889,36.641891944444446,338
138.24734694444444,36.641908055555554,338
138.24687194444445,36.641925,338
138.24650888888888,36.64194194444445,338
138.24454694444444,36.64201694444444,338
138.24369694444445,36.64205805555556,338
138.243235,36.642075,338
138.242185,36.64210805555555,338
138.24057305555556,36.64217388888889,338
138.23977305555556,36.64220805555556,338
138.23967305555556,36.64220805555556,338
138.23879805555555,36.642248888888886,338
138.2380861111111,36.64228305555555,339
138.23721111111112,36.642316111111114,339
138.2361488888889,36.642356944444444,339
138.23439888888888,36.64244111111111,339
138.2336238888889,36.64247388888889,339
138.23324888888888,36.64249111111111,339
138.2328238888889,36.64252388888889,339
138.2323738888889,36.64256611111111,339
138.2319238888889,36.64261611111111,339
138.23158694444444,36.642673888888886,339
138.23121194444445,36.64273194444444,339
138.2310738888889,36.64274888888889,339
138.2309238888889,36.64275694444444,339
138.23056194444445,36.64273194444444,339
138.2301238888889,36.64268194444445,339
138.22966194444444,36.642648888888885,340
138.22926194444443,36.642631944444446,340
138.22851194444445,36.642631944444446,340
138.22768694444446,36.642648888888885,341
138.22735,36.642648888888885,341
138.22726194444445,36.642648888888885,341
138.22658694444445,36.64265694444445,342
138.22501305555556,36.64269,342
138.224325,36.64269,342
138.22326305555555,36.64269888888889,342
138.223175,36.64269888888889,342
138.22233805555555,36.64269,344
138.2216261111111,36.64265694444445,344
138.22118805555556,36.642615,344
138.21998805555555,36.642465,346
138.21875111111112,36.64230694444444,348
138.2149138888889,36.641815,349
138.21442611111112,36.641765,350
138.2142638888889,36.64169,350
138.21377694444445,36.641731944444444,350
138.21227694444445,36.64188194444444,350
138.2116638888889,36.641931944444444,350
138.21158888888888,36.64194,350
138.21120194444444,36.64197388888889,350
138.21075194444444,36.64200694444445,350
138.21052694444444,36.64203194444445,350
138.21042694444444,36.64204888888889,350
138.21022694444446,36.642065,350
138.20820194444445,36.642248055555555,351
138.207515,36.642315,351
138.206815,36.642381944444445,351
138.20620305555556,36.64244,352
138.20610305555556,36.64245694444445,352
138.20552694444444,36.64253194444444,352
138.20545305555555,36.64254,352
138.20514,36.64254805555556,352
138.20447694444445,36.64252305555556,353
138.203865,36.642515,353
138.20375305555555,36.642515,353
138.203015,36.64248111111111,353
138.202365,36.642465,353
138.20129111111112,36.642423055555554,354
138.20055305555556,36.642365,354
138.2002161111111,36.64233111111111,354
138.19960305555554,36.642265,354
138.1988661111111,36.64219,355
138.19856611111112,36.642165,355
138.1968411111111,36.64203111111111,355
138.1959161111111,36.641965,356
138.19561611111112,36.64194805555555,356
138.1946911111111,36.641865,357
138.1944161111111,36.64188111111111,357
138.19390388888888,36.641888888888886,357
138.1931911111111,36.64186388888889,357
138.19266611111112,36.641848055555556,357
138.19232888888888,36.64183111111111,358
138.19149194444444,36.64180611111111,357
138.1914788888889,36.64193111111111,357
138.1914538888889,36.641998055555554,357
138.1911288888889,36.64234805555556,357
138.19071694444443,36.64278888888889,360
138.1905538888889,36.64285611111111,360
138.19026694444443,36.64315611111111,361
138.1899038888889,36.64293888888889,361
138.18966111111112,36.642783888888886,360
</coordinates>
</LineString>
</Placemark>
</Document>
</kml>
