<?xml version="1.0" encoding="UTF-8"?>
<kml xmlns="http://www.opengis.net/kml/2.2" xmlns:atom="http://www.w3.org/2005/Atom">
<Document>
<name>54代夏合宿6日目</name>
<atom:author>
<atom:name>ぐんまあ</atom:name>
</atom:author> 
<atom:link href="https://latlonglab.yahoo.co.jp/route/watch?id=5852be4164a6c729cb5d8f6217aebb11" />
<description><![CDATA[2016年8月17日(水)実施予定
54代夏合宿6日目
92km1300UP

かなやま湖畔キャンプ場
↓
樹海峠
↓
麓郷展望台
↓
北星山(中富良野町)：写真・観光
↓
スーパーチェーンふじ上富良野店：買出し(21時閉店)
↓
白銀荘前キャンプ場]]></description>
<tags><![CDATA[wcc54th]]></tags>  
<Placemark>
<Style>
<LineStyle>
<color>99ff0000</color>
<width>6</width>
</LineStyle>
</Style>
<LineString>
<coordinates>
142.49119611111112,43.158566111111114,352
142.49100611111112,43.15814694444445,350
142.49061805555556,43.15758,347
142.49030611111112,43.15728,347
142.4892311111111,43.15648888888889,348
142.4886561111111,43.15616388888889,351
142.4881188888889,43.15622194444445,356
142.4901811111111,43.15888,358
142.49145611111112,43.160505,355
142.49174305555556,43.16077194444444,354
142.4920811111111,43.160896944444445,353
142.49248111111112,43.16093,349
142.49268111111112,43.160955,347
142.4928561111111,43.16088,349
142.49303111111112,43.16082194444444,353
142.49426805555555,43.16033,355
142.49459305555555,43.160255,357
142.495305,43.16033,358
142.496205,43.160505,358
142.49741805555556,43.160696944444446,352
142.49769194444445,43.160696944444446,351
142.497955,43.16063805555556,352
142.498155,43.160496944444446,352
142.50049194444443,43.15683888888889,353
142.500805,43.15663888888889,353
142.50124194444444,43.156663888888886,352
142.50232888888888,43.15692194444444,355
142.50291694444445,43.156956111111114,355
142.5065038888889,43.15652194444444,353
142.5070538888889,43.15658111111111,354
142.5075161111111,43.15678111111111,354
142.50856611111112,43.157696944444446,344
142.5090788888889,43.15841388888889,347
142.50922888888888,43.158521944444445,347
142.5095038888889,43.15855611111111,345
142.5097788888889,43.15858111111111,346
142.5100911111111,43.15863888888889,345
142.5103288888889,43.15878111111111,346
142.51051611111112,43.15903888888889,346
142.5105661111111,43.15941388888889,345
142.5106788888889,43.15978,346
142.51095388888888,43.16003888888889,355
142.5115788888889,43.160496944444446,355
142.51196611111112,43.160896944444445,356
142.5121161111111,43.16124694444444,354
142.5121661111111,43.16173,356
142.51200305555557,43.16298888888889,354
142.51196611111112,43.16336388888889,353
142.51207805555555,43.16356388888889,353
142.51227805555556,43.163646944444444,352
142.51277805555554,43.16381388888889,353
142.5129411111111,43.16393,355
142.51297805555555,43.16413,355
142.5125911111111,43.16516305555555,344
142.51235305555556,43.16538805555555,346
142.5116911111111,43.16578805555555,354
142.5114911111111,43.16598805555556,354
142.51145305555556,43.166221944444445,351
142.5114911111111,43.16648,355
142.51180305555556,43.166905,353
142.51180305555556,43.167163055555555,353
142.5116911111111,43.16768,353
142.51172805555555,43.16799611111111,353
142.51185305555555,43.16822111111111,352
142.51264111111112,43.16913805555556,352
142.5129161111111,43.16941305555556,351
142.5134911111111,43.16974611111111,350
142.51392805555557,43.17007111111111,345
142.51401611111112,43.17023,344
142.51400305555555,43.17044611111111,345
142.5138411111111,43.17082111111111,348
142.5138411111111,43.17106305555556,349
142.51397805555555,43.171305,348
142.51417805555556,43.17153,347
142.51474,43.17210388888889,346
142.515265,43.172446111111114,347
142.516365,43.17301305555556,347
142.51760305555555,43.17352888888889,347
142.51824,43.17384611111111,347
142.518615,43.17411305555556,348
142.52085194444444,43.17582111111111,348
142.5212138888889,43.17603805555556,349
142.5213388888889,43.17607888888889,348
142.5216388888889,43.176163055555556,348
142.5222138888889,43.17622111111111,348
142.52422694444445,43.17621305555556,347
142.5310888888889,43.17628805555555,349
142.53352611111112,43.176505,351
142.53501305555557,43.17663805555556,351
142.53561305555556,43.17666305555556,351
142.53598805555555,43.176605,349
142.5363761111111,43.17651305555555,348
142.53758805555555,43.17621305555556,348
142.53833805555556,43.17606305555555,348
142.54106305555555,43.17552194444445,348
142.54146194444445,43.175463055555554,348
142.54203694444445,43.17549694444445,347
142.54296194444444,43.17559694444444,348
142.54486194444445,43.17569694444445,349
142.5470488888889,43.17558,354
142.54889888888889,43.175446944444445,352
142.54927388888888,43.17536388888889,352
142.5496488888889,43.17516388888889,350
142.5505738888889,43.174555,349
142.55106194444446,43.174355,350
142.5515488888889,43.17432194444444,349
142.5520488888889,43.174346944444444,351
142.55248694444444,43.17445611111111,352
142.55301194444445,43.174706111111114,350
142.5535111111111,43.17492194444444,348
142.5539611111111,43.175021944444445,349
142.5544988888889,43.174996944444445,348
142.5561988888889,43.17483111111111,350
142.5582738888889,43.17468111111111,350
142.5588488888889,43.174571944444445,351
142.55984805555556,43.174281111111114,349
142.56228611111112,43.17340611111111,348
142.56382305555556,43.17283888888889,348
142.56464805555555,43.17253888888889,346
142.5658861111111,43.172063888888886,344
142.56626111111112,43.17193888888889,345
142.5676361111111,43.171413888888885,348
142.56981,43.17078111111111,350
142.57199805555555,43.17020611111111,351
142.57147305555554,43.16914,351
142.57079805555554,43.16794,350
142.57074805555555,43.167856944444445,350
142.57037694444443,43.16710194444445,350
142.57037694444443,43.16710194444445,350
142.57074805555555,43.167856944444445,350
142.57079805555554,43.16794,350
142.57147305555554,43.16914,351
142.57199805555555,43.17020611111111,351
142.57264694444444,43.17145611111111,350
142.573135,43.172515,350
142.573185,43.172623055555555,349
142.57362194444445,43.17349,349
142.57399694444445,43.17405611111111,351
142.57424694444444,43.174413888888886,354
142.57477194444445,43.17489805555556,357
142.57624694444445,43.17615611111111,362
142.57704694444445,43.17682305555556,364
142.5784588888889,43.17801388888889,366
142.57874694444445,43.17833111111111,371
142.57902194444443,43.17876388888889,371
142.5812461111111,43.18303111111111,397
142.58215805555557,43.18486388888889,405
142.58235805555555,43.18534694444445,409
142.58244611111112,43.18586388888889,415
142.5824211111111,43.186371944444446,416
142.5822961111111,43.186905,414
142.5820461111111,43.18738888888889,416
142.58163305555556,43.18788,426
142.5812461111111,43.188271944444445,428
142.58019611111112,43.18928,430
142.57985805555555,43.18972111111111,432
142.57958305555556,43.190221111111114,435
142.57930805555554,43.190871111111115,443
142.57905805555555,43.191563055555555,446
142.57814611111112,43.19402888888889,457
142.57810805555556,43.194588055555556,457
142.57829611111111,43.19512111111111,463
142.57872111111112,43.195613055555555,465
142.57915805555555,43.19591194444445,464
142.5796711111111,43.19609611111111,468
142.58067,43.196261944444444,478
142.581945,43.196353888888886,475
142.58327,43.196463055555554,478
142.583845,43.19660388888889,479
142.58415805555555,43.19679611111111,479
142.584345,43.19703805555555,479
142.58443194444445,43.19730388888889,478
142.58442805555555,43.19734888888889,478
142.5844277777778,43.19734888888889,478
142.58440694444445,43.19757111111111,476
142.58425805555555,43.19783694444445,474
142.583995,43.198036944444446,470
142.58360694444445,43.19819611111111,467
142.58313305555555,43.19824611111111,466
142.582245,43.19828694444445,466
142.581245,43.19837111111111,455
142.58010805555554,43.19842111111111,457
142.579345,43.198346111111114,458
142.57874611111112,43.19822111111111,453
142.5776461111111,43.19786194444445,445
142.57685805555556,43.197536944444444,446
142.5761961111111,43.19732111111111,438
142.57563305555556,43.19722888888889,435
142.5750711111111,43.19719611111111,436
142.5744711111111,43.197311944444444,432
142.57384611111112,43.19754611111111,429
142.57288305555556,43.19802,424
142.57227111111112,43.19832,416
142.5712088888889,43.19867,415
142.57082111111112,43.198745,419
142.56988388888888,43.198795,408
142.56850888888889,43.198861944444445,405
142.56797111111112,43.19893694444445,395
142.5670338888889,43.199103055555554,395
142.56628388888888,43.19932,398
142.5652838888889,43.19972,392
142.56297194444446,43.20072805555556,378
142.56154694444444,43.20122805555555,376
142.556635,43.202618888888885,349
142.55651305555557,43.20265888888889,349
142.55651305555557,43.20265888888889,349
142.55522305555556,43.20308611111111,344
142.55452194444445,43.20338611111111,338
142.55394805555557,43.203718888888886,336
142.55252194444444,43.204768888888886,330
142.55169805555556,43.20533611111111,329
142.55091,43.20596888888889,329
142.54942305555556,43.20716,329
142.548935,43.207568888888886,327
142.54869805555555,43.20776,325
142.54902305555555,43.207726944444445,326
142.54931,43.20764388888889,327
142.54987305555557,43.207335,326
142.55027305555555,43.20721,325
142.55119805555555,43.206985,320
142.553035,43.20666111111111,325
142.55477194444444,43.20631888888889,326
142.55536,43.206226944444445,327
142.55577194444444,43.20621888888889,327
142.55604694444443,43.20627694444445,328
142.55704694444444,43.20666111111111,328
142.55743388888888,43.206786111111114,328
142.55817194444444,43.20696888888889,328
142.5589838888889,43.207276944444445,329
142.5597838888889,43.207436111111114,332
142.56042194444444,43.20749388888889,334
142.5622711111111,43.20791111111111,342
142.56354611111112,43.20831888888889,343
142.5644211111111,43.20870194444444,346
142.5658461111111,43.20941111111111,348
142.5660711111111,43.20948611111111,348
142.5667838888889,43.209626944444445,346
142.5673461111111,43.20981111111111,347
142.5679211111111,43.210118888888886,348
142.56820805555554,43.21039388888889,348
142.56867111111112,43.211061111111114,347
142.5689461111111,43.21145194444444,349
142.5691711111111,43.211685,351
142.5697211111111,43.21211888888889,358
142.5704211111111,43.21266888888889,358
142.57118305555557,43.21355194444445,358
142.57127,43.213735,358
142.57137,43.21425194444444,359
142.57152,43.21469305555556,359
142.571995,43.21546,359
142.57227,43.21590194444445,364
142.572345,43.216076944444445,364
142.57235805555555,43.21621805555556,364
142.57222,43.21642694444444,366
142.57173305555557,43.216735,369
142.57162,43.216968055555554,369
142.57158305555555,43.21736805555555,369
142.571645,43.21780111111111,369
142.571745,43.21832611111111,371
142.571995,43.21896805555556,372
142.571995,43.21950888888889,373
142.57207,43.21989305555555,372
142.572195,43.22045888888889,371
142.57213305555555,43.22072611111111,371
142.57202,43.22098388888889,372
142.57180805555555,43.22123388888889,374
142.571495,43.221558888888886,378
142.57137,43.221941944444445,378
142.57127,43.222276111111114,379
142.571295,43.222566944444445,379
142.57135805555555,43.22294194444444,378
142.571445,43.22388388888889,378
142.57170694444446,43.22463388888889,380
142.572145,43.225476111111114,387
142.57252,43.22605,386
142.57283194444443,43.22676694444444,388
142.57375694444445,43.22750888888889,392
142.57399388888888,43.22783388888889,392
142.57411888888888,43.228225,391
142.57408194444446,43.228608055555554,392
142.57385694444446,43.22918305555555,392
142.57360694444444,43.22975,393
142.57353194444445,43.23000805555556,393
142.57353194444445,43.23021694444444,393
142.57364388888888,43.23039111111111,393
142.57405694444444,43.23070805555555,392
142.5741438888889,43.231125,394
142.57440694444443,43.23149111111111,394
142.57476888888888,43.23206611111111,395
142.57489388888888,43.2326,395
142.5748688888889,43.23298305555556,397
142.5747188888889,43.233333055555555,397
142.57441888888889,43.23360805555556,399
142.57408194444446,43.23383305555556,399
142.5740188888889,43.23429888888889,398
142.5740688888889,43.23472388888889,399
142.57418194444443,43.23514111111111,398
142.57466888888888,43.23624888888889,398
142.5748438888889,43.23646611111111,399
142.5756438888889,43.237158055555554,403
142.5760688888889,43.237631944444445,401
142.5761938888889,43.23782388888889,401
142.5761938888889,43.23800694444444,400
142.57613111111112,43.23827388888889,401
142.5760688888889,43.23859888888889,403
142.57601888888888,43.23891611111111,404
142.5760688888889,43.239531944444444,406
142.57614388888888,43.24010694444444,408
142.57628111111111,43.240631944444445,412
142.57628111111111,43.24087388888889,413
142.5762061111111,43.241165,415
142.5752938888889,43.242365,418
142.57524388888888,43.242565,416
142.5753188888889,43.242806944444446,414
142.57556888888888,43.24315694444444,417
142.57744305555556,43.24518111111111,418
142.57794305555555,43.24554,420
142.57836805555556,43.24577305555555,419
142.5788061111111,43.245848055555555,419
142.57944305555554,43.24592305555556,423
142.57990611111111,43.24613111111111,426
142.58046805555554,43.24648111111111,425
142.58096805555556,43.24697305555556,426
142.58153,43.247281111111114,427
142.582155,43.24765611111111,426
142.58246805555555,43.24804805555556,427
142.58266805555556,43.24846388888889,428
142.582855,43.248623055555555,428
142.58336694444444,43.24912305555556,431
142.583705,43.249698055555555,434
142.58391805555556,43.24997305555556,433
142.58416694444443,43.25043111111111,434
142.584305,43.25092305555555,437
142.58436694444444,43.25109805555556,436
142.58463,43.251246944444446,437
142.58579194444445,43.25193888888889,437
142.58625388888888,43.25228888888889,438
142.58651694444444,43.25246388888889,439
142.58709194444444,43.25277194444445,440
142.5875538888889,43.253146944444445,444
142.58829194444445,43.25389694444444,452
142.58901694444444,43.25473111111111,451
142.5893538888889,43.255338888888886,452
142.5894788888889,43.25568888888889,453
142.58954194444445,43.256155,455
142.5895661111111,43.256596944444446,454
142.5898288888889,43.257021944444446,452
142.59077888888888,43.257705,459
142.5917038888889,43.25793888888889,465
142.5921661111111,43.25808888888889,465
142.5925161111111,43.25863,469
142.59259111111112,43.259346944444445,473
142.5927911111111,43.260796944444444,471
142.59275305555556,43.26132194444445,474
142.59257805555555,43.262205,474
142.59255305555556,43.26267111111111,476
142.59272805555557,43.26313805555556,474
142.59339111111112,43.263888055555555,474
142.59357805555555,43.26432888888889,476
142.59357805555555,43.265013055555556,476
142.59342805555556,43.26552888888889,477
142.59305305555554,43.266128888888886,482
142.59269111111112,43.266688055555555,484
142.5926161111111,43.26690388888889,485
142.59272805555557,43.26762111111111,488
142.59272805555557,43.26800388888889,489
142.5925161111111,43.26822111111111,492
142.59191611111112,43.26858694444444,498
142.5914161111111,43.268971111111114,502
142.59092805555557,43.269261944444445,505
142.59035305555557,43.26933694444445,505
142.5894411111111,43.26933694444445,509
142.58890305555556,43.26958694444444,511
142.5884411111111,43.27002,512
142.5879911111111,43.270095,511
142.5857661111111,43.269745,518
142.58524111111112,43.26960388888889,521
142.58477888888888,43.269295,526
142.58410388888888,43.26895388888889,531
142.5833288888889,43.26877,531
142.5825788888889,43.26847,531
142.5822411111111,43.268245,531
142.58199194444444,43.26822,532
142.5808788888889,43.26828694444445,538
142.5800538888889,43.26840388888889,543
142.5793788888889,43.26847,546
142.57875388888888,43.268445,549
142.57729194444445,43.268161944444444,557
142.57674194444445,43.268245,559
142.57629194444445,43.26842,559
142.57646694444443,43.26875305555556,559
142.57650388888888,43.26933694444445,560
142.57656694444444,43.26978694444445,561
142.57676694444444,43.270111944444444,561
142.57742888888887,43.27051194444444,561
142.5791538888889,43.27132805555556,561
142.58102888888888,43.272195,560
142.58171611111112,43.27242,560
142.5824661111111,43.27252,560
142.5832161111111,43.272711111111114,558
142.5839288888889,43.27306111111111,555
142.58497805555555,43.273595,555
142.58592805555554,43.27392,559
142.5887911111111,43.274636111111114,566
142.5891411111111,43.27468611111111,567
142.59021611111112,43.27457,570
142.591015,43.27452,576
142.59155305555555,43.274636944444445,578
142.59247805555555,43.27498694444444,586
142.59304,43.27553611111111,592
142.59340194444445,43.27602805555556,595
142.59364,43.27617,597
142.59389,43.27617,601
142.594265,43.275978055555555,605
142.594865,43.27561194444444,610
142.59562805555555,43.27556194444445,617
142.59639,43.275745,623
142.59785194444444,43.275795,630
142.59906388888888,43.27586194444444,633
142.59985194444445,43.27577,634
142.6003638888889,43.275745,634
142.60032694444445,43.276203055555555,629
142.60040194444446,43.276511944444444,627
142.60053888888888,43.27663694444445,627
142.60100194444445,43.276803055555554,626
142.6011388888889,43.276895,624
142.6011388888889,43.27703694444445,622
142.60102694444444,43.277195,620
142.60062694444446,43.27742,617
142.60005194444443,43.27780305555556,614
142.5999138888889,43.27805305555555,614
142.59996388888888,43.27836111111111,609
142.60035194444444,43.279245,604
142.60057694444444,43.27968611111111,601
142.6009388888889,43.28030305555556,598
142.60095194444443,43.28041888888889,596
142.60086388888888,43.28052805555556,596
142.60041388888888,43.28066111111111,593
142.59955194444444,43.281061111111114,588
142.59892694444446,43.28149388888889,585
142.5985638888889,43.28187805555555,583
142.59840194444445,43.282026944444446,584
142.5982138888889,43.28205194444445,584
142.59770194444445,43.282003055555556,583
142.5976061111111,43.28201111111111,583
142.5976061111111,43.28201111111111,583
142.59690194444445,43.28206888888889,580
142.59522694444445,43.282451944444446,569
142.59432694444445,43.28251111111111,564
142.59407694444445,43.28261111111111,562
142.59395194444446,43.282801944444444,561
142.59385194444445,43.28316888888889,560
142.59363888888888,43.28443611111111,555
142.5934638888889,43.285176944444444,553
142.59352694444445,43.285651944444446,551
142.5938888888889,43.286185,552
142.59430194444445,43.28676,552
142.5944638888889,43.28734388888889,551
142.59440194444446,43.28766,550
142.5941138888889,43.28801,551
142.5936638888889,43.28846,546
142.5931138888889,43.289335,542
142.59302694444443,43.289701944444445,540
142.5929888888889,43.29061,536
142.5928638888889,43.29122611111111,534
142.5926638888889,43.291468055555555,533
142.59230194444444,43.29159305555556,532
142.59205194444445,43.29186,531
142.59172694444445,43.292543055555555,531
142.59172694444445,43.29270888888889,532
142.59191388888888,43.29282611111111,531
142.59340111111112,43.29317611111111,530
142.5944638888889,43.29346805555556,518
142.5948011111111,43.29369305555556,513
142.5948261111111,43.29395888888889,511
142.5946888888889,43.29435888888889,507
142.5943761111111,43.29468388888889,505
142.59338888888888,43.29510888888889,500
142.5929261111111,43.29545888888889,497
142.59271388888888,43.29580888888889,494
142.5925138888889,43.29640888888889,490
142.5924138888889,43.29671694444445,490
142.5924261111111,43.29691805555556,490
142.5921261111111,43.29690111111111,489
142.5917388888889,43.29691805555556,489
142.5914011111111,43.29705888888889,488
142.5911761111111,43.297243055555555,487
142.58997694444443,43.29780111111111,483
142.5892388888889,43.29840111111111,478
142.58908888888888,43.29870888888889,476
142.5890388888889,43.298966944444444,475
142.5885888888889,43.29976694444444,472
142.58780194444444,43.30065,466
142.58685194444445,43.30141694444445,464
142.5862888888889,43.30164194444444,460
142.5856388888889,43.301658055555556,458
142.5850638888889,43.30178305555555,456
142.5843888888889,43.301975,454
142.5832888888889,43.30224194444445,449
142.582565,43.30255805555556,448
142.582215,43.302841944444445,446
142.58172694444445,43.30344111111111,445
142.58137694444446,43.30375,444
142.58094,43.30385,443
142.57999,43.30388305555555,439
142.579315,43.304025,437
142.578565,43.30426611111111,435
142.57764,43.30464888888889,432
142.57659,43.30511611111111,429
142.575415,43.30554111111111,427
142.57321611111112,43.30639111111111,424
142.57277805555555,43.30670694444444,422
142.57210305555554,43.30730805555555,419
142.57127805555555,43.30774888888889,417
142.5702411111111,43.30789111111111,413
142.56907805555556,43.30789111111111,410
142.56826611111111,43.30769111111111,410
142.56745388888888,43.30755694444444,407
142.5669288888889,43.30758194444444,404
142.56620388888888,43.30771611111111,402
142.56312888888888,43.30807388888889,395
142.56269111111112,43.308081944444446,393
142.5624038888889,43.30802388888889,393
142.5615788888889,43.30787388888889,390
142.5611288888889,43.30782388888889,390
142.56069194444444,43.307881944444446,390
142.56024194444444,43.307898888888886,388
142.5601538888889,43.30761611111111,386
142.56004194444444,43.30725694444445,387
142.55989194444444,43.306731944444444,386
142.55999194444445,43.30654888888889,386
142.5600538888889,43.30627388888889,386
142.5600538888889,43.30589888888889,386
142.5600288888889,43.30578194444445,386
142.56030388888888,43.30563194444444,386
142.56065388888888,43.30558194444444,387
142.56179194444445,43.305641111111115,392
142.5630038888889,43.30575694444445,395
142.5631911111111,43.305748888888886,395
142.5633288888889,43.305706944444445,396
142.5634288888889,43.30560805555555,395
142.5635661111111,43.305456944444444,395
142.56404111111112,43.30493194444445,397
142.5641911111111,43.30478305555555,398
142.56471611111112,43.304698888888886,402
142.5651411111111,43.30459111111111,409
142.5659411111111,43.30429888888889,417
142.56619111111112,43.30429111111111,419
142.5683911111111,43.30455805555555,437
142.56871611111112,43.30453305555555,442
142.5691161111111,43.30442388888889,448
142.5700911111111,43.30389888888889,462
142.57039111111112,43.303848888888886,466
142.57106611111112,43.30387388888889,475
142.57147805555556,43.303916111111114,481
142.57365305555555,43.30409888888889,498
142.57362805555556,43.30205,500
142.57354305555555,43.302011944444445,499
142.57354305555555,43.302011944444445,499
142.57362805555556,43.30205,500
142.57365305555555,43.30409888888889,498
142.57147805555556,43.303916111111114,481
142.57106611111112,43.30387388888889,475
142.57039111111112,43.303848888888886,466
142.5700911111111,43.30389888888889,462
142.5691161111111,43.30442388888889,448
142.56871611111112,43.30453305555555,442
142.5683911111111,43.30455805555555,437
142.56619111111112,43.30429111111111,419
142.5659411111111,43.30429888888889,417
142.5651411111111,43.30459111111111,409
142.56471611111112,43.304698888888886,402
142.5641911111111,43.30478305555555,398
142.56404111111112,43.30493194444445,397
142.5635661111111,43.305456944444444,395
142.5634288888889,43.30560805555555,395
142.5633288888889,43.305706944444445,396
142.5631911111111,43.305748888888886,395
142.5630038888889,43.30575694444445,395
142.56179194444445,43.305641111111115,392
142.56065388888888,43.30558194444444,387
142.56030388888888,43.30563194444444,386
142.5600288888889,43.30578194444445,386
142.55991694444444,43.305773888888886,385
142.55643,43.305506944444446,380
142.55391805555556,43.30524888888889,373
142.54824305555556,43.304656944444446,361
142.54283694444445,43.304093888888886,349
142.53743111111112,43.303531944444444,337
142.53290694444445,43.303065,332
142.53051888888888,43.30282305555556,327
142.52960694444445,43.302731111111115,325
142.52985694444445,43.30718111111111,327
142.52995694444445,43.310921944444445,322
142.5299688888889,43.31131388888889,322
142.5301188888889,43.313805,324
142.53010694444444,43.31391611111111,323
142.53010694444444,43.31391611111111,323
142.5300938888889,43.31403,323
142.52945694444443,43.315455,320
142.5290938888889,43.316071944444445,318
142.52869388888888,43.316313055555554,316
142.52770694444445,43.31683805555556,315
142.5265688888889,43.317388055555554,315
142.52595694444443,43.317663055555556,315
142.5267188888889,43.31856305555556,318
142.52715694444444,43.318913055555555,319
142.52814388888888,43.31952111111111,326
142.52880694444445,43.319755,326
142.5295311111111,43.32013805555555,325
142.5297438888889,43.320438055555556,326
142.53006888888888,43.32093805555556,327
142.53224194444445,43.32432111111111,338
142.53224194444445,43.32432111111111,338
142.5333938888889,43.32611305555555,344
142.53341805555556,43.32619611111111,344
142.5333811111111,43.32629611111111,344
142.5329438888889,43.32662111111111,340
142.5325938888889,43.32689611111111,341
142.53118111111112,43.327936944444446,344
142.53108111111112,43.32800388888889,345
142.53096888888888,43.32807888888889,345
142.5308311111111,43.32812111111111,345
142.5306688888889,43.32814611111111,345
142.5305561111111,43.32829611111111,346
142.52963111111112,43.328921111111114,349
142.5295438888889,43.32897888888889,349
142.52928111111112,43.32909611111111,348
142.5265311111111,43.32971194444445,341
142.5260561111111,43.32987888888889,339
142.5257938888889,43.33007888888889,338
142.52565611111112,43.33036194444445,338
142.5253688888889,43.33183694444445,340
142.5252688888889,43.332011944444446,341
142.52373194444445,43.33321111111111,341
142.52518111111112,43.33427,346
142.5255688888889,43.33448611111111,348
142.5276561111111,43.335445,355
142.52791888888888,43.33561111111111,356
142.5280811111111,43.33578611111111,357
142.52825611111112,43.33598611111111,357
142.5290688888889,43.33701111111111,358
142.52936805555555,43.337336111111114,360
142.52964305555557,43.33756888888889,361
142.52991805555556,43.337761111111114,362
142.53179305555557,43.33911111111111,369
142.53348111111112,43.34035305555555,377
142.537855,43.34355305555555,396
142.54014194444446,43.34516111111111,407
142.54036694444446,43.34527694444444,407
142.54069194444443,43.34538611111111,408
142.541155,43.34547805555555,410
142.54394194444444,43.34596888888889,424
142.54386805555555,43.34618888888889,423
142.54386805555555,43.34618888888889,423
142.5431288888889,43.348393888888886,421
142.54231694444445,43.35081,416
142.54074194444445,43.35551805555556,414
142.54005805555556,43.35753388888889,418
142.54005805555556,43.35753388888889,418
142.53904194444445,43.36053388888889,423
142.53751694444443,43.365366944444446,434
142.53722888888888,43.366258055555555,432
142.53701694444445,43.366875,432
142.53674194444446,43.36770805555555,439
142.5342161111111,43.37515694444444,438
142.5326038888889,43.380048055555555,432
142.53186,43.382198055555556,428
142.53186,43.382198055555556,428
142.5309288888889,43.38488888888889,422
142.5253538888889,43.38397305555556,392
142.52411694444444,43.38403111111111,388
142.52080388888888,43.38423888888889,370
142.51939194444444,43.38426388888889,367
142.51581694444445,43.38398888888889,351
142.51503,43.383871944444444,346
142.51373,43.38345611111111,341
142.51028,43.382423055555556,321
142.50888111111112,43.38228888888889,317
142.5069061111111,43.38223888888889,314
142.50554305555556,43.38229694444444,304
142.50438111111112,43.38238888888889,300
142.5021561111111,43.38238111111111,293
142.50018111111112,43.38232194444444,289
142.49856888888888,43.382221944444446,279
142.49619388888888,43.381946944444444,272
142.4945561111111,43.38188888888889,264
142.4940938888889,43.38188888888889,264
142.49285694444444,43.382105,258
142.49246888888888,43.38209694444444,257
142.4920938888889,43.382055,254
142.49191888888888,43.38201388888889,253
142.4911688888889,43.381771944444445,254
142.49078194444445,43.381705,253
142.4903688888889,43.38171388888889,252
142.48746888888888,43.38178805555555,241
142.4870938888889,43.38183,237
142.4863938888889,43.38193805555556,236
142.480295,43.381663055555556,220
142.479545,43.38168805555556,216
142.47930805555555,43.38171305555556,216
142.47915805555556,43.381755,216
142.47353305555555,43.38439611111111,189
142.46752,43.38719611111111,179
142.4661211111111,43.38785388888889,179
142.46544111111112,43.388171944444444,179
142.46544111111112,43.388171944444444,179
142.46335805555555,43.389145,179
142.4619211111111,43.38980388888889,179
142.46043305555557,43.39052,179
142.4575211111111,43.39190305555555,178
142.45618305555556,43.392545,178
142.45179611111112,43.394578055555556,179
142.45033388888888,43.39525305555556,179
142.44603388888888,43.397286111111114,180
142.4447211111111,43.397911111111114,180
142.4431588888889,43.398626944444445,180
142.44174611111112,43.399285,180
142.4403338888889,43.39994388888889,181
142.4388088888889,43.40066,181
142.4348838888889,43.40251,180
142.43441194444443,43.40273388888889,180
142.43441194444443,43.40273388888889,180
142.4330588888889,43.40337611111111,180
142.43107194444445,43.40430888888889,180
142.42939694444445,43.40510888888889,180
142.4287338888889,43.405408888888886,180
142.42845888888888,43.405543055555555,180
142.42789694444446,43.405793055555556,180
142.42782194444445,43.405816944444446,180
142.4267338888889,43.40613388888889,180
142.42534694444444,43.406618055555555,182
142.4247838888889,43.40680888888889,183
142.42446,43.40695111111111,183
142.424035,43.40712611111111,184
142.423645,43.40669,185
142.423645,43.40669,185
142.424035,43.40712611111111,184
142.42483388888888,43.40802611111111,184
142.42498694444444,43.4082,184
142.42498694444444,43.4082,184
142.4250088888889,43.40822611111111,184
142.42460888888888,43.408408888888886,184
142.42418388888888,43.40860888888889,186
142.42372194444445,43.408833888888886,188
142.42358388888888,43.40890111111111,189
142.42348388888888,43.40895888888889,189
142.4232338888889,43.40907611111111,191
142.4228338888889,43.409258888888886,196
142.4223088888889,43.40949194444445,198
142.4231838888889,43.410516944444446,194
142.4234338888889,43.41080888888889,194
142.4235588888889,43.41095888888889,193
142.42294694444445,43.411225,198
142.42245888888888,43.41148388888889,203
142.42210888888889,43.41171694444444,207
142.42187194444443,43.41193388888889,211
142.4216088888889,43.412325,217
142.42152194444444,43.412508055555556,217
142.42143388888888,43.41294194444445,217
142.42143388888888,43.41335,218
142.42147194444445,43.413525,219
142.42155888888888,43.413716944444445,225
142.4219838888889,43.414375,229
142.42217194444444,43.41473305555556,232
142.42224694444445,43.41510805555556,235
142.42225888888888,43.41531611111111,237
142.42217194444444,43.41589111111111,243
142.4219588888889,43.41668305555555,246
142.4218338888889,43.417375,251
142.42179694444445,43.41772388888889,253
142.42174694444444,43.41824888888889,255
142.4217088888889,43.41855805555556,257
142.42144694444445,43.418508055555556,255
142.42129694444444,43.41844888888889,257
142.42110888888888,43.41831611111111,261
142.4209588888889,43.41819111111111,262
142.4210588888889,43.418123888888886,261
142.42109694444446,43.418083055555556,260
142.42109694444446,43.418033055555554,260
142.4209338888889,43.417473888888885,259
142.42087194444446,43.41737388888889,261
142.42017194444443,43.41659111111111,267
142.41974694444446,43.41609111111111,272
142.41877194444444,43.41486611111111,275
142.41869694444443,43.414625,273
142.41877194444444,43.41429111111111,274
142.419185,43.41325805555555,276
142.419385,43.41280805555556,275
142.41941,43.412416944444445,277
142.41941,43.412191944444444,276
142.41931,43.41209194444444,276
142.41919694444445,43.412016944444446,278
142.418985,43.41200805555555,279
142.4189088888889,43.412025,280
142.4189088888889,43.412025,280
142.418985,43.41200805555555,279
142.41919694444445,43.412016944444446,278
142.41931,43.41209194444444,276
142.41941,43.412191944444444,276
142.41941,43.412416944444445,277
142.419385,43.41280805555556,275
142.419185,43.41325805555555,276
142.41877194444444,43.41429111111111,274
142.41869694444443,43.414625,273
142.41877194444444,43.41486611111111,275
142.41974694444446,43.41609111111111,272
142.42017194444443,43.41659111111111,267
142.42087194444446,43.41737388888889,261
142.4209338888889,43.417473888888885,259
142.42109694444446,43.418033055555554,260
142.42109694444446,43.418083055555556,260
142.4210588888889,43.418123888888886,261
142.4209588888889,43.41819111111111,262
142.42110888888888,43.41831611111111,261
142.42129694444444,43.41844888888889,257
142.42144694444445,43.418508055555556,255
142.4217088888889,43.41855805555556,257
142.42167194444445,43.419108055555554,261
142.42165888888889,43.41924111111111,262
142.42159694444445,43.41954888888889,263
142.4215338888889,43.41984111111111,264
142.4214088888889,43.42013305555555,264
142.42117194444444,43.42031611111111,262
142.4209588888889,43.42039888888889,261
142.4206338888889,43.420456944444446,257
142.42022194444445,43.42044111111111,253
142.41885888888888,43.42016611111111,243
142.41844694444444,43.420158055555554,240
142.4180838888889,43.420231944444446,234
142.41724694444446,43.42058194444444,227
142.41639694444444,43.42107388888889,227
142.41625888888888,43.42124111111111,228
142.4161588888889,43.42149888888889,228
142.41580888888888,43.422981944444444,237
142.41562194444444,43.42349,236
142.4144588888889,43.42604,261
142.4144088888889,43.42634805555556,259
142.41444694444445,43.42669,257
142.4145311111111,43.42692805555556,254
142.4145311111111,43.42692805555556,254
142.4148088888889,43.427715,246
142.41535888888887,43.42919,234
142.4155338888889,43.429498055555555,233
142.41587194444443,43.429965,233
142.41629694444444,43.43044805555556,233
142.4164338888889,43.43064805555556,233
142.41649694444445,43.43083111111111,233
142.41647194444445,43.431015,233
142.41679694444446,43.431115,235
142.4228461111111,43.437848055555556,237
142.42445694444444,43.43967694444444,242
142.42445694444444,43.43967694444444,242
142.42655805555555,43.44206388888889,248
142.43015805555555,43.446221944444446,241
142.43032,43.446405,242
142.43378194444443,43.45038,248
142.4383311111111,43.45545805555555,239
142.44258888888888,43.460211944444445,230
142.44258888888888,43.460211944444445,230
142.44288111111112,43.46053694444444,229
142.44351805555556,43.46060388888889,229
142.44740611111112,43.460636944444445,229
142.44773111111112,43.460678888888886,229
142.44799305555554,43.46073694444444,228
142.44839305555556,43.46084611111111,228
142.44878111111112,43.460971111111114,228
142.45113,43.46167888888889,228
142.45149305555555,43.46176194444445,227
142.45174305555557,43.46178694444444,227
142.45191805555555,43.46178694444444,226
142.45206805555554,43.46178694444444,226
142.45391805555556,43.461753888888886,221
142.455605,43.46172888888889,222
142.457155,43.46173805555556,220
142.45759194444443,43.46177111111111,217
142.45828,43.46177888888889,216
142.45939194444443,43.46179611111111,212
142.45996694444443,43.46180388888889,211
142.4601538888889,43.46178805555556,212
142.4603788888889,43.46172888888889,212
142.46069194444445,43.46160388888889,211
142.4609538888889,43.461463055555555,211
142.46190388888888,43.46093805555556,207
142.46226694444445,43.460813055555555,205
142.46240194444445,43.460785,204
142.46240194444445,43.460785,204
142.4624288888889,43.46078,204
142.46260388888888,43.460755,203
142.46282888888888,43.46074611111111,202
142.46305388888888,43.460755,202
142.46337888888888,43.460788055555554,203
142.46371694444446,43.46088805555556,203
142.4644788888889,43.461238055555555,205
142.46472888888889,43.46134611111111,205
142.4649038888889,43.46138805555555,206
142.46534194444445,43.461421111111115,207
142.4659538888889,43.461455,208
142.4663788888889,43.461488055555556,208
142.4668288888889,43.46153,209
142.4672788888889,43.46156305555556,210
142.46770388888888,43.46159611111111,210
142.46814111111112,43.46163,211
142.46861611111112,43.461663055555555,211
142.46905388888888,43.46169611111111,211
142.46941611111112,43.46173,212
142.4701038888889,43.46178805555556,212
142.4701411111111,43.461646944444446,212
142.4702661111111,43.46116305555555,212
142.47029,43.46108,212
142.47029,43.46108,212
142.4702661111111,43.46116305555555,212
142.4701411111111,43.461646944444446,212
142.4701038888889,43.46178805555556,212
142.47109111111112,43.46187194444445,213
142.4725038888889,43.46198805555556,214
142.47257888888888,43.46198805555556,214
142.4726288888889,43.46196305555556,214
142.47289111111112,43.46183805555555,214
142.47325388888888,43.461663055555555,214
142.4733911111111,43.461605,215
142.4739661111111,43.46133805555556,215
142.47447888888888,43.46109694444444,216
142.4754788888889,43.460613888888886,218
142.4761161111111,43.460305,219
142.47712805555557,43.45981388888889,221
142.47775305555555,43.45953,222
142.47834111111112,43.459255,223
142.47866611111112,43.459113888888886,224
142.47885305555556,43.459021944444444,224
142.4795161111111,43.45871388888889,226
142.47962805555557,43.45865611111111,226
142.48026611111112,43.45835611111111,227
142.4804661111111,43.45827194444445,227
142.48125305555556,43.45793111111111,229
142.48206611111112,43.457548055555556,230
142.48215305555556,43.45750611111111,230
142.4823911111111,43.45739694444445,231
142.4826911111111,43.457256111111114,232
142.48300305555554,43.45711388888889,233
142.48321611111112,43.45701388888889,233
142.4837411111111,43.45676388888889,235
142.48490305555555,43.45621388888889,238
142.48524111111112,43.456113888888886,239
142.48546611111112,43.45607305555556,240
142.48590305555555,43.45603111111111,240
142.48615305555555,43.45603888888889,241
142.48684,43.45613888888889,243
142.488215,43.45643111111111,243
142.48890305555557,43.456538888888886,245
142.489115,43.45654805555556,245
142.48934,43.45654805555556,245
142.48990305555554,43.45652305555556,247
142.49054,43.45641388888889,249
142.49177694444444,43.456088888888885,252
142.492665,43.45583111111111,255
142.493515,43.455598055555555,260
142.49507805555555,43.455148055555554,266
142.49582805555556,43.454915,268
142.49619,43.45479805555556,268
142.49652694444444,43.454723055555554,268
142.497215,43.45460611111111,267
142.497615,43.45458111111111,268
142.49820194444445,43.45459,269
142.500315,43.45487305555555,276
142.50492694444443,43.45520694444444,283
142.5088511111111,43.45552305555555,288
142.5094511111111,43.45554805555555,294
142.5102138888889,43.45547305555556,297
142.51075111111112,43.45548194444444,299
142.5111388888889,43.45554805555555,303
142.51197611111112,43.455798055555555,307
142.5124638888889,43.45594,306
142.5128261111111,43.455965,305
142.5133138888889,43.455956944444445,307
142.51556305555556,43.45564,316
142.51755111111112,43.45562388888889,326
142.51783805555556,43.455665,330
142.5182761111111,43.45582388888889,331
142.51981305555555,43.45670694444444,331
142.52060111111112,43.45702388888889,331
142.52125,43.45714,331
142.52273805555555,43.45713194444444,327
142.526325,43.45708194444445,332
142.53001194444445,43.457056944444446,346
142.5305238888889,43.45711611111111,347
142.53376194444445,43.45749111111111,358
142.5365488888889,43.45786611111111,368
142.53919805555554,43.45836611111111,375
142.53967305555557,43.45841611111111,374
142.5407361111111,43.45832388888889,375
142.54282305555554,43.45809111111111,380
142.54396111111112,43.45807388888889,382
142.54849694444445,43.45823305555555,398
142.54934805555555,43.45820805555555,402
142.5578588888889,43.45715805555555,431
142.5615338888889,43.45668305555556,441
142.56298305555555,43.456516944444445,443
142.5634211111111,43.45636694444445,444
142.56370805555557,43.456183055555556,446
142.5650711111111,43.45486694444445,458
142.56528305555557,43.4547,461
142.56558305555555,43.454591944444445,463
142.5709138888889,43.45347611111111,485
142.576245,43.45235888888889,507
142.57753194444444,43.452083888888886,511
142.58025694444444,43.450968055555556,526
142.58225694444445,43.45015111111111,535
142.58384388888888,43.44950111111111,544
142.58443111111112,43.44932611111111,546
142.5849561111111,43.44926805555556,546
142.58631888888888,43.449243055555556,550
142.5867561111111,43.44916,555
142.5885188888889,43.448735,558
142.5888561111111,43.448568055555555,558
142.5890811111111,43.44837694444445,558
142.58940611111112,43.448051944444444,559
142.58963111111112,43.447918888888886,559
142.5903311111111,43.44764388888889,564
142.5904938888889,43.44755194444444,566
142.5905688888889,43.447401944444444,566
142.5905688888889,43.44727694444445,565
142.59074555555554,43.447538333333334,567
142.59074555555554,43.447538333333334,567
142.5904561111111,43.44711,563
142.5898938888889,43.446576944444445,562
142.5895688888889,43.446435,565
142.58926888888888,43.446418888888886,567
142.5877688888889,43.446735,580
142.58748111111112,43.44672694444444,580
142.5872811111111,43.446643888888886,580
142.5871811111111,43.44646,580
142.5871938888889,43.446185,580
142.5873061111111,43.44600194444445,580
142.5884061111111,43.444901944444446,583
142.5885438888889,43.44469388888889,584
142.58858111111113,43.444451944444445,586
142.5884188888889,43.44356111111111,590
142.58835611111112,43.44294388888889,592
142.5883188888889,43.441876944444445,598
142.5883938888889,43.44166111111111,601
142.58860611111112,43.441493888888886,602
142.5897688888889,43.44106111111111,606
142.59005611111112,43.44088611111111,609
142.59040611111112,43.44047805555556,612
142.5909938888889,43.43957694444445,619
142.59121888888887,43.43939388888889,621
142.59154388888888,43.43926111111111,622
142.5934188888889,43.43873611111111,632
142.59370611111112,43.43869388888889,633
142.5941938888889,43.43866888888889,636
142.5946188888889,43.438586111111114,637
142.59491888888888,43.438453055555556,639
142.5951061111111,43.43827,641
142.5961311111111,43.43608611111111,657
142.59629388888888,43.435853055555555,658
142.5964938888889,43.43568694444444,659
142.5967311111111,43.435586944444445,660
142.59914305555554,43.435245,675
142.5995311111111,43.43515305555555,677
142.60141805555557,43.434395,693
142.60175611111111,43.434345,694
142.60265611111112,43.43427,701
142.6030061111111,43.43417,703
142.60330611111112,43.43397,707
142.60375611111112,43.433411944444444,716
142.60396805555555,43.43324611111111,719
142.60468,43.43297888888889,725
142.60528,43.43280388888889,729
142.60584305555557,43.43267888888889,734
142.60729194444446,43.43247888888889,747
142.60768,43.432386944444445,750
142.608105,43.43219611111111,753
142.608405,43.43195388888889,755
142.608655,43.43162111111111,759
142.608805,43.431153888888886,766
142.60886805555555,43.430686944444446,776
142.60896805555555,43.43042111111111,778
142.60918,43.43013805555555,777
142.60946694444445,43.42990388888889,779
142.60994305555556,43.42970388888889,784
142.61128,43.42934611111111,796
142.61196694444445,43.42906305555555,798
142.61271694444446,43.428671111111115,808
142.613455,43.42842111111111,811
142.615205,43.42804611111111,826
142.61554194444443,43.427905,828
142.6158288888889,43.42769694444444,829
142.6161038888889,43.42736305555555,833
142.61645388888888,43.426755,837
142.61671694444445,43.426538055555554,841
142.61704194444445,43.42634694444445,845
142.6179038888889,43.42599694444444,852
142.6182038888889,43.42597194444444,854
142.61851694444445,43.42602194444444,856
142.61951694444446,43.426696944444444,866
142.6198288888889,43.42683888888889,867
142.62021694444445,43.42683,870
142.62051694444443,43.42671388888889,873
142.62071694444444,43.42653,877
142.62077888888888,43.42631388888889,879
142.62086694444446,43.42556388888889,877
142.6209538888889,43.42541388888889,880
142.6211788888889,43.42526388888889,883
142.6218288888889,43.42492194444444,892
142.6251288888889,43.423946944444445,927
142.62652888888888,43.42343888888889,942
142.62675388888889,43.42330611111111,945
142.62699111111112,43.42292194444445,947
142.6271661111111,43.42274694444444,951
142.6274161111111,43.422646944444445,954
142.62822888888888,43.42260611111111,959
142.62846611111112,43.42250611111111,961
142.6285661111111,43.42232305555556,963
142.6285538888889,43.42084805555555,976
142.6286288888889,43.42058111111111,979
142.62882888888888,43.420273055555555,982
142.62912888888889,43.42003888888889,986
142.6307911111111,43.419115,1005
142.63129111111112,43.41887305555556,1013
142.63128111111112,43.418859166666664,1013
142.63128111111112,43.418859166666664,1013
142.6314661111111,43.419115,1014
142.6315911111111,43.41937305555555,1014
142.63164111111112,43.41973111111111,1015
142.6315911111111,43.41995611111111,1016
142.6305788888889,43.420748055555556,1015
142.6303411111111,43.42096388888889,1014
142.6302661111111,43.421173055555556,1013
142.6303411111111,43.42143111111111,1015
142.63051611111112,43.42162305555556,1014
142.63072888888888,43.421798055555556,1011
142.63189111111112,43.42230611111111,1017
142.6321411111111,43.42247305555556,1016
142.63235305555557,43.42270611111111,1024
142.63244111111112,43.42292305555556,1021
142.63242805555555,43.42318888888889,1023
142.6322911111111,43.42344805555555,1025
142.63211611111112,43.42362305555555,1025
142.63119111111112,43.42420611111111,1027
142.63097805555554,43.424348055555555,1035
142.63082805555555,43.42455611111111,1036
142.6307911111111,43.42478888888889,1038
142.63085305555555,43.42501388888889,1035
142.63105305555555,43.425198055555555,1035
142.63135305555556,43.42532305555556,1042
142.63222805555554,43.42548111111111,1042
142.63272805555556,43.42557305555555,1044
142.63465305555556,43.42585611111111,1053
142.63540305555554,43.42590611111111,1046
142.635715,43.42596388888889,1047
142.636815,43.426448055555554,1045
142.637015,43.42668111111111,1045
142.63719,43.42740611111111,1040
142.63744,43.42796388888889,1037
142.63790194444445,43.42876388888889,1029
142.63832805555555,43.42918888888889,1025
142.63844,43.429338888888886,1026
142.63849,43.42953111111111,1027
142.63834,43.43029694444444,1019
142.63827694444444,43.43048888888889,1018
142.637765,43.43098,1012
142.63767694444445,43.43113,1012
142.637665,43.43131388888889,1010
142.63774,43.43151388888889,1007
142.63787805555555,43.43163888888889,1007
142.63807805555555,43.43176388888889,1006
142.63830194444444,43.43186388888889,1006
142.63854,43.43193,1004
142.63872694444444,43.431955,1004
142.63960194444445,43.43194694444445,997
142.63964,43.43177194444444,999
142.63974,43.43163888888889,999
142.63994,43.43161388888889,1004
142.64032694444444,43.43174694444444,1003
142.64052694444445,43.43188,1003
142.640765,43.43198888888889,1001
142.64114,43.43206388888889,1001
142.641665,43.43208888888889,1002
142.641865,43.432046944444444,1005
142.642015,43.43192194444445,1007
142.64207694444445,43.43176388888889,1008
142.642115,43.43148111111111,1011
142.64217694444446,43.43138111111111,1013
142.64227694444443,43.43137194444444,1013
142.642365,43.43140611111111,1014
142.64280194444444,43.43168111111111,1014
</coordinates>
</LineString>
</Placemark>
</Document>
</kml>
