<?xml version="1.0" encoding="UTF-8"?>
<kml xmlns="http://www.opengis.net/kml/2.2" xmlns:atom="http://www.w3.org/2005/Atom">
<Document>
<name>54代夏合宿9日目</name>
<atom:author>
<atom:name>ぐんまあ</atom:name>
</atom:author> 
<atom:link href="https://latlonglab.yahoo.co.jp/route/watch?id=8d79b49cbc16b8c8e1c2851c0b8a4301" />
<description><![CDATA[2016年8月20日(土)実施予定
54代夏合宿9日目
122km 300UP

神楽岡少年キャンプ場
↓
塩狩峠
↓
士別：昼休憩
↓
名寄市
↓
東雲峠
↓
知恵文ひまわり畑
↓
美深スーパー
↓
森林公園びふかアイランドキャンプ場]]></description>
<tags><![CDATA[wcc54th]]></tags>  
<Placemark>
<Style>
<LineStyle>
<color>99ff0000</color>
<width>6</width>
</LineStyle>
</Style>
<LineString>
<coordinates>
142.3682211111111,43.75095388888889,117
142.3667861111111,43.75232,118
142.36669805555556,43.75240388888889,119
142.36663611111112,43.75246194444444,119
142.36657305555556,43.752495,119
142.36659805555556,43.752745,119
142.36657305555556,43.75297888888889,119
142.36651111111112,43.753078888888886,119
142.36634805555556,43.75330388888889,119
142.36593611111113,43.75372,119
142.3657611111111,43.753795,120
142.3652361111111,43.753995,120
142.36517305555554,43.75407,119
142.36497305555557,43.75423694444444,118
142.36492305555555,43.754328055555554,118
142.36472305555554,43.75461194444444,117
142.36469805555555,43.754645,117
142.3646611111111,43.75466194444444,117
142.3646238888889,43.75466194444444,117
142.36449888888887,43.75463694444444,118
142.36416111111112,43.754578055555555,117
142.3632988888889,43.754378055555556,119
142.3629861111111,43.75432,119
142.36288611111112,43.75427805555555,119
142.3628611111111,43.754178055555556,120
142.36288611111112,43.754095,121
142.3629611111111,43.75400305555556,121
142.36313611111112,43.754103055555554,119
142.3634361111111,43.75422,119
142.36393611111112,43.754353055555555,118
142.3644488888889,43.754445,118
142.36474805555557,43.754545,118
142.36544805555556,43.75470305555555,115
142.36596111111112,43.75482,113
142.3665611111111,43.75495305555555,116
142.3668111111111,43.755003055555555,117
142.36699805555557,43.755045,118
142.36814805555557,43.755295,120
142.3687111111111,43.755428055555555,120
142.36867305555555,43.75550305555556,120
142.36809805555555,43.75642805555555,120
142.36784805555556,43.75682,119
142.36743611111112,43.757328055555554,117
142.36823611111112,43.75811111111111,118
142.36906,43.75890305555556,119
142.36927305555557,43.75911111111111,119
142.36956,43.75938611111111,119
142.369835,43.75965305555555,119
142.36991,43.759728055555556,118
142.37007305555557,43.75989388888889,118
142.370185,43.76004388888889,118
142.37041,43.76041111111111,117
142.37069555555556,43.760918333333336,116
142.37069555555556,43.760918333333336,116
142.37071,43.76094388888889,116
142.37071,43.76104388888889,116
142.37096,43.76150305555556,118
142.371185,43.761901944444446,119
142.37126,43.76203611111111,119
142.37129694444445,43.76211111111111,119
142.37157305555556,43.762636111111114,118
142.371885,43.763176944444446,118
142.37219694444445,43.76371888888889,118
142.37249694444444,43.76426111111111,118
142.372785,43.76479388888889,118
142.37311,43.76536888888889,117
142.37342194444443,43.76594388888889,117
142.3737088888889,43.76647694444444,116
142.37399694444446,43.76701111111111,116
142.37429694444444,43.767561111111114,115
142.37459694444445,43.768101944444446,115
142.3747588888889,43.76839388888889,115
142.37492194444445,43.768676944444444,114
142.37523388888889,43.76922694444445,115
142.3755338888889,43.76976888888889,115
142.37583388888888,43.77031,114
142.37607111111112,43.77075194444444,113
142.37617111111112,43.77084388888889,113
142.3764588888889,43.77136,112
142.3765711111111,43.77157694444445,111
142.37662111111112,43.77165194444444,111
142.37694611111112,43.77226805555556,111
142.3769961111111,43.772351944444445,111
142.3774588888889,43.773185,111
142.3774961111111,43.77326,111
142.3780711111111,43.774276944444445,112
142.3781338888889,43.774368055555556,112
142.3788211111111,43.775593055555554,113
142.37920805555555,43.776318055555556,113
142.37998305555556,43.77771,114
142.38059611111112,43.77876805555555,115
142.38065805555556,43.77888388888889,115
142.38072111111111,43.779001111111114,115
142.38127,43.78001805555556,115
142.38167,43.78075888888889,115
142.38225805555555,43.78180888888889,114
142.382745,43.78267611111111,114
142.382795,43.782758888888885,114
142.382895,43.78295111111111,114
142.383295,43.78365888888889,114
142.38342,43.78388388888889,114
142.38365694444445,43.78433388888889,114
142.383945,43.78485111111111,114
142.38417,43.78525111111111,115
142.384345,43.78556694444445,115
142.384045,43.78584305555555,115
142.38327,43.78646694444444,115
142.38298194444445,43.78688388888889,115
142.38290694444444,43.787016944444446,115
142.38272,43.78738388888889,115
142.38257,43.78773388888889,115
142.38237,43.7882,115
142.38233194444445,43.78828388888889,114
142.38208194444445,43.78875,114
142.38205694444446,43.78880888888889,114
142.38182,43.78929194444444,114
142.38177,43.78938388888889,114
142.38162,43.789575,114
142.38152,43.78968388888889,114
142.381145,43.79000888888889,114
142.37812,43.79235,115
142.377845,43.7926,115
142.37767,43.79276611111111,115
142.37753305555555,43.792925,115
142.377395,43.79311611111111,115
142.37728305555555,43.79333305555556,115
142.37717,43.79359111111111,115
142.377095,43.793841111111114,115
142.37707,43.79395805555556,115
142.37705805555555,43.79400805555556,115
142.37693305555555,43.79443305555556,116
142.376845,43.79474888888889,116
142.376745,43.79490805555555,116
142.37662,43.795073888888886,116
142.37645694444444,43.79524888888889,116
142.37582,43.79570805555556,116
142.37672,43.79639111111111,119
142.37692,43.79654111111111,119
142.378495,43.79766611111111,119
142.378895,43.79796611111111,119
142.3798438888889,43.798658055555556,119
142.38091888888889,43.79943305555555,119
142.3816938888889,43.79999888888889,119
142.3824938888889,43.800581944444446,120
142.38264388888888,43.80069888888889,120
142.38293194444444,43.80089888888889,120
142.3833688888889,43.80121611111111,120
142.3836311111111,43.801408055555555,120
142.3843061111111,43.801898888888886,120
142.3844061111111,43.80197388888889,120
142.3851061111111,43.802481944444445,120
142.38581888888888,43.80299111111111,121
142.38591888888888,43.803066111111114,121
142.38754305555557,43.80424111111111,121
142.38763111111112,43.80429888888889,121
142.3888311111111,43.80514888888889,121
142.38918694444445,43.80489305555555,121
142.38918694444445,43.80489305555555,121
142.3888311111111,43.80514888888889,121
142.38914305555556,43.80537388888889,122
142.38939305555556,43.805548888888886,122
142.38951805555556,43.805641111111115,122
142.39088,43.80663194444445,122
142.39116805555557,43.80684888888889,122
142.39138,43.80699888888889,122
142.39164305555556,43.80719888888889,123
142.392505,43.807831944444445,123
142.39418,43.80904888888889,124
142.39576694444443,43.81017388888889,124
142.39584194444444,43.81022388888889,124
142.39604194444445,43.81037388888889,124
142.39648888888888,43.81070111111111,124
142.39648888888888,43.81070111111111,124
142.39669194444446,43.81084888888889,124
142.39741694444444,43.81138194444444,124
142.39804194444446,43.81182388888889,125
142.3990538888889,43.812556944444445,125
142.3991661111111,43.81264111111111,125
142.40030388888889,43.81345694444445,125
142.4006411111111,43.81369888888889,125
142.4016288888889,43.81440694444444,126
142.4022788888889,43.81487388888889,126
142.4024038888889,43.814965,126
142.40271611111112,43.81520694444445,126
142.40347805555555,43.815756944444445,126
142.4040161111111,43.81614,126
142.40420305555554,43.81628194444444,126
142.4046661111111,43.816615,126
142.40512805555556,43.81694805555556,126
142.4052411111111,43.817031944444444,126
142.40560305555556,43.81729,126
142.40724,43.81847305555556,127
142.40734,43.81854805555555,127
142.40917694444445,43.819873055555554,128
142.40940194444445,43.82004,128
142.41000194444445,43.820465,129
142.411065,43.82124,130
142.41214,43.822015,130
142.41330194444444,43.82285611111111,131
142.41380194444446,43.82320611111111,131
142.41412694444443,43.82344805555555,131
142.41442694444444,43.82367305555555,132
142.41537694444443,43.82436388888889,132
142.41551388888888,43.82445611111111,132
142.41572694444446,43.82461388888889,132
142.41618888888888,43.82495611111111,132
142.4163311111111,43.82505888888889,132
142.4163311111111,43.82505888888889,132
142.4170261111111,43.82556388888889,133
142.41618888888888,43.82618111111111,133
142.41585111111112,43.82642194444445,133
142.41520111111112,43.82689805555555,133
142.41295194444444,43.828538888888886,132
142.41207694444444,43.82917194444445,132
142.4119638888889,43.82928888888889,132
142.40957694444444,43.831046944444445,132
142.40895194444445,43.831496944444446,132
142.40887694444444,43.83156388888889,132
142.4072138888889,43.83273805555555,132
142.40700194444443,43.83289694444444,132
142.4067388888889,43.83308805555556,132
142.40635194444445,43.833371944444444,131
142.4061638888889,43.83351305555556,131
142.40576388888888,43.833805,131
142.40539,43.83408,131
142.405015,43.834338055555556,131
142.40484,43.83446305555555,131
142.40474,43.834538055555555,131
142.40465194444445,43.83459611111111,131
142.40450194444443,43.834705,131
142.40427694444443,43.83486305555556,131
142.40414,43.834963055555555,131
142.403865,43.835155,131
142.403765,43.83522111111111,131
142.40365194444445,43.83529611111111,131
142.40330194444445,43.835546111111114,131
142.40305194444446,43.83573,131
142.402565,43.83609611111111,131
142.40249,43.83614611111111,131
142.402315,43.836263055555555,131
142.40149,43.836863055555554,131
142.4005688888889,43.83752694444444,132
142.40056805555557,43.83752694444444,132
142.400115,43.83785388888889,132
142.399965,43.83797111111111,132
142.39984,43.838053888888886,132
142.39820305555557,43.83924611111111,132
142.39740194444445,43.83982888888889,133
142.39660305555554,43.840403888888886,133
142.39412805555557,43.84220388888889,133
142.39319,43.84290388888889,132
142.39313805555557,43.84294111111111,132
142.3931388888889,43.84294111111111,132
142.392515,43.84338694444445,132
142.392715,43.843545,132
142.39339,43.844028888888886,132
142.39374,43.844295,132
142.39419,43.844611944444445,132
142.39492694444445,43.84513694444444,132
142.39499,43.84517888888889,132
142.396315,43.846136944444446,132
142.39684,43.84652,134
142.39742694444445,43.84692888888889,134
142.3978888888889,43.84727,132
142.3983388888889,43.847611944444445,132
142.39841388888888,43.84766194444445,132
142.3986888888889,43.84785388888889,132
142.39875194444446,43.84790388888889,132
142.3994138888889,43.84837888888889,133
142.39947694444444,43.84842888888889,133
142.4010638888889,43.84957,134
142.40126388888888,43.84972,134
142.40148888888888,43.84988694444444,134
142.4020138888889,43.85027,134
142.4023138888889,43.850495,134
142.4024138888889,43.85056194444444,134
142.4029888888889,43.85098694444444,134
142.4031261111111,43.851078888888885,134
142.4034888888889,43.85133694444445,134
142.40396388888888,43.85167888888889,134
142.40430111111112,43.85192888888889,134
142.40556388888888,43.85283694444445,133
142.4058638888889,43.853045,133
142.4059638888889,43.85312,133
142.4061761111111,43.85327,133
142.40716305555554,43.85398694444444,133
142.40727611111112,43.854061944444446,133
142.40771305555555,43.85437888888889,133
142.40783805555554,43.85447,133
142.40851305555555,43.85496194444445,133
142.40881305555556,43.85517,133
142.4089011111111,43.85523694444444,134
142.4093261111111,43.855545,134
142.40963305555556,43.85576805555556,134
142.40963305555556,43.85576805555556,134
142.40975111111112,43.855853055555556,134
142.40991305555556,43.85597,134
142.4101261111111,43.85612,134
142.41061305555556,43.856478055555556,134
142.4107011111111,43.85653694444444,134
142.41096305555556,43.85672805555556,134
142.41131305555555,43.856986944444444,134
142.411725,43.857286944444446,134
142.412175,43.85762,134
142.41261305555557,43.85793694444445,134
142.41298694444444,43.858203055555556,134
142.413425,43.85852,134
142.414175,43.85907,133
142.41461194444443,43.859386944444445,132
142.41486194444445,43.859561944444444,132
142.41501194444444,43.85967,132
142.41663694444443,43.860845,131
142.41706194444444,43.861153055555555,132
142.41751194444444,43.86147805555556,132
142.41816194444445,43.861945,132
142.4183238888889,43.86206111111111,132
142.41846194444443,43.862161111111114,132
142.42209888888888,43.864736111111114,135
142.42180305555556,43.86494388888889,135
142.42180305555556,43.86494388888889,135
142.42209888888888,43.864736111111114,135
142.42534805555556,43.867086111111114,136
142.4269111111111,43.86821111111111,139
142.42989805555555,43.866045,139
142.431785,43.86467,139
142.43314805555556,43.86367805555555,139
142.43544805555555,43.86201194444445,139
142.43669805555555,43.861111944444445,140
142.43846,43.86235388888889,142
142.43961,43.86317,144
142.4398588888889,43.863345,144
142.44087194444444,43.864061944444444,144
142.44172194444445,43.86466194444444,146
142.44242194444445,43.865161944444445,148
142.44334694444444,43.86582,151
142.44387111111112,43.86620305555556,154
142.4444088888889,43.86658694444444,157
142.4449338888889,43.867195,162
142.44544611111112,43.868003055555555,162
142.44604611111112,43.86917,161
142.44623388888888,43.86957805555556,162
142.4464461111111,43.86986111111111,162
142.44678305555556,43.87007805555555,162
142.44720805555556,43.870178055555556,163
142.44730805555557,43.87020305555556,163
142.4475711111111,43.87027805555555,163
142.44805805555555,43.87036111111111,165
142.44864611111112,43.87043611111111,167
142.44933305555554,43.87052805555555,169
142.4503711111111,43.87066111111111,175
142.45077111111112,43.87068611111111,178
142.45103305555557,43.87068611111111,176
142.45182111111112,43.87066111111111,179
142.4522211111111,43.870645,179
142.4525711111111,43.87066194444444,180
142.45303305555555,43.87072,182
142.453945,43.87092805555555,186
142.45467,43.871136944444444,188
142.455545,43.87152805555556,188
142.45670694444445,43.872045,188
142.45733194444443,43.872295,186
142.45792,43.87242,176
142.45828194444445,43.87242,173
142.458545,43.872395,171
142.45867,43.87237805555556,169
142.45940694444445,43.87222805555555,168
142.460545,43.87213694444444,165
142.46080694444444,43.872045,164
142.46138194444444,43.871745,163
142.4656938888889,43.87517805555556,164
142.46588111111112,43.87532,164
142.4664688888889,43.87577805555556,165
142.46664388888888,43.87593611111111,165
142.4706811111111,43.87906111111111,167
142.46550611111113,43.88256111111111,168
142.46391194444445,43.88362305555555,167
142.46391194444445,43.88362305555555,167
142.46370611111112,43.88376,167
142.46303111111112,43.88421888888889,168
142.46043111111112,43.885885,169
142.4629811111111,43.88791805555555,169
142.46344305555556,43.888285,169
142.46511805555556,43.88961805555556,169
142.46979194444444,43.893341944444444,172
142.4744038888889,43.89702611111111,173
142.4746288888889,43.89720888888889,173
142.47484194444445,43.89734194444444,173
142.47506611111112,43.897466944444446,173
142.47529111111112,43.89756694444444,173
142.4754788888889,43.897641944444445,173
142.47606611111112,43.89787611111111,174
142.47631611111112,43.89796694444444,174
142.4766911111111,43.89816694444445,175
142.47686611111112,43.898291944444445,175
142.4771288888889,43.898583888888886,175
142.4772288888889,43.89875111111111,175
142.4774161111111,43.89921694444445,174
142.4775161111111,43.899391944444446,174
142.47765388888888,43.899541944444444,174
142.4778161111111,43.8997,174
142.47911611111113,43.900725,174
142.48384,43.90444194444444,179
142.48855194444445,43.90815,185
142.49327694444443,43.91186611111111,192
142.48811388888888,43.915256944444444,196
142.4876111111111,43.91558805555555,197
142.4876111111111,43.91558805555555,197
142.4845138888889,43.91762305555555,198
142.48400194444446,43.91795694444444,198
142.4830388888889,43.91859,197
142.48277694444445,43.91875611111111,196
142.48244,43.91898111111111,195
142.482315,43.91905611111111,195
142.48060194444443,43.92015611111111,192
142.47847694444445,43.921523055555554,188
142.47789,43.92203888888889,188
142.47749,43.92248111111111,189
142.477315,43.922713888888886,189
142.47634,43.92410611111111,186
142.476265,43.92420611111111,186
142.47599,43.92453111111111,185
142.475565,43.92510611111111,186
142.47534,43.92540611111111,187
142.47529,43.925471944444446,187
142.47504,43.925805,186
142.47459,43.92638,186
142.474215,43.92683888888889,185
142.47380194444443,43.92746388888889,186
142.47377694444444,43.92751388888889,185
142.47244,43.93062111111111,189
142.47220194444444,43.93119611111111,189
142.47162694444444,43.93255388888889,188
142.47147694444445,43.93282111111111,189
142.47140194444444,43.93290388888889,188
142.47132694444446,43.932988055555555,188
142.470915,43.93326305555556,187
142.47055194444445,43.933463055555556,187
142.46990194444444,43.93371305555556,189
142.46932694444445,43.933886944444446,189
142.46869,43.93420388888889,187
142.467915,43.93485388888889,185
142.46759,43.93521194444445,184
142.46657805555554,43.93659611111111,184
142.46442694444445,43.93953694444444,187
142.46332805555556,43.940961944444446,191
142.46102805555554,43.94383611111111,195
142.45750305555555,43.948236111111115,196
142.454065,43.95261,195
142.45270305555556,43.954435,201
142.45205194444443,43.95526805555556,201
142.44715194444444,43.96153388888889,233
142.446565,43.962475,233
142.44632805555557,43.963275,241
142.44632805555557,43.96405,246
142.446565,43.96496694444444,246
142.447115,43.96585,255
142.447815,43.966458055555556,255
142.44857694444445,43.96694111111111,258
142.44877694444443,43.967075,258
142.44947694444446,43.96745,265
142.4497638888889,43.9676,266
142.4500261111111,43.967731944444445,266
142.4500261111111,43.967731944444445,266
142.45027694444445,43.96785805555555,267
142.45055194444444,43.968,264
142.45120194444445,43.968375,262
142.45252694444446,43.969175,257
142.4530638888889,43.96964111111111,254
142.4532761111111,43.96986611111111,253
142.45333888888888,43.96993305555556,252
142.45356388888888,43.96975805555556,252
142.4536388888889,43.96951611111111,254
142.4535261111111,43.96948305555556,255
142.4533888888889,43.969408055555554,257
142.4529388888889,43.969025,259
142.45275194444446,43.968825,261
142.4524638888889,43.968333055555554,265
142.45222694444445,43.968133055555555,266
142.45165194444445,43.96781611111111,266
142.45038888888888,43.9674,273
142.45015194444446,43.96735805555556,272
142.4491138888889,43.96756611111111,270
142.44881388888888,43.967625,271
142.44837694444445,43.967708055555555,273
142.4478638888889,43.967825,274
142.44675194444446,43.968425,275
142.44620194444445,43.96885805555556,276
142.4456888888889,43.969566111111114,276
142.44477694444444,43.970773888888885,275
142.4443138888889,43.971198888888885,275
142.44380194444443,43.971291111111114,276
142.44367694444443,43.97131611111111,276
142.44312694444446,43.97123194444445,278
142.44302694444445,43.971198888888885,278
142.44252694444444,43.97105805555555,278
142.44174,43.97074888888889,278
142.44060305555556,43.97022388888889,278
142.439765,43.96997388888889,287
142.43857805555555,43.96968305555556,287
142.43665305555555,43.969658055555556,287
142.43584,43.969566111111114,287
142.43560305555556,43.96949111111111,287
142.43534,43.96939888888889,289
142.435015,43.969166111111115,288
142.43477805555557,43.96876611111111,287
142.43475305555555,43.968331944444444,282
142.43509111111112,43.967308055555556,282
142.43505305555556,43.96673305555556,281
142.43502805555556,43.966591111111114,281
142.43499111111112,43.96633305555556,279
142.43480305555556,43.96593305555555,278
142.43454111111112,43.965525,277
142.43382805555555,43.9649,278
142.43325305555555,43.964625,278
142.4301661111111,43.96321611111111,261
142.4293788888889,43.96290805555556,257
142.42886611111112,43.96281611111111,254
142.4280411111111,43.9629,250
142.4273538888889,43.96310805555556,243
142.4270038888889,43.96335805555555,243
142.4260538888889,43.964308055555556,237
142.4258288888889,43.96454888888889,235
142.4249911111111,43.96532388888889,233
142.4225188888889,43.96688,230
142.4225188888889,43.96688,230
142.42230388888888,43.967016111111114,230
142.4204538888889,43.96836611111111,228
142.41984194444444,43.96939888888889,226
142.4194288888889,43.96984888888889,222
142.41685388888888,43.97174,223
142.4111538888889,43.97450611111111,222
142.40991694444443,43.974713888888886,222
142.40869194444446,43.97514805555556,218
142.407705,43.97540611111111,218
142.40659194444444,43.97563111111111,218
142.40556805555556,43.975771944444446,216
142.403755,43.97580611111111,217
142.402255,43.975546944444446,211
142.40074305555555,43.97501388888889,209
142.39848111111112,43.97450611111111,204
142.39684305555556,43.97433888888889,202
142.39584305555556,43.97437305555555,202
142.3948311111111,43.97458888888889,203
142.3933811111111,43.97506388888889,202
142.39170611111112,43.97576388888889,201
142.3915188888889,43.97588888888889,201
142.3914938888889,43.97603,204
142.3915311111111,43.97613,203
142.3919811111111,43.97644694444445,203
142.39263111111111,43.976955,206
142.39314305555556,43.97793,204
142.39319305555554,43.97803,203
142.39334305555556,43.97846388888889,202
142.39330611111112,43.97857194444445,201
142.39314305555556,43.978696944444444,203
142.39281805555555,43.978705,203
142.39146888888888,43.97848805555556,206
142.39091888888888,43.978355,210
142.3908188888889,43.97857194444445,215
142.3909938888889,43.978696944444444,216
142.3916311111111,43.979013055555555,215
142.3931061111111,43.979855,216
142.39395611111112,43.98043805555555,216
142.39411805555557,43.98077194444444,216
142.3940561111111,43.981055,217
142.39379305555556,43.98126305555556,217
142.39340611111112,43.98141305555556,215
142.39293111111112,43.98143805555556,214
142.39221805555556,43.981355,209
142.39158111111112,43.981321111111114,206
142.39103111111112,43.981355,204
142.3906061111111,43.98149611111111,204
142.3900811111111,43.98169611111111,199
142.38774388888888,43.98273805555556,186
142.38691888888889,43.98318805555556,184
142.38660611111112,43.98347111111111,180
142.38649388888888,43.98378805555556,176
142.3864561111111,43.984096111111114,174
142.3865311111111,43.98444611111111,173
142.38669388888889,43.98472888888889,173
142.38704388888888,43.984988055555554,172
142.3873438888889,43.98512111111111,169
142.3886811111111,43.98539611111111,165
142.3910811111111,43.985888055555556,160
142.39174305555557,43.986021111111114,159
142.39260611111112,43.986221111111114,158
142.39316805555555,43.98640388888889,158
142.393555,43.98657111111111,158
142.39409305555554,43.98686305555555,157
142.39441805555555,43.98715388888889,155
142.39458,43.98744611111111,151
142.39464305555555,43.98780388888889,151
142.39458,43.98813805555555,150
142.393605,43.98960388888889,150
142.39289305555556,43.99068694444444,144
142.392105,43.99187888888889,143
142.39136805555555,43.992995,143
142.38993,43.995195,143
142.38909305555555,43.996453055555556,143
142.38844305555557,43.997495,144
142.38626805555555,44.00089388888889,147
142.38551805555556,44.00206111111111,147
142.38531805555556,44.00237805555555,147
142.38418194444444,44.004058055555554,148
142.38418194444444,44.004058055555554,148
142.38321805555555,44.00548611111111,149
142.38174305555555,44.00774388888889,145
142.38026805555555,44.01000194444445,145
142.37961805555557,44.010985,140
142.3795061111111,44.01116805555556,140
142.37804305555557,44.013393055555554,140
142.37790611111112,44.01359305555555,140
142.3772561111111,44.01459194444445,140
142.37653111111112,44.01570111111111,138
142.37431805555556,44.01906694444445,134
142.37175611111113,44.02296611111111,134
142.37116805555556,44.02388305555556,134
142.36919305555554,44.02696611111111,135
142.3684311111111,44.02815694444445,135
142.3674061111111,44.02972388888889,134
142.3668811111111,44.03052388888889,134
142.3661811111111,44.03159,135
142.3654811111111,44.032665,135
142.36398111111112,44.034973055555554,136
142.36250611111112,44.03723111111111,138
142.36031805555555,44.040596944444445,139
142.35955611111112,44.04176388888889,139
142.3588061111111,44.04291388888889,140
142.3565811111111,44.04632111111111,139
142.35580611111112,44.04758,137
142.35568111111112,44.04785388888889,137
142.35556805555555,44.04819611111111,137
142.3555311111111,44.04839611111111,139
142.3552061111111,44.05055388888889,137
142.35513111111112,44.05102111111111,135
142.3548561111111,44.05275388888889,135
142.3543811111111,44.056095,136
142.35414305555557,44.05772805555556,136
142.35314805555555,44.05764611111111,137
142.35314805555555,44.05764611111111,137
142.35414305555557,44.05772805555556,136
142.35389305555555,44.059445,135
142.353405,44.06271111111111,133
142.35291805555556,44.06606111111111,133
142.35268,44.067535,132
142.35271805555556,44.06765194444444,132
142.35284305555555,44.06771888888889,132
142.35466694444443,44.06786888888889,132
142.35576694444444,44.06796111111111,131
142.35959194444445,44.068286111111114,130
142.35956694444445,44.068376944444445,130
142.35939194444444,44.06968611111111,130
142.35935388888888,44.069943888888886,130
142.35926694444444,44.07057694444445,130
142.35890388888888,44.073235,131
142.3588038888889,44.073993055555555,131
142.3582288888889,44.07825111111111,133
142.35754111111112,44.08323388888889,135
142.3571661111111,44.0857,136
142.35680305555556,44.088125,137
142.356065,44.09314111111111,136
142.35550305555554,44.09694,135
142.35534,44.098081944444445,136
142.35525305555555,44.09862305555556,137
142.35507805555557,44.099865,137
142.35500305555556,44.100365,137
142.35499,44.10044,137
142.354965,44.10060694444444,137
142.35494,44.100765,137
142.35492805555555,44.10089,137
142.35484,44.10144805555556,137
142.35482333333334,44.101528611111114,137
142.35482333333334,44.101528611111114,137
142.35482805555554,44.101506111111114,137
142.354765,44.10192305555555,137
142.35459,44.10312305555556,137
142.3538638888889,44.10807194444445,137
142.35313888888888,44.11299694444445,134
142.3525388888889,44.117021111111114,130
142.3525261111111,44.117155,130
142.3524138888889,44.117855,130
142.3523888888889,44.118055,130
142.35165111111112,44.12304611111111,134
142.35091305555557,44.128095,134
142.35086305555555,44.128395,134
142.35087611111112,44.12858694444444,134
142.35091305555557,44.12867888888889,134
142.35093805555556,44.12875388888889,134
142.3510261111111,44.128861944444445,134
142.354135,44.131595,133
142.354135,44.131595,133
142.356325,44.13352,132
142.36063694444445,44.137278055555555,129
142.3607988888889,44.13746111111111,129
142.36094888888888,44.13793611111111,129
142.3610488888889,44.138953055555554,130
142.3612488888889,44.14100194444445,130
142.36129888888888,44.14151888888889,126
142.3613488888889,44.14199388888889,127
142.3614488888889,44.14316888888889,127
142.3615861111111,44.144576944444445,130
142.3616988888889,44.145693888888886,129
142.3617988888889,44.14604388888889,128
142.3619111111111,44.14621888888889,128
142.36599805555556,44.149926944444445,130
142.36869694444445,44.15239694444445,135
142.36869694444445,44.15239694444445,135
142.36986,44.15346,138
142.37116,44.154651944444446,141
142.37309694444446,44.15642611111111,130
142.37382194444444,44.15711805555556,132
142.3743088888889,44.15770611111111,135
142.3743088888889,44.15770611111111,135
142.37447194444445,44.15790111111111,136
142.3747588888889,44.15824305555556,138
142.37477194444443,44.15826,138
142.37515888888888,44.15862611111111,136
142.3760088888889,44.15931805555555,135
142.37627194444445,44.15954305555555,135
142.3763588888889,44.15961,135
142.37685888888888,44.160018055555554,136
142.37689694444444,44.16005888888889,136
142.3780588888889,44.16101805555556,137
142.37863388888888,44.16143388888889,133
142.3785211111111,44.161608888888885,134
142.3785211111111,44.16165888888889,134
142.3785961111111,44.161926111111114,131
142.3785711111111,44.16220111111111,131
142.3785211111111,44.162443055555556,132
142.3783961111111,44.16266805555556,129
142.3779088888889,44.16335888888889,126
142.3774711111111,44.163851111111114,127
142.37687111111111,44.16438388888889,128
142.37629611111112,44.16489194444444,127
142.3760088888889,44.16515111111111,126
142.3759088888889,44.16526694444445,126
142.37584611111112,44.16540111111111,127
142.3755211111111,44.165351111111114,127
142.3752961111111,44.165351111111114,128
142.37525305555556,44.16547305555556,128
142.37525305555556,44.16547305555556,128
142.3752961111111,44.165351111111114,128
142.37480888888888,44.16538388888889,128
142.37352194444443,44.16554194444444,130
142.37342194444443,44.16555888888889,133
142.37327194444444,44.165616944444444,134
142.37292194444444,44.165841944444445,137
142.37277194444445,44.16590111111111,138
142.37198388888888,44.16615888888889,138
142.37167194444444,44.16623388888889,140
142.37115888888889,44.1663,141
142.3705838888889,44.166375,144
142.36947194444446,44.166516944444446,150
142.36932194444444,44.16655,152
142.36917194444445,44.1666,153
142.36900888888889,44.166666944444444,154
142.36887194444444,44.16675,152
142.36878388888888,44.16681694444444,154
142.3684338888889,44.16724194444444,162
142.36829694444444,44.16735805555555,163
142.36810888888888,44.16748305555556,164
142.3680338888889,44.167525,164
142.36787194444443,44.16758305555555,166
142.36769694444445,44.167625,166
142.3673838888889,44.167675,167
142.36702194444445,44.167725,167
142.36687194444445,44.167775,167
142.36671,44.167875,167
142.36637194444444,44.168125,174
142.36621,44.168241944444446,174
142.365885,44.168416944444445,172
142.36577194444445,44.16846694444445,175
142.36557194444444,44.168508055555556,174
142.36491,44.16851611111111,176
142.36406,44.16849111111111,175
142.363985,44.168483055555555,175
142.36341,44.16846611111111,181
142.36260388888888,44.168438055555555,182
142.362605,44.1684225,180
142.359965,44.17219611111111,148
142.359965,44.17219611111111,148
142.359985,44.17219111111111,148
142.360185,44.17216611111111,148
142.362235,44.17205805555555,140
142.36314694444445,44.17201611111111,139
142.36341,44.17202388888889,139
142.3660588888889,44.17228305555555,139
142.36699694444445,44.17237388888889,138
142.36762194444444,44.17244888888889,138
142.36777194444446,44.17248305555555,137
142.3690838888889,44.17288305555556,134
142.37115888888889,44.17352388888889,128
142.3725838888889,44.17396611111111,127
142.3726838888889,44.17399888888889,126
142.3728461111111,44.17407388888889,126
142.37300888888888,44.17416611111111,126
142.3731338888889,44.17426611111111,126
142.37324611111111,44.17439111111111,126
142.37332111111112,44.17453305555556,127
142.3733961111111,44.17474888888889,127
142.3736211111111,44.17564888888889,128
142.37383305555556,44.17639111111111,127
142.3738711111111,44.17654888888889,126
142.3738711111111,44.17670694444445,127
142.37380805555554,44.17779888888889,126
142.37379611111112,44.17822388888889,125
142.37378305555555,44.17837388888889,125
142.3737461111111,44.17869888888889,125
142.37368305555555,44.179141111111115,125
142.3736461111111,44.17939888888889,125
142.3741961111111,44.179341111111114,123
142.3770211111111,44.178981944444445,122
142.37713305555556,44.17897388888889,122
142.37738305555555,44.17894888888889,122
142.37805805555556,44.178823888888886,123
142.378345,44.17874888888889,123
142.37892,44.178558055555555,124
142.37922,44.17843305555556,124
142.37958305555554,44.17884111111111,124
142.379645,44.17890805555555,124
142.37972,44.17894888888889,124
142.37987,44.17899888888889,124
142.380145,44.179031944444446,125
142.380545,44.17910805555555,125
142.380895,44.179158055555554,125
142.381195,44.179208055555556,126
142.382695,44.17944888888889,127
142.38323194444445,44.17953305555555,128
142.38348194444444,44.17957388888889,128
142.38435694444445,44.17972388888889,129
142.38544611111112,44.179901944444445,129
142.38544611111112,44.179901944444445,129
142.38558194444445,44.17992388888889,129
142.38614388888888,44.180008055555554,129
142.38698194444444,44.18014111111111,129
142.38716888888888,44.18017388888889,129
142.38868194444444,44.180416111111114,129
142.38898194444445,44.180458055555555,129
142.38933194444445,44.180508055555556,129
142.38940694444443,44.18052388888889,129
142.38968194444445,44.18056611111111,129
142.3908438888889,44.180708055555556,129
142.3904188888889,44.18202388888889,129
142.3900561111111,44.183191111111114,129
142.38964388888888,44.18452388888889,129
142.38930611111113,44.18564111111111,130
142.38923111111112,44.18595694444444,130
142.38920611111112,44.186081944444446,130
142.38919388888888,44.18624888888889,130
142.38920611111112,44.18635694444445,131
142.3892688888889,44.18649111111111,131
142.3893938888889,44.186748888888886,131
142.3894688888889,44.18689111111111,131
142.3897188888889,44.18722388888889,131
142.3902811111111,44.187956944444444,131
142.3905188888889,44.18827388888889,131
142.3909438888889,44.188831944444445,130
142.3910688888889,44.18897388888889,130
142.3912938888889,44.18929,130
142.3913311111111,44.189323888888886,130
142.3916561111111,44.18975694444445,130
142.3925311111111,44.19092305555556,130
142.39260611111112,44.191023055555554,130
142.39263111111111,44.191065,130
142.39389305555557,44.192731944444446,130
142.3939061111111,44.192765,130
142.39441805555555,44.19344,130
142.3945811111111,44.19369,130
142.3947311111111,44.19397305555555,130
142.3948311111111,44.194206111111114,130
142.39486805555555,44.194365,130
142.3949061111111,44.19459,130
142.39494305555556,44.19489,130
142.3949561111111,44.19513111111111,130
142.394955,44.19575611111111,130
142.39494305555556,44.19595611111111,130
142.394955,44.19652305555555,130
142.394955,44.19677305555555,130
142.39494305555556,44.19768111111111,130
142.39494305555556,44.198706111111115,131
142.39491805555556,44.20075611111111,130
142.39491805555556,44.20263111111111,130
142.39491805555556,44.20361388888889,129
142.39491805555556,44.20503,129
142.39491805555556,44.20578805555556,129
142.39489194444445,44.21080388888889,128
142.39488,44.21237111111111,128
142.39488,44.212563055555556,128
142.39486694444443,44.21279611111111,128
142.39486694444443,44.21583694444445,127
142.3948538888889,44.220778055555556,127
142.39484194444444,44.220861944444444,127
142.39484194444444,44.22168611111111,126
142.39484194444444,44.22188611111111,126
142.39481694444444,44.22578611111111,125
142.39479194444445,44.22909611111111,125
142.39479194444445,44.22909611111111,125
142.39477888888888,44.23081888888889,125
142.3947411111111,44.23586805555556,127
142.3947411111111,44.236443055555554,127
142.3947411111111,44.23707611111111,126
142.3947411111111,44.23716805555556,126
142.3947288888889,44.23895111111111,127
142.3947161111111,44.24087611111111,126
142.3947038888889,44.24152611111111,126
142.39469111111111,44.243341944444445,126
142.39469111111111,44.24395888888889,127
142.39469111111111,44.24402611111111,127
142.39467805555554,44.2459,127
142.39465305555555,44.25033305555556,122
142.3946411111111,44.25093305555556,121
142.3946411111111,44.25234888888889,119
142.39465305555555,44.255898888888886,120
142.39465305555555,44.26089,112
142.39464,44.265948055555555,111
142.39467694444446,44.26839805555556,110
142.39479,44.26878111111111,110
142.39524111111112,44.269463888888886,110
142.39524,44.269463888888886,110
142.3956138888889,44.27003111111111,110
142.39637694444446,44.27088888888889,109
142.39933888888888,44.273381111111114,109
142.4015761111111,44.27528888888889,108
142.40215111111112,44.27577194444444,109
142.4024138888889,44.276005,109
142.40576305555555,44.278846944444446,109
142.40823805555556,44.281038055555555,109
142.408575,44.28132194444444,109
142.41407388888888,44.28608,109
142.41508694444445,44.286971111111114,109
142.41553694444445,44.28737111111111,108
142.4155311111111,44.28786888888889,108
142.4155311111111,44.28786888888889,108
142.41553694444445,44.28737111111111,108
142.4160611111111,44.28785388888889,109
142.41644888888888,44.28840388888889,109
142.4165361111111,44.28859611111111,108
142.4167611111111,44.28906305555556,108
142.4169738888889,44.28952888888889,108
142.4170611111111,44.28970388888889,107
142.41736111111112,44.29032111111111,107
142.41759888888888,44.29054611111111,107
142.4178488888889,44.29076194444445,107
142.41887305555557,44.29165388888889,107
142.41892305555555,44.29170388888889,107
142.4198111111111,44.29247888888889,107
142.4202611111111,44.29286305555556,107
142.42077305555554,44.29332111111111,107
142.42172305555556,44.294136944444446,107
142.42177305555555,44.29417888888889,107
142.422685,44.29497888888889,107
142.42396,44.29610388888889,106
142.42402194444443,44.29616194444444,106
142.42511,44.29714611111111,106
142.42569694444444,44.29752888888889,105
142.42696,44.297986944444446,105
142.42788388888889,44.298321111111115,105
142.42837194444445,44.29860388888889,105
142.42903194444443,44.299191944444445,106
142.4290311111111,44.299191944444445,106
142.42925888888888,44.299395,106
142.42950888888888,44.29962,106
142.4311588888889,44.30110388888889,107
142.43142111111112,44.30132,107
142.43574611111111,44.30497,104
142.43619611111112,44.305295,104
142.438145,44.306145,105
142.43868305555554,44.306395,105
142.44343194444446,44.30848611111111,108
142.4449938888889,44.30913611111111,108
142.44923111111112,44.31097805555556,104
142.4501688888889,44.311395,104
142.4503311111111,44.311461111111115,104
142.45044305555555,44.31581111111111,102
142.45044305555555,44.315936111111114,102
142.45044305555555,44.31679388888889,101
142.45044305555555,44.31695194444445,101
142.4503861111111,44.31836,101
142.4503861111111,44.31836,101
142.45026805555557,44.32126888888889,101
142.45026805555557,44.322085,102
142.45026694444445,44.32629305555555,99
142.4502488888889,44.329922777777774,98
142.4502488888889,44.329922777777774,98
142.45024194444446,44.331293055555555,98
142.45025,44.33434305555556,97
142.45025,44.33434305555556,97
142.45025388888888,44.33567611111111,96
142.4502288888889,44.3363,96
142.4502288888889,44.33700888888889,96
142.4502288888889,44.337558888888886,96
142.4502288888889,44.33795,96
142.4502288888889,44.338816944444446,96
142.4502288888889,44.33980805555556,95
142.4502288888889,44.340325,96
142.4502288888889,44.3407,95
142.4502288888889,44.341233055555556,95
142.4502288888889,44.34133305555556,95
142.4502288888889,44.341925,95
142.4502288888889,44.34211611111111,95
142.4502161111111,44.34245,95
142.4502411111111,44.342683055555554,95
142.45025388888888,44.34365,95
142.4502411111111,44.34375,95
142.45025388888888,44.34389111111111,95
142.45025388888888,44.34434111111111,95
142.45025388888888,44.34484888888889,95
142.45025388888888,44.34497388888889,95
142.45025388888888,44.345348888888886,95
142.45025305555555,44.34565805555555,95
142.45025305555555,44.34584888888889,95
142.45022805555556,44.346381944444445,95
142.45022805555556,44.34682388888889,95
142.45022805555556,44.34726611111111,94
142.45022805555556,44.347658055555556,94
142.45022805555556,44.34800805555555,95
142.4502411111111,44.34881611111111,95
142.4502411111111,44.348906944444444,95
142.45022805555556,44.34930694444444,95
142.45022805555556,44.34969111111111,95
142.4495938888889,44.34969111111111,95
142.4495938888889,44.34969111111111,95
142.45022805555556,44.34969111111111,95
142.45110305555556,44.34970694444444,95
142.45206611111112,44.34969888888889,95
142.4522411111111,44.349623888888885,95
142.4523411111111,44.349558055555555,95
142.45235305555556,44.34934111111111,95
142.45319,44.34934111111111,95
142.453565,44.34934111111111,95
142.45454,44.34934888888889,95
142.45479,44.34934111111111,95
142.455615,44.34934888888889,95
142.45639,44.349356944444445,96
142.457215,44.34934888888889,96
142.457215,44.349716111111114,96
142.457215,44.35053194444444,96
142.45720305555557,44.35138194444445,95
142.457215,44.35167388888889,95
142.45720194444445,44.352756944444444,96
142.45720194444445,44.352831944444446,96
142.45720194444445,44.353965,95
142.45719,44.35503194444444,95
142.45717694444446,44.35514888888889,95
142.45720194444445,44.35638194444444,96
142.45717694444446,44.35763194444444,96
142.45718888888888,44.357973055555554,96
142.45718888888888,44.35879,96
142.45720194444445,44.359948055555556,96
142.45720194444445,44.36112305555555,97
142.45720194444445,44.36140611111111,96
142.45720194444445,44.36198111111111,96
142.4572138888889,44.36228111111111,95
142.45720194444445,44.36277305555556,95
142.45720194444445,44.36299805555556,95
142.45720194444445,44.36346388888889,95
142.45720194444445,44.36390611111111,95
142.45720194444445,44.363996944444445,95
142.45718888888888,44.364448055555556,95
142.45718888888888,44.36449694444445,95
142.45718888888888,44.365271944444444,95
142.45717611111112,44.36643111111111,95
142.45717611111112,44.36750611111111,94
142.45717611111112,44.368046944444444,94
142.45717611111112,44.36822194444444,94
142.4567638888889,44.36822194444444,94
142.45646,44.36822194444444,93
142.45646,44.36822194444444,93
142.4567638888889,44.36822194444444,94
142.45717611111112,44.36822194444444,94
142.45717611111112,44.36842194444444,94
142.45717611111112,44.368855,94
142.45717611111112,44.37004694444445,93
142.45716388888889,44.37048,93
142.45716388888889,44.371455,92
142.45716388888889,44.37193,92
142.4571388888889,44.372171944444446,92
142.45708888888888,44.372396944444446,91
142.4569888888889,44.37264694444445,91
142.45683888888888,44.372905,91
142.4566761111111,44.37311305555556,91
142.45651388888888,44.37327194444445,91
142.4563261111111,44.37343,91
142.4555261111111,44.37398,90
142.4553011111111,44.37418,90
142.45503888888888,44.37448,90
142.45492611111112,44.37467111111111,90
142.4548511111111,44.37483805555556,90
142.4547388888889,44.37522111111111,90
142.45460111111112,44.376446111111115,90
142.45448888888887,44.37759611111111,90
142.4544511111111,44.37808694444445,90
142.45439694444445,44.37897,90
142.45439694444445,44.37897,90
142.45433805555555,44.37994611111111,90
142.4542011111111,44.38232111111111,90
142.4541761111111,44.382645,90
142.45408805555556,44.38306194444444,90
142.4540011111111,44.38326194444444,90
142.45390111111112,44.38341194444445,90
142.45383805555556,44.38347,90
142.4536011111111,44.38370388888889,90
142.4533761111111,44.38390388888889,90
142.45093805555555,44.38597,90
142.4507761111111,44.386111944444444,88
142.45041305555554,44.38642,90
142.45031305555557,44.38652805555556,90
142.4502511111111,44.38663611111111,90
142.45017611111112,44.38681111111111,90
142.45011305555556,44.38700305555555,90
142.45011305555556,44.38713611111111,90
142.45003805555555,44.39152694444444,94
142.45003805555555,44.391978055555555,96
142.4501261111111,44.39228611111111,98
142.45028805555555,44.39253611111111,98
142.4504761111111,44.39281111111111,99
142.45072611111112,44.39303611111111,99
142.452575,44.39426888888889,113
142.45345,44.395001944444445,115
142.45383805555556,44.39541888888889,123
142.45416305555557,44.39589388888889,126
142.454275,44.39626111111111,133
142.4543,44.39636111111111,133
142.45431194444444,44.39684388888889,134
142.45416194444445,44.39721888888889,137
142.454025,44.39744388888889,139
142.453425,44.398085,147
142.453225,44.39830194444444,148
142.45208805555555,44.39991,163
142.45201305555557,44.40005194444444,167
142.45193805555556,44.400485,165
142.45211194444445,44.40229305555555,177
142.452125,44.40264305555556,177
142.452125,44.40282611111111,179
142.45201305555557,44.40356805555555,184
142.4519261111111,44.403895,187
142.4519261111111,44.403895,187
142.451825,44.40427611111111,192
142.45155,44.40500111111111,195
142.4515,44.405118055555555,196
142.45116305555555,44.40565111111111,205
142.45055,44.40614305555555,208
142.4495,44.40658388888889,198
142.448975,44.40679305555555,197
142.44883694444445,44.406841944444444,197
142.448,44.40719194444444,195
142.4478,44.40735111111111,189
142.44748694444445,44.40770111111111,187
142.447275,44.40803388888889,187
142.44721305555555,44.40825111111111,187
142.44721305555555,44.409216944444445,175
142.446925,44.409841944444445,172
142.44505,44.41158305555555,157
142.443725,44.41280805555556,144
142.443425,44.41328305555555,141
142.44341305555557,44.413375,142
142.44333805555556,44.413808055555556,137
142.4436,44.414791111111114,130
142.44366305555556,44.415275,129
142.4436,44.41578305555556,128
142.4434,44.41632388888889,125
142.44301305555555,44.41685805555556,119
142.44196194444444,44.41806611111111,109
142.441525,44.418998888888886,107
142.44073805555556,44.42030694444444,107
142.44035,44.42067388888889,107
142.438775,44.421866111111115,99
142.43865,44.42203194444444,99
142.438475,44.42203194444444,99
142.43811305555556,44.42217388888889,98
142.4374,44.42249,98
142.43723805555555,44.422606944444446,101
142.437,44.42283194444445,101
142.43668805555555,44.423265,109
142.43596305555556,44.424031944444444,115
142.435525,44.424323055555554,117
142.43473805555556,44.424523055555554,118
142.4280388888889,44.426048055555555,106
142.42603111111112,44.42151611111111,114
142.42603111111112,44.42151611111111,114
142.4280388888889,44.426048055555555,106
142.42138888888888,44.42755611111111,95
142.41467694444444,44.42915611111111,90
142.41425194444443,44.42925611111111,89
142.41420194444444,44.42926388888889,89
142.41360194444445,44.42941388888889,89
142.41329,44.42946388888889,89
142.4121,44.429743055555555,87
142.4121,44.429743055555555,87
142.41030194444446,44.43016388888889,85
142.40977694444445,44.43027194444444,85
142.40939,44.43029694444444,85
142.40835305555555,44.43023888888889,85
142.40794,44.430321944444444,85
142.40759,44.43043888888889,85
142.40694,44.43078,85
142.40687805555555,44.43081388888889,85
142.406215,44.431063055555555,85
142.405515,44.43128,85
142.40294,44.43188,85
142.40147805555554,44.43222111111111,87
142.39820305555557,44.432963055555554,85
142.39482805555556,44.433728888888886,85
142.3881661111111,44.43524611111111,84
142.3831661111111,44.43637888888889,86
142.3831661111111,44.43637888888889,86
142.3814788888889,44.43676194444444,87
142.38041694444445,44.43702,87
142.3798538888889,44.43716194444445,88
142.37493,44.438253055555556,90
142.37114194444445,44.43918611111111,89
142.37041805555555,44.439345,90
142.369855,44.43947,91
142.368155,44.439845,92
142.36665194444444,44.44018888888889,94
142.36665194444444,44.44018888888889,94
142.368155,44.439845,92
142.37026694444444,44.44464388888889,82
142.36886694444445,44.44496888888889,80
142.365155,44.44582694444444,79
142.36411694444445,44.44610194444444,79
142.36374305555555,44.44631888888889,79
142.363505,44.44649388888889,80
142.36298,44.44724388888889,79
142.36098,44.451368055555555,80
142.36061694444444,44.45207694444444,80
142.3602611111111,44.452888888888886,80
142.3602611111111,44.452888888888886,80
142.36008,44.45330111111111,80
142.36003,44.45341,79
142.35976694444443,44.453893055555554,75
142.35831694444445,44.45695888888889,77
142.35786694444445,44.45783388888889,80
142.35779194444444,44.45795888888889,80
142.3566788888889,44.46033388888889,80
142.3544038888889,44.465025,80
142.35434194444446,44.46516694444445,80
142.35224194444444,44.46978305555555,81
142.3516038888889,44.47109888888889,81
142.35040388888888,44.47355805555556,82
142.34995388888888,44.474516111111114,82
142.3499038888889,44.47461611111111,82
142.3494411111111,44.475566111111114,80
142.34937888888888,44.475698888888886,80
142.34935388888888,44.47576611111111,80
142.34904111111112,44.47639888888889,80
142.3488538888889,44.476773888888886,80
142.34846611111112,44.477581944444445,79
142.3482161111111,44.47805694444445,78
142.34814111111112,44.478215,77
142.3480911111111,44.47834,77
142.3479661111111,44.47859,77
142.34766611111112,44.47924888888889,77
142.34822888888888,44.47939,77
142.3483788888889,44.47943194444444,77
142.3492911111111,44.47965694444444,78
142.35007,44.47984611111111,78
142.35007,44.47984611111111,78
142.3492911111111,44.47965694444444,78
142.3483788888889,44.47943194444444,77
142.34822888888888,44.47939,77
142.34766611111112,44.47924888888889,77
142.34722888888888,44.48014,77
142.3470411111111,44.48050694444444,77
142.34700388888888,44.480606944444446,77
142.3469538888889,44.480715,77
142.3467288888889,44.48117305555556,77
142.34634111111112,44.481965,77
142.3458038888889,44.48307305555556,77
142.3453661111111,44.48398111111111,77
142.3449411111111,44.48486388888889,77
142.3445788888889,44.48562305555556,77
142.3443288888889,44.48612305555555,76
142.34426611111112,44.486246944444446,76
142.3442161111111,44.486356111111114,76
142.3441038888889,44.486598055555554,76
142.3439161111111,44.487006111111114,76
142.3438661111111,44.48708111111111,76
142.34351611111111,44.48781388888889,75
142.34307805555557,44.488706111111114,74
142.34282805555554,44.48925611111111,74
142.34255305555556,44.48981388888889,74
142.34207805555556,44.49078,74
142.34079111111112,44.49344694444444,75
142.33957805555556,44.49598805555556,74
142.33872805555555,44.49774611111111,74
142.33842805555557,44.49837888888889,70
142.3365161111111,44.50232111111111,71
142.3362161111111,44.502895,72
142.3339161111111,44.50762805555556,74
142.331665,44.51224388888889,75
142.33162805555557,44.51231888888889,75
142.32932805555555,44.51706,75
142.32825305555556,44.51926,72
142.327065,44.52170888888889,68
142.32702805555556,44.52178388888889,68
142.326765,44.52234305555555,68
142.32625305555555,44.52375888888889,72
142.326015,44.524633888888886,72
142.32599,44.52471694444444,69
142.325165,44.52765888888889,65
142.32514,44.52775888888889,65
142.32465194444444,44.529475,65
142.32452694444444,44.530366111111114,66
142.32444,44.53155,65
142.32401388888889,44.53664111111111,63
142.32365194444444,44.54124888888889,65
142.32362694444444,44.541565,65
142.32320194444443,44.54653111111111,64
142.3228388888889,44.55115611111111,63
142.32278888888888,44.55139694444444,63
142.32270111111112,44.55163888888889,62
142.3224138888889,44.55248111111111,63
142.32120111111112,44.55509694444444,61
142.3204888888889,44.55663,61
142.31973805555555,44.558255,66
</coordinates>
</LineString>
</Placemark>
</Document>
</kml>
