<?xml version="1.0" encoding="UTF-8"?>
<kml xmlns="http://www.opengis.net/kml/2.2" xmlns:atom="http://www.w3.org/2005/Atom">
<Document>
<name>54代夏合宿7日目</name>
<atom:author>
<atom:name>ぐんまあ</atom:name>
</atom:author> 
<atom:link href="https://latlonglab.yahoo.co.jp/route/watch?id=05454dcce200b4a77521cff6ca911037" />
<description><![CDATA[2016年8月18日(木)実施予定
54代夏合宿7日目
96km1000UP

白銀荘前キャンプ場
↓
上富良野町
↓
スーパーチェーンふじ美瑛店：買出し(21時閉店)
↓
旭岳青少年野営場]]></description>
<tags><![CDATA[wcc54th]]></tags>  
<Placemark>
<Style>
<LineStyle>
<color>99ff0000</color>
<width>6</width>
</LineStyle>
</Style>
<LineString>
<coordinates>
142.64227694444443,43.43137194444444,1013
142.64217694444446,43.43138111111111,1013
142.642115,43.43148111111111,1011
142.64207694444445,43.43176388888889,1008
142.642015,43.43192194444445,1007
142.641865,43.432046944444444,1005
142.641665,43.43208888888889,1002
142.64114,43.43206388888889,1001
142.640765,43.43198888888889,1001
142.64052694444445,43.43188,1003
142.64032694444444,43.43174694444444,1003
142.63994,43.43161388888889,1004
142.63974,43.43163888888889,999
142.63964,43.43177194444444,999
142.63960194444445,43.43194694444445,997
142.63984,43.431955,995
142.64005194444445,43.43199694444444,997
142.640315,43.43213,996
142.64054,43.432296944444445,995
142.64067694444444,43.432505,994
142.640765,43.43273,994
142.640715,43.43293,994
142.64060194444446,43.433146944444445,993
142.64037694444445,43.433321944444444,991
142.64017694444445,43.43343888888889,989
142.63977694444444,43.43348,986
142.638815,43.43353888888889,982
142.63842694444443,43.433571944444445,981
142.63815194444445,43.433655,980
142.63639,43.43459694444444,970
142.635515,43.434938055555556,964
142.63472694444445,43.43524611111111,958
142.63439,43.435455,955
142.63419,43.43564611111111,953
142.63402805555555,43.43584611111111,951
142.63387805555556,43.436155,946
142.63370305555554,43.43676305555555,942
142.63370305555554,43.43721305555555,942
142.63375305555556,43.43743,939
142.63434,43.43857888888889,928
142.63437694444445,43.43879611111111,926
142.63412694444443,43.44043805555555,914
142.63412694444443,43.44062111111111,913
142.63417694444445,43.44078694444445,911
142.634265,43.440871111111115,912
142.63439,43.440978888888885,911
142.63507694444445,43.441428888888886,909
142.63527694444446,43.44145388888889,903
142.63594,43.44139611111111,904
142.63662694444446,43.44141194444445,903
142.63692694444444,43.44146305555556,901
142.6371888888889,43.44154611111111,902
142.63742694444446,43.44167111111111,902
142.63756388888888,43.44180388888889,904
142.6378638888889,43.44230388888889,901
142.63800194444445,43.442571111111114,901
142.63835194444445,43.44292111111111,898
142.63912694444446,43.44347111111111,895
142.63981388888888,43.44394611111111,901
142.63995194444445,43.44402111111111,900
142.64017694444445,43.444071111111114,901
142.6404638888889,43.44405388888889,900
142.6408888888889,43.44398805555556,897
142.6414638888889,43.443978888888886,897
142.64265111111112,43.444113055555555,899
142.6434011111111,43.44412111111111,901
142.6440638888889,43.44406305555555,901
142.6443888888889,43.44407888888889,900
142.64470111111112,43.44415388888889,903
142.64491388888888,43.44425388888889,904
142.6455138888889,43.444738055555554,897
142.6455761111111,43.44486305555556,898
142.6455638888889,43.44509611111111,899
142.64526388888888,43.44562111111111,905
142.6450761111111,43.446196111111114,908
142.6448888888889,43.44686194444444,904
142.64482611111112,43.44708694444444,904
142.64480111111112,43.44730388888889,906
142.6449388888889,43.447611944444446,897
142.6481511111111,43.451245,882
142.6482511111111,43.451436944444445,882
142.6482761111111,43.451595,881
142.64826305555556,43.45187888888889,878
142.64820111111112,43.45210388888889,876
142.6481261111111,43.452295,874
142.64798805555554,43.45256194444445,870
142.64791305555556,43.45267,869
142.64766305555557,43.452895,867
142.64738805555555,43.45305388888889,864
142.64705111111113,43.453178055555554,863
142.64668805555556,43.45325305555556,861
142.6460011111111,43.45323694444444,860
142.64523805555555,43.45321194444445,852
142.6449511111111,43.45323694444444,850
142.64460111111111,43.45332,849
142.64428805555556,43.45347,849
142.64391305555554,43.453736944444444,848
142.64373805555556,43.454045,845
142.64366305555555,43.45426194444445,844
142.64367611111112,43.454636944444445,843
142.64377611111112,43.454886944444446,842
142.64400111111112,43.455153055555556,839
142.6442761111111,43.45538611111111,836
142.64638805555555,43.45623611111111,829
142.64661305555555,43.45642,827
142.64672611111112,43.45667,824
142.64675111111112,43.45693611111111,822
142.6466761111111,43.45715305555556,819
142.64643805555556,43.45733611111111,815
142.64608805555557,43.45753611111111,815
142.6453261111111,43.45778611111111,810
142.64515111111112,43.45791111111111,808
142.64505111111112,43.458095,805
142.6450011111111,43.45831111111111,806
142.64502611111112,43.458528055555554,805
142.64513805555555,43.458753055555555,804
142.64533805555556,43.45889388888889,801
142.6464511111111,43.45923611111111,792
142.6467011111111,43.45934388888889,792
142.6468761111111,43.45954388888889,792
142.64693805555555,43.45974388888889,790
142.64691305555556,43.45996111111111,788
142.646875,43.46006888888889,784
142.64678805555556,43.46018611111111,784
142.64662611111112,43.46031111111111,782
142.6464511111111,43.46039388888889,782
142.64616305555555,43.46046111111111,779
142.6458511111111,43.460478055555555,775
142.64547611111112,43.46040305555555,771
142.64516305555554,43.460211111111114,766
142.6442761111111,43.459693888888886,766
142.6438511111111,43.45950305555556,768
142.64328805555556,43.45945305555556,764
142.6426011111111,43.45943611111111,767
142.64176305555554,43.45948611111111,764
142.64116305555555,43.45952805555556,765
142.6405761111111,43.45961888888889,764
142.64013888888888,43.45974388888889,765
142.63981388888888,43.45988611111111,767
142.63958888888888,43.460076944444445,766
142.6387388888889,43.46138611111111,744
142.6385261111111,43.461601944444446,742
142.6382888888889,43.461776944444445,740
142.63800111111112,43.461936111111115,736
142.63766388888888,43.46209388888889,732
142.63598888888887,43.46259388888889,732
142.6357761111111,43.46271111111111,731
142.63552611111112,43.462893888888885,727
142.6353638888889,43.46309388888889,725
142.63527611111112,43.46333611111111,723
142.6352638888889,43.46353611111111,723
142.63527611111112,43.46378611111111,722
142.6353638888889,43.46398611111111,722
142.63551388888888,43.46418611111111,722
142.63697611111112,43.465635,704
142.6371761111111,43.465876944444446,703
142.6373011111111,43.46609388888889,701
142.63735111111112,43.46631,699
142.63735111111112,43.466526944444446,697
142.63733805555555,43.466835,694
142.6370511111111,43.46942694444444,677
142.6370761111111,43.469685,675
142.63713805555557,43.469968055555555,674
142.63723805555554,43.47016,673
142.6374011111111,43.47031805555556,672
142.63761305555556,43.470485,671
142.63780111111112,43.47061,671
142.6381011111111,43.470751944444444,671
142.63838805555557,43.47089305555556,668
142.63880111111112,43.47101,656
142.6428,43.47171,649
142.643175,43.471826944444445,648
142.6434,43.47196,648
142.64358805555557,43.47212694444445,647
142.643725,43.47231,647
142.64381305555557,43.472568055555556,646
142.643925,43.47321,635
142.641675,43.47327611111111,627
142.641125,43.473368055555554,624
142.64071305555555,43.47352611111111,626
142.64027611111112,43.47376805555555,626
142.6400761111111,43.473843055555555,624
142.63978805555556,43.47387611111111,624
142.63892611111112,43.47391,622
142.63861305555557,43.47392611111111,621
142.63800111111112,43.474085,617
142.6375011111111,43.474268055555555,612
142.63847611111112,43.47464305555555,613
142.63847611111112,43.47464305555555,613
142.6375011111111,43.474268055555555,612
142.63800111111112,43.474085,617
142.63861305555557,43.47392611111111,621
142.63892611111112,43.47391,622
142.63978805555556,43.47387611111111,624
142.6400761111111,43.473843055555555,624
142.64027611111112,43.47376805555555,626
142.64071305555555,43.47352611111111,626
142.641125,43.473368055555554,624
142.641675,43.47327611111111,627
142.643925,43.47321,635
142.64505,43.473185,632
142.64538694444445,43.473235,626
142.64586194444445,43.47334305555555,639
142.646325,43.47351,643
142.64676305555557,43.473735,647
142.64711194444445,43.473985,647
142.6473,43.47411,647
142.64868694444445,43.47511,648
142.65092388888888,43.47666,647
142.65286194444445,43.478085,647
142.65343694444445,43.47842611111111,642
142.65409888888888,43.47875111111111,646
142.6546988888889,43.47901805555556,647
142.65536194444445,43.479193055555555,647
142.65626194444445,43.47936,646
142.6567738888889,43.47950111111111,644
142.6573361111111,43.47970111111111,645
142.6578861111111,43.48001,645
142.6582238888889,43.48036805555556,643
142.65853611111112,43.48081805555555,642
142.65874888888888,43.48130888888889,638
142.6589238888889,43.481968055555555,636
142.65896111111113,43.482143055555554,637
142.65919888888888,43.48263388888889,638
142.6594738888889,43.48311805555556,639
142.6602611111111,43.484051111111114,648
142.6607111111111,43.48450111111111,654
142.66213611111112,43.48573388888889,665
142.66454805555554,43.48770888888889,677
142.6650111111111,43.488143055555554,677
142.6655861111111,43.48880888888889,684
142.66598611111112,43.48945888888889,688
142.66623611111112,43.489916944444445,692
142.66658611111112,43.49087611111111,700
142.66676,43.49154194444444,705
142.66669805555554,43.492666944444444,719
142.66646,43.493275,726
142.66602305555554,43.49424194444445,734
142.66596,43.4946,737
142.665585,43.49649194444444,756
142.66537305555556,43.49695,755
142.665035,43.49729194444444,759
142.66452305555555,43.497591944444444,765
142.664185,43.49769194444445,768
142.66314805555555,43.497725,776
142.66273611111112,43.49763305555555,775
142.66142305555556,43.49701694444445,775
142.6590361111111,43.49585,769
142.65889805555557,43.495783055555556,769
142.65764805555557,43.49516694444444,763
142.65591111111112,43.494325,754
142.6551111111111,43.49391694444444,752
142.65459,43.49357194444445,750
142.65459,43.49357194444445,750
142.6534738888889,43.49283305555556,745
142.64538694444445,43.49869888888889,706
142.64302388888888,43.49707388888889,710
142.64241194444443,43.49664888888889,713
142.6394,43.49446611111111,685
142.63918694444445,43.49429888888889,684
142.63881305555554,43.49310805555555,682
142.63881305555554,43.49288305555555,676
142.63903805555555,43.49209111111111,674
142.639025,43.491925,674
142.63898694444444,43.49175805555556,674
142.63878805555555,43.49155,669
142.638425,43.49140805555555,663
142.63781194444445,43.491325,662
142.636725,43.491475,662
142.6354,43.491858055555554,651
142.63486305555554,43.49212388888889,651
142.634525,43.49240805555556,650
142.634275,43.49266611111111,650
142.634275,43.49266611111111,650
142.6332,43.49453194444445,632
142.63296305555556,43.494748888888886,631
142.632675,43.49494111111111,628
142.6323011111111,43.495041111111114,622
142.63190111111112,43.495106944444444,622
142.6315261111111,43.49509888888889,622
142.6308261111111,43.49491611111111,613
142.62973805555555,43.494548888888886,611
142.62921305555557,43.49449111111111,603
142.62782611111112,43.49452388888889,600
142.62756305555556,43.494433055555554,597
142.6267511111111,43.49382388888889,587
142.62648805555557,43.493631944444445,581
142.6261011111111,43.49355805555555,585
142.62566388888888,43.49355805555555,581
142.62511388888888,43.49374888888889,576
142.6242638888889,43.49418194444444,575
142.6229011111111,43.49508194444444,561
142.62148888888888,43.49585694444445,548
142.6211761111111,43.49594888888889,543
142.62066388888888,43.49609888888889,536
142.6183511111111,43.496656944444446,521
142.6160888888889,43.49789,508
142.6140388888889,43.49874,483
142.61340194444443,43.49899,478
142.61250194444443,43.49910611111111,473
142.61177694444444,43.49918111111111,474
142.61100194444444,43.49928111111111,474
142.61037694444445,43.499365,473
142.60872694444444,43.49974,469
142.6072388888889,43.49995611111111,468
142.60590194444444,43.50008111111111,466
142.60554,43.50000611111111,465
142.605365,43.49997305555556,465
142.60510194444444,43.49983888888889,465
142.603565,43.49886388888889,466
142.60274,43.49938888888889,463
142.59915305555555,43.50092305555555,454
142.59880194444443,43.50104694444445,453
142.59829,43.50128888888889,452
142.59767805555555,43.50176388888889,451
142.59694,43.50243888888889,450
142.59664,43.50271388888889,449
142.59639,43.50290611111111,448
142.59590305555557,43.50253111111111,450
142.59582805555556,43.50243888888889,450
142.59569,43.50221388888889,450
142.59564,43.50189694444445,450
142.595715,43.50158111111111,453
142.59587805555554,43.50131388888889,458
142.598015,43.49988888888889,463
142.598415,43.49953111111111,466
142.59905305555554,43.49858111111111,467
142.59909,43.49823111111111,474
142.59902805555555,43.49798888888889,473
142.59879,43.49773111111111,474
142.59842805555556,43.49733888888889,484
142.59830305555556,43.49704805555555,482
142.59819,43.496523055555556,486
142.59792805555554,43.494523055555554,492
142.59772805555556,43.49399,494
142.59742805555555,43.49373111111111,497
142.59699111111112,43.49354,502
142.59655305555555,43.493515,504
142.59607805555555,43.493615,506
142.59497805555554,43.494188888888885,517
142.59439111111112,43.49453111111111,521
142.5940911111111,43.49473111111111,524
142.59390305555556,43.49498111111111,527
142.59380305555555,43.495288888888886,527
142.59371611111112,43.49606388888889,524
142.5936411111111,43.49639805555555,520
142.59347805555555,43.496746944444446,518
142.5916161111111,43.49923888888889,488
142.5912911111111,43.49957194444445,486
142.58902805555556,43.501446944444446,468
142.5876911111111,43.50243805555556,457
142.58697805555556,43.502896944444444,455
142.5831538888889,43.505071111111114,432
142.5820788888889,43.50574611111111,424
142.5793911111111,43.50766194444444,409
142.57676694444444,43.50937111111111,394
142.5764288888889,43.50942111111111,391
142.57576694444444,43.509611944444444,385
142.57467888888888,43.51012111111111,384
142.5744038888889,43.51017888888889,382
142.5739788888889,43.51016194444444,382
142.57334194444445,43.51007888888889,377
142.57261694444443,43.51009611111111,375
142.57175388888888,43.51027111111111,372
142.57144194444444,43.510353888888886,372
142.57107888888888,43.510395,371
142.57066694444444,43.510311944444446,368
142.56919194444444,43.50962888888889,365
142.56854194444443,43.50927111111111,366
142.56788,43.50860388888889,362
142.56773,43.50851194444444,361
142.56733,43.50830388888889,359
142.56708,43.508111944444444,358
142.56698,43.50790388888889,358
142.56684305555555,43.50725388888889,351
142.56663,43.50702888888889,349
142.56629305555555,43.506796111111115,349
142.565605,43.50655388888889,349
142.56493,43.50631194444444,348
142.56461805555554,43.50607111111111,348
142.56429305555557,43.505586944444445,346
142.56396805555556,43.50535388888889,345
142.5631811111111,43.50510388888889,344
142.56220611111112,43.504871111111115,339
142.5619111111111,43.50485194444445,338
142.5619111111111,43.50485111111111,338
142.56181805555556,43.504846111111114,338
142.56099305555554,43.504846111111114,336
142.56024305555556,43.50470388888889,335
142.5586688888889,43.50404611111111,334
142.5578561111111,43.503478888888885,329
142.5571688888889,43.50319611111111,329
142.5559438888889,43.502721111111114,328
142.5553438888889,43.50243694444445,326
142.55500694444444,43.50226194444444,325
142.55420694444445,43.50177111111111,328
142.55393194444446,43.50163694444444,328
142.5537438888889,43.50156194444445,327
142.5535188888889,43.50149611111111,327
142.55328194444445,43.50145388888889,326
142.5530688888889,43.50142888888889,326
142.55283194444445,43.501421111111114,325
142.55256888888889,43.501446111111115,323
142.5518688888889,43.501536944444446,320
142.55140694444444,43.501553888888886,321
142.55115694444444,43.50152888888889,322
142.55085694444443,43.50147111111111,323
142.55010694444445,43.50130388888889,321
142.549845,43.50125388888889,321
142.546945,43.50080388888889,319
142.54597,43.500611944444444,318
142.54385805555555,43.49977888888889,317
142.5417461111111,43.498961944444446,315
142.54093305555554,43.49872888888889,314
142.53933305555555,43.49840388888889,319
142.5389461111111,43.498286944444445,322
142.53853305555555,43.49809611111111,321
142.53740888888888,43.49734611111111,322
142.5358588888889,43.49647888888889,323
142.5349838888889,43.49606194444444,323
142.5327961111111,43.49519611111111,321
142.53139694444445,43.49453694444444,320
142.5310088888889,43.49425388888889,322
142.5303338888889,43.493428888888886,320
142.52994694444445,43.49314611111111,312
142.5294088888889,43.49292888888889,313
142.5283838888889,43.492736944444445,313
142.52662194444446,43.49255388888889,311
142.525885,43.49252111111111,313
142.52479694444443,43.49249611111111,315
142.52377194444443,43.49234611111111,316
142.52274805555555,43.49194611111111,314
142.52201,43.49147888888889,315
142.52161,43.491278888888885,315
142.52116,43.49112111111111,316
142.52074805555554,43.49104611111111,317
142.519835,43.49093694444444,316
142.51881111111112,43.49067888888889,316
142.51832305555556,43.49062888888889,314
142.51762305555556,43.490611944444446,313
142.5149361111111,43.49088694444445,293
142.5134361111111,43.49113694444444,295
142.5112611111111,43.49162,282
142.50942388888888,43.492295,279
142.5077488888889,43.49290305555556,279
142.50738611111112,43.49299388888889,279
142.50738611111112,43.49299388888889,279
142.50724888888888,43.493028055555556,279
142.5066488888889,43.49310305555556,278
142.5060738888889,43.49307,276
142.5036738888889,43.49241194444444,272
142.50308694444445,43.492195,272
142.5026488888889,43.491911944444446,270
142.5025238888889,43.491795,270
142.50161194444445,43.49076194444444,272
142.50118694444444,43.49047,272
142.50061194444444,43.49017805555555,270
142.4999,43.489945,269
142.49955,43.48987805555556,269
142.49923694444445,43.48985305555556,269
142.49848694444444,43.48987805555556,268
142.49618805555556,43.490145,264
142.49525,43.490228055555555,261
142.49378805555557,43.49035305555556,261
142.493075,43.49037805555555,261
142.48800111111112,43.48997,252
142.4866761111111,43.48992,245
142.48650111111112,43.48995305555555,244
142.4855138888889,43.49011111111111,243
142.4850011111111,43.49010305555556,243
142.4833011111111,43.489893888888886,243
142.48051388888888,43.48952805555555,240
142.4784388888889,43.48891888888889,241
142.4774888888889,43.488753055555556,241
142.47622694444445,43.48851888888889,237
142.4758138888889,43.48842805555555,235
142.47557694444444,43.48833611111111,234
142.47540194444446,43.488236111111114,233
142.4751638888889,43.48806888888889,233
142.47497694444445,43.48789388888889,232
142.47317694444445,43.48580305555556,230
142.47282694444445,43.48554388888889,228
142.472215,43.485103055555555,226
142.47194,43.48484388888889,225
142.47185305555556,43.48471111111111,224
142.47147805555556,43.48411888888889,224
142.47132805555555,43.483895,224
142.47097805555555,43.483345,225
142.46950305555555,43.481595,221
142.46892805555555,43.480961111111114,219
142.4672161111111,43.478995,217
142.46690305555555,43.47850305555556,217
142.4668661111111,43.478453055555555,217
142.46681611111111,43.478386944444445,218
142.46672805555556,43.478345,217
142.46646611111112,43.47826194444445,217
142.4663911111111,43.478211944444446,217
142.46601611111112,43.47765305555556,216
142.46576611111112,43.477345,215
142.4654661111111,43.47702,215
142.46522805555554,43.47687,214
142.46515305555556,43.47656194444444,214
142.46497805555555,43.47647,214
142.4640038888889,43.47535305555556,211
142.46262388888888,43.47376111111111,210
142.46262388888888,43.47376111111111,210
142.4625161111111,43.47363694444444,210
142.4619538888889,43.47300388888889,211
142.4618661111111,43.47293694444444,211
142.4607161111111,43.47347805555555,210
142.46022888888888,43.47370305555555,210
142.4598661111111,43.47387,210
142.4589411111111,43.474311944444445,212
142.45611694444443,43.47563611111111,211
142.45281694444444,43.47714388888889,212
142.45227888888888,43.47721111111111,212
142.4514788888889,43.47731111111111,215
142.45125388888889,43.47734388888889,215
142.4510038888889,43.477401944444445,216
142.4507788888889,43.47750194444444,216
142.45064194444444,43.47761111111111,216
142.4500788888889,43.47832694444445,215
142.44992888888888,43.478478055555556,215
142.4497788888889,43.47860305555555,216
142.44956694444446,43.478726944444446,217
142.44935388888888,43.47882805555555,218
142.4489788888889,43.47896111111111,219
142.44876694444446,43.47901111111111,222
142.4485288888889,43.47902694444444,223
142.4482788888889,43.479036111111114,224
142.44713,43.47886888888889,224
142.44694194444443,43.47885194444444,225
142.444705,43.47893611111111,228
142.44319305555555,43.47911,227
142.44143,43.479393888888886,229
142.43993,43.47940194444445,229
142.43948,43.479393888888886,233
142.43936805555555,43.479435,233
142.43903,43.47954388888889,234
142.43789305555555,43.48019305555555,237
142.43704305555556,43.480535,238
142.43591805555556,43.48076805555556,239
142.43483,43.48102611111111,247
142.43384305555554,43.481343055555556,245
142.43296805555556,43.481701111111114,247
142.43245611111112,43.481985,248
142.43134305555554,43.48270111111111,249
142.4311988888889,43.482796944444445,249
142.4311988888889,43.482796944444445,249
142.43074305555555,43.48310111111111,249
142.4302561111111,43.48335888888889,249
142.4272061111111,43.484743055555555,262
142.42449305555556,43.48602611111111,268
142.42444305555554,43.48628388888889,270
142.42421805555554,43.48660111111111,272
142.42148111111112,43.48798388888889,279
142.4198561111111,43.48869194444445,288
142.41951805555556,43.488933055555556,290
142.4193561111111,43.489133055555556,292
142.41933111111112,43.489475,290
142.41955611111112,43.48976694444445,287
142.42025611111112,43.49064194444444,279
142.42029305555556,43.491,277
142.4201811111111,43.49118305555555,276
142.42009305555555,43.49133305555556,275
142.41989305555555,43.491725,276
142.4198311111111,43.49201611111111,268
142.41978111111112,43.49306611111111,259
142.4197311111111,43.493475,259
142.41971805555556,43.493675,259
142.41956805555554,43.494058055555556,261
142.41933111111112,43.49438305555555,269
142.41906805555556,43.49460805555555,272
142.41884305555556,43.494708055555556,274
142.41830611111112,43.49496611111111,275
142.4174561111111,43.495283055555554,277
142.41696805555554,43.49554888888889,282
142.41660611111112,43.49586611111111,285
142.41638111111112,43.49619111111111,286
142.41599305555556,43.49736611111111,294
142.41576805555556,43.497906944444445,296
142.41548111111112,43.49829111111111,298
142.41513111111112,43.49859111111111,299
142.41466805555555,43.49889888888889,300
142.41294305555556,43.499715,318
142.41274305555555,43.499865,321
142.41266805555554,43.500015,322
142.41254305555555,43.49998194444444,323
142.41246805555556,43.49993194444444,323
142.41242805555555,43.49988611111111,323
142.41242805555555,43.49988611111111,323
142.41246805555556,43.49993194444444,323
142.41254305555555,43.49998194444444,323
142.41266805555554,43.500015,322
142.41266805555554,43.500165,322
142.41271805555556,43.500306944444446,322
142.41456805555555,43.502431944444446,323
142.41613,43.50420694444445,307
142.41738,43.505631944444445,308
142.41859194444444,43.506998055555556,311
142.42108,43.509815,301
142.42376694444445,43.51284805555556,274
142.42481694444444,43.51403888888889,264
142.4249538888889,43.51418888888889,265
142.42846694444444,43.51819694444445,303
142.429935,43.51987388888889,302
142.42993388888888,43.51987388888889,302
142.4344788888889,43.52506388888889,297
142.43579111111112,43.526563055555556,301
142.43949,43.530771944444446,296
142.44113611111112,43.532586944444446,273
142.44113611111112,43.532586944444446,273
142.44134,43.53281305555556,270
142.44097805555555,43.533121111111114,271
142.44084,43.53338,271
142.440765,43.53367111111111,273
142.44074,43.533905,273
142.44192694444445,43.53389611111111,264
142.44212694444445,43.53393805555555,264
142.44232805555555,43.534005,263
142.4438761111111,43.535761111111114,277
142.4438761111111,43.535761111111114,277
142.4452138888889,43.53727888888889,289
142.44553888888888,43.537621111111115,289
142.44580194444444,43.537838055555554,287
142.44625194444444,43.538153888888885,284
142.44676388888888,43.53852888888889,282
142.44731388888889,43.53892111111111,279
142.44856388888888,43.539813055555555,281
142.44871388888888,43.53988805555556,281
142.44891388888888,43.53992888888889,282
142.44907694444444,43.53991305555556,282
142.4492138888889,43.53986305555556,282
142.4493388888889,43.53977888888889,283
142.44971388888888,43.53940388888889,282
142.44995111111112,43.53918,282
142.4501011111111,43.53903,281
142.4502511111111,43.53882111111111,283
142.4503261111111,43.538855,283
142.4504388888889,43.53883805555556,284
142.45130111111112,43.53852111111111,283
142.4530511111111,43.53796305555556,289
142.45343888888888,43.53783,291
142.4536388888889,43.53781305555555,291
142.45392611111112,43.537855,293
142.4540888888889,43.537905,293
142.4547761111111,43.53818805555556,291
142.45588805555556,43.538646944444444,294
142.45621305555557,43.53883805555556,295
142.45632194444445,43.53895388888889,295
142.45632194444445,43.53895388888889,295
142.45633805555556,43.53897194444444,295
142.45641305555554,43.53908805555555,295
142.45646305555556,43.53924694444444,294
142.45648805555555,43.539413055555556,293
142.45646305555556,43.539563055555554,293
142.45641305555554,43.53971305555555,293
142.45606305555555,43.54049611111111,288
142.45601305555556,43.540655,288
142.4560261111111,43.54079611111111,287
142.45611305555556,43.540955,286
142.45621305555557,43.541021111111114,286
142.45631305555557,43.54104611111111,285
142.45640111111112,43.54104611111111,284
142.45663805555554,43.54099611111111,282
142.45678805555556,43.540905,281
142.45717611111112,43.540605,275
142.45788805555554,43.54002194444445,275
142.45851305555556,43.539546944444446,269
142.4597511111111,43.53861388888889,266
142.46003805555554,43.53838888888889,264
142.46016305555557,43.53832194444445,264
142.46035111111112,43.53828,260
142.46053805555556,43.538271944444446,259
142.46183805555555,43.538446944444445,261
142.46008805555556,43.541446944444445,259
142.459875,43.54192194444445,259
142.45981305555554,43.54227111111111,259
142.45981305555554,43.542563055555554,259
142.4599,43.54282111111111,259
142.460075,43.543105,259
142.4603,43.54328805555556,259
142.46153805555556,43.54399611111111,261
142.4618,43.54414611111111,262
142.46373694444443,43.54524611111111,277
142.46411194444445,43.545538055555554,282
142.46431194444443,43.545763055555554,287
142.46441194444444,43.54602111111111,285
142.46446194444445,43.54648,280
142.46446194444445,43.547336944444446,275
142.46446194444445,43.547336944444446,275
142.46446194444445,43.54775388888889,272
142.46448694444445,43.548003888888886,271
142.46458694444445,43.54852888888889,265
142.464675,43.54880388888889,263
142.4647,43.54897888888889,262
142.46469888888888,43.54917888888889,261
142.46468694444445,43.54927888888889,259
142.46463694444444,43.549413055555554,258
142.46458694444445,43.54952111111111,258
142.464375,43.54978805555555,258
142.463925,43.55032888888889,258
142.46385,43.55045388888889,255
142.46383694444444,43.550511944444445,255
142.463875,43.55063805555555,254
142.46398694444446,43.550713055555555,254
142.4647238888889,43.55115388888889,257
142.4649738888889,43.55092888888889,257
142.46521194444443,43.55074611111111,254
142.4654988888889,43.550561944444446,257
142.46583694444445,43.55038805555556,257
142.46704888888888,43.549821111111115,258
142.46853694444445,43.54931305555556,261
142.4694738888889,43.548955,262
142.47073694444444,43.54847111111111,261
142.47102388888888,43.548755,262
142.471475,43.54924194444445,266
142.471475,43.54924194444445,266
142.47181111111112,43.549605,269
142.4719738888889,43.54973805555556,269
142.4720861111111,43.549796111111114,270
142.4733738888889,43.55056305555556,279
142.4740488888889,43.55094611111111,282
142.4742488888889,43.551055,283
142.4744488888889,43.55112111111111,283
142.4747111111111,43.55119611111111,286
142.4749361111111,43.55127111111111,290
142.4750238888889,43.551338055555554,291
142.4750488888889,43.551455,292
142.4749111111111,43.55175388888889,295
142.4749111111111,43.55187111111111,295
142.4749361111111,43.55192888888889,296
142.47501111111112,43.55197888888889,296
142.47523611111112,43.55202111111111,298
142.47533611111112,43.55204611111111,299
142.4756111111111,43.55222888888889,300
142.47761111111112,43.55362111111111,296
142.4794361111111,43.55488805555556,311
142.47919805555554,43.55531305555556,313
142.47906111111112,43.555638055555555,315
142.4790361111111,43.55571305555556,316
142.47902305555556,43.555838055555554,316
142.4790111111111,43.55642111111111,313
142.4789688888889,43.55655194444444,313
142.4789688888889,43.55655194444444,313
142.4785861111111,43.55777888888889,307
142.4785611111111,43.558011944444445,305
142.478535,43.560111944444444,301
142.47851,43.56028694444444,301
142.478485,43.560428888888886,301
142.478435,43.56053694444444,300
142.47821,43.56097888888889,300
142.47727305555554,43.56258694444445,301
142.47699805555555,43.56308694444444,302
142.47684805555556,43.56332,302
142.476635,43.563586944444445,301
142.476185,43.564078055555555,301
142.47577305555555,43.56452,301
142.47482305555556,43.56547,296
142.474185,43.56612805555555,296
142.47399805555557,43.56632805555556,295
142.47374805555555,43.56648611111111,296
142.47349805555555,43.56661111111111,295
142.47316111111112,43.56676111111111,294
142.47287305555557,43.566878055555556,293
142.47097305555556,43.56765305555555,287
142.47049805555557,43.56785305555555,286
142.47023611111112,43.56801111111111,284
142.46991111111112,43.56829388888889,282
142.46946111111112,43.568711111111114,282
142.46924805555557,43.569028055555556,281
142.4690361111111,43.569361111111114,280
142.46878611111111,43.569828055555554,280
142.4685861111111,43.570211111111114,280
142.4682611111111,43.57081111111111,277
142.46808611111112,43.57103611111111,276
142.4679361111111,43.571176944444446,276
142.46729805555555,43.57176111111111,272
142.4644361111111,43.57439388888889,276
142.46339805555556,43.57535194444444,277
142.46307305555555,43.575651944444445,277
142.46298611111112,43.57571,277
142.46137305555555,43.57689305555556,276
142.46099805555556,43.57720194444445,277
142.46089805555556,43.577335,277
142.46071111111112,43.577885,273
142.4605611111111,43.578285,272
142.4604111111111,43.578743055555556,269
142.46026111111112,43.57921805555556,267
142.46003611111112,43.57984305555556,261
142.4597361111111,43.58067611111111,258
142.45962305555557,43.58096805555556,258
142.45961111111112,43.58111,257
142.45961111111112,43.58111,257
142.45962305555557,43.58125888888889,255
142.45971111111112,43.581468055555554,255
142.45961111111112,43.58150111111111,254
142.45932305555556,43.581651111111114,255
142.45923611111112,43.58188388888889,254
142.4589861111111,43.58258388888889,249
142.45887305555556,43.58297611111111,249
142.45887305555556,43.583193055555554,248
142.45889805555555,43.58375111111111,245
142.45893611111111,43.583841944444444,243
142.4589861111111,43.58392611111111,241
142.45932305555556,43.58415888888889,239
142.45942305555556,43.58427611111111,238
142.45932305555556,43.58432611111111,238
142.45899805555555,43.584426111111114,238
142.45857305555555,43.584493055555555,237
142.45823611111112,43.58450888888889,238
142.4579361111111,43.584558888888886,238
142.45777305555555,43.58460111111111,238
142.45672305555556,43.58501694444445,238
142.45666111111112,43.58502611111111,239
142.4565861111111,43.58499194444445,239
142.45641111111112,43.58500111111111,239
142.45619805555555,43.58505888888889,238
142.45622305555557,43.58527611111111,237
142.45631111111112,43.58575888888889,233
142.45641111111112,43.58620888888889,232
142.4564611111111,43.58632611111111,232
142.45659805555556,43.58650111111111,233
142.45677305555554,43.58665888888889,233
142.4570361111111,43.586841944444444,233
142.45747305555557,43.58715888888889,234
142.4567361111111,43.587716944444445,234
142.45649805555556,43.58790888888889,234
142.45538611111112,43.58875888888889,234
142.45518611111112,43.58891694444444,233
142.45448611111112,43.58945888888889,232
142.45419805555557,43.589675,232
142.45402305555555,43.58980888888889,232
142.45377305555556,43.59000888888889,232
142.45337388888888,43.590325,232
142.45326111111112,43.590425,232
142.45489805555556,43.59155805555555,232
142.45657305555557,43.59271694444445,232
142.45729805555555,43.59320805555556,232
142.45754805555555,43.593375,232
142.4578611111111,43.593583055555555,232
142.45811111111112,43.593758055555554,233
142.45822305555555,43.59384194444444,233
142.45916,43.59448305555556,233
142.46006,43.59509111111111,233
142.460935,43.595708055555555,233
142.46156,43.596133055555555,233
142.46181,43.5963,234
142.4624188888889,43.596713055555554,234
142.4624188888889,43.596713055555554,234
142.463285,43.5973,235
142.46402194444445,43.596725,235
142.46454694444444,43.59631611111111,235
142.46524694444443,43.59578305555556,235
142.46602194444444,43.595191944444444,235
142.46656,43.594775,236
142.46667194444444,43.59468305555556,236
142.46679694444444,43.59458305555555,236
142.46692194444444,43.59449194444444,236
142.46719694444445,43.594275,237
142.46749694444443,43.59405,237
142.46779694444444,43.59381694444444,237
142.468085,43.59359194444445,237
142.468185,43.593525,237
142.468385,43.59336694444445,237
142.46866,43.59315888888889,238
142.46916,43.592775,238
142.469335,43.592641944444445,238
142.46959694444445,43.59243388888889,239
142.4705088888889,43.59171694444444,240
142.4716838888889,43.59083388888889,242
142.47239694444445,43.59027611111111,243
142.4728838888889,43.58989305555556,243
142.4739338888889,43.58908388888889,243
142.4740338888889,43.58900111111111,243
142.4751838888889,43.58810111111111,244
142.47642194444444,43.58715888888889,245
142.47785888888887,43.58606805555556,246
142.47827194444446,43.58576,247
142.47863388888888,43.58547611111111,247
142.4798088888889,43.58456805555556,248
142.4811588888889,43.583535,249
142.48124611111112,43.58361,249
142.48292111111112,43.58476,249
142.4843711111111,43.58576,249
142.4861711111111,43.586985,250
142.48625805555557,43.58706,250
142.49117,43.59045111111111,247
142.492195,43.59115111111111,247
142.492845,43.591593055555556,247
142.49318305555556,43.59177611111111,247
142.493395,43.59185111111111,247
142.49355805555555,43.59186805555556,247
142.49475805555556,43.59207611111111,248
142.49592,43.592285,248
142.49618194444446,43.59231805555556,249
142.49632,43.59234305555555,249
142.49653194444446,43.592351111111114,249
142.49672,43.59234305555555,250
142.49847,43.59204305555556,250
142.49878194444443,43.592985,256
142.4988688888889,43.593226111111115,256
142.49900694444443,43.59335111111111,257
142.5002888888889,43.59422611111111,259
142.5002888888889,43.59422611111111,259
142.5005938888889,43.59443388888889,259
142.50206888888889,43.59543388888889,256
142.50235694444444,43.595643055555556,260
142.50255694444445,43.595818055555554,261
142.5029688888889,43.596358888888886,260
142.5032938888889,43.59682611111111,261
142.50323111111112,43.59699305555556,261
142.50300611111112,43.59735111111111,261
142.50244388888888,43.597768055555555,260
142.50233111111112,43.59800888888889,261
142.5023938888889,43.598368055555554,263
142.5027438888889,43.59889305555556,267
142.50624305555556,43.60137611111111,284
142.5065811111111,43.60155888888889,285
142.5075061111111,43.601793055555554,292
142.50779305555557,43.60176805555555,292
142.50890611111112,43.60162611111111,294
142.5097561111111,43.60170111111111,296
142.51216805555555,43.60235111111111,297
142.512555,43.602426111111114,297
142.51311694444445,43.602401111111114,298
142.514805,43.60203388888889,299
142.51543,43.60198388888889,298
142.51618,43.60203388888889,299
142.516805,43.60215111111111,299
142.51746694444444,43.602401111111114,302
142.51852888888888,43.603051111111114,304
142.51896694444446,43.60321805555556,302
142.51951694444443,43.603343055555555,307
142.5227538888889,43.60355888888889,313
142.5276538888889,43.60378388888889,322
142.52884111111112,43.60389305555555,325
142.53065388888888,43.60389305555555,324
142.53099111111112,43.603885,324
142.5319411111111,43.603768055555555,323
142.5326411111111,43.603568055555556,322
142.53552805555555,43.60232694444444,315
142.5362411111111,43.601976944444445,307
142.5399911111111,43.60017694444444,306
142.5401411111111,43.60010194444445,307
142.54049111111112,43.600035,306
142.54095305555555,43.600318888888886,307
142.54140305555555,43.60046,307
142.54212805555557,43.60051,308
142.543515,43.60055194444445,309
142.54375305555556,43.600651944444444,309
142.54435305555555,43.60099388888889,311
142.54457805555555,43.60099388888889,313
142.54530194444445,43.600685,316
142.54619,43.600235,316
142.547265,43.599801944444444,327
142.54869,43.59903611111111,326
142.54910194444443,43.59881111111111,326
142.55134,43.59738611111111,346
142.55257694444444,43.596693888888886,355
142.5534638888889,43.59641888888889,355
142.55556388888888,43.596136111111115,367
142.55645194444443,43.59589388888889,376
142.55690194444443,43.59574388888889,374
142.55771388888888,43.59560305555556,374
142.55817694444445,43.59561111111111,377
142.5589261111111,43.59574388888889,383
142.5594761111111,43.59582805555556,385
142.559525,43.59583111111111,385
142.559525,43.59583111111111,385
142.5600761111111,43.59586111111111,382
142.56031388888889,43.59583611111111,383
142.56077611111112,43.59580305555556,384
142.56268888888889,43.595345,373
142.5653011111111,43.59480305555556,364
142.56718805555556,43.59417,354
142.56898805555556,43.593603888888886,348
142.57017611111112,43.593345,337
142.5708011111111,43.593311944444444,338
142.57296305555556,43.59357,326
142.573475,43.593795,322
142.57375,43.593995,321
142.57415,43.59452888888889,320
142.5767938888889,43.593615,324
142.5767938888889,43.593615,324
142.578925,43.59287888888889,328
142.58323694444445,43.59137888888889,331
142.58784888888889,43.58978,338
142.58877388888888,43.58943,339
142.59196111111112,43.587288055555554,346
142.5924611111111,43.586955,346
142.5945988888889,43.58576388888889,351
142.5964111111111,43.58475611111111,356
142.5994861111111,43.58280611111111,363
142.60122305555555,43.58171388888889,367
142.60351111111112,43.58027305555556,376
142.60719805555556,43.57794,383
142.60816111111112,43.57877305555556,381
142.60984805555555,43.58023111111111,377
142.61036,43.58067305555556,375
142.610635,43.58073111111111,376
142.61119805555555,43.58074,377
142.61189694444445,43.58088111111111,375
142.61212194444445,43.58092305555556,374
142.61259694444445,43.58107305555556,375
142.613385,43.58132305555556,378
142.61354694444444,43.58135611111111,378
142.614385,43.58130611111111,384
142.61492194444443,43.58139,384
142.61541,43.58150611111111,384
142.61654694444445,43.581565,387
142.61904694444445,43.58132305555556,394
142.61948388888888,43.581165,394
142.6198588888889,43.580931944444444,396
142.62117194444446,43.580115,405
142.62163388888888,43.57982305555556,407
142.62214694444444,43.579548055555556,407
142.62264694444445,43.57938194444444,412
142.6231588888889,43.579215,414
142.62422194444446,43.57892388888889,422
142.62493388888888,43.57869888888889,424
142.6306088888889,43.577016111111114,472
142.6319211111111,43.57677388888889,473
142.63294611111112,43.576523888888886,482
142.63408305555555,43.57627388888889,485
142.63560805555556,43.57579888888889,497
142.63682111111112,43.57508305555555,503
142.6377461111111,43.57457388888889,511
142.63900805555556,43.574041111111114,519
142.63935805555556,43.57398305555556,521
142.63977111111112,43.574041111111114,523
142.64042111111112,43.57426611111111,524
142.6408211111111,43.57449111111111,530
142.6409711111111,43.574708055555554,530
142.6410711111111,43.57516611111111,531
142.64088305555555,43.57719888888889,506
142.64063305555555,43.57829888888889,490
142.640195,43.57914888888889,478
142.63932,43.58097388888889,460
142.63897,43.581516111111114,454
142.63670805555554,43.58344,434
142.63548305555557,43.584406944444446,426
142.63530805555556,43.58459,423
142.63473305555556,43.58502305555555,417
142.63447,43.58539805555556,415
142.63442,43.585465,414
142.63427,43.585765,412
142.633445,43.58709,405
142.63283194444443,43.58850611111111,397
142.63232,43.58970611111111,390
142.63343805555556,43.59003,391
142.63343805555556,43.59003,391
142.63623194444443,43.59083888888889,396
142.6425561111111,43.59261388888889,405
142.64455611111111,43.59317305555555,407
142.6490061111111,43.59439805555556,412
142.65611694444445,43.596423055555555,421
142.66021694444444,43.59755611111111,424
142.66699111111112,43.599473055555556,441
142.66824111111112,43.599806111111114,443
142.67004111111112,43.60029,446
142.66957805555555,43.60123111111111,445
142.66947805555554,43.60152305555555,444
142.66932805555555,43.602063888888885,441
142.6692911111111,43.60229805555556,439
142.66927805555557,43.60248111111111,438
142.66922805555555,43.60308111111111,439
142.66920305555556,43.603431111111114,439
142.6691911111111,43.60381388888889,440
142.6692161111111,43.60424694444445,452
142.66920305555556,43.60436388888889,457
142.66877805555555,43.607121944444444,499
142.66865305555555,43.607705,503
142.6683661111111,43.60852194444445,512
142.6681911111111,43.609255,526
142.66812805555554,43.609355,528
142.66802805555557,43.60943805555556,525
142.66789111111112,43.60948,520
142.6673661111111,43.609538055555554,522
142.66725305555556,43.60958,526
142.66712805555557,43.609705,530
142.66710305555554,43.60978,534
142.6671161111111,43.60987194444444,533
142.6671661111111,43.609955,535
142.6672661111111,43.610038055555556,538
142.66786611111112,43.61031305555556,537
142.6679661111111,43.61038,540
142.6680411111111,43.610463055555556,547
142.66809111111112,43.610546944444444,547
142.66810305555555,43.61064694444445,550
142.66801611111111,43.610863055555555,555
142.66765305555555,43.61139611111111,556
142.6676161111111,43.611513055555555,558
142.66760305555556,43.61163,559
142.66762805555555,43.611738055555556,559
142.66776611111112,43.611938055555555,556
142.6679661111111,43.612163055555556,551
142.66815305555556,43.612338055555554,544
142.66827805555556,43.61242111111111,545
142.66897805555556,43.61273805555555,541
142.66909,43.61279611111111,537
142.66919,43.61287111111111,539
142.66960305555557,43.61328,539
142.669665,43.61338,535
142.66970305555554,43.61348805555556,537
142.66970305555554,43.613596111111114,537
142.66957805555555,43.61397111111111,531
142.66952805555556,43.61418805555556,524
142.66952805555556,43.61436305555556,522
142.66959,43.61499611111111,516
142.66960194444445,43.61512888888889,515
142.669565,43.61521305555556,515
142.66952694444444,43.61527888888889,513
142.66935305555555,43.61537888888889,516
142.66884,43.61555388888889,508
142.66859,43.61568805555556,510
142.66839,43.61582111111111,508
142.667365,43.61671194444445,501
142.66704,43.617088055555556,493
142.66677805555557,43.61757111111111,485
142.66662805555555,43.617963055555556,483
142.666565,43.61812888888889,483
142.66654,43.618203888888885,478
142.66654,43.61827888888889,477
142.666565,43.61837111111111,479
142.66660305555556,43.61846194444445,478
142.66665305555554,43.61866194444445,476
142.666665,43.61884611111111,474
142.666415,43.61956194444444,468
142.66637805555555,43.619686944444446,467
142.66637805555555,43.61978694444444,464
142.666415,43.61989611111111,460
142.66650305555555,43.61997888888889,463
142.66680194444444,43.62017888888889,462
142.66694,43.62032111111111,462
142.666965,43.62039611111111,462
142.66695305555555,43.62047111111111,461
142.66689,43.62058694444445,461
142.66674,43.62067888888889,455
142.66567694444444,43.62088694444444,438
142.66540194444445,43.62092888888889,433
142.66520305555557,43.620945,430
142.66497805555557,43.62095388888889,429
142.66454,43.620945,429
142.66444,43.62097,429
142.66427805555554,43.62108694444444,428
142.66415305555554,43.62125388888889,426
142.665215,43.62170388888889,426
142.66567694444444,43.62190388888889,426
142.66820194444443,43.62295388888889,425
142.669265,43.62337888888889,427
142.66989,43.623578888888886,431
142.6709138888889,43.62372,432
142.67240194444443,43.62382,431
142.67372694444444,43.62390388888889,430
142.67892,43.62422888888889,437
142.68411305555554,43.62455388888889,443
142.68678805555555,43.62468694444444,442
142.6869761111111,43.62472888888889,443
142.68721305555556,43.624811944444446,443
142.68743805555556,43.624946111111115,443
142.68875,43.62602888888889,437
142.68916305555555,43.62641194444444,435
142.68975,43.62683694444444,432
142.69075,43.62942,430
142.69093694444445,43.62987888888889,428
142.69115,43.63042,429
142.69133694444446,43.63090388888889,432
142.6914,43.63100388888889,433
142.69151194444444,43.63120388888889,433
142.69185,43.631445,435
142.69231194444444,43.63157,435
142.69268694444443,43.63157888888889,438
142.6981988888889,43.63125388888889,446
142.70109888888888,43.63108694444445,455
142.7012738888889,43.63108694444445,456
142.70156111111112,43.63115388888889,459
142.7018361111111,43.63139611111111,461
142.70188611111112,43.63151194444445,461
142.70187388888888,43.63174611111111,462
142.70167388888888,43.63197111111111,464
142.7013611111111,43.63210388888889,462
142.7008988888889,43.63216194444445,464
142.6978988888889,43.632595,485
142.6976238888889,43.63262888888889,490
142.69632388888888,43.632511944444445,492
142.69526194444444,43.632603055555556,504
142.69481194444444,43.63272,503
142.6946738888889,43.63285305555556,504
142.69476194444445,43.63303694444444,504
142.69552388888889,43.633678055555556,513
142.69589888888888,43.63390305555556,515
142.69623694444445,43.63400305555555,515
142.69716194444445,43.634045,518
142.6984488888889,43.63435305555556,530
142.69903694444446,43.63457805555556,536
142.6997861111111,43.635153055555556,543
142.7003361111111,43.63532,547
142.7013488888889,43.63542,556
142.7028238888889,43.635486944444445,558
142.7040988888889,43.635711944444445,565
142.70562305555555,43.636161944444446,578
142.70712305555554,43.63626194444444,587
142.7091761111111,43.636316388888886,596
142.7091761111111,43.636316388888886,596
142.71059805555555,43.63635388888889,594
142.71151,43.63650388888889,595
142.71219805555555,43.63672888888889,605
142.71287305555555,43.63702,607
142.71359805555556,43.637186944444444,614
142.71472194444445,43.63731194444444,617
142.71557305555555,43.63729611111111,616
142.71691,43.63710388888889,618
142.71767194444445,43.63694611111111,621
142.71797194444446,43.63690388888889,623
142.71871,43.63691194444444,634
142.71924694444445,43.63702888888889,640
142.719785,43.637253888888885,653
142.72037194444445,43.637771111111114,653
142.72097194444444,43.638621111111114,662
142.72214694444443,43.64062111111111,678
142.72242194444445,43.64091194444445,682
142.72269694444444,43.64107888888889,685
142.72314694444444,43.641195,686
142.72364694444445,43.641196111111114,687
142.7245838888889,43.640971111111114,692
142.7254461111111,43.64074611111111,695
142.72582111111112,43.64074611111111,695
142.7260961111111,43.64087111111111,696
142.72659611111112,43.64142888888889,704
142.72707111111112,43.64222888888889,713
142.7273588888889,43.64271194444444,713
142.7285711111111,43.64422,724
142.72908388888888,43.644736944444446,733
142.7297338888889,43.64523694444444,739
142.7305838888889,43.64563694444445,739
142.73095805555556,43.64572,738
142.73133305555555,43.64582,738
142.73180805555555,43.64582,738
142.73227111111112,43.64571194444444,738
142.73275805555556,43.645403888888886,739
142.7332461111111,43.64512111111111,738
142.73397111111112,43.64496194444445,738
142.73462111111112,43.64496194444445,737
142.73533305555554,43.64507888888889,738
142.73740805555556,43.64552888888889,738
142.73780805555555,43.645586944444446,738
142.73822,43.64561194444445,738
142.73875805555556,43.64555388888889,739
142.74030805555554,43.64474611111111,741
142.74067,43.64463694444444,743
142.74468194444444,43.64420388888889,754
142.74517,43.644263055555555,755
142.74545694444444,43.64440388888889,758
142.745695,43.64460388888889,757
142.74575694444445,43.64472111111111,754
142.74583194444443,43.64492888888889,749
142.74585694444445,43.64515388888889,749
142.74578194444445,43.64538805555556,763
142.745495,43.645696111111114,766
142.74503194444443,43.64619611111111,767
142.74378194444444,43.647311944444446,780
142.74343194444444,43.64776194444445,787
142.743295,43.64807111111111,786
142.74322,43.64846194444444,791
142.74325694444445,43.64890388888889,793
142.743345,43.64927888888889,795
142.74355694444444,43.64962111111111,801
142.74377,43.649903888888886,802
142.74415694444446,43.650236944444444,804
142.74443194444444,43.65038694444444,806
142.744745,43.650511944444446,808
142.74540694444445,43.65067888888889,812
142.74615694444444,43.65080388888889,816
142.74643194444445,43.65085388888889,817
142.74765694444446,43.650978888888886,821
142.7484188888889,43.650978888888886,824
142.75276888888888,43.64969611111111,848
142.7534061111111,43.64957888888889,846
142.7541061111111,43.649563055555554,846
142.75438111111112,43.64960388888889,848
142.75479388888888,43.64972888888889,848
142.75515611111112,43.64995388888889,849
142.7553561111111,43.65018805555555,851
142.75549388888888,43.65054611111111,853
142.75550611111112,43.65083805555555,855
142.75546888888888,43.651561944444445,863
142.75549388888888,43.65197888888889,863
142.75563111111111,43.65222111111111,865
142.7558811111111,43.65242111111111,866
142.75615611111112,43.65255388888889,868
142.7564561111111,43.652678888888886,870
142.7566561111111,43.65272111111111,871
142.75698111111112,43.652746111111114,872
142.7572438888889,43.65272111111111,874
142.7574561111111,43.65268694444445,876
142.75799388888888,43.65256194444444,878
142.75955611111112,43.65217888888889,889
142.7606561111111,43.651988055555556,892
142.76109305555556,43.65197111111111,895
142.76136805555555,43.65202111111111,897
142.76250611111112,43.65224611111111,903
142.7627811111111,43.65224611111111,904
142.7630061111111,43.652213055555556,905
142.76341805555555,43.652011944444446,908
142.76396805555555,43.65162888888889,908
142.76444305555555,43.651136944444445,904
142.76486805555555,43.65057888888889,904
142.76510611111112,43.65036305555556,904
142.7661061111111,43.65004611111111,905
142.76699305555556,43.649413055555556,907
142.76723,43.64927888888889,910
142.76764305555557,43.64911305555555,913
142.76803,43.648955,915
142.76894305555555,43.64864611111111,917
142.76936805555556,43.64864611111111,920
142.771655,43.648896111111114,933
142.77213,43.648988055555556,936
142.77239194444445,43.64917111111111,936
142.773205,43.65054611111111,944
142.77329194444445,43.65068,943
142.77354194444445,43.65107111111111,946
142.77393,43.65135388888889,952
142.77429194444446,43.65152888888889,956
142.77476694444445,43.65163805555556,961
142.77521694444445,43.65161305555556,965
142.77566694444445,43.65143805555556,967
142.7760788888889,43.65108,973
142.77680388888888,43.64972111111111,973
142.77721694444443,43.64924611111111,971
142.77760388888888,43.64899694444444,971
142.7781788888889,43.64883805555556,983
142.77870388888888,43.64882194444444,986
142.77904194444446,43.64888,987
142.78016694444443,43.64918,983
142.7816038888889,43.64976305555555,988
142.7820411111111,43.64983,994
142.7824411111111,43.649805,995
142.7827661111111,43.64973,997
142.7831788888889,43.649455,1004
142.7846411111111,43.64778,1012
142.78505388888888,43.647438888888885,1013
142.78541611111112,43.64724694444445,1014
142.78620388888888,43.64706388888889,1015
142.7867411111111,43.647055,1015
142.78746611111112,43.64724694444445,1022
142.78811611111112,43.64753888888889,1022
142.78881611111112,43.64809694444445,1023
142.7893411111111,43.64839694444444,1026
142.79070388888888,43.64892611111111,1039
</coordinates>
</LineString>
</Placemark>
</Document>
</kml>
