<?xml version="1.0" encoding="UTF-8"?>
<kml xmlns="http://www.opengis.net/kml/2.2" xmlns:atom="http://www.w3.org/2005/Atom">
<Document>
<name>54代夏合宿2日目</name>
<atom:author>
<atom:name>ぐんまあ</atom:name>
</atom:author> 
<atom:link href="https://latlonglab.yahoo.co.jp/route/watch?id=3528d7d53aa23d49fd084ca6f49d3e9b" />
<description><![CDATA[2016年8月13日(土)
54代夏合宿2日目
79km 800UP

桜ヶ丘森林公園オートキャンプ場
↓
900草原
↓
Aコープつるい：買出し(18時閉店)
↓（ダート13.5km)：昼休憩
鶴見峠：写真
↓
阿寒湖畔キャンプ場]]></description>
<tags><![CDATA[wcc54th]]></tags>  
<Placemark>
<Style>
<LineStyle>
<color>99ff0000</color>
<width>6</width>
</LineStyle>
</Style>
<LineString>
<coordinates>
144.45232805555557,43.48024111111111,107
144.45194388888888,43.48050888888889,108
144.45171888888888,43.48061694444444,108
144.45146888888888,43.48068388888889,108
144.45069388888888,43.48083388888889,111
144.4500688888889,43.48093388888889,109
144.44988111111113,43.480941944444446,109
144.4496938888889,43.480916944444445,109
144.4493938888889,43.48084194444444,108
144.4493061111111,43.480826111111114,107
144.4490438888889,43.48084194444444,107
144.44910611111112,43.48095111111111,106
144.4491811111111,43.48112611111111,105
144.4492438888889,43.48133388888889,103
144.4493061111111,43.48157611111111,103
144.44931888888888,43.48178388888889,105
144.44931888888888,43.481991944444445,107
144.44931888888888,43.482075,108
144.4492938888889,43.48231694444444,109
144.44923111111112,43.48251694444444,109
144.4483811111111,43.484608888888886,119
144.4483438888889,43.484741944444444,121
144.44831888888888,43.484875,122
144.4488111111111,43.48502694444444,120
144.4488111111111,43.48502694444444,120
144.44831888888888,43.484875,122
144.4483438888889,43.484741944444444,121
144.4483811111111,43.484608888888886,119
144.44923111111112,43.48251694444444,109
144.4492938888889,43.48231694444444,109
144.44931888888888,43.482075,108
144.44931888888888,43.481991944444445,107
144.44931888888888,43.48178388888889,105
144.4493061111111,43.48157611111111,103
144.4492438888889,43.48133388888889,103
144.4491811111111,43.48112611111111,105
144.44910611111112,43.48095111111111,106
144.4490438888889,43.48084194444444,107
144.44888111111112,43.48061694444444,108
144.4486811111111,43.48039194444444,109
144.4480188888889,43.47973388888889,108
144.44775694444445,43.47938388888889,107
144.44764388888888,43.47917611111111,107
144.4475688888889,43.47900888888889,107
144.44753194444445,43.47891694444444,107
144.44745694444444,43.47865111111111,107
144.44740694444445,43.478366944444446,108
144.4473688888889,43.47800888888889,108
144.4473188888889,43.47752611111111,109
144.44730694444445,43.477401111111114,109
144.4472188888889,43.476551111111114,111
144.44713194444444,43.47575888888889,112
144.4470938888889,43.47555111111111,112
144.44703194444443,43.475366944444445,112
144.44693194444446,43.475183888888886,112
144.4467938888889,43.47502611111111,112
144.44663194444445,43.47488388888889,113
144.44635694444443,43.474691944444444,113
144.4441438888889,43.47318388888889,115
144.44385694444443,43.472993055555555,115
144.44362,43.47284305555556,115
144.44340694444443,43.47272611111111,115
144.44338194444444,43.47270888888889,115
144.441595,43.47188388888889,117
144.44210694444445,43.47130111111111,118
144.44292,43.47045888888889,126
144.44307,43.47017611111111,130
144.44337,43.46939305555556,133
144.444095,43.46746805555556,142
144.44425694444445,43.46726805555556,144
144.44513194444446,43.466285,148
144.44537,43.465785,148
144.44557,43.46489388888889,153
144.44572,43.46459388888889,154
144.446345,43.46312694444445,158
144.44638194444445,43.462876944444446,156
144.44638194444445,43.462451944444446,160
144.44625694444446,43.46209388888889,167
144.44595694444445,43.46179388888889,166
144.44478305555555,43.46093611111111,177
144.444395,43.46061111111111,180
144.44417,43.46029388888889,184
144.44405694444444,43.46000194444444,185
144.443995,43.45971888888889,193
144.44402,43.45929388888889,204
144.444095,43.458976944444444,204
144.44457,43.457478055555555,204
144.445545,43.454768888888886,219
144.44605805555557,43.453028055555556,224
144.446895,43.453045,228
144.447295,43.453145,230
144.44770694444443,43.453295,232
144.447995,43.453495,231
144.44823305555556,43.45375305555555,230
144.44907,43.45496111111111,243
144.44930694444446,43.45540305555556,244
144.44950694444444,43.45581888888889,248
144.44953611111112,43.455935,249
144.44953611111112,43.455935,249
144.44950694444444,43.45581888888889,248
144.44930694444446,43.45540305555556,244
144.44907,43.45496111111111,243
144.44823305555556,43.45375305555555,230
144.447995,43.453495,231
144.44770694444443,43.453295,232
144.447295,43.453145,230
144.446895,43.453045,228
144.44605805555557,43.453028055555556,224
144.445545,43.454768888888886,219
144.44457,43.457478055555555,204
144.444095,43.458976944444444,204
144.44402,43.45929388888889,204
144.443995,43.45971888888889,193
144.44405694444444,43.46000194444444,185
144.44417,43.46029388888889,184
144.444395,43.46061111111111,180
144.44478305555555,43.46093611111111,177
144.44595694444445,43.46179388888889,166
144.44625694444446,43.46209388888889,167
144.44638194444445,43.462451944444446,160
144.44638194444445,43.462876944444446,156
144.446345,43.46312694444445,158
144.44572,43.46459388888889,154
144.44557,43.46489388888889,153
144.44537,43.465785,148
144.44513194444446,43.466285,148
144.44425694444445,43.46726805555556,144
144.444095,43.46746805555556,142
144.44337,43.46939305555556,133
144.44307,43.47017611111111,130
144.44292,43.47045888888889,126
144.44210694444445,43.47130111111111,118
144.441595,43.47188388888889,117
144.44127,43.47173388888889,116
144.44052,43.471493055555555,117
144.434845,43.47010111111111,122
144.43434611111113,43.46975888888889,121
144.43370805555554,43.46912611111111,122
144.4323711111111,43.46788388888889,126
144.43212111111112,43.467643055555556,126
144.43174611111112,43.46724305555556,128
144.43109611111112,43.46631,135
144.43015888888888,43.462876944444446,136
144.4298838888889,43.462135,137
144.42905888888887,43.46056,142
144.42870888888888,43.45997694444444,141
144.42835888888888,43.45959388888889,142
144.4280588888889,43.45926,143
144.42698388888888,43.45846,145
144.42667194444445,43.45821888888889,146
144.42642194444446,43.45791888888889,143
144.4262838888889,43.45761888888889,143
144.42619694444446,43.45737694444445,141
144.4261588888889,43.456918888888886,143
144.42614694444444,43.45591888888889,146
144.42604694444444,43.45526111111111,146
144.4260088888889,43.454901944444444,146
144.42397194444445,43.447095,149
144.42367305555555,43.445903055555554,149
144.423185,43.44492805555556,149
144.4199111111111,43.44027888888889,154
144.41828611111112,43.43809611111111,152
144.4180861111111,43.43759611111111,151
144.4177488888889,43.43221305555556,159
144.41779888888888,43.43157111111111,159
144.42036194444444,43.42516388888889,178
144.4207738888889,43.42400611111111,181
144.42091194444444,43.422781111111114,188
144.42087388888888,43.42187194444445,189
144.42078694444444,43.42142305555556,189
144.4203488888889,43.419173055555554,185
144.42021194444445,43.41787305555555,178
144.41981194444443,43.41604,171
144.41965,43.41538194444445,169
144.4193,43.41417388888889,165
144.41883694444445,43.41324,164
144.418125,43.41240694444444,161
144.4169,43.411031944444446,158
144.41531305555554,43.40894888888889,151
144.41458805555556,43.407716111111114,148
144.4143261111111,43.407331944444444,144
144.4142511111111,43.40687388888889,141
144.41440111111112,43.40649111111111,141
144.41476305555557,43.406058055555555,143
144.4154511111111,43.40504111111111,141
144.41562611111112,43.40457388888889,141
144.41562611111112,43.404275,139
144.4156011111111,43.40369111111111,136
144.41528805555555,43.402775,132
144.4150011111111,43.402175,125
144.41413888888889,43.40130805555555,118
144.41278888888888,43.399608055555554,115
144.4122638888889,43.398716944444445,111
144.41130194444443,43.397,109
144.41076388888888,43.39603388888889,116
144.40997694444445,43.39463388888889,121
144.40827694444445,43.39194194444445,125
144.40739,43.39041805555556,125
144.40729,43.39001805555556,125
144.40739,43.38835888888889,113
144.40757805555555,43.386335,103
144.40770305555554,43.38486805555556,92
144.407965,43.38449305555555,92
144.40872694444445,43.38379388888889,95
144.410415,43.382218888888886,95
144.41187805555555,43.38010194444445,96
144.41245194444446,43.37945194444445,93
144.41334,43.378753055555556,93
144.41485194444445,43.37755305555556,103
144.41675194444446,43.37557,98
144.4187638888889,43.373486944444444,93
144.4196638888889,43.37256194444444,87
144.41997694444444,43.37216194444444,85
144.42047694444443,43.36942111111111,80
144.42055194444444,43.36895388888889,80
144.42115194444443,43.36562888888889,82
144.42232694444445,43.36013,89
144.42235194444444,43.360005,90
144.422515,43.35968,90
144.422665,43.35941305555556,90
144.42696388888888,43.356363888888886,84
144.42952694444443,43.35453888888889,86
144.42991388888888,43.354171944444445,85
144.43033888888888,43.353563888888885,85
144.4303888888889,43.35325611111111,86
144.4303888888889,43.35207305555556,91
144.43007694444444,43.351213888888886,92
144.43005194444444,43.35075611111111,92
144.4304388888889,43.34925611111111,102
144.4304388888889,43.349215,102
144.43045,43.349156111111114,102
144.43045,43.349156111111114,102
144.4312138888889,43.34503194444444,127
144.4313388888889,43.344231944444445,125
144.43140194444445,43.34349,123
144.43139,43.34288194444444,123
144.43130194444444,43.342506944444445,121
144.43115194444445,43.34219111111111,117
144.43094,43.341923888888886,114
144.43072694444444,43.34173194444445,111
144.43045194444446,43.34155694444444,112
144.42999,43.341366111111114,115
144.428465,43.34086611111111,104
144.427915,43.340631944444446,108
144.42747805555555,43.34039888888889,102
144.42692694444443,43.34004888888889,93
144.42639,43.33961611111111,97
144.42599,43.33919111111111,97
144.42567805555555,43.33878194444444,98
144.425415,43.33832388888889,99
144.425215,43.337831944444446,98
144.42510305555555,43.33739111111111,98
144.42501611111112,43.33684888888889,98
144.42500305555555,43.33603305555555,102
144.42497805555556,43.33584888888889,104
144.42492805555557,43.335523888888886,111
144.42482805555557,43.33519888888889,111
144.42457805555554,43.33479888888889,113
144.42382805555556,43.333958055555556,123
144.42354111111112,43.33360805555556,125
144.42322805555557,43.33302388888889,128
144.42305305555556,43.33254888888889,127
144.42275305555555,43.331575,126
144.4227161111111,43.33116611111111,126
144.42276611111112,43.33059111111111,118
144.42302805555556,43.32938305555555,114
144.42302805555556,43.32911694444444,110
144.42295305555555,43.328808055555555,105
144.42270305555556,43.32839194444445,103
144.4219038888889,43.327416944444444,97
144.42174111111112,43.327125,98
144.4216788888889,43.3268,98
144.42171611111112,43.32638388888889,89
144.4225911111111,43.32325888888889,75
144.4233911111111,43.32049305555555,85
144.42375388888888,43.319318055555556,86
144.42389111111112,43.318693055555556,86
144.4238038888889,43.31815888888889,84
144.4234911111111,43.31755888888889,80
144.4221161111111,43.31567611111111,68
144.42196611111112,43.315485,67
144.42192888888889,43.31542611111111,69
144.42161611111112,43.31496805555555,74
144.4204538888889,43.31340194444444,86
144.42001694444446,43.31310194444445,88
144.4196038888889,43.312918055555556,89
144.4191538888889,43.312826944444446,90
144.41563,43.31229305555556,101
144.41343,43.31181,100
144.41214194444444,43.31155111111111,96
144.41166805555557,43.31145111111111,97
144.411155,43.31137611111111,94
144.40953,43.31126,93
144.40896805555556,43.311101111111114,93
144.40824305555554,43.31061805555556,95
144.40678111111112,43.30931,101
144.4061561111111,43.308635,106
144.40391888888888,43.30537694444445,129
144.40300611111113,43.30399388888889,136
144.40234388888888,43.302976944444445,141
144.4021688888889,43.302793888888885,142
144.4019438888889,43.30261111111111,141
144.40166888888888,43.30244388888889,140
144.4013811111111,43.302326944444445,128
144.40109388888888,43.302236111111114,125
144.40083194444443,43.30218611111111,124
144.40043194444445,43.30215194444445,125
144.40005694444446,43.30217694444445,125
144.39894388888888,43.302385,116
144.39849388888888,43.30241888888889,112
144.3981188888889,43.302393888888886,110
144.39775694444444,43.302285,112
144.39748194444445,43.302101944444445,110
144.3972938888889,43.301901944444445,107
144.3971938888889,43.30162694444444,106
144.3972188888889,43.30136888888889,103
144.39733194444443,43.30112694444445,101
144.3975438888889,43.30090194444445,106
144.3978438888889,43.30068611111111,114
144.39875694444444,43.300243888888886,114
144.3990188888889,43.30005194444445,116
144.3991938888889,43.29982694444445,124
144.39928194444445,43.29956888888889,124
144.39925694444443,43.29928611111111,123
144.3990938888889,43.29901111111111,123
144.39880694444443,43.29879388888889,121
144.39849388888888,43.298651944444444,115
144.39814388888888,43.29860305555555,116
144.397745,43.298628055555554,113
144.39670694444445,43.298743888888886,119
144.39620694444446,43.29875194444445,128
144.39572,43.29866888888889,140
144.395345,43.29853611111111,142
144.39505805555555,43.29836888888889,146
144.39480694444444,43.29813611111111,150
144.394645,43.29788611111111,158
144.39425805555555,43.297043888888886,159
144.39390805555556,43.29636111111111,158
144.39378305555556,43.296168888888886,159
144.39340805555557,43.29561888888889,157
144.39195805555556,43.29390305555555,141
144.3912961111111,43.29336111111111,139
144.3874588888889,43.290778055555556,135
144.3860711111111,43.28993611111111,128
144.3848088888889,43.289295,122
144.38363388888888,43.28870305555556,117
144.38294694444446,43.28828611111111,116
144.38225888888888,43.287695,115
144.38138388888888,43.286836944444445,108
144.3806588888889,43.286161944444444,104
144.3804338888889,43.285961944444445,103
144.37971,43.285145,98
144.379285,43.28442888888889,95
144.378385,43.28227888888889,79
144.37806,43.28201194444444,77
144.377635,43.28187111111111,75
144.377335,43.28182888888889,76
144.37657305555555,43.28172111111111,75
144.37589805555555,43.281661944444444,73
144.37531,43.28172111111111,73
144.37431,43.28187888888889,72
144.3739611111111,43.28187888888889,71
144.3731361111111,43.28176194444445,71
144.3730361111111,43.281745,71
144.37103611111112,43.281395,70
144.37049805555554,43.281295,68
144.3700111111111,43.28122,70
144.36987305555556,43.281195,70
144.36909805555555,43.28107888888889,73
144.36868611111112,43.28107888888889,74
144.3679111111111,43.281286944444446,78
144.3663238888889,43.28182,84
144.3657611111111,43.281936944444446,85
144.3654611111111,43.28198694444445,85
144.3652988888889,43.28198694444445,85
144.3646361111111,43.281978055555555,85
144.36287388888888,43.28181111111111,86
144.36223694444445,43.28182805555556,86
144.36153694444445,43.28198611111111,86
144.3579738888889,43.283053055555555,92
144.35776194444443,43.28315305555556,91
144.3576238888889,43.28316888888889,92
144.3567238888889,43.28346111111111,96
144.35453694444445,43.28460194444445,107
144.35405,43.28476111111111,107
144.35335,43.28483611111111,107
144.35276305555556,43.28476111111111,107
144.35183694444444,43.28458611111111,107
144.35136194444445,43.284526944444444,108
144.35038805555556,43.28438611111111,113
144.34991305555556,43.28433611111111,113
144.34835,43.28426888888889,113
144.34593805555556,43.284151944444446,123
144.34521305555555,43.28416,125
144.34458805555556,43.28426,126
144.34336305555556,43.28461,127
144.3424261111111,43.28481,134
144.34201305555555,43.284885,135
144.34166305555556,43.28487694444444,132
144.34125111111112,43.28476,134
144.3408511111111,43.28451805555556,136
144.3406388888889,43.284135,136
144.3400511111111,43.28229388888889,117
144.3393011111111,43.279578055555554,103
144.3391261111111,43.27882694444445,92
144.33897611111112,43.278078055555554,92
144.3390261111111,43.277078055555556,86
144.33945194444445,43.27305305555556,85
144.33947694444444,43.27281194444444,84
144.33972694444444,43.26992111111111,82
144.3398138888889,43.26788805555555,86
144.3397138888889,43.26705388888889,87
144.33955194444445,43.26681305555555,86
144.33786388888888,43.26548805555556,82
144.33740194444445,43.26494611111111,83
144.33732694444444,43.26468805555555,82
144.33730194444445,43.26402111111111,83
144.33705194444445,43.26312111111111,82
144.33570305555557,43.26007194444445,75
144.33239111111112,43.25288888888889,65
144.33237805555555,43.252856111111115,64
144.33226611111112,43.25252305555556,64
144.33210305555556,43.252113888888886,63
144.3314411111111,43.25056388888889,61
144.33045388888888,43.248173055555554,56
144.3299661111111,43.24707305555555,53
144.32704194444443,43.24059111111111,31
144.32660388888888,43.23959111111111,30
144.32650388888888,43.23937388888889,30
144.3263661111111,43.23905111111111,30
144.3263661111111,43.23905111111111,30
144.3263538888889,43.23902388888889,30
144.3262288888889,43.238731944444446,30
144.32591694444446,43.23802388888889,30
144.32579194444443,43.23775805555555,31
144.32548,43.23705805555556,32
144.32536694444445,43.23683305555556,33
144.325055,43.236108055555555,35
144.32473,43.235416111111114,36
144.32418,43.23554111111111,37
144.323655,43.23566611111111,36
144.32264305555555,43.23589888888889,37
144.32241805555554,43.23594888888889,37
144.32191805555556,43.236133055555555,37
144.321155,43.23665805555556,37
144.31988,43.23753305555555,31
144.31979305555555,43.23759111111111,31
144.319005,43.23813194444445,32
144.31868,43.23835694444445,35
144.31644305555557,43.23989,42
144.31586805555557,43.24044,44
144.31459305555555,43.241931944444445,47
144.312955,43.24314,59
144.31038,43.24486388888889,63
144.30971805555555,43.24529805555556,64
144.3077311111111,43.24614694444445,67
144.3033061111111,43.24800611111111,59
144.30259305555555,43.24827194444445,59
144.30194305555557,43.24847194444445,59
144.3010561111111,43.24869694444445,59
144.30045611111112,43.24883888888889,59
144.30009305555555,43.24894694444444,57
144.2996938888889,43.24908888888889,59
144.29929388888888,43.24926305555555,64
144.29888111111111,43.249505,65
144.2985438888889,43.24973,64
144.2978811111111,43.250146944444445,63
144.2973188888889,43.25047194444444,70
144.29638111111112,43.25102111111111,73
144.2956061111111,43.25148,73
144.29420611111112,43.25232111111111,72
144.2937938888889,43.25252111111111,71
144.29374388888888,43.25254611111111,71
144.2930561111111,43.25279611111111,76
144.2928061111111,43.25288805555556,77
144.2923438888889,43.253146111111114,78
144.2921061111111,43.25331194444444,76
144.29181888888888,43.25357888888889,76
144.2915311111111,43.25389611111111,72
144.2913438888889,43.25405388888889,70
144.29114388888888,43.25417888888889,69
144.29094388888888,43.25429611111111,68
144.29070611111112,43.25443805555555,68
144.28308194444443,43.257553055555555,84
144.27890694444446,43.25918611111111,79
144.27860694444445,43.25939388888889,79
144.27683194444444,43.26221888888889,84
144.27605694444443,43.26348611111111,84
144.27557,43.265301944444445,87
144.27530694444445,43.265635,86
144.27295694444445,43.26734305555556,85
144.27203194444445,43.268076111111114,89
144.270495,43.270133888888886,93
144.26938305555555,43.27086805555555,95
144.26750694444445,43.27200888888889,98
144.26655805555555,43.27260111111111,101
144.26298305555557,43.274816944444446,104
144.2624211111111,43.27516694444444,103
144.26203305555555,43.275641944444445,105
144.2612211111111,43.27689111111111,105
144.26118305555556,43.277,105
144.26120805555556,43.27710805555556,105
144.26160805555557,43.27809111111111,108
144.26208305555556,43.27905,111
144.26310805555556,43.280658055555556,114
144.26333305555556,43.28109888888889,115
144.26422,43.285291111111114,121
144.264395,43.286723888888886,124
144.264495,43.28713194444445,125
144.26553194444443,43.28948194444445,126
144.26568194444445,43.289765,126
144.2667188888889,43.29210611111111,128
144.26710694444444,43.29298111111111,132
144.2679188888889,43.294823055555554,138
144.26816888888888,43.29583111111111,137
144.2682438888889,43.296706111111114,138
144.2682188888889,43.298006111111114,137
144.2679188888889,43.29983,142
144.26746888888889,43.301805,143
144.26740611111111,43.30208,141
144.2674311111111,43.302605,141
144.2680938888889,43.30482111111111,144
144.2681938888889,43.305638055555555,145
144.26816888888888,43.306221111111114,146
144.2680061111111,43.306713055555555,147
144.2674311111111,43.30770388888889,150
144.2669811111111,43.30830388888889,148
144.26634388888888,43.30876194444444,148
144.26601888888888,43.30897111111111,148
144.2645811111111,43.30984611111111,150
144.26313194444444,43.31035388888889,151
144.2626688888889,43.310495,152
144.26163194444445,43.310845,157
144.2613188888889,43.311095,158
144.2610688888889,43.31155888888889,159
144.2610688888889,43.31155888888889,159
144.26085694444444,43.31195388888889,160
144.26055694444443,43.312686944444444,167
144.26025694444445,43.31290305555556,172
144.25864388888888,43.31350305555556,181
144.2582438888889,43.31370305555556,182
144.25796888888888,43.313986944444444,183
144.2575688888889,43.314436111111114,185
144.25710694444444,43.315178055555556,185
144.25662,43.316295,184
144.25627,43.31668611111111,183
144.25568194444443,43.31721888888889,182
144.25458194444445,43.318218888888886,177
144.24893194444445,43.32476805555556,182
144.24878305555555,43.32494305555556,181
144.248395,43.32539305555556,183
144.24805694444444,43.325735,184
144.24772,43.32597611111111,185
144.24695805555555,43.32640111111111,186
144.246045,43.327035,187
144.24545805555556,43.32751805555556,188
144.24517,43.327801111111114,190
144.244945,43.32810111111111,190
144.244445,43.32890111111111,191
144.24390805555555,43.33054194444444,198
144.24363305555556,43.330916944444446,200
144.243345,43.33118388888889,202
144.24147,43.33255,204
144.241045,43.33288388888889,205
144.23948305555555,43.3344,204
144.2378961111111,43.33584111111111,209
144.23685805555556,43.336775,211
144.23450805555555,43.338723888888886,219
144.23272111111112,43.34026611111111,225
144.2292961111111,43.343781944444444,237
144.22832111111111,43.34499805555556,243
144.22784611111112,43.345665,242
144.2256588888889,43.348715,249
144.2255338888889,43.34884805555556,251
144.2245088888889,43.34934805555555,258
144.2236211111111,43.34979805555555,258
144.2229211111111,43.350273055555554,259
144.2222711111111,43.350698055555554,263
144.22162111111112,43.35120611111111,262
144.2213088888889,43.35151388888889,266
144.2196338888889,43.35393111111111,276
144.2195088888889,43.354081111111114,276
144.21922194444446,43.35425611111111,282
144.2188588888889,43.35436388888889,281
144.21852194444443,43.35463111111111,281
144.21692194444444,43.35642194444444,284
144.21679694444444,43.35666388888889,286
144.2165838888889,43.35693,284
144.21612194444444,43.357255,283
144.2157838888889,43.35744694444445,284
144.21549694444445,43.357863055555555,285
144.2153588888889,43.35809694444445,286
144.21525888888888,43.358338055555556,288
144.2151338888889,43.35879694444444,288
144.2151088888889,43.35931305555555,288
144.2151338888889,43.363213055555555,315
144.21515888888888,43.36336305555555,314
144.2158838888889,43.36486305555555,323
144.21640888888888,43.365988055555555,333
144.2166961111111,43.36644611111111,342
144.21698388888888,43.366686944444446,342
144.2170088888889,43.367088055555556,344
144.2170588888889,43.367221111111114,343
144.21732111111112,43.36745388888889,350
144.2173961111111,43.36760388888889,353
144.2173961111111,43.36781194444445,355
144.2172711111111,43.36817111111111,358
144.2170588888889,43.36857111111111,362
144.2170088888889,43.36877888888889,363
144.21708388888888,43.36902888888889,363
144.21742111111112,43.369371111111114,365
144.2174711111111,43.36947111111111,368
144.21742111111112,43.36962111111111,368
144.2169211111111,43.37030388888889,372
144.21695888888888,43.370778888888886,377
144.2168961111111,43.37101194444445,379
144.2166961111111,43.37146194444444,385
144.2165588888889,43.37180388888889,388
144.21650888888888,43.372436944444445,394
144.2162461111111,43.37312,404
144.21595888888888,43.37405305555556,406
144.21595888888888,43.375078055555555,416
144.2161461111111,43.376295,427
144.2160961111111,43.37642805555556,427
144.2156461111111,43.376845,432
144.2151838888889,43.37727,434
144.2140588888889,43.378103055555556,441
144.2123711111111,43.37931888888889,455
144.21210888888888,43.37956888888889,461
144.21192694444446,43.37978694444445,464
144.21192694444446,43.37978694444445,464
144.2119211111111,43.37979388888889,464
144.2087461111111,43.38323611111111,509
144.20699694444446,43.384585,525
144.2068088888889,43.38476,526
144.20620888888888,43.38559388888889,536
144.20567194444445,43.386318055555556,544
144.20553388888888,43.38652694444445,547
144.20543388888888,43.38686805555555,551
144.20519694444445,43.387368055555555,554
144.20485888888888,43.387818055555556,558
144.20392194444443,43.38871805555556,553
144.20373388888888,43.38890111111111,552
144.20342194444444,43.38937611111111,554
144.2024088888889,43.39065111111111,571
144.20214694444445,43.391508888888886,577
144.20212194444446,43.39266805555555,591
144.20207194444444,43.39285888888889,593
144.20139694444444,43.39380888888889,598
144.20123388888888,43.393968055555554,602
144.20032194444445,43.39445888888889,611
144.2000588888889,43.39468388888889,615
144.19941,43.39560888888889,627
144.19891,43.396991944444444,639
144.19876,43.397216944444445,643
144.19852194444445,43.39730888888889,645
144.19811,43.397351111111114,649
144.19771,43.39736694444444,654
144.19722194444444,43.39725111111111,659
144.19636,43.3972,669
144.19599805555555,43.39725,668
144.195835,43.39736694444444,667
144.195785,43.397483888888885,666
144.195785,43.39765,667
144.195885,43.39795888888889,670
144.19592194444445,43.39820888888889,672
144.19597305555556,43.398475,675
144.19607194444444,43.39865888888889,675
144.196335,43.39905888888889,678
144.19664694444444,43.399616944444446,682
144.19672194444445,43.3998,683
144.19674194444445,43.40000888888889,684
144.19674194444445,43.40000888888889,684
144.19679694444446,43.40056694444444,686
144.19691,43.401516944444445,686
144.197035,43.40205,686
144.19712194444443,43.40221694444445,687
144.19727194444445,43.40233305555556,687
144.19789694444444,43.402616944444446,689
144.1983088888889,43.4029,689
144.19852194444445,43.40311694444444,689
144.1986838888889,43.40343305555555,691
144.1986838888889,43.40381611111111,694
144.19859694444443,43.40421611111111,694
144.19847194444444,43.40463305555556,694
144.1982088888889,43.405183055555554,692
144.19799694444444,43.405525,691
144.19784694444445,43.40575805555556,691
144.19760888888888,43.40594888888889,690
144.19479694444445,43.407066111111114,686
144.19451,43.40719888888889,685
144.19441,43.40731611111111,685
144.19424694444444,43.40769888888889,687
144.19396,43.408206944444444,683
144.19381,43.40834111111111,684
144.193435,43.408591111111114,678
144.192685,43.40889111111111,675
144.19239694444445,43.40899111111111,672
144.19136,43.40958194444445,667
144.19059694444445,43.409883055555554,661
144.18976,43.41016611111111,655
144.18887305555555,43.41047388888889,652
144.18846,43.41074111111111,652
144.18831,43.41087388888889,649
144.18824805555556,43.41104111111111,648
144.18836,43.411856944444445,646
144.188485,43.41222388888889,638
144.18864805555555,43.41247388888889,639
144.18884805555555,43.41265694444444,639
144.18939694444444,43.412965,637
144.19016,43.413423888888886,630
144.19049694444445,43.413606944444446,628
144.190735,43.413606944444446,628
144.19104694444445,43.413515,627
144.19124805555555,43.41334888888889,626
144.19156,43.413215,624
144.19187194444444,43.41308194444444,623
144.192035,43.412906944444444,618
144.19229694444445,43.41262388888889,617
144.192585,43.41235694444445,615
144.19287194444445,43.412123888888885,615
144.19302194444444,43.41203194444444,614
144.19321,43.41195694444445,615
144.193885,43.41173194444445,608
144.19417194444443,43.41157388888889,606
144.194435,43.41138194444444,606
144.19461,43.41119888888889,606
144.19479694444445,43.41117388888889,606
144.19489694444445,43.41119888888889,606
144.19501,43.41124888888889,604
144.19501,43.411366111111114,602
144.19494694444444,43.41146611111111,598
144.19479694444445,43.41161611111111,595
144.19466,43.41176611111111,596
144.194435,43.412106944444446,594
144.19424694444444,43.41241611111111,591
144.194035,43.41262388888889,588
144.193935,43.412756944444446,587
144.19391,43.412866111111114,586
144.19396,43.41294888888889,585
144.19414694444444,43.41296611111111,583
144.194385,43.41281611111111,581
144.19492194444445,43.41229888888889,581
144.19510888888888,43.41222388888889,579
144.19523388888888,43.41224111111111,577
144.19532194444446,43.41231611111111,577
144.19529694444444,43.41249111111111,574
144.1950588888889,43.41279111111111,572
144.19500888888888,43.41292388888889,570
144.1946338888889,43.41326611111111,566
144.19455888888888,43.41339888888889,564
144.1944838888889,43.413781944444445,560
144.19434694444445,43.414065,557
144.19414694444444,43.41433194444444,557
144.193935,43.41452388888889,556
144.19357194444444,43.41479,553
144.19281,43.41539888888889,546
144.19249694444446,43.41572388888889,544
144.19224694444443,43.415973055555554,542
144.192035,43.416106944444444,543
144.19179694444443,43.416156944444445,538
144.19161,43.41625694444444,537
144.190785,43.416865,533
144.19069694444445,43.416981944444444,531
144.19067194444443,43.41719,522
144.19064694444444,43.417431944444445,523
144.19054694444443,43.41759,525
144.190335,43.417723055555555,525
144.19016,43.417831944444444,525
144.18997305555555,43.417948055555556,523
144.18994805555556,43.418065,520
144.18997305555555,43.41815694444445,517
144.19011,43.41819805555556,518
144.19026,43.418173055555556,515
144.19086,43.41777305555556,515
144.191335,43.41737305555556,506
144.19151,43.417323055555556,506
144.19164694444444,43.41735694444444,503
144.19167194444444,43.41762305555555,499
144.19146,43.41800694444444,498
144.19136,43.41827305555555,495
144.191335,43.41867305555556,490
144.19119694444444,43.418915,491
144.19096,43.419165,492
144.190835,43.41929,489
144.19077194444444,43.41940611111111,487
144.190785,43.41954805555556,488
144.190885,43.41974,486
144.19092194444445,43.419865,483
144.190885,43.41999805555555,483
144.19061,43.42024,482
144.19047194444445,43.42030611111111,481
144.19019694444444,43.42038111111111,479
144.18992194444445,43.42044,477
144.18959694444445,43.42060611111111,474
144.18902194444445,43.42096388888889,471
144.188135,43.42146388888889,460
144.18747305555556,43.42178888888889,465
144.18629694444445,43.422581111111114,462
144.18474805555556,43.42308111111111,459
144.18429805555556,43.42317194444445,455
144.18336,43.42326388888889,451
144.18266111111112,43.423338888888885,450
144.1822611111111,43.423298055555556,450
144.18153611111111,43.42303888888889,450
144.18069805555555,43.423073055555555,450
144.18028611111112,43.42298111111111,449
144.1791861111111,43.42301388888889,446
144.17869805555554,43.42292194444445,451
144.17844805555555,43.42295611111111,451
144.17821111111112,43.423073055555555,456
144.17801111111112,43.423271944444444,456
144.17769805555557,43.42335611111111,461
144.17742305555555,43.42335611111111,463
144.17687305555555,43.42322305555555,466
144.17583611111112,43.423431111111114,468
144.1753238888889,43.423471944444444,467
144.1750861111111,43.42353888888889,467
144.17428611111112,43.42413111111111,462
144.1739988888889,43.424213888888886,462
144.1727361111111,43.424196944444446,461
144.17199888888888,43.42429694444444,454
144.1717238888889,43.42423111111111,452
144.17158694444444,43.42412111111111,454
144.17158694444444,43.42412111111111,454
144.1714111111111,43.42398111111111,456
144.17107388888888,43.42395611111111,449
144.1707361111111,43.42403111111111,447
144.1667238888889,43.422621944444444,426
144.16611194444445,43.42252194444445,421
144.1657238888889,43.42248111111111,421
144.16518694444446,43.422471944444446,425
144.16393694444446,43.42259694444444,429
144.16356194444444,43.42261388888889,428
144.16318694444445,43.42257194444444,426
144.16278694444443,43.422471944444446,425
144.16231194444444,43.42228111111111,423
144.15925,43.42042305555555,409
144.158925,43.42028111111111,408
144.158525,43.42016388888889,407
144.1577,43.42002305555555,407
144.157175,43.420006111111114,407
144.15668805555555,43.42006388888889,405
144.1562,43.42020611111111,399
144.15566305555555,43.42044694444444,397
144.152075,43.42253888888889,393
144.15137611111112,43.42288,392
144.15078805555555,43.423046944444444,393
144.15011305555555,43.423138888888886,395
144.14803805555556,43.42326305555556,396
144.14741305555555,43.423305,391
144.14656305555556,43.423355,395
144.14583805555554,43.423363055555555,395
144.14537611111112,43.42331305555555,393
144.1447511111111,43.42308,391
144.14431305555556,43.423321944444446,395
144.1434261111111,43.42362194444444,398
144.1428511111111,43.42391305555556,396
144.1425638888889,43.424146944444445,396
144.1423511111111,43.42443,401
144.1422638888889,43.42468,402
144.1422511111111,43.42504611111111,405
144.14228888888888,43.425463055555554,402
144.14255111111112,43.42861305555556,391
144.14255111111112,43.42908805555555,392
144.14241305555555,43.429363055555555,391
144.14220111111112,43.429563055555555,393
144.14185111111112,43.42974611111111,395
144.1415011111111,43.42987888888889,396
144.1411261111111,43.429946111111114,397
144.14075111111111,43.42997888888889,389
144.13995111111112,43.43000388888889,389
144.1393011111111,43.43002111111111,400
144.1385261111111,43.43008694444445,401
144.1378138888889,43.430238055555556,401
144.1372388888889,43.430461944444446,406
144.1357138888889,43.43125388888889,414
144.13527611111112,43.43139611111111,420
144.1348011111111,43.43146194444444,423
144.13372611111112,43.431511944444445,427
144.13327611111112,43.43152888888889,430
144.1269888888889,43.431745,438
144.12105194444445,43.432295,427
144.11839,43.43255305555556,429
144.115815,43.43277805555555,426
144.10901611111112,43.43337805555556,432
144.10552805555557,43.43369388888889,445
144.1047411111111,43.433703055555554,448
144.1046161111111,43.43368611111111,447
144.10427805555557,43.43365305555555,446
144.1035288888889,43.43349388888889,439
144.10209111111112,43.43317805555556,436
144.1008161111111,43.43288611111111,433
144.10016611111112,43.43268611111111,429
144.0996788888889,43.43249388888889,429
144.0993288888889,43.43232805555556,428
144.0988788888889,43.43211111111111,427
144.0981788888889,43.43172805555555,429
144.09784194444444,43.43156111111111,429
144.09764194444443,43.43146888888889,429
144.09741694444443,43.43138611111111,429
144.0971788888889,43.43131888888889,429
144.09699194444445,43.43127805555556,430
144.09651694444443,43.43122805555556,434
144.0962288888889,43.43123611111111,435
144.0950288888889,43.43128611111111,432
144.0943038888889,43.43131888888889,426
144.09315388888888,43.43136888888889,427
144.09241694444444,43.431403055555556,427
144.09159194444445,43.43151888888889,426
144.09111694444445,43.43163611111111,427
144.09084194444443,43.43172805555555,427
144.09053,43.43186111111111,426
144.09021694444445,43.43201111111111,430
144.08991694444444,43.43218611111111,430
144.08954194444445,43.43248611111111,430
144.08923,43.43276888888889,430
144.08894194444446,43.43311888888889,430
144.08871694444446,43.43345194444444,430
144.08863,43.43361111111111,430
144.08856805555556,43.43369388888889,430
144.08839194444445,43.433926944444444,430
144.08816694444445,43.43413611111111,430
144.087855,43.434401944444446,431
144.087795,43.43443888888889,431
</coordinates>
</LineString>
</Placemark>
</Document>
</kml>
