<?xml version="1.0" encoding="UTF-8"?>
<kml xmlns="http://www.opengis.net/kml/2.2" xmlns:atom="http://www.w3.org/2005/Atom">
<Document>
<name>[Day 4] WCC55th summer camp</name>
<atom:author>
<atom:name>Now</atom:name>
</atom:author> 
<atom:link href="https://latlonglab.yahoo.co.jp/route/watch?id=be744ce6cbd5d07337dd337e9901a95c" />
<description><![CDATA[]]></description>
<tags><![CDATA[wcc55th]]></tags>  
<Placemark>
<Style>
<LineStyle>
<color>99ff0000</color>
<width>6</width>
</LineStyle>
</Style>
<LineString>
<coordinates>
141.18035805555556,39.473441111111114,125
141.18024805555555,39.473441111111114,126
141.17992305555555,39.47358305555556,122
141.1797611111111,39.4736,118
141.17959805555554,39.47351611111111,115
141.17936111111112,39.47341611111111,116
141.17904805555557,39.47335805555556,112
141.1787611111111,39.4733,112
141.1783861111111,39.47319111111111,109
141.17767388888888,39.47291611111111,102
141.1775111111111,39.4729,99
141.17742388888888,39.47300805555555,96
141.1776111111111,39.473283055555555,97
141.1779361111111,39.473625,97
141.1780361111111,39.47375805555556,98
141.17801111111112,39.47384888888889,98
141.17791111111111,39.473908055555555,97
141.17756111111112,39.47400805555556,93
141.1771361111111,39.474108055555554,89
141.1769611111111,39.47423305555556,86
141.17686111111112,39.47437388888889,85
141.1767861111111,39.47537388888889,88
141.17676111111112,39.47553305555556,88
141.1767361111111,39.475566111111114,89
141.1766861111111,39.47558305555555,89
141.17641111111112,39.47559888888889,88
141.17517388888888,39.47554888888889,86
141.1747488888889,39.47557388888889,87
141.1745488888889,39.47560694444444,87
141.1739861111111,39.47573194444445,87
141.1716988888889,39.476258055555554,85
141.16821194444444,39.47708194444444,84
141.16829694444445,39.47726888888889,84
141.16829694444445,39.47726888888889,84
141.1684488888889,39.47759888888889,85
141.16876194444444,39.479123888888886,85
141.16937388888888,39.47982388888889,85
141.1703488888889,39.48099888888889,86
141.1705488888889,39.48132388888889,86
141.1705861111111,39.481473888888885,86
141.17063611111112,39.48195694444444,86
141.1706738888889,39.482323055555554,86
141.1707361111111,39.48263194444444,86
141.17087388888888,39.48283194444444,86
141.1711238888889,39.48303194444444,86
141.1715738888889,39.48339,86
141.1717238888889,39.483565,86
141.1718238888889,39.48372305555556,86
141.17209888888888,39.484265,86
141.1731111111111,39.48634,87
141.17368611111112,39.48770611111111,87
141.17399805555556,39.48823111111111,87
141.17416111111112,39.48847305555555,87
141.1745361111111,39.48898111111111,88
141.17464805555556,39.48923888888889,88
141.17472305555555,39.489623055555555,88
141.17474805555557,39.48985611111111,88
141.17482305555555,39.49167194444444,88
141.1748111111111,39.492046944444446,88
141.1747611111111,39.49230611111111,88
141.1746861111111,39.49243111111111,88
141.1743111111111,39.492913888888886,88
141.17424805555555,39.49299694444444,88
141.1739611111111,39.49330611111111,88
141.17352305555556,39.49378111111111,88
141.17233611111112,39.49553,88
141.1717361111111,39.49639694444444,88
141.17142388888888,39.496855,88
141.17133611111112,39.49704694444444,88
141.1713488888889,39.497455,89
141.1714111111111,39.497888055555556,89
141.17166111111112,39.49948,90
141.17182305555556,39.50052111111111,90
141.17182305555556,39.500796111111114,91
141.17182305555556,39.50101305555555,91
141.17149805555556,39.50238,91
141.17149805555556,39.50259611111111,91
141.17153611111112,39.50283805555556,91
141.1716361111111,39.50312888888889,92
141.17246111111112,39.505113055555555,90
141.1729861111111,39.505988055555555,92
141.1731111111111,39.50617888888889,93
141.17352305555556,39.506771111111114,97
141.17449805555555,39.50812888888889,92
141.17746,39.510736944444446,91
141.177885,39.51107888888889,94
141.17834805555555,39.51141194444445,98
141.17874805555556,39.51157888888889,97
141.179435,39.51166194444444,94
141.179985,39.51187111111111,96
141.18064694444445,39.51224611111111,98
141.18101,39.51245388888889,100
141.18232194444445,39.51360388888889,101
141.18261,39.51376194444445,101
141.18557194444443,39.51400388888889,96
141.1857588888889,39.51402,96
141.18812194444445,39.51422111111111,93
141.18937194444445,39.51432888888889,95
141.18980888888888,39.514361944444445,96
141.19072111111112,39.51477888888889,95
141.1909961111111,39.51487888888889,96
141.19239611111112,39.51557,95
141.1927838888889,39.51585388888889,95
141.19285888888888,39.51591194444445,95
141.19340888888888,39.51656194444445,95
141.1937961111111,39.51715388888889,95
141.19408388888888,39.517586944444446,94
141.1941461111111,39.517945,94
141.1940338888889,39.51905305555555,91
141.19398388888888,39.51957,90
141.19399611111112,39.51986111111111,90
141.19405805555556,39.52010305555556,90
141.19408305555555,39.52022,91
141.1941461111111,39.520453055555556,91
141.19418305555556,39.52072805555556,92
141.19425805555557,39.522103055555554,94
141.1942711111111,39.523203055555555,96
141.19409611111112,39.523803055555554,96
141.1938461111111,39.524701944444445,97
141.19465805555555,39.52479388888889,97
141.19488305555555,39.524768888888886,97
141.19513305555554,39.52471888888889,97
141.19647111111112,39.52410305555556,98
141.1964461111111,39.523986111111114,98
141.196485,39.52344611111111,97
141.196485,39.52344611111111,97
141.1964461111111,39.523986111111114,98
141.19647111111112,39.52410305555556,98
141.19513305555554,39.52471888888889,97
141.19488305555555,39.524768888888886,97
141.19465805555555,39.52479388888889,97
141.1938461111111,39.524701944444445,97
141.19375805555555,39.52501111111111,97
141.1936961111111,39.525193888888886,96
141.19360805555556,39.525326944444444,96
141.19348305555556,39.52545305555556,96
141.19330805555555,39.525551944444445,96
141.19270805555556,39.52581111111111,96
141.19255805555557,39.52590194444444,97
141.19242111111112,39.526026944444446,97
141.1923211111111,39.52615194444444,97
141.1918838888889,39.526826944444444,97
141.1908711111111,39.52842694444445,95
141.1907461111111,39.528635,95
141.1906588888889,39.52876888888889,95
141.1905211111111,39.52901,96
141.19045888888888,39.52911,96
141.18982111111112,39.530076944444446,91
141.18955888888888,39.53049305555555,91
141.1886338888889,39.53192611111111,92
141.18763388888888,39.53350888888889,92
141.1865588888889,39.53503388888889,93
141.18639611111112,39.535293055555556,93
141.1861211111111,39.53568388888889,93
141.1855588888889,39.53655111111111,93
141.18468388888888,39.53773388888889,93
141.18447111111112,39.53796694444444,94
141.1841838888889,39.538241944444444,94
141.18402111111112,39.53838388888889,94
141.1834961111111,39.53884194444444,94
141.18320888888888,39.53913388888889,94
141.1830338888889,39.539366944444446,94
141.1829338888889,39.53955,94
141.18198388888888,39.54135,94
141.1813461111111,39.542566111111114,95
141.1809338888889,39.54331611111111,93
141.1808211111111,39.54346611111111,93
141.18015888888888,39.54434111111111,93
141.1792338888889,39.54554111111111,96
141.17913388888888,39.545698888888886,96
141.17907194444444,39.545833055555555,96
141.17902194444446,39.54602388888889,95
141.17899694444444,39.546283055555556,95
141.17899694444444,39.54678194444445,95
141.17890888888888,39.54717388888889,95
141.17884694444444,39.54732388888889,95
141.17874694444444,39.547508055555554,95
141.1785588888889,39.54788305555556,95
141.17848388888888,39.548006944444445,95
141.17757194444445,39.54979888888889,94
141.1775088888889,39.55002388888889,94
141.17752194444444,39.55009888888889,94
141.1778711111111,39.551273888888886,94
141.1780838888889,39.55197388888889,94
141.17962111111112,39.551881944444446,95
141.1798711111111,39.551856944444445,95
141.18118388888888,39.551715,96
141.1818088888889,39.55164888888889,96
141.18414611111112,39.55139888888889,98
141.18763305555555,39.55099888888889,102
141.18870805555557,39.55086611111111,105
141.18918305555556,39.55088305555556,105
141.190195,39.55115694444444,105
141.19107,39.55119888888889,104
141.19188305555556,39.551248888888885,105
141.19258194444444,39.551383055555554,106
141.19293194444444,39.551408055555555,107
141.19322,39.551248888888885,109
141.19600694444443,39.54944111111111,127
141.19642,39.54926611111111,126
141.196995,39.54924111111111,118
141.19757,39.54931611111111,122
141.19807,39.54919888888889,126
141.19867,39.54874111111111,126
141.19895694444443,39.548658055555556,124
141.20055694444446,39.548566111111114,127
141.2012188888889,39.54839111111111,128
141.20195694444445,39.548141111111114,127
141.20243194444444,39.54811611111111,127
141.20316888888888,39.54828305555556,126
141.20454388888888,39.54871611111111,131
141.20496888888889,39.548791111111115,132
141.2062061111111,39.54881611111111,132
141.20659388888888,39.54874111111111,133
141.2071811111111,39.54851611111111,136
141.2075311111111,39.54846611111111,138
141.2080688888889,39.54846611111111,145
141.20851888888888,39.54864111111111,144
141.2091311111111,39.54940805555555,149
141.2095438888889,39.549725,149
141.20996805555555,39.549908055555555,148
141.21036805555556,39.54995,146
141.21016805555556,39.552433055555554,137
141.20999305555554,39.55316611111111,138
141.20975611111112,39.55348305555555,138
141.20861805555555,39.55414888888889,139
141.20794388888888,39.55464888888889,138
141.20869305555556,39.554631944444445,136
141.20873,39.55462611111111,136
141.20873,39.55462611111111,136
141.20869305555556,39.554631944444445,136
141.20794388888888,39.55464888888889,138
141.20769388888888,39.55487388888889,137
141.20750611111112,39.555031944444444,133
141.20728111111112,39.555481944444445,132
141.20669388888888,39.55683194444445,128
141.2059688888889,39.559131944444445,125
141.20555611111112,39.560415,125
141.20556805555555,39.56169805555555,124
141.2054061111111,39.562715,121
141.20533111111112,39.563206111111114,120
141.20506805555556,39.56413111111111,118
141.2043561111111,39.56553888888889,115
141.20431888888888,39.565648055555556,116
141.20426805555556,39.56583888888889,117
141.2042561111111,39.566113888888886,118
141.20453111111112,39.56704805555555,122
141.20484305555556,39.56771388888889,121
141.20594305555557,39.56928111111111,125
141.20614305555554,39.56988888888889,127
141.2061811111111,39.57066388888889,127
141.20629305555556,39.57264694444444,126
141.20648111111112,39.57342194444445,127
141.20658111111112,39.573905,129
141.20664305555556,39.57443,128
141.2062061111111,39.57643,122
141.2060561111111,39.57688,120
141.2058561111111,39.577196111111114,121
141.20555611111112,39.57753805555556,121
141.20513111111111,39.57776305555556,121
141.20469305555557,39.577938055555556,123
141.2044811111111,39.57799611111111,122
141.20410611111112,39.57809611111111,123
141.20366805555557,39.57821305555556,123
141.20296805555554,39.57843805555556,121
141.20221805555556,39.578988055555556,121
141.2020811111111,39.57908805555556,120
141.20189305555556,39.57922111111111,117
141.2014561111111,39.579638055555556,113
141.20094305555557,39.58013694444445,117
141.2008561111111,39.580261944444445,116
141.20079305555555,39.58033694444445,117
141.20071805555557,39.58052888888889,116
141.20066805555555,39.58072888888889,116
141.20066805555555,39.581136944444445,115
141.2007811111111,39.58145388888889,113
141.2008811111111,39.58163694444445,111
141.2017561111111,39.58302888888889,114
141.20206805555554,39.58385388888889,114
141.20214305555555,39.58402888888889,114
141.20246805555556,39.58507,114
141.20268,39.58580388888889,115
141.20276805555557,39.58616194444444,115
141.20258,39.58743694444444,110
141.20243,39.58817,107
141.20219305555557,39.589286111111115,105
141.201505,39.591295,104
141.20171805555555,39.59173611111111,104
141.20186805555556,39.59205305555555,104
141.20194305555555,39.59236888888889,104
141.20204305555555,39.59285305555556,105
141.20223,39.59371111111111,108
141.202255,39.59406111111111,106
141.20233,39.59494388888889,107
141.20226694444443,39.59569388888889,108
141.201905,39.596986111111114,106
141.201905,39.59768611111111,107
141.20196694444445,39.59807694444444,111
141.20204305555555,39.598435,112
141.20206694444445,39.59851888888889,112
141.20228,39.59925194444445,116
141.202405,39.599585,115
141.20253,39.59986,119
141.20278,39.600276944444445,128
141.20299194444445,39.60057694444444,134
141.20303,39.600635,135
141.20318,39.60080194444444,134
141.203355,39.600968055555555,134
141.203655,39.601193055555555,132
141.20428,39.601685,131
141.204555,39.601885,131
141.20469194444445,39.602068055555556,130
141.204705,39.602085,130
141.20490388888888,39.60250194444444,131
141.2049288888889,39.60271,130
141.20491694444445,39.60296,129
141.20487888888889,39.60316,129
141.20464194444443,39.603835,127
141.20425111111112,39.60496888888889,125
141.20425111111112,39.60496888888889,125
141.20400388888888,39.60568388888889,124
141.20389194444445,39.60600888888889,123
141.2038038888889,39.60637611111111,122
141.20377888888888,39.606568055555556,122
141.20369194444444,39.60735888888889,120
141.20365388888888,39.60778388888889,118
141.20354194444445,39.60827611111111,116
141.2026788888889,39.61029194444444,123
141.2024538888889,39.61067611111111,123
141.2023288888889,39.61083388888889,122
141.20227888888888,39.610908888888886,121
141.2022288888889,39.61098388888889,121
141.20204194444443,39.61116694444444,119
141.20116694444445,39.6119,117
141.200805,39.61220888888889,117
141.198655,39.61405805555555,116
141.19839194444444,39.614266944444445,117
141.19806805555555,39.614525,116
141.197855,39.614675,115
141.19759194444444,39.61481694444444,113
141.197355,39.614916111111114,110
141.19731694444445,39.614933055555554,109
141.197005,39.61504111111111,109
141.19669305555556,39.615125,109
141.196655,39.615141111111114,109
141.196205,39.615225,107
141.19561805555554,39.61533305555555,104
141.19556805555555,39.615341111111114,104
141.194505,39.61553305555555,104
141.19419305555556,39.61559111111111,104
141.194105,39.615608055555555,104
141.19324305555557,39.61579111111111,104
141.1927311111111,39.6159,103
141.19220611111112,39.61601611111111,103
141.19165611111112,39.61617388888889,103
141.19154305555554,39.61620805555555,103
141.19129305555555,39.616348888888886,103
141.19120611111111,39.616433055555554,103
141.19095611111112,39.61671611111111,103
141.19038111111112,39.61737388888889,104
141.19005611111112,39.617731944444444,104
141.18995611111112,39.617823888888886,104
141.1898561111111,39.61792388888889,104
141.1894061111111,39.61828194444445,104
141.18914305555555,39.618473888888886,104
141.18893111111112,39.61862388888889,104
141.1882811111111,39.61914111111111,104
141.18755611111112,39.61969111111111,105
141.18661805555556,39.62042388888889,106
141.18654305555555,39.62049888888889,106
141.1865061111111,39.620531944444444,106
141.1864061111111,39.62063194444445,106
141.18611805555557,39.62090694444444,107
141.1856061111111,39.62144,107
141.1854438888889,39.621615,108
141.1851311111111,39.62195694444444,107
141.1848811111111,39.622231944444444,107
141.18461888888888,39.622548888888886,107
141.1842438888889,39.62304805555556,106
141.1841188888889,39.62325694444444,106
141.1839688888889,39.62349805555556,106
141.1838438888889,39.623756944444445,106
141.1836311111111,39.62424,105
141.1835188888889,39.62457305555556,105
141.1834061111111,39.624948055555556,105
141.1833188888889,39.62535611111111,105
141.1832938888889,39.62562305555556,105
141.18326888888888,39.62618111111111,105
141.18325611111112,39.62665611111111,106
141.1832061111111,39.62793888888889,105
141.1831938888889,39.62802305555556,105
141.1831938888889,39.62843888888889,105
141.1832061111111,39.62869805555555,105
141.1832061111111,39.62875611111111,105
141.1832311111111,39.62895611111111,106
141.18324388888888,39.629131111111114,106
141.1832938888889,39.629396944444444,105
141.1834188888889,39.62997305555555,105
141.1834311111111,39.63001388888889,105
141.18346805555555,39.63015611111111,106
141.18348111111112,39.630206111111114,106
141.1836561111111,39.63068111111111,106
141.18386805555556,39.63119694444445,108
141.1839811111111,39.63144694444444,108
141.1841311111111,39.631771944444445,110
141.1843061111111,39.63210611111111,113
141.18434305555556,39.632196944444445,114
141.18441805555557,39.632371944444444,115
141.1844811111111,39.63260611111111,116
141.1844811111111,39.63299694444444,117
141.18446805555556,39.63305611111111,118
141.18444305555556,39.633246944444444,119
141.18438111111112,39.63359694444444,120
141.1843061111111,39.63406388888889,117
141.18429305555554,39.634305,116
141.1843311111111,39.634655,114
141.18436805555555,39.63476388888889,115
141.1844561111111,39.63498888888889,115
141.18456805555556,39.635255,114
141.18463111111112,39.635371944444444,113
141.18469305555556,39.63547194444445,114
141.18485611111112,39.635688055555555,114
141.18565611111111,39.636563055555555,116
141.18575611111112,39.63668,117
141.18594305555555,39.636946944444446,118
141.18601805555556,39.637096944444444,118
141.18610611111112,39.637555,113
141.18658,39.63753,121
141.18714305555557,39.63753,124
141.18761805555556,39.63753,125
141.18769305555554,39.637505,125
141.18818,39.63733,128
141.18834305555555,39.63726305555556,127
141.18861805555557,39.637155,127
141.18886805555556,39.63703805555556,127
141.18899305555556,39.63702194444444,127
141.189205,39.637005,126
141.189505,39.63702194444444,127
141.18989194444444,39.63704694444444,127
141.190255,39.636988055555555,128
141.190605,39.636921944444445,128
141.190705,39.636905,127
141.191105,39.63683805555556,129
141.19144194444445,39.636788055555556,130
141.19169305555556,39.63678,130
141.19219305555555,39.63686305555556,132
141.19336694444445,39.637096944444444,136
141.19351694444444,39.637121944444445,135
141.193755,39.637163055555554,136
141.19399194444443,39.63723805555556,136
141.19494194444445,39.637755,134
141.19498,39.63778805555555,133
141.195005,39.63788,133
141.195005,39.63792194444444,132
141.19493,39.63812194444444,135
141.19501694444443,39.63813,136
141.19511694444444,39.63816305555556,135
141.1952288888889,39.63823,136
141.1957538888889,39.638605,137
141.1962288888889,39.638955,137
141.19641694444445,39.63902111111111,139
141.1966038888889,39.63903805555555,139
141.19730388888888,39.63893,138
141.19777888888888,39.638871944444446,141
141.19811694444445,39.63881305555555,146
141.19834194444445,39.638805,145
141.19912888888888,39.638938055555556,144
141.1997288888889,39.63906305555555,144
141.20002888888888,39.63912194444445,147
141.2005161111111,39.639305,146
141.20071611111112,39.63941305555556,146
141.2007788888889,39.639455,147
141.20095388888888,39.639555,147
141.2015288888889,39.63991305555555,149
141.20182,39.6401,155
141.20182,39.6401,155
141.20185388888888,39.640121944444445,156
141.20219111111112,39.64033,155
141.2023538888889,39.64039694444445,154
141.2024788888889,39.64042194444445,153
141.2025661111111,39.64044694444444,154
141.2029288888889,39.64049694444444,151
141.2037161111111,39.640855,154
141.2039161111111,39.64098805555555,155
141.2040661111111,39.64111305555556,158
141.20415305555557,39.641205,158
141.20430305555556,39.641438055555554,158
141.20445305555555,39.64154611111111,157
141.20480305555554,39.641621111111114,158
141.2057411111111,39.641621944444445,166
141.20595305555557,39.641646944444446,166
141.20694111111112,39.642055,168
141.20729111111112,39.642455,170
141.20755305555556,39.64258,171
141.20764111111112,39.64257111111111,170
141.20829,39.642363055555556,169
141.20850305555555,39.642363055555556,169
141.209015,39.642505,169
141.209315,39.642713055555554,175
141.209415,39.642905,176
141.20944,39.643346111111114,179
141.20995305555556,39.64384611111111,177
141.210465,39.64403,178
141.21095305555556,39.64443,181
141.21099,39.64463805555555,181
141.211815,39.64526305555555,186
141.211965,39.645738055555555,185
141.21217694444445,39.645905,188
141.212665,39.646005,189
141.2141388888889,39.64617111111111,194
141.21440194444443,39.64633805555555,196
141.21488888888888,39.64707111111111,197
141.2149138888889,39.647421111111115,199
141.2150761111111,39.64767388888889,202
141.2150761111111,39.64767388888889,202
141.21527694444444,39.64798805555556,207
141.21532694444446,39.64827888888889,208
141.21497694444443,39.64906305555556,213
141.21455194444445,39.64944611111111,217
141.21427694444444,39.64964611111111,218
141.2142388888889,39.64969611111111,218
141.2139388888889,39.65009611111111,224
141.2136638888889,39.65089611111111,227
141.21360194444443,39.65096194444445,227
141.21337694444443,39.651113055555555,230
141.2132138888889,39.651246111111114,230
141.21296388888888,39.651603888888886,236
141.21286388888888,39.65179611111111,237
141.21267694444444,39.65222888888889,248
141.2126638888889,39.65230388888889,246
141.21270194444443,39.65246194444445,248
141.21267694444444,39.65251194444444,248
141.21250194444445,39.65271194444444,248
141.2124388888889,39.65284611111111,248
141.2124388888889,39.65292888888889,249
141.21271388888889,39.653436944444444,257
141.21272694444446,39.65353694444445,257
141.2126888888889,39.65377,260
141.21263888888888,39.65390388888889,264
141.21252694444445,39.65402,266
141.2124388888889,39.65407,267
141.21181388888888,39.654245,259
141.2114138888889,39.65438694444445,257
141.2112888888889,39.654445,256
141.21119,39.654511944444444,256
141.21089,39.654795,249
141.210565,39.65512,245
141.210415,39.655295,245
141.21034,39.655436944444446,244
141.21030194444444,39.65557,245
141.21029,39.656103055555555,246
141.21030194444444,39.65707805555556,237
141.21012694444445,39.65762,235
141.21010194444443,39.657745,237
141.2104138888889,39.658703055555556,237
141.2104388888889,39.658811944444444,237
141.21042694444444,39.65896194444444,237
141.2103138888889,39.659303055555554,233
141.21025194444445,39.65937,230
141.21004805555555,39.65949194444445,230
141.21004805555555,39.65949194444445,230
141.2098638888889,39.65960305555556,230
141.209565,39.659778055555556,228
141.209265,39.659953055555555,227
141.209215,39.660003055555556,227
141.20919,39.66010305555555,227
141.209415,39.660095,227
141.20955194444446,39.66012805555555,228
141.20960194444444,39.660136111111115,227
141.2097138888889,39.66016111111111,225
141.2098388888889,39.66022,223
141.21002694444445,39.66036111111111,219
141.21005194444444,39.660395,219
141.21010194444443,39.66047,219
141.21025194444445,39.66090305555556,215
141.21032694444443,39.66113611111111,215
141.2104388888889,39.661453055555555,211
141.21050194444445,39.66156111111111,209
141.2106388888889,39.661745,209
141.21137694444445,39.662295,209
141.2114138888889,39.662353055555556,209
141.21142694444444,39.66237805555556,209
141.21142694444444,39.66245305555555,209
141.21142694444444,39.66247805555555,209
141.21138888888888,39.66257,209
141.21127694444445,39.66273611111111,209
141.21091388888888,39.66326111111111,209
141.2108388888889,39.66347805555556,209
141.21081388888888,39.66390305555556,208
141.2106638888889,39.66493611111111,204
141.21057694444445,39.665036111111114,203
141.21050194444445,39.66509388888889,201
141.21040194444444,39.665128055555556,199
141.2097388888889,39.66522805555555,197
141.20960194444444,39.66526888888889,198
141.2094888888889,39.66534388888889,198
141.20940194444444,39.66543611111111,199
141.2093638888889,39.665528055555555,199
141.2092638888889,39.66608611111111,198
141.20925194444445,39.66616888888889,198
141.20905194444444,39.66669388888889,195
141.20901388888888,39.66678611111111,195
141.2089138888889,39.667026944444444,196
141.20867694444445,39.667411111111115,195
141.20863888888888,39.66751111111111,194
141.20862694444443,39.667628055555554,193
141.20863888888888,39.667726944444446,193
141.20870194444444,39.66784388888889,191
141.20887694444446,39.66804388888889,189
141.2089388888889,39.66817694444445,189
141.2090638888889,39.66866111111111,188
141.2090638888889,39.668753055555555,189
141.20902694444445,39.66882694444445,190
141.20895194444444,39.66887805555555,191
141.20872694444444,39.66892694444444,196
141.20878888888888,39.669176944444445,195
141.20883388888888,39.66927888888889,195
141.20883388888888,39.66927888888889,195
141.20885194444443,39.66931888888889,195
141.20897694444446,39.66948611111111,194
141.2092888888889,39.66981111111111,185
141.20985194444444,39.67031111111111,183
141.2099638888889,39.67042694444444,184
141.21007694444444,39.67060305555555,187
141.2101638888889,39.67077694444444,186
141.21020194444444,39.67091111111111,187
141.21022694444446,39.67106111111111,184
141.21022694444446,39.67114388888889,184
141.21022694444446,39.671261111111114,184
141.2102138888889,39.67141111111111,186
141.21017694444444,39.67154388888889,185
141.21011388888888,39.67169388888889,183
141.2100388888889,39.671818888888886,184
141.2095138888889,39.67250194444444,182
141.20935194444445,39.67276888888889,178
141.20930194444443,39.67291111111111,178
141.2092638888889,39.67301888888889,178
141.20925194444445,39.67311111111111,178
141.20923888888888,39.67328611111111,177
141.20925194444445,39.67348611111111,175
141.20930194444443,39.67366,174
141.2093888888889,39.67386,171
141.20940194444444,39.673885,171
141.20947694444445,39.67400194444444,165
141.20957694444445,39.67411,164
141.20967694444445,39.67421,167
141.20988888888888,39.674351944444446,171
141.2100638888889,39.67444388888889,172
141.21030194444444,39.67454388888889,174
141.2097138888889,39.675135,174
141.20892694444444,39.675826944444445,172
141.20812694444444,39.676476944444445,173
141.20770194444444,39.67681,172
141.20751388888888,39.676926944444446,171
141.20727694444443,39.67705194444444,171
141.20710194444445,39.67711,169
141.20677694444444,39.677168055555555,166
141.20647694444443,39.677168055555555,166
141.20625194444443,39.677126944444446,166
141.20590194444443,39.67702694444444,166
141.20505194444445,39.676701944444446,165
141.20465194444444,39.67657694444444,164
141.20395305555556,39.67641,161
141.20384,39.67639305555556,161
141.20310194444446,39.67626,162
141.20274,39.67620194444444,161
141.202265,39.676085,162
141.20202694444444,39.67597694444444,162
141.20185305555555,39.67584305555555,164
141.20170305555556,39.67567694444445,164
141.20159,39.675468055555555,159
141.20154,39.675243055555555,158
141.20149,39.674818055555555,157
141.20145305555556,39.674526944444445,156
141.20137805555555,39.67431805555555,155
141.20125305555555,39.67411805555555,155
141.20107805555554,39.67391,155
141.20079,39.673651944444444,153
141.20039,39.67336805555556,154
141.199815,39.67296805555556,153
141.19957805555555,39.672801944444444,152
141.19917805555556,39.67261,152
141.19862805555556,39.67239305555555,153
141.19820305555555,39.672268055555556,154
141.19802805555557,39.67221,153
141.19782805555556,39.67216,154
141.1974661111111,39.672068055555556,155
141.1970411111111,39.67202694444445,157
141.1966161111111,39.67201,157
141.19622805555557,39.672085,157
141.19600305555556,39.67216805555555,158
141.19575305555554,39.67230194444444,158
141.19560305555555,39.672385,156
141.19512805555556,39.672785,154
141.19481611111112,39.67310111111111,152
141.19426611111112,39.67366805555555,153
141.19362805555556,39.67429305555556,151
141.1927161111111,39.675201111111114,146
141.1921911111111,39.67573388888889,145
141.19195305555556,39.67596805555556,144
141.19150305555556,39.67640111111111,145
141.19076611111112,39.67715111111111,146
141.1903661111111,39.67756694444444,147
141.1903288888889,39.67760111111111,146
141.18972888888888,39.678243055555555,146
141.18916611111112,39.678843055555554,144
141.1887538888889,39.67927611111111,145
141.18836611111112,39.67960111111111,144
141.1881161111111,39.67975111111111,143
141.1878788888889,39.67985888888889,141
141.18722888888888,39.68006694444444,139
141.1869911111111,39.68015111111111,138
141.1855038888889,39.68060111111111,137
141.1857038888889,39.68100111111111,143
141.18575388888888,39.68115111111111,145
141.1857288888889,39.68132611111111,146
141.18562888888889,39.681466944444445,148
141.1855161111111,39.68155888888889,148
141.18396611111112,39.68250888888889,149
141.1837538888889,39.68265,151
141.18362888888888,39.682825,152
141.1835661111111,39.68298388888889,152
141.1835411111111,39.68308388888889,152
141.1835538888889,39.683175,152
141.1835911111111,39.683325,153
141.1836661111111,39.683441944444446,153
141.1837661111111,39.68355888888889,156
141.18395388888888,39.683683888888886,161
141.1843661111111,39.68389194444445,167
141.1845911111111,39.684,168
141.18476611111112,39.684125,172
141.18486611111112,39.68425,175
141.18496611111112,39.68445805555555,176
141.18510388888888,39.684975,177
141.1851661111111,39.6852,186
141.1851661111111,39.685341944444446,187
141.1851161111111,39.685566944444446,188
141.18507888888888,39.685741944444445,187
141.18509111111112,39.68589194444444,186
141.18534111111111,39.68709194444445,189
141.18544111111112,39.687241944444445,194
141.1855788888889,39.68739111111111,197
141.18576611111112,39.687491111111115,196
141.18601611111112,39.68755,197
141.1862788888889,39.68755,195
141.1864788888889,39.6875,193
141.18735388888888,39.68703305555555,204
141.1876038888889,39.68699194444444,204
141.1878288888889,39.68699194444444,207
141.1880788888889,39.687041944444445,208
141.18832805555556,39.68716694444444,209
141.18850305555554,39.687333055555555,209
141.18857805555555,39.68748305555555,206
141.18860305555555,39.68760805555556,205
141.18862805555557,39.6877,206
141.18849111111112,39.6886,210
141.1883161111111,39.689675,227
141.1883411111111,39.689825,229
141.18842805555556,39.69,228
141.18857805555555,39.690133055555556,228
141.18877805555556,39.69025,227
141.1889911111111,39.69029111111111,228
141.18926611111112,39.6903,227
141.18947805555555,39.69025805555555,227
141.18982805555555,39.69016611111111,230
141.1903911111111,39.69005,235
141.19060305555556,39.69003305555555,236
141.19076611111112,39.69005805555555,237
141.19092805555556,39.690125,237
141.19109111111112,39.69025,237
141.19120305555555,39.69039111111111,238
141.19125305555556,39.690508055555554,239
141.19131611111112,39.69081611111111,237
141.19137805555556,39.690958055555555,236
141.1914661111111,39.69108305555555,234
141.19157805555557,39.691158055555555,233
141.19175305555555,39.69123305555556,231
141.19195305555556,39.69124111111111,233
141.19202805555557,39.69123305555556,233
141.19285305555556,39.691175,238
141.19300305555555,39.691175,238
141.19314111111112,39.6912,238
141.19326611111111,39.69125805555556,239
141.19336611111112,39.691275,239
141.19402805555555,39.69128305555556,246
141.19450305555554,39.6913,251
141.194915,39.691358055555554,252
141.19510305555556,39.691408055555556,252
141.19545305555556,39.691558055555554,255
141.19562805555555,39.691625,256
141.19605305555555,39.691775,260
141.1960838888889,39.69178388888889,260
141.1960838888889,39.69178388888889,260
141.19614,39.6918,261
141.19627805555555,39.691833055555556,262
141.19659,39.69190805555556,264
141.19670305555556,39.69193305555556,264
141.197415,39.692008055555554,269
141.197765,39.69205,268
141.198015,39.692075,272
141.198165,39.69213305555556,274
141.198365,39.6923,275
141.19847694444445,39.69238305555555,275
141.19947805555555,39.69309111111111,283
141.19960194444445,39.693225,286
141.200015,39.69401611111111,288
141.20005194444445,39.694158055555555,287
141.20005194444445,39.69426611111111,287
141.20002694444443,39.69450805555555,287
141.20000194444444,39.69468305555556,287
141.20000194444444,39.694898888888886,287
141.20007694444445,39.69601611111111,287
141.20002694444443,39.69615805555556,286
141.199915,39.69629888888889,285
141.19974,39.696466111111114,293
141.19955194444444,39.69658305555556,293
141.19849,39.697116111111114,295
141.19830194444444,39.69722388888889,296
141.19817694444444,39.69734111111111,296
141.19794,39.69762388888889,298
141.197865,39.69769888888889,297
141.197715,39.697783055555554,295
141.19750305555556,39.697856944444446,297
141.197115,39.69794111111111,303
141.19682805555556,39.69797388888889,304
141.19589,39.698081944444446,305
141.19549,39.69817388888889,311
141.195215,39.69831611111111,314
141.19497805555557,39.69849111111111,316
141.194565,39.69883194444444,316
141.19444,39.69897388888889,318
141.19434,39.69911611111111,320
141.19424,39.699281944444444,323
141.19414,39.69944111111111,325
141.193965,39.69960694444445,328
141.19390305555555,39.69967388888889,329
141.19334,39.700156944444444,321
141.19319,39.700206944444446,317
141.193015,39.700215,316
141.19275305555556,39.700156944444444,315
141.19259,39.70017388888889,315
141.19244,39.70023194444445,313
141.19222805555555,39.700406944444445,312
141.19210305555555,39.700465,311
141.19160305555556,39.70052388888889,306
141.19092805555556,39.70059,302
141.1901161111111,39.700715,303
141.19006305555556,39.70072111111111,302
141.19006305555556,39.70072111111111,302
141.18974111111112,39.70075694444444,302
141.1891911111111,39.700831944444445,305
141.18897805555557,39.70089888888889,307
141.18880305555555,39.70102388888889,307
141.1886911111111,39.70114,304
141.1885411111111,39.70120694444444,304
141.1879661111111,39.70130694444445,304
141.1878661111111,39.701365,302
141.1877661111111,39.701498055555554,299
141.18747805555554,39.701931944444446,293
141.1873911111111,39.70212305555555,291
141.1872161111111,39.70268194444444,284
141.1871911111111,39.70289,283
141.1872161111111,39.70313194444444,285
141.1871911111111,39.70323194444445,281
141.18707805555556,39.70333111111111,280
141.18662805555556,39.70345611111111,277
141.18621611111112,39.70359805555555,276
141.18600305555555,39.70370611111111,276
141.18582805555556,39.70373111111111,272
141.1855161111111,39.70362305555555,266
141.1844661111111,39.70345611111111,262
141.18425305555556,39.70345611111111,261
141.18407805555555,39.70352305555556,259
141.18332805555556,39.703815,255
141.18294111111112,39.70394,254
141.18261611111112,39.704015,252
141.18235388888888,39.70404,251
141.18201611111112,39.70402305555555,251
141.1816288888889,39.70394,254
141.18146611111112,39.703923055555556,255
141.18132888888888,39.703923055555556,252
141.1810661111111,39.70398111111111,250
141.18087888888888,39.704056111111115,244
141.1806288888889,39.70420611111111,239
141.18042888888888,39.704273055555554,238
141.18024111111112,39.70430611111111,238
141.1799538888889,39.70430611111111,234
141.17986611111112,39.704298055555554,232
141.17940388888888,39.70426388888889,227
141.17921611111112,39.704273055555554,226
141.17899111111112,39.70433888888889,223
141.1786661111111,39.704456111111114,218
141.17831611111112,39.70466388888889,217
141.1781411111111,39.70485611111111,215
141.17807888888888,39.70496388888889,215
141.1778788888889,39.70549694444444,205
141.1778161111111,39.705621944444445,203
141.1777538888889,39.705688888888886,203
141.17772888888888,39.70571388888889,203
141.17761611111112,39.705798055555555,204
141.17749111111112,39.705871944444446,204
141.1773038888889,39.70593111111111,201
141.1772038888889,39.70597305555555,200
141.1770911111111,39.70607305555556,200
141.17692888888888,39.70625611111111,195
141.17649111111112,39.70659805555555,186
141.1763038888889,39.70675611111111,185
141.1760788888889,39.707031111111114,181
141.17600388888889,39.70711388888889,179
141.17591611111112,39.70715611111111,180
141.17570388888888,39.707188888888886,180
141.1756038888889,39.70715611111111,180
141.1754161111111,39.707056111111115,177
141.1753161111111,39.70697305555556,176
141.17512888888888,39.70678888888889,174
141.1749288888889,39.70661388888889,171
141.17490388888888,39.70654694444445,171
141.1749288888889,39.706496944444446,171
141.1750911111111,39.70632194444445,172
141.17510388888888,39.706271944444445,172
141.1750788888889,39.706223055555554,172
141.17487888888888,39.70609805555556,168
141.17456694444445,39.70593888888889,165
141.17421694444445,39.70574805555555,160
141.17384194444443,39.70552305555555,157
141.1733788888889,39.70525611111111,154
141.17324194444444,39.70515611111111,154
141.17254194444445,39.70476388888889,147
141.17240388888888,39.70470611111111,147
141.1717538888889,39.70460611111111,144
141.17109194444444,39.704371944444446,141
141.1707288888889,39.70423111111111,140
141.1706538888889,39.70419694444445,140
141.17054194444444,39.70417194444445,139
141.1702788888889,39.70420611111111,139
141.17016694444445,39.70422305555556,139
141.16957888888888,39.704256111111114,138
141.16877888888888,39.704348055555556,134
141.16864194444443,39.70430611111111,134
141.16843,39.70422305555556,134
141.16839194444444,39.70420611111111,134
141.16824194444445,39.70423111111111,134
141.16769194444444,39.70438111111111,134
141.16721694444445,39.70451388888889,134
141.16664194444445,39.70467305555555,134
141.16593,39.70486388888889,133
141.16594694444444,39.70490111111111,133
141.16594694444444,39.70490111111111,133
141.16593,39.70486388888889,133
141.165355,39.70363888888889,133
141.16524305555555,39.70338888888889,132
141.165055,39.70293888888889,132
141.16374194444444,39.703271944444445,131
141.163655,39.70328888888889,131
141.16314194444445,39.703423055555554,131
141.16266694444445,39.70354694444445,131
141.162555,39.70357194444444,131
141.16185,39.70375111111111,131
141.16185,39.70375111111111,131
141.161305,39.70388888888889,130
141.16061805555555,39.70406388888889,130
141.16043,39.70411388888889,129
141.160005,39.70422194444444,129
141.15999305555556,39.70422194444444,129
141.159205,39.70443111111111,128
141.15845611111112,39.70462194444445,127
141.15741805555555,39.70488111111111,125
141.15689305555554,39.70501388888889,124
141.1567311111111,39.70508,124
141.15604305555556,39.70528,124
141.1558311111111,39.70533888888889,124
141.1556561111111,39.70538888888889,124
141.15554305555557,39.705446944444446,124
141.15541805555554,39.70552194444444,124
141.1547561111111,39.70569694444445,125
141.1543561111111,39.70578888888889,126
141.1529811111111,39.706155,127
141.1517061111111,39.70648,127
141.1507938888889,39.706721944444446,127
141.15033111111111,39.70683805555556,127
141.1502561111111,39.706855,127
141.14873111111112,39.707255,126
141.1475438888889,39.70756305555555,124
141.14736888888888,39.707605,124
141.1468438888889,39.707746944444445,124
141.14631888888889,39.70788805555556,124
141.1457188888889,39.70808805555556,124
141.14565194444444,39.70811111111111,124
141.14565194444444,39.70811111111111,124
141.1457188888889,39.70808805555556,124
141.14544388888888,39.707605,123
141.14531888888888,39.707388055555555,123
141.1450188888889,39.70683805555556,123
141.14483194444443,39.706505,123
141.1444938888889,39.705913055555556,123
141.1443438888889,39.705663055555554,122
141.1441188888889,39.70523,122
141.1438938888889,39.70469694444444,122
141.14368194444444,39.704121944444445,122
141.1435688888889,39.70384694444444,121
141.14343194444444,39.70348,121
141.14224388888888,39.70346388888889,121
141.14210694444444,39.703455,121
141.14194388888887,39.70338888888889,121
141.14114388888888,39.70299694444444,120
141.140795,39.70281388888889,120
141.14052,39.70267194444445,120
141.14032,39.70258,120
141.140145,39.70252194444444,119
141.13933194444445,39.70233,120
141.13912,39.702305,120
141.138395,39.70216388888889,120
141.1378611111111,39.70206694444445,120
</coordinates>
</LineString>
</Placemark>
</Document>
</kml>
