<?xml version="1.0" encoding="UTF-8"?>
<kml xmlns="http://www.opengis.net/kml/2.2" xmlns:atom="http://www.w3.org/2005/Atom">
<Document>
<name>[Day 7] WCC55th summer camp</name>
<atom:author>
<atom:name>Now</atom:name>
</atom:author> 
<atom:link href="https://latlonglab.yahoo.co.jp/route/watch?id=c7a76a50cc969be957edb5fdae25d25d" />
<description><![CDATA[]]></description>
<tags><![CDATA[wcc55th]]></tags>  
<Placemark>
<Style>
<LineStyle>
<color>99ff0000</color>
<width>6</width>
</LineStyle>
</Style>
<LineString>
<coordinates>
140.86729305555556,40.41352611111111,403
140.86788305555555,40.41337194444444,404
140.86833194444444,40.41334694444444,405
140.87148194444444,40.41359694444444,408
140.871595,40.413605,409
140.871795,40.41366388888889,409
140.872095,40.413921944444446,409
140.87254388888888,40.414755,409
140.8728688888889,40.41499694444445,408
140.87305694444444,40.41508,406
140.8733938888889,40.41508,406
140.87350694444444,40.415038055555556,406
140.8741938888889,40.41448,409
140.8743438888889,40.41426388888889,409
140.87453194444444,40.413671944444445,409
140.87475694444444,40.41336388888889,409
140.87540694444445,40.412955,409
140.8758188888889,40.41283,409
140.87661888888888,40.41269694444444,409
140.8771688888889,40.41275611111111,409
140.8782688888889,40.412956111111114,409
140.8790688888889,40.41321388888889,408
140.8806438888889,40.41366388888889,409
140.8828311111111,40.414138888888886,408
140.8851688888889,40.41516388888889,408
140.88524388888888,40.415196944444446,408
140.8865438888889,40.415805,409
140.8874561111111,40.41638,409
140.88791805555556,40.41681388888889,409
140.88821805555557,40.41718,409
140.88836805555556,40.41757194444445,409
140.88863111111112,40.417955,409
140.88908111111112,40.41833,409
140.89013111111112,40.418905,409
140.89084305555556,40.41938805555556,409
140.89251805555554,40.42026305555556,405
140.892955,40.42058,404
140.893255,40.420921944444444,404
140.893305,40.42118,404
140.89333,40.42258,404
140.89333,40.422688055555554,404
140.89338,40.42293,404
140.89359305555556,40.42328805555555,404
140.89428,40.42368,404
140.89666694444443,40.424888055555556,409
140.89694194444445,40.425021111111114,410
140.89706694444445,40.42509611111111,410
140.89754194444444,40.42534611111111,410
140.897605,40.42536305555556,411
140.89766694444444,40.42537111111111,411
140.89778,40.42537111111111,411
140.89836694444443,40.42529611111111,412
140.89946694444444,40.42536305555556,415
140.90021694444445,40.425513055555555,415
140.90100388888888,40.42572111111111,418
140.90186694444444,40.42585388888889,420
140.90199194444443,40.42585388888889,420
140.9025288888889,40.42585388888889,422
140.90362888888887,40.42576305555556,425
140.9048288888889,40.42566305555555,428
140.9054788888889,40.42556305555556,430
140.90555388888887,40.42554611111111,430
140.9059538888889,40.42543805555555,430
140.90645388888888,40.42521305555555,432
140.9076411111111,40.424596111111114,437
140.9083161111111,40.424263055555556,440
140.9091161111111,40.42386305555556,445
140.9096911111111,40.423563055555555,447
140.91031611111111,40.42331305555555,451
140.9107038888889,40.42321305555556,453
140.9110288888889,40.42319694444444,455
140.9114911111111,40.42322194444444,456
140.9118288888889,40.42328805555555,456
140.9121911111111,40.42339694444444,459
140.9124161111111,40.42348805555555,462
140.91266611111112,40.42364694444444,463
140.9134411111111,40.42433,466
140.91567805555556,40.42642111111111,476
140.919815,40.43062111111111,495
140.92092694444443,40.432003888888886,501
140.92117694444445,40.43232111111111,487
140.9222888888889,40.43377888888889,457
140.9225638888889,40.43403694444444,449
140.9230138888889,40.434286944444445,446
140.9236138888889,40.434486944444444,443
140.92436388888888,40.43462888888889,439
140.92505194444445,40.43480388888889,438
140.92562694444445,40.43497888888889,438
140.92626388888888,40.43530388888889,437
140.9268638888889,40.43569611111111,432
140.9273261111111,40.43609611111111,429
140.92755111111111,40.43637888888889,427
140.9277011111111,40.43656194444444,426
140.92807611111112,40.437261944444444,423
140.9281761111111,40.43758694444445,421
140.9282388888889,40.43807,418
140.9281511111111,40.44000305555556,410
140.92821388888888,40.44042,409
140.9283638888889,40.440795,409
140.9284761111111,40.44095305555555,409
140.92865111111112,40.441203055555555,409
140.92912611111112,40.44162,408
140.9307761111111,40.44267,408
140.93143805555556,40.443086111111114,408
140.93172611111112,40.44327,407
140.9324761111111,40.443736111111114,405
140.93263805555554,40.44382805555556,405
140.93581194444445,40.445793888888886,406
140.936125,40.44601888888889,405
140.937425,40.44682805555556,409
140.93756305555556,40.44690305555556,409
140.93775,40.44701888888889,409
140.93895,40.44780305555555,407
140.93921194444445,40.44792805555556,408
140.93965,40.44806888888889,406
140.94075,40.44836111111111,408
140.94078694444445,40.44839388888889,408
140.94079888888888,40.448436111111114,408
140.94089888888888,40.44883611111111,407
140.94096194444444,40.44936111111111,406
140.94096194444444,40.45056888888889,406
140.9409488888889,40.45136888888889,405
140.94098694444443,40.45155194444445,405
140.94101194444445,40.451661111111115,405
140.94108694444444,40.45182694444444,404
140.9414238888889,40.45241111111111,404
140.94163694444444,40.452711111111114,404
140.94293694444445,40.45456,406
140.9440111111111,40.456135,409
140.9442361111111,40.45700194444444,409
140.9442361111111,40.45740194444444,409
140.9441111111111,40.458035,409
140.94397388888888,40.459085,409
140.9442238888889,40.459743055555556,409
140.94453611111112,40.46087611111111,409
140.9451488888889,40.46284305555555,409
140.9450361111111,40.463301111111114,409
140.9446988888889,40.46387611111111,409
140.94394888888888,40.46467611111111,409
140.94269888888888,40.46565888888889,409
140.94226111111112,40.46584305555555,409
140.9419988888889,40.46603388888889,409
140.9418488888889,40.466591944444446,409
140.9416738888889,40.46695111111111,409
140.9414238888889,40.467151111111114,409
140.9408488888889,40.467391944444444,409
140.9407488888889,40.46752611111111,409
140.94078611111112,40.467708888888886,409
140.9407488888889,40.46832611111111,409
140.9404738888889,40.469875,409
140.9405111111111,40.470391944444444,409
140.9406238888889,40.470683888888885,409
140.9413238888889,40.471583055555556,408
140.94159888888888,40.47204194444444,408
140.9417738888889,40.47286694444445,407
140.9419611111111,40.473308055555556,407
140.9419611111111,40.47358305555556,407
140.9418861111111,40.473883055555554,406
140.9418861111111,40.47428305555555,406
140.94199805555556,40.47474111111111,407
140.94202305555555,40.47515,407
140.9419861111111,40.475233055555556,407
140.94142305555556,40.47574888888889,403
140.94139805555557,40.476641111111114,407
140.94126111111112,40.478206944444445,407
140.94296111111112,40.47909111111111,405
140.94367305555556,40.47960805555556,404
140.9442361111111,40.48039888888889,404
140.94477305555554,40.480916111111114,396
140.94591,40.48320694444445,388
140.947685,40.48479,386
140.94774694444445,40.48489,384
140.94776,40.48500694444444,383
140.94771,40.485306944444446,382
140.94767194444444,40.48554,384
140.947835,40.48582388888889,383
140.94827305555555,40.48630694444444,379
140.94859805555555,40.486515,379
140.94882305555555,40.48667388888889,379
140.94951,40.48708194444445,378
140.95014694444444,40.48754805555556,379
140.950735,40.48798194444444,379
140.95101,40.488148055555556,378
140.95147194444445,40.488373055555556,378
140.95191,40.48882305555556,379
140.95245888888888,40.489598055555554,370
140.95277194444444,40.490015,368
140.9529588888889,40.490298055555556,371
140.95302194444446,40.490498055555555,372
140.9530088888889,40.491115,365
140.95317194444445,40.49155611111111,363
140.95324694444443,40.491915,362
140.95324694444443,40.49230611111111,360
140.95319694444444,40.49274805555556,359
140.95335888888889,40.49314805555556,361
140.95350888888888,40.49333111111111,363
140.95387194444444,40.493873055555554,364
140.95405888888888,40.49443888888889,360
140.95447194444444,40.49507305555556,357
140.95462194444445,40.49541388888889,356
140.95492194444444,40.49567305555556,357
140.95499694444445,40.495873055555556,357
140.95499694444445,40.496271944444445,355
140.95507194444446,40.496631111111114,356
140.95519611111112,40.49699694444445,356
140.9551461111111,40.497396944444446,355
140.9551711111111,40.497613888888885,355
140.95530888888888,40.49787194444445,356
140.9557088888889,40.49820611111111,358
140.9559338888889,40.49853888888889,357
140.9562461111111,40.49908111111111,356
140.9565961111111,40.499631111111114,354
140.9574211111111,40.50044694444444,348
140.9578461111111,40.50088888888889,346
140.9598711111111,40.50271388888889,343
140.95995805555555,40.50278111111111,344
140.96013305555556,40.50302194444444,345
140.96097111111112,40.505405,342
140.96152111111113,40.50743,336
140.96153305555555,40.50832194444445,336
140.9616211111111,40.50918,334
140.9616961111111,40.50939611111111,334
140.96295805555556,40.51129611111111,332
140.96352,40.512055,332
140.96402,40.51246305555556,330
140.96450694444445,40.51274611111111,330
140.965245,40.51307111111111,326
140.96652,40.51342888888889,324
140.967095,40.513778888888886,320
140.96775694444443,40.51437888888889,322
140.96830694444444,40.51515388888889,319
140.96880694444445,40.516128888888886,317
140.96923194444443,40.51741194444445,312
140.97060694444446,40.519621111111114,308
140.97118194444445,40.52034611111111,307
140.97213194444444,40.52124611111111,306
140.97244388888888,40.521678888888886,304
140.97263194444446,40.522128888888886,307
140.97293194444444,40.522886944444444,308
140.97310694444445,40.52307888888889,308
140.97325694444444,40.523178888888886,306
140.97345611111112,40.52332,304
140.9735938888889,40.52352,304
140.9736188888889,40.52371194444444,305
140.9736438888889,40.52383694444445,306
140.9737561111111,40.52395388888889,305
140.9739311111111,40.52417,304
140.9740561111111,40.524411944444445,303
140.9741561111111,40.52477888888889,302
140.97414388888888,40.52497888888889,302
140.97424388888888,40.52527,303
140.97435611111112,40.526086944444444,300
140.9742811111111,40.52675305555555,300
140.9743061111111,40.52767,300
140.97438111111111,40.527845,298
140.9745061111111,40.52802805555555,296
140.9747688888889,40.528295,294
140.97491888888888,40.528495,293
140.9749811111111,40.52870305555555,294
140.9750061111111,40.52896111111111,294
140.97504388888888,40.529153055555554,296
140.9751061111111,40.52930305555556,297
140.97550611111112,40.52967,298
140.9756561111111,40.52977,297
140.9757811111111,40.529803055555554,298
140.9758938888889,40.529803055555554,298
140.97629388888888,40.52973611111111,296
140.97653111111111,40.52968611111111,294
140.9768938888889,40.529653055555556,289
140.9773438888889,40.529653055555556,289
140.9776811111111,40.529695,288
140.9779061111111,40.529795,287
140.97814305555556,40.53002,286
140.97821805555554,40.53011111111111,286
140.9782811111111,40.530253055555555,285
140.97833111111112,40.53048611111111,286
140.9783811111111,40.53056111111111,284
140.9784811111111,40.530636111111114,283
140.9787061111111,40.53076111111111,287
140.97896805555555,40.53093611111111,287
140.9791561111111,40.531328055555555,287
140.97929305555556,40.53182805555556,288
140.97926805555556,40.53210305555555,288
140.9794061111111,40.53275305555555,289
140.9792561111111,40.53321888888889,279
140.97920611111113,40.53336888888889,278
140.97920611111113,40.53348611111111,278
140.9792561111111,40.53358611111111,279
140.97971805555557,40.53476888888889,279
140.97990611111112,40.53499388888889,279
140.98029305555556,40.535693888888886,279
140.9810061111111,40.53680194444444,278
140.98129305555557,40.53721111111111,278
140.98151805555557,40.53751111111111,278
140.981655,40.537801944444446,278
140.98186805555557,40.53848611111111,277
140.981855,40.53906111111111,276
140.98181805555555,40.539186111111114,276
140.98136805555555,40.539535,272
140.98103,40.539785,270
140.98068,40.540085,270
140.98021805555555,40.540485,272
140.97989305555555,40.54071,273
140.97971805555557,40.540785,274
140.97954305555555,40.54081,273
140.97869305555557,40.54079388888889,273
140.9776061111111,40.54066,275
140.97626805555555,40.54049388888889,268
140.97604305555555,40.540526944444444,267
140.9758061111111,40.54062694444445,265
140.97559305555555,40.540885,265
140.9753061111111,40.54196,265
140.9752311111111,40.543076944444444,263
140.9749561111111,40.544426111111115,260
140.9749561111111,40.54496805555556,260
140.97505611111112,40.545568055555556,257
140.9753311111111,40.54712611111111,257
140.97531805555556,40.54773388888889,257
140.97503111111112,40.54933388888889,254
140.9748561111111,40.55005888888889,252
140.97474305555556,40.55036694444444,252
140.97464305555556,40.550491944444445,251
140.9745061111111,40.55065888888889,250
140.97447805555555,40.55068388888889,250
140.97447805555555,40.55068388888889,250
140.97438111111111,40.55077611111111,250
140.97414305555554,40.55100111111111,253
140.97386805555556,40.55116694444445,251
140.97366805555555,40.55129194444444,252
140.97351805555556,40.55146694444444,251
140.9734061111111,40.551991944444445,253
140.97323111111112,40.55250888888889,256
140.97314305555557,40.55274194444444,257
140.97241805555555,40.553375,255
140.97211805555557,40.55368388888889,255
140.9715061111111,40.554875,251
140.97101805555556,40.55603305555555,246
140.97091805555556,40.55660805555556,245
140.9710061111111,40.55790805555556,246
140.9711311111111,40.55878305555556,241
140.97144305555557,40.55915805555556,240
140.97209305555555,40.55963305555556,241
140.97286805555555,40.55996611111111,243
140.97433,40.560341111111114,242
140.97484305555557,40.560631944444445,237
140.97536805555555,40.56110694444445,237
140.975755,40.56162388888889,236
140.97589194444444,40.561973888888886,237
140.97589194444444,40.56221611111111,237
140.97576694444444,40.562598888888886,236
140.975655,40.56281611111111,237
140.97538,40.562956944444444,237
140.97504305555555,40.562956944444444,236
140.97468,40.56299888888889,236
140.974455,40.56309888888889,236
140.97426805555557,40.563316111111114,237
140.97396805555556,40.56379888888889,237
140.973855,40.56413194444445,237
140.97371805555557,40.56489,236
140.97374305555556,40.565306944444444,236
140.97404305555557,40.56580694444445,229
140.97464194444444,40.566581944444444,228
140.97516694444445,40.566915,227
140.976455,40.567365,228
140.97686694444445,40.56760694444444,227
140.97831694444446,40.56897305555555,233
140.97866694444446,40.56939,235
140.97877888888888,40.56980611111111,228
140.97877888888888,40.57035611111111,225
140.97871694444444,40.57063111111111,224
140.97819194444443,40.57151388888889,224
140.97791694444444,40.57237305555556,226
140.97791694444444,40.572831111111114,224
140.9779538888889,40.57294805555556,224
140.97811694444445,40.573323055555555,226
140.9788788888889,40.57391388888889,227
140.97936694444445,40.57418888888889,226
140.98071694444445,40.57516388888889,225
140.98106694444445,40.57538111111111,224
140.9818911111111,40.57558888888889,222
140.9850788888889,40.57622194444444,209
140.9861911111111,40.57653111111111,206
140.9862288888889,40.576571944444446,205
140.98626611111112,40.57663111111111,205
140.98652805555557,40.57718111111111,206
140.98655305555556,40.57723111111111,207
140.9863288888889,40.57728888888889,207
140.98456611111112,40.57738888888889,208
140.9826911111111,40.577421944444446,209
140.9814788888889,40.57753888888889,209
140.98082888888888,40.57750611111111,215
140.98049111111112,40.57740611111111,216
140.9796538888889,40.57689694444444,218
140.97916694444444,40.57675611111111,218
140.97855388888888,40.576481111111114,218
140.9781538888889,40.57636388888889,218
140.97746694444444,40.57636388888889,221
140.9771788888889,40.57640611111111,222
140.97691694444444,40.57660611111111,224
140.9765538888889,40.57696388888889,226
140.9762538888889,40.57716388888889,227
140.97505388888888,40.57771388888889,233
140.97415388888888,40.577888888888886,233
140.97386694444444,40.57797194444444,235
140.97371694444445,40.57813,237
140.97293,40.57933,244
140.972355,40.57998,246
140.97201694444445,40.580488055555556,254
140.97201694444445,40.580955,255
140.971955,40.58128,252
140.97154194444445,40.582355,255
140.97149194444444,40.58356305555556,264
140.97142888888888,40.58376305555556,262
140.9709038888889,40.58441305555556,267
140.9708288888889,40.58459611111111,268
140.9708038888889,40.58484611111111,268
140.97084194444443,40.586036944444444,276
140.9707788888889,40.58654611111111,279
140.97079194444444,40.58742111111111,286
140.97072888888889,40.58767888888889,285
140.9706038888889,40.58792888888889,284
140.97014194444444,40.58867111111111,288
140.97004194444443,40.58876194444444,288
140.9696538888889,40.589011944444444,291
140.96936694444443,40.589195,293
140.96879194444443,40.58956194444445,299
140.96857888888889,40.58965388888889,302
140.9684038888889,40.58967,306
140.9683288888889,40.58961194444444,304
140.96806694444444,40.58867111111111,304
140.96803,40.58862888888889,303
140.96791694444445,40.58852888888889,302
140.967705,40.58852888888889,304
140.96743,40.588586944444444,310
140.967255,40.58872,312
140.967255,40.588945,315
140.96751694444444,40.589511944444446,319
140.96769194444445,40.58973694444445,318
140.96771694444445,40.589936944444446,321
140.9676288888889,40.59015388888889,325
140.96691694444445,40.59108694444444,332
140.96612888888887,40.59227805555555,341
140.96601694444445,40.59247805555555,341
140.9659288888889,40.59258694444444,341
140.965855,40.592645,343
140.96571694444444,40.592711944444446,344
140.965555,40.592778055555556,347
140.96503,40.59305305555556,352
140.96496694444446,40.593136111111114,354
140.96493,40.59327,354
140.96489194444445,40.59358611111111,361
140.96463,40.593761111111114,360
140.96443,40.593761111111114,360
140.963805,40.59351111111111,362
140.96354194444444,40.59345305555556,368
140.96321694444444,40.59348611111111,369
140.96239194444445,40.59412,382
140.96228,40.59412,384
140.96209194444444,40.59396111111111,384
140.96211694444443,40.59381111111111,381
140.962605,40.59307,391
140.962605,40.592995,392
140.96261694444445,40.59287805555556,392
140.96229305555556,40.59246111111111,395
140.96233,40.59220305555556,402
140.96229305555556,40.59202,403
140.96199194444443,40.591845,403
140.96173,40.59182805555555,405
140.96133,40.59180305555556,408
140.960705,40.59182805555555,413
140.95998,40.59197805555556,416
140.95919305555555,40.592245,419
140.958705,40.592553055555555,425
140.95866805555556,40.59263611111111,427
140.95871805555555,40.59286111111111,434
140.959505,40.59375305555555,434
140.95953,40.59395305555555,434
140.959455,40.59407,433
140.95916805555555,40.59432805555556,437
140.95883,40.59444388888889,445
140.95776805555556,40.59460305555555,462
140.95686805555556,40.59477805555556,463
140.95611805555555,40.59509388888889,465
140.95553,40.59553611111111,467
140.95534305555555,40.595711111111115,468
140.954755,40.59690194444445,469
140.95449305555556,40.59771888888889,469
140.95448,40.597901944444445,469
140.95451805555555,40.597951944444446,469
140.95523,40.598376944444446,477
140.95573,40.59871111111111,477
140.95578,40.599043888888886,478
140.95576694444443,40.59931111111111,477
140.95574194444444,40.59939388888889,478
140.955655,40.59948611111111,479
140.955555,40.59957694444444,480
140.955105,40.59986111111111,484
140.95449194444444,40.600301944444446,488
140.95384305555555,40.600735,497
140.95194305555555,40.60179388888889,505
140.95134305555555,40.60206888888889,504
140.95021805555555,40.60276,514
140.949955,40.602826944444445,515
140.94935611111111,40.602876944444446,518
140.9492811111111,40.602918055555556,522
140.9492561111111,40.603035,525
140.94946805555554,40.603143055555556,527
140.94999305555555,40.603143055555556,527
140.950605,40.602918055555556,525
140.95079305555555,40.602918055555556,528
140.95094305555557,40.60301805555556,533
140.95094305555557,40.60310194444445,533
140.95083,40.60320194444444,535
140.950305,40.603293055555554,534
140.94984305555556,40.60346,543
140.949205,40.60349305555555,544
140.94876805555555,40.60357694444444,545
140.94826805555556,40.60376,544
140.9477811111111,40.604126944444445,547
140.9472311111111,40.60449305555556,557
140.9469311111111,40.604585,557
140.9459811111111,40.60466805555556,562
140.94584305555554,40.60474305555555,562
140.94583111111112,40.604868055555556,563
140.94606805555554,40.60502611111111,564
140.94714305555556,40.605443055555554,567
140.9473561111111,40.60561,568
140.9474811111111,40.605718055555556,567
140.94771805555555,40.60607611111111,574
140.947905,40.60667611111111,583
140.94791805555556,40.60686805555556,585
140.948105,40.61028388888889,588
140.948105,40.61065888888889,588
140.948105,40.610793055555554,588
140.948105,40.611491944444445,587
140.94806805555555,40.61167611111111,587
140.94779305555556,40.61203388888889,587
140.94779305555556,40.61260111111111,586
140.94783,40.612941944444444,587
140.94798,40.613216944444446,585
140.94798,40.61335888888889,584
140.94743,40.614016944444444,585
140.94716805555555,40.61421694444444,586
140.946805,40.614333888888886,581
140.94664194444445,40.61450888888889,576
140.94649305555555,40.61468388888889,577
140.94596694444445,40.61544194444444,583
140.94556805555555,40.61634194444444,593
140.945555,40.61700805555556,596
140.94549305555554,40.61709194444445,596
140.94503,40.617525,601
140.944805,40.617783055555556,606
140.944805,40.617925,608
140.944855,40.618,608
140.944955,40.617983055555555,609
140.94553,40.617725,607
140.946305,40.61765,614
140.946805,40.61765,616
140.94703,40.617691944444445,619
140.94769194444444,40.61795,628
140.94789194444445,40.618125,628
140.94814194444444,40.618516944444444,628
140.948255,40.6189,629
140.94823,40.619016944444446,630
140.94808,40.61913305555556,632
140.947955,40.61913305555556,633
140.94769194444444,40.618875,633
140.94754194444445,40.6189,636
140.94729194444446,40.619258055555555,639
140.94721694444445,40.61931694444444,639
140.946755,40.619458055555555,642
140.94614194444443,40.61969111111111,648
140.945655,40.620108055555555,653
140.94528,40.62058305555556,656
140.944905,40.621341111111114,656
140.94489194444444,40.62164111111111,657
140.94496694444445,40.62171611111111,657
140.94509194444444,40.62171611111111,658
140.94573,40.6215,662
140.94588,40.6215,662
140.94599194444444,40.62155805555555,664
140.94609194444445,40.622175,670
140.946055,40.62262388888889,671
140.94591694444443,40.622908055555556,672
140.945205,40.62366611111111,679
140.944755,40.62421611111111,684
140.94374194444444,40.62494888888889,688
140.94366694444443,40.62509111111111,688
140.94336694444445,40.626081944444444,692
140.94308,40.626283055555554,695
140.941905,40.626623888888886,703
140.94071805555555,40.627116111111114,707
140.940005,40.62717388888889,713
140.93969305555555,40.62724111111111,714
140.93914194444446,40.62749888888889,715
140.93779305555555,40.62806611111111,725
140.93713,40.62826611111111,730
140.93626805555556,40.628565,733
140.93548,40.629165,735
140.93416805555555,40.63039,744
140.93364305555556,40.630815,747
140.93343,40.630923055555556,748
140.93313,40.630965,748
140.93206805555556,40.631065,752
140.93203111111112,40.631073055555554,752
140.93151805555556,40.631123055555555,756
140.93053111111112,40.631123055555555,758
140.9301311111111,40.631081944444446,760
140.9296061111111,40.631073055555554,762
140.9292561111111,40.631098055555555,762
140.92885611111112,40.631165,761
140.92844305555556,40.63113194444445,764
140.92776805555556,40.63104805555555,770
140.9271061111111,40.63104805555555,773
140.92649305555557,40.63109,776
140.9242438888889,40.63079805555556,787
140.92350611111112,40.63037305555556,795
140.92283111111112,40.63014,798
140.9221188888889,40.630015,803
140.92158111111112,40.629965,806
140.9208311111111,40.63008194444444,810
140.92013111111112,40.63028111111111,816
140.9199688888889,40.630265,817
140.91989388888888,40.63014,818
140.9200438888889,40.62974,823
140.9199688888889,40.629665,826
140.91968111111112,40.62968194444444,825
140.9179311111111,40.63048111111111,834
140.9178188888889,40.63048111111111,835
140.9177811111111,40.63038111111111,836
140.91788194444445,40.63008111111111,841
140.9177688888889,40.62999805555555,844
140.91750694444445,40.630023055555554,844
140.91645694444443,40.63032305555556,855
140.91559388888888,40.630415,858
140.91405694444444,40.63042305555555,866
140.91330694444446,40.63058111111111,867
140.9126188888889,40.63078111111111,867
140.9120188888889,40.63103111111111,865
140.91118194444445,40.63167305555555,865
140.91085694444445,40.63173111111111,865
140.9096438888889,40.63173111111111,868
140.90945694444446,40.63164694444445,867
140.90878194444446,40.631171944444446,871
140.90842,40.63113888888889,875
140.90810694444446,40.631413888888886,878
140.90803194444445,40.631413888888886,878
140.90763194444443,40.63101388888889,887
140.90737,40.63101388888889,889
140.907295,40.631073055555554,890
140.90732,40.63123111111111,893
140.907395,40.63138111111111,893
140.907395,40.63165611111111,893
140.90717,40.63185611111111,893
140.90698194444445,40.63188888888889,895
140.90572,40.63163888888889,907
140.90538194444446,40.63139694444445,912
140.90527,40.63139694444445,914
140.905195,40.63145611111111,916
140.90520694444444,40.63155611111111,917
140.905695,40.63203111111111,916
140.90568194444444,40.63234805555555,912
140.90557,40.632421944444445,914
140.90532,40.632421944444445,918
140.90515694444446,40.63234694444444,920
140.905045,40.63201388888889,924
140.90487,40.631813888888885,927
140.90433194444444,40.63138111111111,929
140.90393194444445,40.63127305555555,935
140.90138305555556,40.63088111111111,945
140.900395,40.63048111111111,947
140.90005805555555,40.63030611111111,945
140.89957,40.63014694444445,951
140.89718305555556,40.629871944444446,963
140.89660805555556,40.629871944444446,963
140.89468305555556,40.63021388888889,968
140.89337111111112,40.63053111111111,973
140.89317111111112,40.63058888888889,974
140.8923961111111,40.630605,980
140.89148305555557,40.630905,983
140.8912711111111,40.63108,984
140.89100805555555,40.63142194444445,986
140.89060805555556,40.63171388888889,991
140.89022111111112,40.63178,993
140.8893711111111,40.63182194444445,992
140.88883305555555,40.631796944444446,991
140.88827111111112,40.631863055555556,992
140.88793388888888,40.632013055555554,993
140.88749611111112,40.63233805555556,996
140.8866211111111,40.63263,999
140.88647111111112,40.63277194444444,999
140.88647111111112,40.632846944444445,1000
140.88678388888889,40.633088055555554,1005
140.8869711111111,40.63321305555556,1005
140.8868961111111,40.63328805555555,1004
140.8865211111111,40.63326305555555,1012
140.8859961111111,40.633205,1013
140.8853711111111,40.633205,1016
140.8844711111111,40.63343,1023
140.8840088888889,40.633605,1025
140.8839088888889,40.63364611111111,1025
140.8831088888889,40.63419611111111,1022
140.8825588888889,40.634555,1018
140.8821088888889,40.634638055555556,1019
140.8815088888889,40.63472111111111,1020
140.88135888888888,40.634863055555556,1021
140.88114611111112,40.63509611111111,1021
140.8806588888889,40.63527888888889,1024
140.8801961111111,40.635353888888886,1028
140.8798711111111,40.635238055555554,1027
140.8792588888889,40.63496305555555,1026
140.8780338888889,40.63474611111111,1025
140.87747194444444,40.63469611111111,1026
140.87659694444446,40.63469611111111,1025
140.87592194444446,40.63484611111111,1024
140.87388388888888,40.635713055555556,1023
140.87298388888888,40.63628805555555,1022
140.87233388888887,40.63677111111111,1020
140.87218388888888,40.636828888888886,1018
140.87192194444444,40.636811944444446,1018
140.87147194444444,40.63662111111111,1017
140.8712338888889,40.63652111111111,1018
140.87077194444444,40.63632888888889,1018
140.87059694444446,40.63625388888889,1018
140.87024694444443,40.63625388888889,1018
140.87003388888888,40.63628805555555,1018
140.86946,40.63639611111111,1018
140.86824694444445,40.63680388888889,1016
140.86677194444445,40.63739611111111,1010
140.866585,40.63747111111111,1009
140.866335,40.637571111111114,1007
140.865685,40.63802888888889,1002
140.86559694444443,40.638086944444446,1000
140.86534694444444,40.638195,999
140.86527194444446,40.63822888888889,998
140.86509694444445,40.63830388888889,997
140.86421,40.63842888888889,993
140.863935,40.63847,992
140.86364694444444,40.638686944444444,989
140.863335,40.63892,988
140.86296,40.639345,984
140.86281,40.63952,983
140.86272194444444,40.639586944444446,983
140.86262194444444,40.63967,982
140.86227194444444,40.63992,982
140.86212194444445,40.64003694444445,983
140.861885,40.64057,977
140.86144694444445,40.64098694444444,975
140.86024694444444,40.64223611111111,975
140.86009694444445,40.64243611111111,971
140.860135,40.64271111111111,974
140.86014694444444,40.64283611111111,974
140.86019694444445,40.643436111111114,964
140.86021,40.64355305555556,962
140.86017194444443,40.64361111111111,961
140.85941,40.64414388888889,955
140.85927305555555,40.644303055555554,955
140.85911,40.64456888888889,954
140.85904694444446,40.64476111111111,955
140.85904694444446,40.64492805555555,954
140.85901,40.64507805555556,954
140.85892194444443,40.64516888888889,951
140.858185,40.64552805555556,942
140.85796,40.64571888888889,942
140.85787194444444,40.64584388888889,942
140.85782194444445,40.64597805555555,942
140.857735,40.64658611111111,941
140.85766,40.646701944444445,940
140.857535,40.64681888888889,938
140.85739694444445,40.646861111111114,937
140.857235,40.646861111111114,937
140.85707305555556,40.64681888888889,935
140.85607305555556,40.64616111111111,924
140.855885,40.64608611111111,922
140.855685,40.646051944444444,921
140.855535,40.64608611111111,918
140.85509805555554,40.64648611111111,916
140.85494805555555,40.646568888888886,915
140.854785,40.646568888888886,914
140.85402305555556,40.64636888888889,906
140.85392305555555,40.64639388888889,905
140.85386,40.64642805555555,903
140.85381,40.646543888888885,903
140.85377305555556,40.646861111111114,898
140.853735,40.64706888888889,896
140.853685,40.64726888888889,896
140.85362305555554,40.64741111111111,897
140.85346,40.64753611111111,898
140.85306,40.647843888888886,901
140.85287305555556,40.64834388888889,908
140.85272305555554,40.64858611111111,908
140.85254805555556,40.64872694444445,906
140.85234805555555,40.648876944444446,904
140.8522111111111,40.64894388888889,904
140.8518611111111,40.649101944444446,904
140.8516361111111,40.64926888888889,902
140.85119805555556,40.64959388888889,898
140.8509361111111,40.64969388888889,895
140.85031111111113,40.649568888888886,895
140.84963611111112,40.64942694444444,892
140.84949805555556,40.649435,892
140.84939805555555,40.649485,891
140.8493361111111,40.64959388888889,891
140.84932305555554,40.64966,891
140.8493361111111,40.64974388888889,890
140.84942305555555,40.64981888888889,890
140.8499111111111,40.65005194444444,885
140.84997305555555,40.65016,883
140.84997305555555,40.650335,881
140.84988611111112,40.65047694444444,882
140.84972305555556,40.65054388888889,882
140.8494611111111,40.650526944444444,882
140.84924805555556,40.650418888888886,878
140.84889805555557,40.650085,874
140.84867305555557,40.64997694444445,873
140.8478861111111,40.649735,877
140.8476611111111,40.64966,870
140.84724805555555,40.64965194444444,866
140.84697305555557,40.649701944444445,867
140.8465611111111,40.649785,868
140.84587305555556,40.65005194444444,863
140.84548611111111,40.650168055555554,861
140.8450488888889,40.65029305555556,852
140.84487388888888,40.650351944444445,851
140.8448488888889,40.65036805555555,851
140.8447238888889,40.65050194444444,851
140.84464888888888,40.65074305555556,852
140.8446111111111,40.650868055555556,852
140.84456111111112,40.651043055555554,853
140.8445361111111,40.65110194444444,852
140.84446111111112,40.651243055555554,854
140.8441488888889,40.651485,847
140.8439361111111,40.651651944444446,845
140.84363611111112,40.65176,845
140.8434988888889,40.651743055555556,844
140.8432738888889,40.651718055555556,845
140.84317388888888,40.651685,846
140.8422111111111,40.65136,838
140.8418988888889,40.65127694444445,838
140.8417988888889,40.65125194444445,837
140.84148611111112,40.65127611111111,835
140.84061111111112,40.65134305555556,829
140.84046111111113,40.65134305555556,829
140.83969888888888,40.651335,827
140.83946111111112,40.65141805555555,825
140.83913694444445,40.651535,825
140.83898694444446,40.65159305555556,824
140.8387988888889,40.651685,821
140.83853694444446,40.65181,818
140.83833694444445,40.65195111111111,817
140.83811194444445,40.65212611111111,817
140.83777388888888,40.65256,813
140.83733694444444,40.65391805555556,811
140.83717388888888,40.65423388888889,807
140.83678694444444,40.65445888888889,807
140.83641194444445,40.65452611111111,806
140.83559888888888,40.65455111111111,805
140.83514888888888,40.65457611111111,806
140.83498694444444,40.654693055555555,806
140.8348738888889,40.65482611111111,804
140.83479888888888,40.65513388888889,802
140.83479888888888,40.65578388888889,797
140.83479888888888,40.65590111111111,795
140.83456194444443,40.65610111111111,791
140.83437388888888,40.65615888888889,787
140.83391194444445,40.656241944444446,786
140.8330238888889,40.65640111111111,786
140.83256194444445,40.65650888888889,786
140.83191194444444,40.65665888888889,786
140.83097388888888,40.65698388888889,775
140.83011194444444,40.65744194444444,762
140.82988694444444,40.65760111111111,762
140.829575,40.65781694444444,763
140.82943694444444,40.65806694444444,761
140.82931194444444,40.658276111111114,756
140.8292,40.65895888888889,754
140.82908694444444,40.65958388888889,746
140.82883694444445,40.66170805555556,733
140.8288738888889,40.662,731
140.8292988888889,40.662475,727
140.82948694444445,40.66279194444444,727
140.8294488888889,40.66305,728
140.82921194444444,40.66325805555555,728
140.8284488888889,40.663558055555555,729
140.827175,40.663975,725
140.82678694444445,40.66416611111111,726
140.8266,40.664375,727
140.82636194444444,40.66496611111111,732
140.82636194444444,40.66535805555556,734
140.82651194444443,40.66589888888889,736
140.82636194444444,40.66755805555555,727
140.82622388888888,40.667881944444446,724
140.8253,40.668773888888886,723
140.82517388888888,40.66911611111111,724
140.82516194444443,40.669356944444445,725
140.82501194444444,40.67005694444445,727
140.82471194444443,40.67099888888889,718
140.82421194444444,40.67189,715
140.8241988888889,40.672115,713
140.8242488888889,40.67223194444444,713
140.82471194444443,40.672956944444444,708
140.82478194444445,40.67321,707
140.82478111111112,40.67321,707
140.8248238888889,40.673365,707
140.82483694444446,40.675023055555556,695
140.8249238888889,40.67548194444444,692
140.82508694444445,40.675806944444446,686
140.82523694444444,40.67590694444444,683
140.8256988888889,40.67594805555556,684
140.82731194444443,40.675965,674
140.82743694444446,40.676006944444445,671
140.82753694444443,40.676115,667
140.8274988888889,40.67637305555556,665
140.8272988888889,40.676815,662
140.8271488888889,40.67742305555556,655
140.8271988888889,40.67782305555556,651
140.82733611111112,40.67807305555556,646
140.8276111111111,40.67824805555556,643
140.8279611111111,40.67824805555556,643
140.82861111111112,40.67812305555555,643
140.82893611111112,40.67812305555555,640
140.8290738888889,40.678215,637
140.8291238888889,40.67839,635
140.82902388888888,40.67925611111111,638
140.8289611111111,40.67942305555555,636
140.8289988888889,40.67966388888889,635
140.8291111111111,40.679988888888886,642
140.8295238888889,40.68058888888889,644
140.82994888888888,40.68103888888889,647
140.83049888888888,40.68140611111111,651
140.83098611111112,40.681598055555554,655
140.83163611111112,40.68170611111111,659
140.83198611111112,40.68170611111111,663
140.83237305555556,40.68176388888889,669
140.83381111111112,40.68172305555556,675
140.83464805555556,40.68166388888889,678
140.83497305555557,40.68172305555556,674
140.8352361111111,40.68193888888889,681
140.83539805555554,40.68219805555555,686
140.8354111111111,40.68246388888889,686
140.83527305555555,40.68278111111111,687
140.83438611111112,40.68366388888889,684
140.83422305555555,40.683948055555554,684
140.83422305555555,40.68428888888889,685
140.83429805555556,40.684646944444445,685
140.8341111111111,40.68543888888889,694
140.8342111111111,40.685721944444445,696
140.8353361111111,40.68675611111111,708
140.83554805555556,40.687171944444444,714
140.83562305555554,40.68808,722
140.83577305555556,40.68873,722
140.835935,40.68908888888889,725
140.83642305555554,40.689888055555556,723
140.83692305555556,40.690446944444446,724
140.83702305555556,40.69117194444444,722
140.83707305555555,40.69148,722
140.83716,40.691705,721
140.83736,40.69182194444444,722
140.83811,40.69193805555555,723
140.838285,40.69206305555556,724
140.83849694444444,40.69254611111111,716
140.83922305555555,40.695053888888886,679
140.83976,40.69596305555555,669
140.83991,40.69640388888889,663
140.83987194444444,40.69658805555556,659
140.83964694444444,40.69680388888889,655
140.83929694444444,40.696888055555554,654
140.838535,40.69680388888889,644
140.83809805555555,40.69680388888889,639
140.837785,40.69690388888889,637
140.83509805555556,40.69862111111111,612
140.83252305555555,40.70010388888889,586
140.83177305555554,40.70037888888889,583
140.83021,40.70108694444444,564
140.829785,40.70137888888889,563
140.82952305555557,40.701636944444445,566
140.82904805555555,40.70236194444445,555
140.82879805555555,40.70260305555556,554
140.82862305555557,40.70266194444444,555
140.8271611111111,40.702686944444444,538
140.82701111111112,40.70272805555555,537
140.82688611111112,40.702845,536
140.82646111111112,40.703336944444445,534
140.8259361111111,40.70367,533
140.82431111111111,40.704095,533
140.82303611111112,40.70408611111111,530
140.82264805555556,40.70422,527
140.82227305555554,40.70440305555555,527
140.82207305555556,40.704636111111114,527
140.82192305555554,40.70496888888889,527
140.8219361111111,40.70566888888889,528
140.82216111111111,40.70586111111111,528
140.82242305555556,40.70587805555556,527
140.82283611111112,40.70609388888889,528
140.82327305555555,40.70643611111111,529
140.8242611111111,40.70771888888889,527
140.82431111111111,40.70816111111111,525
140.82414805555555,40.70847805555555,524
140.82357305555556,40.70908611111111,521
140.82317305555554,40.70993611111111,518
140.82312305555556,40.710301944444446,517
140.82316111111112,40.710501944444445,516
140.82406,40.71162694444445,517
140.82456,40.71239388888889,520
140.82456,40.712676944444446,521
140.82449805555555,40.71284388888889,522
140.82407305555554,40.71301,524
140.823185,40.71317694444444,512
140.82271,40.71336888888889,509
140.8218861111111,40.713543888888886,502
140.82132305555555,40.71396,503
140.8202861111111,40.714351944444445,494
140.8199611111111,40.71442694444445,486
140.8195861111111,40.71431805555556,486
140.81932305555554,40.71430194444444,485
140.8182611111111,40.714576944444445,476
140.81771111111112,40.71482694444445,476
140.81739805555554,40.71485194444445,476
140.81717305555554,40.71471,474
140.81697305555556,40.71469305555556,472
140.81682305555555,40.71485194444445,471
140.81667305555555,40.715185,464
140.8164361111111,40.715335,462
140.81612305555555,40.71526,465
140.81568611111112,40.71506,462
140.81532388888888,40.715093055555556,462
140.81491111111112,40.71531805555556,463
140.8147111111111,40.71555111111111,463
140.81453611111112,40.71602611111111,465
140.81432388888888,40.71645111111111,463
140.81409888888888,40.71660111111111,464
140.81321111111112,40.716943055555554,455
140.81286111111112,40.717258888888885,456
140.81231111111111,40.71799305555555,454
140.8120988888889,40.71815111111111,452
140.81193611111112,40.71821805555555,452
140.8116611111111,40.71820888888889,453
140.81102388888888,40.71805111111111,455
140.8103238888889,40.717908888888886,457
140.8097111111111,40.71795111111111,456
140.8094238888889,40.71805111111111,456
140.8090861111111,40.718316944444446,455
140.80889888888888,40.71857611111111,456
140.80878611111112,40.71900111111111,457
140.8087238888889,40.71980888888889,451
140.80864888888888,40.72009194444444,448
140.80846111111111,40.72027611111111,443
140.80819888888888,40.72037611111111,441
140.80799888888887,40.72037611111111,445
140.80688694444444,40.720151111111115,448
140.8064738888889,40.720151111111115,449
140.8052988888889,40.72045111111111,455
140.8052238888889,40.72055888888889,455
140.80533694444443,40.721041944444444,455
140.80572388888888,40.72180888888889,442
140.80568694444443,40.722225,447
140.80548694444445,40.72255,445
140.8052988888889,40.723075,443
140.80526194444445,40.723841944444445,432
140.8051738888889,40.724041944444444,432
140.80483694444445,40.724291944444445,435
140.80412388888888,40.724666944444444,428
140.8038238888889,40.724875,426
140.80328694444444,40.72555805555555,427
140.80289888888888,40.725883055555556,425
140.8026988888889,40.72596611111111,425
140.80243694444445,40.72596611111111,425
140.80232388888888,40.72594111111111,426
140.80108694444445,40.72509194444444,415
140.80066194444444,40.724891944444444,410
140.80013694444443,40.724758055555554,405
140.799325,40.72465,404
140.7989,40.724675,405
140.798475,40.72479111111111,403
140.79813694444445,40.72479111111111,398
140.798025,40.72476611111111,396
140.797375,40.724475,386
140.79698694444446,40.724475,384
140.79678694444445,40.72461611111111,384
140.796625,40.72501611111111,377
140.796025,40.72548305555556,375
140.795575,40.72596611111111,367
140.79525,40.72622388888889,368
140.79481305555555,40.72639111111111,365
140.794625,40.726548888888885,364
140.7944,40.72683305555555,363
140.79423694444444,40.72723305555556,360
140.794,40.72829888888889,344
140.7937,40.72873194444445,336
140.793575,40.72915694444445,334
140.79366194444444,40.73069111111111,318
140.7936,40.731206944444445,315
140.79345,40.73151611111111,309
140.79288805555555,40.73209888888889,305
140.792225,40.73258194444445,297
140.79163805555555,40.733065,295
140.79161194444444,40.73309888888889,295
140.79061194444444,40.73438194444444,286
140.790325,40.734631944444445,284
140.789525,40.73500694444444,275
140.78805,40.735573055555555,276
140.787375,40.73603111111111,266
140.78701305555555,40.736215,258
140.786825,40.73624,257
140.78616305555556,40.73614,255
140.785825,40.73605611111111,255
140.78498805555554,40.73603111111111,256
140.78442611111112,40.73608111111111,248
140.78413805555556,40.73625611111111,247
140.7840511111111,40.73645611111111,245
140.78408805555554,40.736806111111115,239
140.78436305555556,40.73787305555555,233
140.78473805555555,40.738998055555555,225
140.78501305555557,40.73981388888889,220
140.78546305555557,40.74066388888889,216
140.7857,40.74143111111111,209
140.78573694444444,40.74158888888889,206
140.78586194444443,40.74225611111111,202
140.78586194444443,40.74243888888889,202
140.78581194444445,40.74268111111111,200
140.78568694444445,40.74298888888889,199
140.785225,40.74381388888889,190
140.78488805555557,40.74430611111111,185
140.78326305555555,40.746071944444445,171
140.78278805555556,40.74641388888889,168
140.782225,40.746896944444444,165
140.78216305555554,40.74698,165
140.782075,40.747105,164
140.781475,40.747888055555556,162
140.78045,40.748755,158
140.77926305555556,40.74959611111111,148
140.77865,40.750105,146
140.77808805555554,40.750571111111114,144
140.777825,40.750838055555555,142
140.777625,40.75104611111111,141
140.7772261111111,40.751446111111115,136
140.7770261111111,40.75165388888889,135
140.77661305555554,40.75206305555555,129
140.77636305555555,40.752313055555554,127
140.77621305555556,40.75248805555555,131
140.77615111111112,40.75267888888889,132
140.77593805555554,40.75362888888889,128
140.77573805555556,40.75462888888889,125
140.77568805555555,40.75492111111111,123
140.775625,40.75519611111111,122
140.77555,40.75551194444444,121
140.775425,40.75586194444445,120
140.77525,40.75617888888889,119
140.77483805555556,40.75671194444445,116
140.7749,40.75691194444445,116
140.774925,40.75709611111111,115
140.774875,40.75762888888889,114
140.7745,40.75926194444445,109
140.774525,40.75958694444444,107
140.77451305555556,40.76010388888889,103
140.774475,40.76027,101
140.77445,40.760353055555555,100
140.774125,40.761345,90
140.77406305555556,40.761545,89
140.77391305555557,40.761795,87
140.77361305555556,40.762145,83
140.77255,40.76320305555556,68
140.77215,40.763603055555556,60
140.77183805555555,40.76401111111111,56
140.771775,40.76411111111111,54
140.771725,40.76427805555556,53
140.77168805555556,40.76442,54
140.7716,40.76516111111111,45
140.77158805555555,40.76529388888889,44
140.77155,40.765703055555555,44
140.77151305555554,40.76596888888889,44
140.77145,40.76620305555556,43
140.771275,40.76682805555556,42
140.77095,40.767878055555556,36
140.77063805555557,40.76886888888889,33
140.77023694444443,40.770251944444446,31
140.7701,40.770601944444444,31
140.77,40.770786111111114,31
140.76988805555555,40.77094388888889,32
140.76975694444445,40.771078055555556,31
140.76975694444445,40.771078055555556,31
140.76975,40.77108611111111,31
140.76951305555556,40.77123611111111,30
140.7685,40.771543888888885,27
140.768275,40.77166888888889,26
140.76813805555557,40.771768888888886,26
140.76791305555557,40.771968888888885,25
140.76731305555555,40.772551944444444,24
140.767025,40.772835,24
140.7666,40.77324388888889,24
140.76628805555555,40.77354388888889,24
140.76616305555555,40.773685,24
140.76605,40.77386888888889,23
140.76601305555556,40.774035,23
140.766,40.77420194444444,22
140.766025,40.77436,22
140.76613805555556,40.77481,21
140.76618805555555,40.775018055555556,21
140.7662,40.77511,21
140.76616305555555,40.77542694444445,21
140.766125,40.775593055555554,20
140.766075,40.77579305555555,20
140.76605,40.775935,20
140.76593805555555,40.776385,19
140.765875,40.77657694444444,18
140.7658,40.776851944444445,18
140.76571305555555,40.77746805555556,15
140.7657,40.77776,14
140.76568805555556,40.77817611111111,13
140.765675,40.77846805555556,13
140.7657,40.77870111111111,12
140.765725,40.778985,12
140.76573805555554,40.77911,12
140.76576305555557,40.77937611111111,12
140.76581305555555,40.779693055555555,12
140.765875,40.78000888888889,11
140.76586305555554,40.78019305555556,11
140.765825,40.78035111111111,11
140.76576305555557,40.78049305555555,11
140.7656,40.780833888888885,11
140.76544694444445,40.781101944444444,11
140.76544694444445,40.781101944444444,11
140.76543805555556,40.78111805555555,11
140.76508805555557,40.78182611111111,10
140.7648,40.78239305555555,10
140.76461305555554,40.78275111111111,10
140.764575,40.78282611111111,10
140.76451305555557,40.782983888888886,10
140.76443805555556,40.78315111111111,10
140.76405,40.78391805555555,9
140.76401305555555,40.78400111111111,9
140.7639,40.78417611111111,9
140.76385,40.78422611111111,9
140.763775,40.78425111111111,9
140.76363805555556,40.78427611111111,9
140.763625,40.78443388888889,9
140.763625,40.78450888888889,9
140.7636,40.78462611111111,9
140.76351305555556,40.78502611111111,9
140.76338805555557,40.78540111111111,9
140.76306305555556,40.78613388888889,9
140.762725,40.78684194444445,9
140.76258805555557,40.78715888888889,9
140.76233805555555,40.78771694444445,9
140.7621,40.78825888888889,9
140.76205,40.7884,8
140.761775,40.78896694444445,8
140.761725,40.78909194444444,8
140.76163805555555,40.7893,8
140.76138805555556,40.78984194444445,8
140.7613,40.790025,8
140.76098805555554,40.79071694444445,8
140.760775,40.791158055555556,8
140.76071305555556,40.7913,8
140.76048805555556,40.79179194444445,8
140.7604,40.791983055555555,8
140.76028805555555,40.792225,8
140.76013805555556,40.79255,8
140.75993805555555,40.792975,8
140.75991305555556,40.793025,8
140.75971305555555,40.793483055555555,7
140.75966305555556,40.79369111111111,7
140.75945,40.794325,7
140.75925,40.79485805555556,7
140.75921305555556,40.794941111111115,7
140.759175,40.79508305555556,7
140.75908805555557,40.79531611111111,7
140.7589,40.79577388888889,7
140.75883805555554,40.79599888888889,7
140.75841305555556,40.79718305555556,6
140.75805111111112,40.79816611111111,6
140.7580011111111,40.79830694444444,6
140.7574261111111,40.79986611111111,6
140.75728805555556,40.80025694444444,5
140.75702611111112,40.80097388888889,5
140.75671305555557,40.801806944444444,5
140.75638805555556,40.80269,4
140.75633805555555,40.80285694444444,4
140.75611305555555,40.803465,4
140.75581305555556,40.804265,4
140.75553805555555,40.80502305555556,4
140.75523805555557,40.805865,4
140.7551261111111,40.806156111111115,4
140.75448805555556,40.80790611111111,4
140.75428805555555,40.80843888888889,4
140.75405111111112,40.80908888888889,4
140.75391305555556,40.80954805555555,4
140.75388805555556,40.80961388888889,4
140.75382611111112,40.80978888888889,4
140.75363805555557,40.81035611111111,4
140.7534261111111,40.811121944444444,4
140.7534261111111,40.81135611111111,4
140.75346305555556,40.81156388888889,4
140.75356305555556,40.812038888888885,4
140.75358805555555,40.812223055555556,4
140.75360111111112,40.812423055555556,4
140.7535761111111,40.81258111111111,5
140.7535261111111,40.81276388888889,5
140.75338805555555,40.813006111111115,5
140.75282611111112,40.813963888888885,5
140.7526761111111,40.81422194444445,5
140.75260111111112,40.81433888888889,5
140.75218805555556,40.81507194444445,4
140.75212611111112,40.81518888888889,4
140.7517261111111,40.81586388888889,4
140.75146305555555,40.816338888888886,4
140.75135111111112,40.816455,4
140.7511511111111,40.81668888888889,4
140.7511011111111,40.81681388888889,4
140.75100111111112,40.81749694444444,4
140.75096305555556,40.81773,4
140.75088805555555,40.81828,4
140.7508261111111,40.81878805555556,3
140.75076305555555,40.81923,3
140.75073805555556,40.81939694444444,3
140.75073805555556,40.81946305555556,3
140.7507011111111,40.81968805555555,3
140.75061305555556,40.82024611111111,3
140.75056305555555,40.82069611111111,3
140.7505261111111,40.82092111111111,3
140.75048805555556,40.82118805555555,3
140.75042611111112,40.82161305555555,3
140.7504011111111,40.82189611111111,3
140.75038805555556,40.821938055555556,3
140.75035111111112,40.82238805555556,2
140.75035111111112,40.82287111111111,2
140.7503761111111,40.82335388888889,2
140.75019805555556,40.82333888888889,2
140.75019805555556,40.82333888888889,2
140.7503761111111,40.82335388888889,2
140.75036305555557,40.82369611111111,2
140.75036305555557,40.82382888888889,2
140.7503761111111,40.824778888888886,2
140.7503761111111,40.824886944444444,2
140.75036305555557,40.82544611111111,2
140.75035111111112,40.82613694444444,2
140.75032611111112,40.82701194444444,2
140.7502511111111,40.82783694444444,3
140.75022611111112,40.82834611111111,2
140.75018888888889,40.82882388888889,1
140.75018888888889,40.82882388888889,1
140.75018805555555,40.82883694444445,1
140.74896305555555,40.82877888888889,2
140.74763805555557,40.82872888888889,1
140.74723805555556,40.82872111111111,1
140.74647611111112,40.82872888888889,1
140.74608805555556,40.828736944444444,0
140.74571305555557,40.82877111111111,0
140.74558805555554,40.82877888888889,0
140.74545111111112,40.82870388888889,0
140.7446261111111,40.82874611111111,0
140.7435761111111,40.82882,0
140.74236305555556,40.82888694444444,0
140.74220111111111,40.82887,1
140.74221305555557,40.82892,1
140.74231305555554,40.82917,0
140.74123805555556,40.829253888888886,1
140.7411588888889,40.82926305555556,1
</coordinates>
</LineString>
</Placemark>
</Document>
</kml>
