<?xml version="1.0" encoding="UTF-8"?>
<kml xmlns="http://www.opengis.net/kml/2.2" xmlns:atom="http://www.w3.org/2005/Atom">
<Document>
<name>[Day2] WCC55th pre-camp</name>
<atom:author>
<atom:name>Now</atom:name>
</atom:author> 
<atom:link href="https://latlonglab.yahoo.co.jp/route/watch?id=a592405a5026aa7c520bf1bb068367b3" />
<description><![CDATA[]]></description>
<tags><![CDATA[wcc55th]]></tags>  
<Placemark>
<Style>
<LineStyle>
<color>99ff0000</color>
<width>6</width>
</LineStyle>
</Style>
<LineString>
<coordinates>
139.21509305555554,36.69815388888889,606
139.21369305555555,36.69672111111111,599
139.2136311111111,36.69657111111111,599
139.21356805555556,36.69614611111111,599
139.21346805555555,36.69597111111111,599
139.21305611111111,36.69569611111111,599
139.21283111111111,36.695638055555555,598
139.21269305555555,36.69576305555555,597
139.21206805555556,36.69636305555556,598
139.21196805555556,36.69647888888889,600
139.2119311111111,36.69660388888889,601
139.21189305555555,36.696778888888886,603
139.2118311111111,36.69703805555555,606
139.2117561111111,36.69717888888889,607
139.21141805555555,36.69747111111111,613
139.21136805555557,36.69757888888889,613
139.21145611111112,36.697786944444445,613
139.2114061111111,36.697921111111114,616
139.2112561111111,36.69791305555555,618
139.21101805555554,36.69770388888889,620
139.21086805555555,36.697561944444445,623
139.2107061111111,36.69717888888889,621
139.21061805555556,36.697088055555554,623
139.21043111111112,36.697088055555554,621
139.2102311111111,36.69719611111111,622
139.2099938888889,36.69737888888889,621
139.2093561111111,36.69829611111111,632
139.2091438888889,36.69827111111111,628
139.2090188888889,36.69822888888889,627
139.20836888888888,36.697811944444446,622
139.20828111111112,36.69773694444444,624
139.2082438888889,36.697611944444446,625
139.20818111111112,36.69784611111111,627
139.2082188888889,36.69800388888889,627
139.20859388888888,36.69877888888889,634
139.2086938888889,36.69897888888889,637
139.20871888888888,36.699196111111114,641
139.2086938888889,36.69941194444444,642
139.2085811111111,36.69985388888889,642
139.20840611111112,36.70052111111111,642
139.2082061111111,36.70111194444444,642
139.20818111111112,36.70135388888889,644
139.2082061111111,36.70152,645
139.2083561111111,36.701836944444445,649
139.20871805555555,36.70267,653
139.20884305555555,36.70302888888889,656
139.20899305555557,36.70371194444444,664
139.20914305555556,36.70487,676
139.20918111111112,36.70535388888889,676
139.2092311111111,36.70558694444444,676
139.20931805555554,36.70577888888889,674
139.20934305555556,36.705886944444444,677
139.20956805555556,36.70695305555556,677
139.209705,36.70736194444444,675
139.20973,36.707503055555556,675
139.20973,36.70775305555556,675
139.209655,36.70801194444444,675
139.20938,36.70863694444444,666
139.209355,36.708753055555555,666
139.20934305555556,36.708795,666
139.20934305555556,36.708891111111114,666
139.20934305555556,36.708891111111114,666
139.20934305555556,36.70901194444444,665
139.20938,36.709153055555554,664
139.20946805555556,36.70935305555555,663
139.20998,36.710145,653
139.21008,36.71037,654
139.209855,36.71096111111111,639
139.20979305555556,36.711128055555555,641
139.20953,36.71183611111111,656
139.20936805555556,36.71225305555556,658
139.20934305555556,36.712445,662
139.20941805555555,36.712828055555555,663
139.20966805555557,36.71336888888889,667
139.20979305555556,36.71355305555556,671
139.209955,36.713703055555555,676
139.21014194444444,36.71384388888889,674
139.21024194444445,36.71397805555556,673
139.21033,36.71409388888889,675
139.21043,36.71459388888889,676
139.21049194444444,36.71470305555555,675
139.210605,36.71486888888889,674
139.212005,36.71661111111111,678
139.21228,36.716901944444444,678
139.2126788888889,36.717286111111115,684
139.21301694444443,36.71779388888889,686
139.2132288888889,36.71798611111111,684
139.21341694444445,36.718111111111114,684
139.2135288888889,36.71823611111111,686
139.21364194444445,36.718603055555555,694
139.21382888888888,36.71892694444445,695
139.2139288888889,36.719026944444444,695
139.21426694444443,36.71926111111111,695
139.21454194444445,36.71946888888889,696
139.21554194444445,36.72038611111111,697
139.21577888888888,36.72061111111111,703
139.21600388888888,36.720801944444446,705
139.21616694444444,36.72088611111111,704
139.21736611111112,36.72146111111111,707
139.21771611111112,36.72166111111111,706
139.2177911111111,36.721761111111114,709
139.2180038888889,36.72217694444444,716
139.2180911111111,36.72226888888889,714
139.2182161111111,36.72235194444445,713
139.2184038888889,36.72246888888889,714
139.2188538888889,36.722743888888886,713
139.2192538888889,36.72297694444445,709
139.21950388888888,36.72324388888889,707
139.21996611111112,36.72379388888889,707
139.22027805555555,36.72415194444444,707
139.22115305555556,36.725435,713
139.22130305555555,36.72561,713
139.22155305555555,36.72586,714
139.2221661111111,36.726335,712
139.22279111111112,36.726751944444445,715
139.2232161111111,36.72705194444445,714
139.22357805555555,36.72731,714
139.22369111111112,36.727385,715
139.2237661111111,36.72747694444445,713
139.22409,36.728035,714
139.22515305555555,36.73020888888889,726
139.22552694444445,36.73095111111111,727
139.22562805555555,36.731293055555554,727
139.225815,36.73233388888889,725
139.22594,36.732793055555554,724
139.22607805555555,36.73330111111111,722
139.22605194444444,36.73348388888889,724
139.22587694444445,36.733941944444446,723
139.22575194444445,36.734293055555554,716
139.22570305555556,36.73450888888889,716
139.22570305555556,36.73469194444444,715
139.22575194444445,36.73485888888889,714
139.22585305555555,36.73500111111111,712
139.22600194444445,36.735126111111114,712
139.226265,36.73520888888889,715
139.22725194444445,36.73535888888889,713
139.227715,36.735416944444445,707
139.22799,36.735458888888886,706
139.228365,36.73551694444444,705
139.22858888888888,36.73558388888889,705
139.22872694444445,36.735666944444446,704
139.2290638888889,36.73598388888889,705
139.2298638888889,36.73678388888889,706
139.23086388888888,36.737791944444446,708
139.2311638888889,36.73813388888889,709
139.2313638888889,36.73848388888889,709
139.23147694444444,36.7387,709
139.2316761111111,36.7397,708
139.23176388888888,36.74005,707
139.23210111111112,36.74091694444444,711
139.2322888888889,36.74131694444444,713
139.2325261111111,36.74171694444444,712
139.2326138888889,36.741858055555554,713
139.2330761111111,36.74239111111111,716
139.2333761111111,36.742675,715
139.2335138888889,36.74285805555556,717
139.2335511111111,36.74296611111111,717
139.2335888888889,36.743675,725
139.23367611111112,36.745173888888885,725
139.23373805555556,36.74579888888889,724
139.2337261111111,36.74704111111111,727
139.23368805555555,36.74737388888889,728
139.2336511111111,36.74766611111111,726
139.2335511111111,36.748066111111115,723
139.23347611111112,36.74827388888889,725
139.23311305555555,36.74913194444444,727
139.23296305555556,36.74949888888889,725
139.23267611111112,36.75006611111111,726
139.2321511111111,36.75102388888889,728
139.23193805555556,36.75142388888889,727
139.2312511111111,36.75244,728
139.23076305555554,36.753098055555554,728
139.2299261111111,36.75440694444445,727
139.2297638888889,36.75470694444444,727
139.2296511111111,36.75499805555555,728
139.2294638888889,36.75557305555556,732
139.2290011111111,36.75698111111111,737
139.2286638888889,36.75790611111111,736
139.22857611111112,36.758223055555554,738
139.22853805555556,36.75848111111111,737
139.2285261111111,36.75860611111111,737
139.22853805555556,36.75868111111111,737
139.22856305555555,36.75873888888889,738
139.22908805555556,36.759298055555554,745
139.22913805555555,36.75944805555555,744
139.2290011111111,36.76118888888889,764
139.22888805555556,36.761831111111114,763
139.22872611111111,36.763021944444446,778
139.2286261111111,36.76341388888889,784
139.22861305555554,36.763871944444446,793
139.2286261111111,36.76418888888889,794
139.22858805555555,36.764496944444446,796
139.22857611111112,36.76478,804
139.2284261111111,36.765996944444446,808
139.22828805555557,36.76674694444444,814
139.2282011111111,36.76699694444444,814
139.22798805555556,36.76743805555556,814
139.2278511111111,36.76763805555556,814
139.2276511111111,36.767905,815
139.22748805555557,36.76807194444444,815
139.22731305555556,36.76823,815
139.22703805555557,36.768405,815
139.2266261111111,36.768613055555555,815
139.22613805555557,36.76888,815
139.2259261111111,36.76904694444445,816
139.22577611111112,36.769213055555554,814
139.22573805555555,36.76934611111111,814
139.22578805555557,36.769655,816
139.2258261111111,36.770005,814
139.2260261111111,36.77114611111111,810
139.2261261111111,36.77174611111111,808
139.22622611111112,36.77229611111111,804
139.22626305555556,36.77254611111111,802
139.2262761111111,36.77259611111111,802
139.22632611111112,36.77272888888889,801
139.2264011111111,36.77279611111111,800
139.22646305555554,36.772846111111114,800
139.22658805555557,36.77287888888889,798
139.22786305555556,36.772888055555555,797
139.2283261111111,36.77287888888889,797
139.22911305555556,36.77292111111111,803
139.2295,36.77301305555556,804
139.230025,36.773178888888886,805
139.232275,36.773828888888886,806
139.232625,36.77397111111111,807
139.233125,36.77417888888889,814
139.23348694444445,36.77439611111111,813
139.23366194444444,36.77452111111111,813
139.233775,36.77462888888889,813
139.23398694444444,36.77488805555556,815
139.23433694444444,36.77547111111111,814
139.23445,36.77564611111111,815
139.23458694444443,36.77577888888889,812
139.234725,36.77587111111111,814
139.23493694444446,36.77607111111111,814
139.23511194444444,36.776313055555555,815
139.2352488888889,36.77647888888889,813
139.2353738888889,36.77657888888889,813
139.23561194444446,36.77668805555555,813
139.23632388888888,36.77695388888889,816
139.2364738888889,36.77703694444445,816
139.23691194444444,36.777346111111115,816
139.2371488888889,36.777546111111114,814
139.23732388888888,36.77772888888889,809
139.2374988888889,36.77791194444445,810
139.23799888888888,36.77842888888889,818
139.2383988888889,36.77882888888889,821
139.23866194444443,36.77917111111111,823
139.23893611111112,36.77966194444444,824
139.2394611111111,36.780945,831
139.2395111111111,36.78107,831
139.2396238888889,36.78118694444444,832
139.2398738888889,36.781303888888885,832
139.24003611111112,36.78137888888889,833
139.2401988888889,36.78145388888889,834
139.2407488888889,36.78170388888889,835
139.24104888888888,36.78187888888889,837
139.24127388888888,36.78201194444444,837
139.2414238888889,36.78212,837
139.2419238888889,36.782511944444444,837
139.2420361111111,36.782595,837
139.2424738888889,36.78292,838
139.24266111111112,36.78303694444445,838
139.24277388888888,36.783095,838
139.24311111111112,36.78317805555555,837
139.24344805555555,36.783253055555555,837
139.24413611111112,36.78353694444444,838
139.2449611111111,36.78391194444445,839
139.24527305555554,36.784061944444446,839
139.2456361111111,36.784195,839
139.24626111111112,36.78440305555556,844
139.24677305555556,36.78458694444444,844
139.2471111111111,36.78472,844
139.24729805555555,36.78480305555556,844
139.24897305555555,36.785803055555554,856
139.249035,36.785853055555556,855
139.249135,36.78592,856
139.250285,36.78688611111111,858
139.25042194444444,36.78698611111111,858
139.25077194444444,36.78720305555556,859
139.25086,36.787245,865
139.25106,36.78732,865
139.25117194444445,36.787353055555556,867
139.25179694444444,36.787445,867
139.25269694444444,36.78756111111111,867
139.25286,36.787595,866
139.25321,36.78770305555555,866
139.25603388888888,36.788961111111114,878
139.25614694444445,36.78899388888889,877
139.25629694444444,36.78901111111111,878
139.25699694444444,36.78903611111111,882
139.25729694444445,36.789093888888885,883
139.25737194444446,36.789118888888886,884
139.25807194444445,36.78949388888889,886
139.25837194444443,36.78956111111111,889
139.2592461111111,36.78966111111111,888
139.2594838888889,36.78975305555556,887
139.2595211111111,36.78977805555556,888
139.25955888888888,36.78981888888889,887
139.25978388888888,36.79016111111111,887
139.25989611111112,36.79028611111111,888
139.2601588888889,36.79053611111111,893
139.2604211111111,36.79069388888889,898
139.2605088888889,36.79071888888889,897
139.2606461111111,36.790728055555554,896
139.2615088888889,36.79074388888889,893
139.2616211111111,36.790753055555555,892
139.26180888888888,36.79076888888889,892
139.26213388888888,36.79081111111111,893
139.2623338888889,36.79084388888889,894
139.26315888888888,36.79101111111111,896
139.26450805555555,36.79128611111111,897
139.2651211111111,36.79138611111111,897
139.26540805555555,36.79141111111111,897
139.26550805555556,36.79141111111111,897
139.26570805555556,36.79139388888889,898
139.26578305555554,36.79136888888889,898
139.26599611111112,36.79121111111111,896
139.26647111111112,36.79066111111111,903
139.26668305555555,36.79041888888889,903
139.2667711111111,36.790353055555556,903
139.26693305555557,36.79025305555555,904
139.26698305555556,36.79023611111111,904
139.26718305555556,36.79021888888889,905
139.26738305555557,36.790278055555554,907
139.26757111111112,36.79036111111111,908
139.26828305555554,36.79078611111111,914
139.26855805555556,36.79089388888889,916
139.26930805555557,36.79105194444445,917
139.26958305555556,36.79111888888889,918
139.26973305555555,36.791176944444445,917
139.269795,36.79121111111111,916
139.27108194444443,36.79217805555555,925
139.271145,36.79223611111111,925
139.27132,36.79256111111111,927
139.271395,36.79275194444445,927
139.27143305555555,36.79282805555555,927
139.27152,36.792943888888885,928
139.27158194444445,36.79300194444444,930
139.27168194444445,36.79306111111111,933
139.27192,36.793076944444444,936
139.27203194444445,36.79306888888889,936
139.27212,36.79304388888889,937
139.27253305555556,36.79276888888889,934
139.27270694444445,36.792676944444445,937
139.272845,36.79261888888889,936
139.272945,36.79259388888889,937
139.27313194444446,36.79258611111111,937
139.27327,36.79261888888889,936
139.273345,36.792651944444444,936
139.27352,36.79276888888889,937
139.274595,36.79351111111111,942
139.27485694444445,36.79364388888889,942
139.27495694444445,36.79367694444444,945
139.2758438888889,36.79390194444444,947
139.27615694444444,36.79398611111111,946
139.27879388888888,36.794601944444445,957
139.2794438888889,36.79476888888889,957
139.27958194444443,36.79481888888889,958
139.2800061111111,36.79504388888889,959
139.2806561111111,36.79543611111111,964
139.2810188888889,36.79557694444444,966
139.28129388888888,36.79564388888889,965
139.2815688888889,36.79569388888889,965
139.28178111111112,36.795701944444446,964
139.2829311111111,36.79576888888889,966
139.2830688888889,36.79580194444444,967
139.2832938888889,36.79591,968
139.2833688888889,36.795968888888886,968
139.2836311111111,36.79627694444444,969
139.28380611111112,36.796535,971
139.2838688888889,36.79664388888889,973
139.2844311111111,36.79792694444444,976
139.2845561111111,36.798185,978
139.2847311111111,36.798485,984
139.28483111111112,36.79861,984
139.2849061111111,36.79866805555555,983
139.28509305555556,36.79875194444445,985
139.28515611111112,36.79876,986
139.2853311111111,36.798743055555555,986
139.28538111111112,36.79872694444445,986
139.28569305555556,36.798585,986
139.28595611111112,36.79851,987
139.28604305555555,36.798493055555554,987
139.28629305555555,36.798485,987
139.28641805555554,36.79851,987
139.28741805555555,36.79881,994
139.28786805555555,36.798968055555555,995
139.28819305555555,36.799076944444444,995
139.28854305555555,36.799301944444444,995
139.28871805555556,36.799435,996
139.28910611111112,36.79976805555555,1005
139.28941805555556,36.799985,1006
139.28968,36.80016,1006
139.29026805555554,36.800485,1006
139.29074305555557,36.80072694444444,1006
139.29178,36.80116805555556,1014
139.292205,36.80136805555556,1016
139.292305,36.80144305555555,1014
139.29301694444445,36.80215111111111,1026
139.29313,36.80224305555556,1026
139.29369194444445,36.80262611111111,1025
139.29403,36.802885,1033
139.294155,36.80301,1035
139.29448,36.803401111111114,1034
139.295705,36.80478388888889,1055
139.29624194444443,36.80535888888889,1055
139.296355,36.805458888888886,1057
139.29649194444445,36.80553388888889,1058
139.29656694444444,36.805568055555554,1056
139.29746694444444,36.80582611111111,1065
139.29772888888888,36.80586805555556,1065
139.29785388888888,36.80585111111111,1065
139.2985788888889,36.80571805555556,1075
139.29887888888888,36.80572611111111,1075
139.29900388888888,36.80574305555555,1074
139.29909194444446,36.80576805555555,1074
139.30057888888888,36.806643055555554,1081
139.30070388888888,36.80670111111111,1084
139.30090388888888,36.806758888888886,1082
139.30102888888888,36.80677611111111,1081
139.30217888888888,36.80679305555555,1095
139.30240388888888,36.80681805555555,1093
139.30260388888888,36.806868055555555,1092
139.3050661111111,36.80760111111111,1112
139.30524111111112,36.807716944444444,1113
139.3052788888889,36.807768055555556,1113
139.3052911111111,36.80781694444445,1114
139.3052911111111,36.80789305555555,1116
139.3052661111111,36.80797611111111,1116
139.30520388888888,36.80802611111111,1118
139.3051538888889,36.80804305555556,1118
139.3050411111111,36.80806694444444,1117
139.30329111111112,36.807808888888886,1122
139.3029788888889,36.80777611111111,1122
139.30262888888888,36.80778388888889,1124
139.30254194444444,36.80781694444445,1122
139.30249194444445,36.80785888888889,1122
139.30246694444443,36.807918055555554,1124
139.30244194444444,36.80805111111111,1127
139.3024538888889,36.80809305555555,1125
139.3026538888889,36.808233888888886,1129
139.3058661111111,36.80928388888889,1158
139.30601611111112,36.80932611111111,1156
139.30614111111112,36.80934194444445,1157
139.30735388888888,36.80935111111111,1166
139.3076538888889,36.80936805555555,1166
139.30826611111112,36.80940888888889,1165
139.3083288888889,36.809401111111114,1165
139.3094411111111,36.80890888888889,1177
139.30952805555555,36.80887611111111,1175
139.30965305555554,36.80885888888889,1175
139.30999111111112,36.80887611111111,1174
139.31010305555554,36.80890111111111,1177
139.3107161111111,36.809066944444446,1180
139.31134111111112,36.80927611111111,1186
139.31150305555556,36.80934194444445,1187
139.31156611111112,36.80937611111111,1186
139.3118411111111,36.809601111111114,1188
139.31192805555557,36.809733888888886,1194
139.3119661111111,36.80983388888889,1197
139.3119661111111,36.81048388888889,1197
139.3118161111111,36.81117611111111,1206
139.31169111111112,36.81173388888889,1215
139.3115911111111,36.812266944444445,1217
139.3115911111111,36.81235888888889,1217
139.3116411111111,36.81263388888889,1218
139.31177805555555,36.812866944444444,1215
139.31197805555556,36.81300111111111,1218
139.3122161111111,36.813026111111114,1217
139.31237805555557,36.81292611111111,1218
139.31295305555557,36.81225111111111,1244
139.31310305555556,36.81218388888889,1245
139.3131911111111,36.81215888888889,1245
139.3133411111111,36.81214194444444,1245
139.3138911111111,36.81215888888889,1245
139.31407805555557,36.81220111111111,1245
139.31435305555556,36.812291944444446,1246
139.31462805555554,36.81245888888889,1237
139.31557805555556,36.81310888888889,1233
139.315765,36.81319194444445,1235
139.31587805555554,36.81320888888889,1234
139.31632805555554,36.81322611111111,1237
139.316615,36.81328388888889,1235
139.31670305555556,36.81335888888889,1237
139.316765,36.813451111111114,1244
139.31719,36.81434194444444,1247
139.31725305555557,36.814458888888886,1251
139.31735305555554,36.814566944444444,1254
139.31764,36.81455888888889,1254
139.31867694444443,36.814233888888886,1255
139.31884,36.814216944444446,1252
139.31890305555555,36.814233888888886,1255
139.31932805555556,36.81448388888889,1266
139.319865,36.81476694444444,1282
139.32075194444445,36.815075,1284
139.32092694444444,36.815066944444446,1283
139.32097694444445,36.81505,1283
139.32119,36.81490111111111,1278
139.32120194444445,36.81485888888889,1281
139.32120194444445,36.81470111111111,1283
139.32109,36.814526111111114,1285
139.32065194444445,36.81400111111111,1285
139.31975194444445,36.813158888888886,1284
139.31965194444444,36.813026111111114,1285
139.31964,36.81295111111111,1288
139.31965194444444,36.81280111111111,1291
139.31975194444445,36.81256694444444,1296
139.32100194444445,36.81194305555555,1294
139.32164,36.81160888888889,1303
139.321965,36.811458888888886,1303
139.32225194444445,36.81135888888889,1306
139.322315,36.81135111111111,1306
139.32244,36.81133388888889,1306
139.32252694444443,36.81133388888889,1307
139.32274,36.81137611111111,1309
139.32284,36.81140888888889,1309
139.323015,36.81150111111111,1314
139.32497694444444,36.81262611111111,1324
139.3250888888889,36.81268388888889,1326
139.32548888888888,36.81285111111111,1334
139.32577694444444,36.812918055555556,1333
139.32590194444444,36.81293388888889,1335
139.32620194444445,36.81294194444445,1335
139.32682694444443,36.81290111111111,1342
139.32718888888888,36.812868055555555,1344
139.3272888888889,36.81285888888889,1345
139.32770194444444,36.81285888888889,1346
139.32800194444445,36.81295111111111,1351
139.3281388888889,36.81300888888889,1353
139.32840194444444,36.81323388888889,1354
139.32843888888888,36.81330111111111,1354
139.32902694444445,36.815241944444445,1376
139.3290388888889,36.81535888888889,1377
139.3290388888889,36.81540888888889,1377
139.32901388888888,36.81550111111111,1377
139.3289888888889,36.81555111111111,1375
139.32872694444444,36.81574194444445,1375
139.32855194444446,36.815801111111114,1379
139.3281638888889,36.815891944444445,1386
139.32808888888889,36.81590888888889,1385
139.3278388888889,36.81597611111111,1384
139.3277388888889,36.81601694444444,1385
139.32766388888888,36.816066944444444,1385
139.32757694444444,36.81615111111111,1386
139.32753888888888,36.81621694444444,1387
139.3275138888889,36.81639194444445,1387
139.3275888888889,36.81660888888889,1390
139.32780194444445,36.816766944444446,1396
139.32812694444445,36.81684194444444,1396
139.3299011111111,36.817275,1405
139.33005111111112,36.81733388888889,1403
139.3303138888889,36.81748388888889,1403
139.33071388888888,36.81783388888889,1404
139.3308888888889,36.81800888888889,1405
139.3313761111111,36.81858388888889,1414
139.33141388888887,36.81861694444444,1414
139.33171388888888,36.818733888888886,1415
139.3318261111111,36.81875888888889,1415
139.3340511111111,36.81896694444445,1424
139.33445111111112,36.81901694444444,1424
139.3346011111111,36.81905,1425
139.33480111111112,36.81910888888889,1427
139.3350761111111,36.819225,1422
139.33523888888888,36.81933388888889,1424
139.3352888888889,36.819375,1424
139.33546305555555,36.819583888888886,1425
139.33553805555556,36.8198,1424
139.33556305555555,36.81995888888889,1426
139.33558805555555,36.82021694444445,1426
139.33563805555556,36.821825,1434
139.33566305555556,36.822,1434
139.33570111111112,36.82215,1436
139.33605111111112,36.82305,1435
139.33613805555555,36.82325,1434
139.33633805555556,36.823483055555556,1433
139.3367511111111,36.823483055555556,1434
139.33778805555556,36.823233055555555,1442
139.33871305555556,36.822966111111114,1445
139.3388511111111,36.82291611111111,1443
139.34001305555554,36.822408055555556,1452
139.3404011111111,36.822225,1453
139.34058805555554,36.822125,1452
139.3407511111111,36.82200805555556,1453
139.34175,36.8212,1466
139.34186305555556,36.821133055555556,1465
139.34388805555557,36.82031694444444,1477
139.344075,36.8203,1477
139.34416305555555,36.82031694444444,1476
139.34426305555556,36.820366944444444,1475
139.34433805555557,36.82044194444445,1477
139.34435,36.82049194444444,1477
139.34433805555557,36.820675,1484
139.344175,36.821083055555555,1484
139.34416305555555,36.821175,1484
139.34416305555555,36.82125,1484
139.34421305555554,36.82136694444444,1483
139.34438805555556,36.821533055555555,1485
139.34496305555555,36.82203305555556,1493
139.345125,36.822141944444446,1495
139.3464,36.822625,1504
139.346675,36.82270805555556,1505
139.347025,36.8228,1505
139.347175,36.82279194444445,1507
139.34723694444443,36.822766944444446,1512
139.34728694444445,36.822716944444444,1512
139.347325,36.82266694444444,1514
139.347325,36.822633055555556,1514
139.34578805555554,36.820908055555556,1525
139.34565,36.820675,1531
139.34553805555555,36.82033388888889,1533
139.3455,36.8202,1535
139.345475,36.819991944444446,1535
139.345475,36.819916944444444,1535
139.34551305555556,36.81985,1533
139.34601305555555,36.81921694444444,1545
139.34611194444443,36.819066944444444,1546
139.346125,36.819025,1546
139.346125,36.818933888888886,1545
139.3461,36.81888388888889,1546
139.346025,36.81880888888889,1546
139.345975,36.81878388888889,1546
139.34585,36.81878388888889,1545
139.345725,36.81881694444444,1546
139.34488805555554,36.819125,1553
139.344775,36.819158888888886,1553
139.344575,36.8192,1554
139.34438805555556,36.81918388888889,1555
139.34336305555556,36.81888388888889,1557
139.343275,36.81884194444444,1560
139.34311305555556,36.8187,1564
139.34188805555556,36.81728388888889,1572
139.34182611111112,36.81717611111111,1572
139.34180111111112,36.81711694444444,1572
139.34180111111112,36.817033888888886,1573
139.34181305555555,36.81693388888889,1573
139.34183805555554,36.81683388888889,1572
139.34188805555556,36.81673388888889,1572
139.34291305555556,36.81485888888889,1596
139.34308805555557,36.81462611111111,1595
139.34318805555554,36.81453388888889,1598
139.34328805555555,36.81447611111111,1600
139.34368805555556,36.814393055555556,1604
139.3440011111111,36.81430888888889,1603
139.34417611111112,36.81425111111111,1604
139.34442611111112,36.81415111111111,1604
139.34476305555555,36.81401694444445,1605
139.34555,36.813768055555556,1613
139.34568305555555,36.81369388888889,1613
139.34568305555555,36.81369388888889,1613
139.345775,36.81364305555555,1614
139.34586305555555,36.813543055555556,1614
139.34611305555555,36.813093055555555,1623
139.34616305555556,36.81301805555555,1623
139.34626305555557,36.81294305555556,1624
139.346325,36.812918055555556,1624
139.34658805555554,36.81293388888889,1628
139.34663805555556,36.81296805555556,1628
139.346725,36.813068055555554,1628
139.34675,36.813251111111114,1627
139.34673805555556,36.813318055555555,1627
139.34668805555555,36.81340888888889,1628
139.3466,36.813518055555555,1627
139.34596305555556,36.81408388888889,1623
139.34561305555556,36.81441805555556,1623
139.3454,36.81474305555555,1622
139.34536305555557,36.814841944444446,1624
139.345325,36.815043055555556,1627
139.34535,36.81513388888889,1630
139.34538805555556,36.81519194444444,1630
139.34551305555556,36.815268055555556,1632
139.34558805555557,36.81529305555556,1633
139.34565,36.81529305555556,1633
139.34571305555556,36.815268055555556,1633
139.34578805555554,36.81522611111111,1634
139.34595,36.81503388888889,1634
139.346425,36.81435888888889,1643
139.3466,36.814168055555555,1644
139.34676305555556,36.81405111111111,1644
139.34698805555556,36.813941944444444,1644
139.347325,36.81383388888889,1650
139.347625,36.81375111111111,1650
139.34778805555555,36.81375111111111,1651
139.34793805555555,36.81377611111111,1653
139.348125,36.813941944444444,1658
139.34818805555557,36.81425888888889,1658
139.34815,36.81433388888889,1659
139.34803805555555,36.814433888888885,1657
139.34793805555555,36.81446694444445,1659
139.34771305555554,36.81450888888889,1660
139.347625,36.81450888888889,1662
139.34755,36.81448388888889,1664
139.3474,36.81444194444445,1662
139.34723805555555,36.81445111111111,1664
139.34711305555555,36.81450888888889,1662
139.34705,36.814566944444444,1664
139.347,36.81464305555556,1664
139.34698805555556,36.81468388888889,1663
139.34698805555556,36.81480111111111,1663
139.347,36.814841944444446,1667
139.347075,36.81492611111111,1669
139.34716305555557,36.81497611111111,1670
139.34746305555555,36.81505888888889,1672
139.34818694444445,36.81525111111111,1675
139.34826305555555,36.81525111111111,1675
139.34846194444444,36.81518388888889,1678
139.34851194444445,36.81515888888889,1678
139.34896194444445,36.814816944444445,1683
139.34903805555555,36.81473388888889,1686
139.349425,36.81405111111111,1683
139.349575,36.813918055555554,1686
139.3497,36.81385888888889,1687
139.349775,36.81385111111111,1687
139.35011194444445,36.81384194444444,1693
139.350275,36.813876111111114,1693
139.350375,36.81390888888889,1691
139.35048694444444,36.81398388888889,1692
139.350575,36.81409305555555,1691
139.35086194444443,36.81460888888889,1693
139.35106305555556,36.81490888888889,1699
139.35115,36.81500888888889,1701
139.35126305555556,36.81510111111111,1701
139.35155,36.81525111111111,1703
139.35186194444444,36.81536805555555,1704
139.35233694444443,36.81560888888889,1708
139.352425,36.81570111111111,1709
139.35245,36.81575888888889,1709
139.35248694444445,36.81590111111111,1711
139.35248694444445,36.81595111111111,1711
139.35246194444446,36.81603388888889,1711
139.35238694444445,36.81613388888889,1713
139.35231194444444,36.81620111111111,1715
139.35215,36.816291944444444,1717
139.351325,36.81672611111111,1718
139.35113694444445,36.81691694444444,1719
139.3511,36.81698388888889,1718
139.35103694444444,36.81720888888889,1720
139.351025,36.817391944444445,1723
139.35105,36.81750111111111,1724
139.351175,36.81773388888889,1726
139.35136194444445,36.81803388888889,1727
139.351625,36.818416944444444,1726
139.35173694444444,36.81855888888889,1731
139.35191194444445,36.8187,1732
139.35201194444446,36.81875,1734
139.3526488888889,36.818975,1736
139.35278694444443,36.81905,1739
139.3528738888889,36.819116944444445,1740
139.35298694444444,36.81923388888889,1741
139.35302388888888,36.819291944444444,1744
139.3531238888889,36.81950888888889,1745
139.35314888888888,36.81959194444445,1745
139.35314888888888,36.8197,1746
139.35313694444446,36.81975888888889,1746
139.35294888888887,36.820175,1745
139.35293694444445,36.820233888888886,1745
139.35294888888887,36.82053388888889,1745
139.3529738888889,36.82065,1744
139.35331194444444,36.82174194444445,1752
139.35346194444443,36.822325,1755
139.35349888888888,36.82241694444444,1753
139.35356194444444,36.8225,1754
139.35386194444445,36.822766944444446,1754
139.35407388888888,36.8229,1753
139.35453694444445,36.82314111111111,1763
139.35568694444444,36.82358305555555,1764
139.35702388888888,36.824133055555556,1763
139.3575238888889,36.82436611111111,1763
139.3579488888889,36.82454111111111,1765
139.35812388888888,36.8246,1763
139.3583988888889,36.82465805555555,1765
139.3585361111111,36.82465805555555,1765
139.35859888888888,36.82465,1764
139.3591361111111,36.82439111111111,1758
139.3593111111111,36.824333055555556,1756
139.36084888888888,36.82398305555556,1752
139.36131111111112,36.823975,1750
139.3617988888889,36.82400805555555,1744
139.3620488888889,36.82400805555555,1745
139.3621861111111,36.82398305555556,1746
139.3631488888889,36.82374111111111,1744
139.36348611111111,36.82365,1745
139.36397305555556,36.82353305555556,1746
139.36461111111112,36.82351611111111,1745
139.36493611111112,36.82355,1747
139.36517305555554,36.8236,1744
139.36564805555557,36.82373305555556,1744
139.36679805555556,36.824133055555556,1746
139.3672861111111,36.824308055555555,1746
139.36743611111112,36.824375,1744
139.36832305555555,36.82495,1743
139.3685111111111,36.82503305555556,1742
139.3691611111111,36.82523305555556,1742
139.36992305555555,36.82537388888889,1743
139.37016,36.82539888888889,1744
139.370535,36.82541611111111,1745
139.37077305555556,36.8254,1745
139.37106,36.825333055555554,1745
139.37126,36.82525805555556,1743
139.371485,36.82514111111111,1743
139.37176,36.824983055555556,1745
139.371935,36.8249,1742
139.37234805555556,36.824725,1743
139.37256,36.82465,1745
139.37371,36.82434111111111,1743
139.37441,36.824133055555556,1744
139.37536,36.82378305555556,1743
139.37602305555555,36.823483055555556,1745
139.37647305555555,36.82324194444445,1743
139.37682305555555,36.822991944444446,1745
139.376985,36.82285,1745
139.37712194444444,36.822575,1743
139.37749805555555,36.821666944444445,1743
139.37759805555555,36.821491944444446,1739
139.37777194444445,36.82131694444445,1738
139.37797194444445,36.82119194444444,1738
139.378235,36.821125,1737
139.378835,36.821016944444445,1737
139.37919805555555,36.820991944444444,1737
139.37922194444445,36.820991944444444,1737
139.37954694444446,36.82098388888889,1737
139.37987194444443,36.821075,1735
139.380035,36.82114194444444,1736
139.38027194444444,36.821241944444445,1737
139.38056,36.82140805555556,1739
139.38283388888888,36.823025,1746
139.38352194444445,36.82346694444445,1752
139.3858088888889,36.82481611111111,1764
139.38590888888888,36.82485805555555,1764
139.38604694444444,36.82485,1765
139.38619694444444,36.82480805555556,1766
139.3862838888889,36.824733055555555,1767
139.38647194444445,36.824325,1769
139.38654694444443,36.824241111111114,1769
139.38668388888888,36.82419111111111,1772
139.3868588888889,36.824225,1774
139.38725888888888,36.8244,1776
139.38738388888888,36.82443305555555,1777
139.38748388888888,36.82443305555555,1778
139.38764694444444,36.82439111111111,1779
139.38819694444445,36.824058055555554,1783
139.38834694444444,36.823991944444444,1784
139.38850888888888,36.82396694444444,1785
139.38863388888888,36.824016944444445,1786
139.38874694444445,36.8241,1787
139.38879694444444,36.82420805555556,1788
139.38879694444444,36.824308055555555,1789
139.38847194444443,36.824775,1794
139.38847194444443,36.82488305555555,1795
139.3885338888889,36.824983055555556,1795
139.38864694444445,36.82505805555556,1796
139.38874694444445,36.825075,1797
139.3888838888889,36.82506611111111,1799
139.3890211111111,36.824983055555556,1803
139.38917111111112,36.82484111111111,1805
139.3894588888889,36.824466111111114,1806
139.3896088888889,36.824308055555555,1804
139.38973388888888,36.82425,1805
139.3898961111111,36.82423305555555,1806
139.3900588888889,36.824275,1806
139.39018388888888,36.82434111111111,1808
139.3902588888889,36.82441611111111,1808
139.3902961111111,36.82456611111111,1812
139.3902838888889,36.824675,1814
139.39019611111112,36.824825,1816
139.3900338888889,36.824925,1817
139.38953388888888,36.8251,1812
139.38940888888888,36.825175,1812
139.3893838888889,36.82529111111111,1814
139.38940888888888,36.82541611111111,1817
139.3894838888889,36.825516111111114,1822
139.3896211111111,36.825583055555555,1824
139.3897961111111,36.8256,1826
139.39033388888888,36.82545805555556,1827
139.39055888888888,36.825425,1830
139.39087111111112,36.825425,1832
139.3915961111111,36.825541111111114,1836
139.39200888888888,36.825575,1838
139.3921838888889,36.82556611111111,1838
139.3922961111111,36.82553305555555,1836
139.3924461111111,36.82545805555556,1837
139.39257111111112,36.825358055555554,1837
139.3926211111111,36.82524111111111,1839
139.39292111111112,36.82375805555556,1855
139.39303388888888,36.823483055555556,1856
139.3932838888889,36.823141944444444,1861
139.3935461111111,36.822808055555555,1866
139.3960338888889,36.81942611111111,1856
139.39780888888887,36.816991944444446,1848
139.39812111111112,36.81652611111111,1842
139.3981838888889,36.81636694444445,1839
139.3982211111111,36.816066944444444,1835
139.3982088888889,36.81538388888889,1834
139.39812111111112,36.815243055555555,1833
139.3977711111111,36.814951111111114,1827
139.3977211111111,36.81487611111111,1826
139.3977461111111,36.81462611111111,1824
139.39779611111112,36.81448388888889,1824
139.39788388888888,36.81438388888889,1826
139.39802111111112,36.81430888888889,1825
139.3984211111111,36.81421805555556,1818
139.39868388888888,36.814118055555554,1812
139.3990588888889,36.81393388888889,1812
139.3993338888889,36.81370888888889,1804
139.3994211111111,36.81356805555556,1806
139.3994211111111,36.81339305555556,1807
139.39937111111112,36.81320888888889,1805
139.39935888888888,36.81299305555556,1804
139.39938388888888,36.81290111111111,1804
139.3994711111111,36.812826111111114,1798
139.3995588888889,36.812785,1797
139.3996588888889,36.812785,1797
139.3997961111111,36.81286,1793
139.3999211111111,36.81299305555556,1792
139.3999961111111,36.813118055555556,1794
139.4000088888889,36.81333388888889,1791
139.39995888888888,36.81352611111111,1793
139.39958388888888,36.814193055555556,1785
139.3995588888889,36.81435888888889,1784
139.39960888888888,36.81451805555555,1783
139.39970888888888,36.81463388888889,1782
139.3998838888889,36.81474305555555,1783
139.4001338888889,36.81480888888889,1776
139.4004588888889,36.814818055555556,1775
139.4006838888889,36.81477611111111,1773
139.40095888888888,36.81464305555556,1772
139.40163388888888,36.814193055555556,1772
139.4019088888889,36.81406805555556,1765
139.4020338888889,36.814033888888886,1766
139.4023588888889,36.814033888888886,1766
139.4028211111111,36.81405888888889,1765
139.4031461111111,36.81410888888889,1761
139.4032838888889,36.81410888888889,1760
139.40343388888888,36.81405888888889,1759
139.4034961111111,36.81399305555556,1755
139.4035338888889,36.813876111111114,1752
139.4034838888889,36.81380111111111,1752
139.4033961111111,36.813743055555555,1751
139.4032711111111,36.81372611111111,1752
139.40299611111112,36.81370111111111,1754
139.4015588888889,36.81368388888889,1747
139.4013961111111,36.81363388888889,1744
139.4012338888889,36.81350111111111,1742
139.4011588888889,36.813383888888886,1743
139.4011338888889,36.813251111111114,1744
139.4012211111111,36.812601111111114,1745
139.40128388888888,36.812435,1745
139.4013838888889,36.81229305555556,1744
139.40150888888888,36.812218055555554,1740
139.40165888888887,36.81221,1738
139.4017838888889,36.812268055555556,1734
139.40187111111112,36.812385,1734
139.4019088888889,36.812826111111114,1726
139.40197111111112,36.81301805555555,1725
139.40208388888888,36.81315111111111,1725
139.40232111111112,36.813285,1725
139.4025961111111,36.81335111111111,1726
139.40300888888888,36.813335,1724
139.40347111111112,36.813285,1715
139.4041711111111,36.81317611111111,1713
139.40627111111112,36.81276,1696
139.4065461111111,36.81272611111111,1695
139.4068211111111,36.81272611111111,1695
139.40754611111112,36.812835,1696
139.40788305555554,36.81286,1694
139.4080211111111,36.812843055555554,1694
139.4092961111111,36.81256805555556,1684
139.40967111111112,36.81254305555556,1674
139.40993305555557,36.812485,1674
139.4100711111111,36.812418055555554,1673
139.41047111111112,36.81216805555555,1673
139.41057111111112,36.812126944444444,1673
139.4118961111111,36.81174305555555,1656
139.4121461111111,36.81166,1656
139.41227111111112,36.811593055555555,1658
139.4124811111111,36.81142611111111,1655
139.4124811111111,36.81142611111111,1655
139.4127961111111,36.81117694444445,1650
139.4129961111111,36.81106888888889,1646
139.4131461111111,36.81102694444444,1645
139.4133461111111,36.81101,1646
139.41368305555557,36.811085,1644
139.414345,36.811368888888886,1636
139.414445,36.81139388888889,1636
139.41455805555555,36.81140194444444,1635
139.41467,36.81137694444445,1635
139.41482,36.811326944444446,1634
139.414895,36.811276944444444,1636
139.41495805555556,36.811185,1635
139.41518305555556,36.81074388888889,1630
139.41527,36.810635,1625
139.41538305555557,36.81055194444444,1623
139.41552,36.810518888888886,1625
139.41568305555555,36.81051,1625
139.41582,36.81052694444445,1623
139.41595805555556,36.81057694444444,1624
139.416345,36.81077694444444,1622
139.41645805555555,36.81081888888889,1624
139.41757,36.81101888888889,1616
139.41775694444445,36.811035,1616
139.41785805555557,36.81101888888889,1615
139.41797,36.81097694444444,1613
139.418045,36.810935,1614
139.41815805555555,36.810835,1613
139.418495,36.810385,1612
139.418545,36.810285,1608
139.418595,36.81013611111111,1605
139.41860805555555,36.80956111111111,1603
139.41872,36.80939388888889,1601
139.41887,36.80929388888889,1598
139.41898305555554,36.809243888888886,1598
139.41970694444444,36.80913611111111,1596
139.41982,36.80911111111111,1593
139.42008194444443,36.80900194444445,1596
139.420345,36.80896111111111,1585
139.42048305555556,36.808976944444446,1585
139.42063305555556,36.80901111111111,1587
139.421195,36.80922694444445,1585
139.42228194444445,36.809736111111114,1574
139.42318194444445,36.81024388888889,1567
139.42338194444446,36.81033611111111,1568
139.42353194444445,36.81036111111111,1567
139.42368194444444,36.81036111111111,1568
139.42385694444445,36.81031888888889,1563
139.42437,36.81019388888889,1556
139.42538194444444,36.80991888888889,1547
139.42565694444446,36.80981888888889,1546
139.425895,36.80970194444444,1547
139.42615694444444,36.80947694444444,1546
139.4262688888889,36.809311111111114,1545
139.4263188888889,36.809201944444446,1544
139.42635694444445,36.80907694444444,1547
139.4264188888889,36.80816111111111,1530
139.42645694444445,36.80726888888889,1533
139.4266438888889,36.80675305555555,1531
139.42668194444445,36.806603055555556,1533
139.42668194444445,36.80634388888889,1526
139.42660694444444,36.80586888888889,1519
139.42662,36.80577805555556,1515
139.42691888888888,36.804903055555556,1515
139.4272938888889,36.803978055555554,1498
139.42730694444444,36.80387805555556,1496
139.42725694444445,36.80366111111111,1497
139.42717,36.803536111111114,1496
139.42690694444445,36.803295,1493
139.42657,36.80303611111111,1489
139.42633194444446,36.80282,1486
139.426245,36.802728055555555,1486
139.42622,36.80265305555555,1485
139.42620694444443,36.802503055555555,1484
139.42628194444444,36.80233611111111,1483
139.426495,36.80208694444445,1482
139.42693194444445,36.801678055555556,1485
139.42702,36.801545,1484
139.42705694444444,36.801453055555555,1484
139.42708194444444,36.801345,1483
139.427095,36.80095305555555,1481
139.427145,36.800828055555556,1483
139.42723194444446,36.800695,1485
139.42769388888888,36.800178055555556,1482
139.42779388888889,36.80003694444444,1484
139.4280188888889,36.79961194444444,1485
139.42818194444445,36.799345,1485
139.4285688888889,36.79887,1485
139.4286688888889,36.79872,1486
139.42910694444444,36.79774611111111,1482
139.42913194444444,36.79765388888889,1484
139.4291438888889,36.79746194444444,1483
139.4291188888889,36.79730388888889,1484
139.42908194444445,36.79720388888889,1483
139.42883194444445,36.79676194444444,1483
139.42878194444444,36.79662888888889,1484
139.4287438888889,36.79647888888889,1483
139.42875694444444,36.79632888888889,1479
139.42880694444443,36.79620388888889,1476
139.4288938888889,36.79608694444445,1473
139.42900694444444,36.79599611111111,1472
139.42915694444446,36.79590388888889,1474
139.42940694444445,36.79582111111111,1473
139.43025694444444,36.79567111111111,1477
139.4304688888889,36.79562888888889,1474
139.43063194444446,36.79557888888889,1475
139.4310188888889,36.79540388888889,1465
139.43213194444445,36.79482888888889,1458
139.43263194444444,36.79452888888889,1456
139.43275694444444,36.794446111111114,1457
139.43300694444446,36.794246111111114,1449
139.43453194444444,36.79271305555555,1438
139.43485611111112,36.792388055555556,1437
139.4354688888889,36.79179611111111,1428
139.43573111111112,36.791605,1428
139.4359311111111,36.79149611111111,1428
139.4360311111111,36.791446111111114,1429
139.4362311111111,36.79136305555556,1428
139.43825611111112,36.79064611111111,1418
139.43844388888888,36.79056305555556,1418
139.43879388888888,36.790396944444446,1418
139.44201805555556,36.788505,1406
139.44236805555556,36.788255,1408
139.4426811111111,36.78798888888889,1407
139.4429061111111,36.78778,1408
139.4437311111111,36.786771944444446,1401
139.4442811111111,36.786071944444444,1402
139.44560611111112,36.78441388888889,1400
139.4481311111111,36.781115,1395
139.44988,36.778823055555556,1395
139.45049305555557,36.77802305555556,1395
139.45059305555554,36.77784805555556,1395
139.45076805555556,36.777456944444445,1395
139.450855,36.777256944444446,1395
139.45129305555557,36.77552388888889,1393
139.45139194444445,36.77427388888889,1392
139.45164194444445,36.77054888888889,1390
139.45166805555556,36.77042388888889,1390
139.45171805555555,36.77027388888889,1390
139.451955,36.76969111111111,1390
139.45218,36.769241111111114,1391
139.45253,36.76860805555555,1393
139.45268,36.768298888888886,1394
139.45306805555555,36.76717388888889,1395
139.45321694444445,36.766731944444444,1393
139.453255,36.76654111111111,1392
139.453255,36.76635805555556,1392
139.45323,36.76616611111111,1391
139.45318,36.76599888888889,1390
139.45299194444445,36.765591111111114,1388
139.45291805555556,36.76541611111111,1387
139.45286694444445,36.76524111111111,1386
139.45284305555555,36.76502388888889,1385
139.45284305555555,36.76459888888889,1383
139.45286694444445,36.76396611111111,1378
139.45291805555556,36.762908055555556,1373
139.452905,36.7627,1372
139.45271805555555,36.76179111111111,1366
139.452555,36.76115,1361
139.45253,36.761091111111114,1360
139.45246805555556,36.760975,1359
139.45226694444443,36.76075,1356
139.45206694444445,36.76059111111111,1355
139.45188,36.7605,1354
139.45144305555556,36.76038305555556,1354
139.45109305555556,36.760308055555555,1350
139.450705,36.76023305555555,1349
139.45041805555556,36.76015805555556,1357
139.450305,36.76011611111111,1357
139.45014305555554,36.75995,1350
139.45011805555555,36.75973305555556,1347
139.450155,36.75964111111111,1346
139.45023,36.75955805555556,1347
139.45061805555557,36.75926611111111,1342
139.45073,36.75908305555556,1342
139.45073,36.75895,1337
139.45064305555556,36.75859194444445,1335
139.45053,36.758275,1335
139.450455,36.758175,1334
139.45034305555555,36.758091944444445,1333
139.450205,36.75803305555556,1335
139.449905,36.75801694444444,1336
139.449455,36.758066944444444,1334
139.44928,36.75805,1327
139.44918,36.758025,1327
139.44909305555555,36.75796694444445,1326
139.44904305555556,36.75788305555555,1324
139.44901805555557,36.75779194444444,1324
139.449105,36.757375,1324
139.44911805555554,36.75725805555555,1321
139.449105,36.757133055555556,1324
139.44899305555555,36.756925,1322
139.448805,36.75673305555556,1312
139.44863,36.7566,1314
139.448455,36.7565,1313
139.44778,36.75625,1315
139.44763,36.75609194444444,1314
139.447605,36.755991944444446,1312
139.44761805555555,36.75590805555556,1312
139.44768,36.755833055555556,1310
139.44776805555554,36.755775,1310
139.44788,36.75575,1308
139.44801805555556,36.75575805555555,1302
139.44811805555557,36.755808055555555,1303
139.448205,36.755875,1303
139.44868,36.75640805555555,1306
139.448805,36.75650805555556,1307
139.448955,36.756591944444445,1308
139.44988,36.75698305555556,1297
139.45028,36.757133055555556,1298
139.45046805555555,36.75718305555556,1297
139.45076805555556,36.757225,1298
139.451105,36.757175,1292
139.451255,36.757133055555556,1287
139.45139305555554,36.757066944444446,1290
139.45151694444445,36.756975,1290
139.451655,36.756841944444446,1290
139.451705,36.756775,1292
139.451755,36.7567,1292
139.451805,36.75655805555556,1296
139.451855,36.7561,1288
139.45203,36.75525,1283
139.45253,36.75405888888889,1277
139.45259305555555,36.75395,1277
139.45269305555556,36.75383388888889,1277
139.452805,36.75373388888889,1277
139.45293,36.753616944444445,1276
139.45343,36.75328388888889,1276
139.45371805555556,36.753101111111114,1277
139.45393,36.75295888888889,1277
139.45434194444445,36.75269194444444,1279
139.454555,36.75255111111111,1277
139.45476694444446,36.75240888888889,1278
139.45501694444445,36.75218388888889,1279
139.45519305555555,36.75200111111111,1284
139.45533,36.75196694444445,1283
139.45551694444444,36.75197611111111,1284
139.45564194444444,36.75204194444444,1284
139.455805,36.75223388888889,1284
139.45618,36.752766944444446,1285
139.45638,36.75295111111111,1285
139.45661694444445,36.75305888888889,1294
139.45673,36.753101111111114,1293
139.458555,36.75334194444444,1285
139.458655,36.75335888888889,1284
139.45889194444445,36.75340111111111,1282
139.45998,36.75370888888889,1284
139.46019194444443,36.753751111111114,1282
139.46041694444443,36.75378388888889,1285
139.46068,36.75380111111111,1283
139.46094194444444,36.75378388888889,1284
139.46124194444445,36.75373388888889,1282
139.4615038888889,36.75365111111111,1270
139.4616038888889,36.75360111111111,1273
139.4617288888889,36.75355111111111,1270
139.46194194444445,36.75340888888889,1272
139.4621038888889,36.75327611111111,1271
139.46225388888888,36.753101111111114,1270
139.46237888888888,36.75288388888889,1271
139.4624288888889,36.75275111111111,1270
139.46249194444445,36.75259194444445,1272
139.46250388888888,36.75253388888889,1272
139.46257888888888,36.75228388888889,1274
139.46272888888888,36.75147611111111,1275
139.46280388888889,36.751083888888886,1276
139.46286694444444,36.75070111111111,1274
139.4629788888889,36.75008388888889,1275
139.46304194444446,36.749876111111114,1276
139.46311694444444,36.74973388888889,1277
139.4633038888889,36.74953388888889,1274
139.46344194444444,36.74943388888889,1273
139.46364194444445,36.74935111111111,1275
139.46702888888888,36.74836805555555,1275
139.46734194444446,36.74828388888889,1275
139.4676038888889,36.74815888888889,1275
139.46780388888888,36.748043055555556,1275
139.4680038888889,36.74789305555556,1276
139.4682288888889,36.74772611111111,1275
139.46831694444444,36.74765111111111,1272
139.46927888888888,36.74681805555556,1274
139.4701038888889,36.74621,1272
139.47064111111112,36.74587611111111,1274
139.4730911111111,36.74436,1277
139.4740161111111,36.74381,1276
139.47437888888888,36.74361805555556,1274
139.47461611111112,36.743535,1274
139.47480388888889,36.74346805555555,1276
139.4753038888889,36.74330194444445,1276
139.4770661111111,36.74290194444445,1274
139.47754111111112,36.74275194444444,1271
139.4777161111111,36.74271,1272
139.47780305555557,36.742685,1272
139.47800305555555,36.742576944444444,1274
139.47881611111112,36.741976944444446,1273
139.47924111111112,36.741685,1276
139.4795411111111,36.74154305555555,1274
139.47985305555557,36.74144388888889,1274
139.4803161111111,36.741335,1277
139.48051611111111,36.74131,1275
139.48125305555556,36.741185,1274
139.4814661111111,36.74115194444445,1273
139.48312805555557,36.74086,1277
139.4834661111111,36.74082694444444,1277
139.4838161111111,36.74080194444444,1277
139.48475305555556,36.74080194444444,1277
139.48582805555554,36.74080194444444,1273
139.48630305555557,36.74082694444444,1274
139.48667805555556,36.74086,1272
139.48704,36.740926944444446,1272
139.487315,36.74099388888889,1271
139.48854,36.741276944444444,1274
139.48870305555556,36.74129388888889,1274
139.48890194444445,36.74126,1274
139.489065,36.74120194444444,1272
139.48949,36.74104388888889,1273
139.490665,36.74059388888889,1274
139.490915,36.740501944444446,1274
139.49142694444444,36.74033611111111,1275
139.49185194444445,36.74021888888889,1273
139.49242694444445,36.740051944444446,1275
139.49324,36.73984388888889,1274
139.49362694444446,36.739761111111115,1274
139.49397694444446,36.73968611111111,1274
139.49417694444443,36.73966111111111,1272
139.49511388888888,36.73970194444444,1272
139.4953888888889,36.73970194444444,1272
139.49578888888888,36.73965194444445,1271
139.49610194444443,36.73958611111111,1272
139.49675194444444,36.73936111111111,1272
139.49691388888888,36.73933611111111,1272
139.49750194444445,36.73931888888889,1271
139.49810194444444,36.739311111111114,1273
139.4986638888889,36.73928611111111,1275
139.49912694444444,36.73926111111111,1280
139.50033888888888,36.73926111111111,1282
139.5005261111111,36.73928611111111,1282
139.5017388888889,36.73946888888889,1279
139.5025138888889,36.73956888888889,1276
139.50291388888888,36.739628055555556,1274
139.5030138888889,36.73966111111111,1273
139.5030761111111,36.73970194444444,1274
139.5035511111111,36.740276944444446,1278
139.50538805555556,36.74265194444445,1287
139.5055011111111,36.74279388888889,1287
139.50568805555557,36.74292805555555,1286
139.5059511111111,36.74306888888889,1287
139.50623805555554,36.74321111111111,1286
139.50643805555555,36.74339388888889,1286
139.50655111111112,36.74356111111111,1288
139.5067511111111,36.74398611111111,1283
139.50677611111112,36.74411888888889,1282
139.5067511111111,36.744301944444445,1283
139.50680111111112,36.74436111111111,1279
139.50696305555556,36.744526944444445,1279
139.50708805555556,36.74465194444444,1279
139.50718805555556,36.74471888888889,1279
139.50731305555556,36.744776944444446,1276
139.5075261111111,36.74482694444445,1276
139.50782611111111,36.744886111111114,1272
139.50793805555554,36.744926944444444,1269
139.50818805555556,36.745201944444446,1267
139.5084261111111,36.74538611111111,1266
139.50851305555557,36.74548611111111,1264
139.50855,36.745576944444444,1267
139.50876305555556,36.74596888888889,1259
139.50883805555554,36.74601111111111,1255
139.50891305555555,36.74598611111111,1255
139.508925,36.745936111111114,1255
139.5087,36.745511111111114,1249
139.50858805555555,36.745351944444444,1249
139.50836305555555,36.74514388888889,1260
139.5083261111111,36.74509388888889,1261
139.50823805555555,36.744793888888886,1260
139.50818805555556,36.74473611111111,1249
139.50812611111112,36.74468611111111,1249
139.50781305555554,36.744593888888886,1244
139.5077761111111,36.744551944444446,1243
139.50778805555555,36.74451888888889,1238
139.50780111111112,36.744503055555555,1238
139.5078761111111,36.74448611111111,1238
139.50826305555555,36.74463611111111,1242
139.50836305555555,36.74471111111111,1244
139.50848805555555,36.74503611111111,1245
139.50853805555556,36.74509388888889,1245
139.50881305555555,36.74527694444444,1241
139.50903805555555,36.74550194444444,1240
139.50915,36.74558611111111,1240
139.50935,36.74566111111111,1227
139.509725,36.745736111111114,1226
139.50978805555556,36.74576111111111,1223
139.50983805555555,36.74583611111111,1219
139.509875,36.74611888888889,1219
139.509925,36.74626888888889,1217
139.51001305555556,36.746426944444444,1216
139.51011305555556,36.74649388888889,1216
139.51041305555555,36.74656888888889,1206
139.51055,36.74663611111111,1205
139.51068694444444,36.746743888888886,1204
139.51075,36.74676888888889,1204
139.51081194444444,36.74675194444445,1202
139.51083805555555,36.74668611111111,1202
139.51078694444445,36.74664388888889,1198
139.51033805555556,36.74636888888889,1205
139.510275,36.74630194444445,1202
139.51015,36.745936111111114,1207
139.51018805555555,36.74589388888889,1207
139.51023805555556,36.74588611111111,1196
139.5103,36.74590194444445,1196
139.51033805555556,36.74595194444444,1190
139.51041305555555,36.746201944444444,1194
139.51046305555556,36.746293888888886,1194
139.51115,36.746676944444445,1190
139.5121,36.747076944444444,1176
139.512175,36.74706888888889,1175
139.51221305555555,36.74702694444444,1175
139.512175,36.74696888888889,1171
139.511925,36.74688611111111,1172
139.511525,36.746701944444446,1177
139.51101305555557,36.74639388888889,1184
139.510975,36.74635194444444,1186
139.511,36.746293888888886,1179
139.51106305555555,36.74626111111111,1179
139.511425,36.746518888888886,1170
139.511625,36.74661888888889,1170
139.5118,36.74668611111111,1169
139.512375,36.74684388888889,1170
139.5126,36.746926944444446,1168
139.51271194444445,36.74700194444444,1165
139.512775,36.74700194444444,1165
139.51285,36.746943888888886,1163
139.51285,36.746901944444446,1163
139.512825,36.74686888888889,1159
139.512775,36.74683611111111,1162
139.51178694444445,36.74643611111111,1162
139.511625,36.74634388888889,1164
139.511575,36.746293888888886,1163
139.51161194444444,36.74623611111111,1163
139.51168694444445,36.74623611111111,1161
139.51183694444444,36.74632694444445,1160
139.512075,36.74641888888889,1159
139.51296194444444,36.74666888888889,1152
139.5132,36.74683611111111,1150
139.513275,36.746828055555554,1147
139.513325,36.74678611111111,1147
139.51331194444444,36.74671111111111,1144
139.513125,36.746628055555554,1143
139.51155,36.745776944444444,1138
139.511525,36.74571888888889,1138
139.51156194444445,36.74566111111111,1133
139.511625,36.74566111111111,1133
139.51193694444444,36.745868888888886,1135
139.51203805555556,36.74591111111111,1138
139.512475,36.745978055555554,1128
139.51261194444444,36.746026944444445,1130
139.51281194444445,36.74617694444444,1131
139.51333694444443,36.74646111111111,1133
139.51341194444444,36.74644388888889,1129
139.51345,36.746386111111114,1127
139.51343694444444,36.74631888888889,1123
139.513075,36.74616888888889,1126
139.51296194444444,36.74607694444445,1124
139.5127,36.745736111111114,1117
139.512625,36.74561111111111,1116
139.5125,36.74552694444444,1114
139.51225,36.74543611111111,1114
139.51198694444443,36.745218888888886,1110
139.51196194444444,36.74516111111111,1110
139.512,36.745111111111115,1106
139.51211305555555,36.74507805555555,1107
139.51248694444445,36.74509388888889,1104
139.5126,36.745151944444444,1100
139.51285,36.74548611111111,1108
139.513025,36.74571888888889,1109
139.51316194444445,36.74581111111111,1110
139.5137,36.74604388888889,1102
139.513825,36.74612805555556,1101
139.51388694444444,36.74626111111111,1104
139.513975,36.74652694444445,1096
139.514025,36.74654388888889,1088
139.51408694444444,36.746518888888886,1088
139.5141,36.746451944444445,1088
139.5141,36.746386111111114,1086
139.51395,36.74607694444445,1086
139.51388694444444,36.74599388888889,1093
139.513325,36.74566111111111,1092
139.5133,36.74561111111111,1092
139.51333694444443,36.745576944444444,1082
139.51338694444445,36.74556888888889,1082
139.514,36.74591111111111,1083
139.51405,36.74591888888889,1076
139.5141,36.74589388888889,1076
139.51413694444443,36.74583611111111,1068
139.514125,36.74579388888889,1068
139.51406194444445,36.74576111111111,1066
139.513925,36.745736111111114,1070
139.51383694444445,36.74570305555556,1074
139.513525,36.745426944444446,1073
139.51351194444445,36.74539388888889,1073
139.513525,36.74534388888889,1073
139.513575,36.745328055555554,1067
139.513625,36.74534388888889,1071
139.513825,36.74556111111111,1072
139.513875,36.74558611111111,1072
139.51391194444443,36.74558611111111,1070
139.51395,36.74555194444444,1059
139.51396194444445,36.74551888888889,1059
139.51383694444445,36.74533611111111,1059
139.51368694444446,36.745018888888886,1057
139.51371194444445,36.74496888888889,1057
139.5138,36.74491888888889,1050
139.51386194444444,36.74491111111111,1050
139.51393694444445,36.74496111111111,1048
139.513975,36.74501111111111,1048
139.514025,36.74533611111111,1054
139.51405,36.74538611111111,1054
139.51408694444444,36.745401944444446,1054
139.514125,36.745401944444446,1052
139.51416194444445,36.74536111111111,1052
139.51416194444445,36.74531888888889,1050
139.514125,36.74521111111111,1044
139.51413694444443,36.74491111111111,1043
139.514175,36.74482694444445,1043
139.514275,36.74469388888889,1041
139.514275,36.74463611111111,1042
139.51423694444443,36.744593888888886,1042
139.514125,36.74457694444445,1042
139.51401194444443,36.744593888888886,1042
139.51363694444444,36.74471888888889,1045
139.51358694444446,36.74469388888889,1045
139.513575,36.744661111111114,1039
139.5136,36.74462694444444,1039
139.513975,36.744461111111114,1037
139.51413694444443,36.74443611111111,1034
139.5145,36.74442805555555,1034
139.51513694444444,36.744236111111114,1022
139.51533694444444,36.74416111111111,1023
139.5154738888889,36.74406111111111,1023
139.51564888888888,36.74384388888889,1022
139.51573694444446,36.74379388888889,1024
139.51584888888888,36.74376111111111,1021
139.51604194444445,36.74374611111111,1020
139.51604194444445,36.74374611111111,1020
139.51628694444443,36.74372805555556,1019
139.51632388888888,36.74369388888889,1019
139.51633694444445,36.743653055555555,1013
139.51629888888888,36.74360305555555,1016
139.5162238888889,36.743586111111114,1016
139.51591194444444,36.74363611111111,1017
139.51587388888888,36.743611111111115,1017
139.51586194444445,36.74357805555555,1017
139.51587388888888,36.74353611111111,1014
139.5160488888889,36.74341111111111,1012
139.51613694444444,36.743403055555554,1012
139.51632388888888,36.74346111111111,1011
139.51668694444444,36.74360305555555,1007
139.51701194444445,36.743743888888886,1002
139.51703694444444,36.74378611111111,1000
139.5170238888889,36.743853055555554,1000
139.51664888888888,36.74435305555556,1001
139.51666194444445,36.74439388888889,1001
139.51673694444443,36.74441111111111,996
139.51678694444445,36.744368888888886,991
139.51689888888887,36.74421888888889,997
139.51709888888888,36.74399388888889,996
139.5171488888889,36.74398611111111,992
139.51721194444445,36.74401888888889,990
139.51719888888888,36.74406888888889,990
139.51696194444443,36.74439388888889,990
139.5169238888889,36.74451888888889,986
139.51696194444443,36.74456888888889,979
139.5170488888889,36.744593888888886,979
139.51713694444445,36.74457805555556,977
139.51723694444445,36.74441888888889,983
139.51726194444444,36.74424388888889,984
139.51734888888888,36.744078055555555,982
139.5173738888889,36.74384388888889,980
139.5174738888889,36.74381888888889,979
139.5175238888889,36.743853055555554,979
139.5175238888889,36.743943888888886,980
139.51744888888888,36.74412805555556,977
139.51736194444445,36.744553055555556,972
139.51741194444443,36.74460305555556,967
139.51748694444444,36.744593888888886,965
139.51756194444445,36.74456888888889,961
139.5175988888889,36.74451111111111,966
139.5177238888889,36.74406888888889,970
139.51779888888888,36.74391888888889,958
139.51786194444443,36.74388611111111,960
139.51824888888888,36.74388611111111,949
139.51857388888888,36.74386111111111,954
139.5191861111111,36.74363611111111,945
139.5193361111111,36.743586111111114,945
139.5194611111111,36.74357805555555,945
139.5196861111111,36.74360305555555,944
139.5198488888889,36.74360305555555,943
139.52051111111112,36.743545,935
139.5206988888889,36.743495,932
139.5210111111111,36.74330305555556,927
139.5210988888889,36.74322,926
139.5212111111111,36.74307,925
139.5214488888889,36.74295305555555,915
139.5216988888889,36.74288611111111,914
139.5218238888889,36.742795,916
139.52197388888888,36.74263611111111,913
139.5227988888889,36.74178611111111,906
139.52311111111112,36.74152,899
139.52368611111112,36.74113694444444,896
139.52399805555555,36.74095305555556,894
139.5245111111111,36.74071194444444,891
139.5248361111111,36.74053694444444,885
139.5250861111111,36.74037805555555,886
139.52554805555556,36.740028055555555,882
139.52673611111112,36.73925388888889,869
139.52692305555556,36.73903694444444,868
139.52732305555554,36.738745,866
139.52782305555556,36.73847,866
139.52836,36.73820388888889,856
139.52866,36.738061944444446,854
139.528935,36.738036944444445,855
139.52957305555555,36.73807,847
139.530085,36.738145,848
139.530735,36.73818694444444,839
139.53107305555557,36.73825388888889,838
139.531235,36.73831194444445,837
139.53169805555555,36.73860388888889,838
139.532185,36.73892,837
139.532385,36.73901194444444,831
139.532585,36.739061944444444,829
139.532785,36.73907,829
139.53482194444445,36.73912888888889,825
139.53614694444445,36.73916194444445,818
139.53632194444444,36.739136944444446,818
139.5364588888889,36.73909611111111,817
139.53914694444444,36.73783805555556,806
139.54017194444444,36.73737888888889,804
139.5408338888889,36.73708805555555,794
139.54135888888888,36.73685388888889,795
139.54235888888888,36.736488055555554,787
139.5427838888889,36.73634611111111,786
139.5430088888889,36.73627111111111,784
139.54612111111112,36.73522111111111,764
139.54682111111111,36.73505388888889,766
139.54700888888888,36.73497888888889,766
139.5472088888889,36.73487111111111,763
139.54753305555556,36.73464611111111,761
139.54860805555555,36.733855,755
139.5493461111111,36.73319611111111,754
139.5495961111111,36.73301305555555,752
139.54975805555554,36.73291305555556,749
139.55055805555557,36.73256305555555,744
139.55190805555554,36.732013055555555,737
139.55230805555556,36.73193,734
139.5526461111111,36.73187194444444,732
139.5529961111111,36.73184694444444,732
139.55335805555555,36.73184694444444,731
139.5548711111111,36.732013055555555,724
139.555295,36.73208,722
139.55578305555557,36.73218,721
139.55627,36.73231305555556,720
139.55688305555555,36.73251305555556,720
139.557545,36.73276305555556,716
139.55795805555556,36.732955,715
139.55813194444445,36.73303,714
139.55890805555555,36.73341305555556,712
139.559745,36.73383,711
139.56178194444445,36.73488805555556,703
139.562045,36.73506305555556,702
139.56225694444444,36.735238055555556,702
139.56267,36.735755,703
139.562745,36.735838055555554,702
139.56460694444445,36.73824611111111,691
139.56504388888888,36.73881305555555,691
139.56528194444445,36.73912888888889,688
139.56549388888888,36.73940388888889,688
139.56555694444444,36.73954611111111,687
139.56565694444444,36.73970388888889,688
139.56570694444446,36.73981305555556,688
139.5659938888889,36.74026305555556,686
139.56608194444445,36.740428888888886,687
139.56635694444444,36.74095388888889,687
139.56643194444445,36.741146111111114,688
139.56650694444446,36.74134611111111,686
139.56655694444444,36.741503888888886,689
139.5665938888889,36.74181305555555,691
139.56664388888888,36.742113055555556,692
139.5666688888889,36.74232111111111,693
139.56673194444446,36.74245388888889,694
139.56675694444445,36.742646111111114,695
139.5668938888889,36.743428888888886,700
139.56696888888888,36.74370388888889,704
139.5670438888889,36.74391305555555,705
139.5671311111111,36.74410388888889,706
139.5672438888889,36.74432111111111,711
139.5674688888889,36.744596111111115,716
139.5677311111111,36.744886944444445,719
139.56858111111111,36.74565388888889,713
139.5688561111111,36.74586305555555,707
139.56921888888888,36.746096111111115,706
139.5696561111111,36.746313055555554,706
139.5701811111111,36.74650388888889,704
139.57073111111112,36.74662111111111,704
139.5714188888889,36.74672888888889,704
139.57389305555554,36.747053888888885,687
139.57419305555555,36.74712888888889,688
139.57451805555556,36.74727111111111,688
139.57481805555557,36.74745388888889,686
139.57506805555556,36.747703888888886,682
139.57525611111112,36.74790388888889,669
139.5756561111111,36.74836305555556,678
139.57584305555557,36.748578888888886,678
139.5760061111111,36.74872111111111,677
139.5762061111111,36.74886305555555,677
139.57634305555555,36.74892888888889,678
139.5766561111111,36.749071111111114,679
139.57713,36.74930388888889,676
139.578255,36.74987111111111,673
139.57863,36.750053888888885,672
139.57894305555556,36.75015388888889,670
139.57913,36.75020388888889,668
139.57953,36.75027111111111,665
139.58241694444445,36.75082111111111,657
139.582855,36.75091194444445,655
139.58349194444443,36.75102888888889,652
139.58351694444445,36.75090388888889,652
139.58348,36.750863055555556,651
139.58294194444446,36.75062111111111,653
139.58234194444444,36.75038694444444,654
139.58159194444445,36.75010388888889,654
139.581405,36.75000388888889,656
139.581405,36.74993805555555,655
139.58140194444445,36.74993388888889,654
139.58140194444445,36.74993388888889,654
139.581405,36.74993805555555,655
139.581405,36.75000388888889,656
139.58159194444445,36.75010388888889,654
139.58234194444444,36.75038694444444,654
139.58294194444446,36.75062111111111,653
139.58348,36.750863055555556,651
139.58351694444445,36.75090388888889,652
139.58349194444443,36.75102888888889,652
139.58374194444445,36.751088055555556,651
139.58459194444444,36.75127111111111,649
139.584655,36.751286944444445,649
139.58554194444446,36.75147888888889,649
139.58629194444444,36.75163694444444,647
139.58669194444445,36.75172888888889,647
139.58725388888888,36.75183805555555,646
139.58754194444444,36.75187888888889,646
139.58759194444445,36.75188694444444,646
139.58799194444444,36.75192888888889,646
139.58879194444444,36.75202111111111,641
139.5888788888889,36.75203805555556,641
139.58905388888888,36.752071111111114,640
139.58926694444443,36.75214611111111,635
139.5900288888889,36.75252111111111,638
139.5903538888889,36.75270388888889,638
139.5910661111111,36.75310388888889,639
139.5911911111111,36.75317111111111,638
139.5921538888889,36.75367111111111,634
139.5923288888889,36.753771111111114,633
139.5924288888889,36.753813055555554,634
139.5925411111111,36.75384611111111,632
139.59280388888888,36.75389611111111,629
139.59380388888889,36.75407888888889,627
139.59406611111112,36.754128888888886,626
139.5947038888889,36.75419611111111,624
139.5951538888889,36.75425388888889,623
139.59562805555555,36.75432111111111,622
139.5960411111111,36.75437111111111,619
139.59622805555554,36.75437111111111,618
139.59637805555556,36.754353888888886,618
139.5964661111111,36.75433694444445,618
139.59710305555555,36.75415388888889,615
139.59720305555555,36.75413694444445,614
139.5974911111111,36.75404611111111,614
139.59790305555555,36.75392111111111,614
139.59867805555555,36.753703888888886,606
139.59940305555557,36.75349611111111,605
139.60042805555557,36.75325388888889,599
139.6009411111111,36.75317111111111,595
139.60155305555554,36.75310388888889,592
139.601815,36.75308805555556,592
139.60199,36.75307111111111,592
139.60235305555557,36.75306305555556,592
139.60275305555555,36.753078888888886,592
139.60295305555556,36.75310388888889,592
139.603165,36.753146111111114,593
139.603365,36.75320388888889,592
139.60352805555556,36.75325388888889,594
139.603665,36.75332888888889,592
139.603865,36.75345388888889,595
139.60420305555556,36.753663055555556,592
139.60432805555556,36.75373805555556,593
139.60475194444444,36.75348805555556,590
139.60482805555554,36.75344611111111,591
139.60512805555555,36.75326305555556,595
139.60527694444446,36.75317888888889,597
139.60540194444445,36.75310388888889,598
139.60589,36.75284611111111,595
139.60615305555555,36.75267888888889,593
139.60655194444445,36.752428888888886,588
139.60680194444444,36.75225388888889,588
139.60702694444444,36.752071111111114,588
139.60727694444444,36.75186305555555,588
139.607815,36.751405,583
139.60794,36.75132111111111,582
139.60809,36.751221111111114,581
139.60817694444444,36.75118,580
139.60835194444445,36.751105,580
139.60895194444444,36.75088,577
139.60922694444446,36.75078,577
139.609365,36.75073,576
139.61004,36.75048,574
139.61060194444445,36.75028,571
139.61092694444446,36.75017111111111,570
139.61215194444443,36.74973,567
139.6123888888889,36.74964611111111,566
139.6124638888889,36.74961305555556,565
139.61327694444444,36.74933,563
139.61352694444443,36.74923805555556,562
139.61398888888888,36.749071944444445,561
139.61540194444444,36.74857194444444,556
139.61545194444443,36.748555,556
139.61673888888888,36.74809694444444,551
139.61772611111112,36.74773888888889,548
139.61820111111112,36.747571944444445,546
139.6188011111111,36.747346944444445,544
139.61912611111111,36.74723,544
139.61920111111112,36.747205,543
139.6194761111111,36.747105,543
139.6202638888889,36.74681388888889,540
139.62135111111112,36.74642194444444,534
139.6217188888889,36.74628694444444,533
</coordinates>
</LineString>
</Placemark>
</Document>
</kml>
