<?xml version="1.0" encoding="UTF-8"?>
<kml xmlns="http://www.opengis.net/kml/2.2" xmlns:atom="http://www.w3.org/2005/Atom">
<Document>
<name>[Day1] WCC55th pre-camp</name>
<atom:author>
<atom:name>Now</atom:name>
</atom:author> 
<atom:link href="https://latlonglab.yahoo.co.jp/route/watch?id=c7de5544e01ae180416851918a58c81c" />
<description><![CDATA[]]></description>
<tags><![CDATA[wcc55th]]></tags>  
<Placemark>
<Style>
<LineStyle>
<color>99ff0000</color>
<width>6</width>
</LineStyle>
</Style>
<LineString>
<coordinates>
139.07291805555556,36.38385805555556,105
139.07290805555556,36.38392888888889,105
139.07282,36.384013055555556,105
139.072795,36.384053888888886,105
139.07278194444444,36.38417111111111,105
139.07273305555555,36.38429611111111,105
139.072645,36.38444611111111,105
139.07257,36.385421111111114,105
139.07253194444445,36.38622111111111,105
139.07245694444444,36.387411944444445,105
139.07245694444444,36.38749611111111,105
139.07243194444445,36.38784611111111,105
139.07242,36.38825388888889,105
139.072395,36.388421111111114,105
139.07235694444444,36.38867888888889,105
139.072345,36.388753888888886,105
139.07237,36.38883694444444,105
139.07245694444444,36.38887888888889,105
139.07252,36.38900388888889,105
139.07288194444445,36.38947888888889,105
139.07315694444443,36.38982,105
139.07330694444445,36.39002888888889,104
139.073445,36.39020388888889,104
139.073645,36.39045388888889,104
139.073795,36.390661944444446,104
139.07418194444443,36.39113694444445,104
139.07433194444445,36.391311944444446,104
139.0744688888889,36.391486944444445,104
139.07465694444446,36.391645,104
139.0744938888889,36.391995,104
139.07425694444444,36.392545,105
139.07413194444445,36.392845,105
139.07396888888888,36.39318611111111,105
139.07358194444444,36.39407805555555,105
139.07331888888888,36.39466111111111,105
139.0731438888889,36.39506111111111,105
139.0730438888889,36.39527805555556,105
139.0726688888889,36.39612805555556,106
139.07261888888888,36.39624388888889,106
139.0725438888889,36.39641888888889,106
139.07235694444444,36.39684388888889,106
139.0722188888889,36.39720194444445,106
139.07219388888888,36.39747805555555,106
139.07215694444446,36.39829388888889,107
139.07215694444446,36.39856888888889,107
139.07215694444446,36.39892694444445,107
139.07215694444446,36.39922694444444,107
139.07218194444445,36.39939388888889,107
139.07220694444445,36.39953611111111,107
139.07226888888889,36.39973611111111,107
139.0723188888889,36.39987694444444,107
139.07248194444443,36.40021111111111,108
139.07263194444445,36.40046111111111,108
139.07270694444443,36.400576944444445,108
139.07329388888888,36.40154388888889,108
139.07358194444444,36.40199388888889,108
139.07364388888888,36.402118888888886,108
139.07288194444445,36.40231,109
139.07293,36.40239388888889,109
139.07293,36.40239388888889,109
139.0729438888889,36.40241888888889,109
139.07329388888888,36.403351944444445,109
139.07343194444445,36.40372694444444,109
139.07353194444445,36.40406,109
139.07355694444445,36.40416805555556,109
139.07355694444445,36.404335,109
139.07351888888888,36.404535,109
139.07335694444444,36.40512611111111,110
139.07331888888888,36.40525111111111,110
139.07303194444444,36.40627611111111,110
139.07285694444445,36.40682611111111,110
139.0726938888889,36.40735111111111,110
139.07264388888888,36.40747611111111,110
139.0725688888889,36.40773388888889,110
139.0725688888889,36.40777611111111,110
139.0724438888889,36.40828388888889,111
139.07241888888888,36.40844305555556,111
139.07243194444445,36.40884194444445,111
139.07245694444444,36.40945111111111,112
139.07245694444444,36.40953388888889,112
139.0724438888889,36.41015888888889,112
139.07243194444445,36.410268055555555,112
139.07241888888888,36.410333888888886,112
139.0723688888889,36.41045888888889,113
139.0723188888889,36.41055111111111,113
139.07226888888889,36.410626111111114,113
139.07213194444444,36.41081694444444,113
139.07196888888888,36.411051111111114,113
139.0718938888889,36.41115888888889,113
139.0717938888889,36.41132611111111,113
139.07173194444445,36.41150888888889,113
139.07171888888888,36.411566944444445,113
139.07159388888888,36.41245,114
139.0715438888889,36.4128,115
139.07148194444446,36.413075,115
139.07145694444444,36.41315888888889,115
139.07139388888888,36.413333888888886,115
139.07125694444446,36.41364194444444,115
139.07120694444444,36.41373388888889,115
139.07113194444443,36.4138,115
139.0709688888889,36.41390805555555,115
139.07081888888888,36.413975,115
139.07035694444446,36.41415805555555,115
139.0702188888889,36.41421694444445,115
139.07000694444446,36.414341944444445,115
139.06959388888887,36.4146,115
139.06955694444446,36.414625,115
139.06930694444443,36.414791944444445,115
139.06901888888888,36.415,115
139.06873194444444,36.4152,115
139.0686438888889,36.415283055555555,115
139.06854388888888,36.41538305555556,115
139.06848194444444,36.415508055555556,115
139.06845694444445,36.41563305555555,115
139.06845694444445,36.415775,115
139.06848194444444,36.415883055555554,115
139.06856888888888,36.416291111111114,116
139.06866888888888,36.416725,116
139.06866888888888,36.41683305555556,116
139.06863194444443,36.417075,116
139.06860694444444,36.41716611111111,116
139.06843194444446,36.41776611111111,117
139.06828194444444,36.418283055555555,117
139.0681438888889,36.41876611111111,117
139.06800694444445,36.41919111111111,118
139.06798194444445,36.41928305555555,118
139.06799388888888,36.41951611111111,119
139.0680438888889,36.41979888888889,119
139.0680811111111,36.41994888888889,120
139.0681438888889,36.420256944444446,120
139.06821888888888,36.420566111111114,120
139.0683061111111,36.42100694444444,121
139.0683061111111,36.42116611111111,121
139.06834388888888,36.42136611111111,121
139.0683811111111,36.42159111111111,121
139.06844388888888,36.42194888888889,122
139.0685311111111,36.42249,123
139.068545,36.42265694444445,123
139.068545,36.42265694444445,123
139.06856888888888,36.422956944444444,124
139.0685938888889,36.42322388888889,124
139.0686188888889,36.423431944444445,124
139.06865611111112,36.42384,125
139.06868111111112,36.42394,125
139.0687311111111,36.424598055555556,128
139.0687438888889,36.42475694444445,128
139.06878111111112,36.42514,129
139.0688188888889,36.425615,129
139.0688188888889,36.42574805555556,130
139.06879388888888,36.42599805555555,131
139.0687561111111,36.42613111111111,132
139.0687061111111,36.426315,133
139.0686438888889,36.426498055555555,134
139.0681561111111,36.42804805555556,137
139.0680311111111,36.42854805555555,138
139.0680188888889,36.42870611111111,139
139.0680311111111,36.42883111111111,139
139.06811888888888,36.42961388888889,140
139.06821805555555,36.43061388888889,142
139.06824305555557,36.430838888888886,142
139.0682811111111,36.43111388888889,143
139.06829305555556,36.43117194444444,143
139.06834305555554,36.43133111111111,143
139.0685061111111,36.43186388888889,144
139.0685311111111,36.43203111111111,145
139.0685311111111,36.43222194444444,145
139.06851805555556,36.43238111111111,146
139.0684811111111,36.43268888888889,146
139.06836805555557,36.43333,147
139.06834305555554,36.43353,148
139.06833111111112,36.43368,149
139.06833111111112,36.433821944444446,149
139.06833111111112,36.433955,149
139.06834305555554,36.43412194444444,150
139.06851805555556,36.43492194444445,152
139.06866805555555,36.43559694444444,153
139.06871805555556,36.43588,153
139.06871805555556,36.436013055555556,154
139.06866805555555,36.43628,154
139.0686311111111,36.436396944444446,154
139.0683811111111,36.437221111111114,154
139.06836805555557,36.43737111111111,155
139.06831805555555,36.43789611111111,157
139.06829305555556,36.438055,157
139.06814305555557,36.43871305555555,161
139.0680561111111,36.43897888888889,162
139.06799305555555,36.439146111111114,163
139.0688311111111,36.43912111111111,163
139.06906805555556,36.43911305555555,163
139.06926805555557,36.43908805555556,163
139.069505,36.439053888888886,163
139.069855,36.43898,163
139.07006805555557,36.43893,164
139.070805,36.438721111111114,164
139.07099305555556,36.43897111111111,165
139.071055,36.43906305555556,166
139.07126805555555,36.439438055555556,167
139.07148,36.43980388888889,169
139.07183,36.440421111111114,172
139.072505,36.441563055555555,177
139.072555,36.44166305555556,177
139.07274388888888,36.441986944444444,178
139.07274305555555,36.441986944444444,178
139.07294305555556,36.44232888888889,180
139.07304305555556,36.442503888888886,180
139.073205,36.44267111111111,181
139.07334194444445,36.44282888888889,182
139.073455,36.44295388888889,182
139.07356694444445,36.44317111111111,183
139.07364194444443,36.44336305555556,184
139.07368,36.44361305555555,185
139.07369194444445,36.44417111111111,187
139.07374194444444,36.444628888888886,189
139.073755,36.444811944444446,190
139.07379194444445,36.44525388888889,192
139.07386694444443,36.44552888888889,192
139.07398,36.445796111111115,194
139.07409194444443,36.44602888888889,195
139.074455,36.44662888888889,197
139.07449194444445,36.446711944444445,197
139.074605,36.446846111111114,198
139.07511694444443,36.44727,200
139.07550388888887,36.44760388888889,202
139.07584194444445,36.447895,204
139.0761288888889,36.44812,206
139.07631694444444,36.44826194444445,206
139.0764788888889,36.44842,207
139.07656694444444,36.44853694444444,207
139.0766538888889,36.44871194444445,208
139.07695388888888,36.44937,211
139.07716694444446,36.44983694444444,214
139.07727888888888,36.45002,215
139.07740388888888,36.45021194444445,216
139.07751694444445,36.45037888888889,217
139.07764194444445,36.45055388888889,217
139.07820388888888,36.451411944444445,222
139.07849194444444,36.45182,224
139.0786038888889,36.45197,224
139.07946694444445,36.452961944444446,230
139.0797661111111,36.45332805555555,232
139.0802438888889,36.45385388888889,235
139.0802438888889,36.45385388888889,235
139.0810911111111,36.45478694444444,241
139.0813161111111,36.455036944444444,242
139.08150388888888,36.45525305555555,244
139.0817661111111,36.455486111111114,245
139.0824661111111,36.45611111111111,249
139.0826661111111,36.45631111111111,250
139.0827788888889,36.456453055555556,252
139.08285388888888,36.45653611111111,252
139.0830161111111,36.45682,253
139.0831411111111,36.45702,254
139.0833661111111,36.45737805555556,256
139.0835911111111,36.45777805555556,258
139.08364111111112,36.457903055555555,258
139.0839161111111,36.45885305555556,263
139.0840538888889,36.459095,263
139.0841288888889,36.459145,264
139.0844538888889,36.459403055555555,265
139.08544111111112,36.460211111111114,272
139.08579111111112,36.460568888888886,275
139.0860638888889,36.46080111111111,276
139.0860638888889,36.46080111111111,276
139.08611611111112,36.46084388888889,277
139.08632805555555,36.46100305555556,278
139.08652805555556,36.461128055555555,279
139.08662805555556,36.46118611111111,280
139.08682805555554,36.46127805555555,281
139.08695305555557,36.461328055555555,281
139.0874661111111,36.46150305555555,284
139.08817805555555,36.461711111111114,289
139.0883661111111,36.461803055555556,291
139.08855305555556,36.461911111111114,291
139.0886911111111,36.46201888888889,293
139.0890411111111,36.46232805555555,295
139.08931611111112,36.46256888888889,297
139.089565,36.46277805555555,298
139.08969,36.46290305555556,299
139.08982805555556,36.46304388888889,300
139.08997805555555,36.46314388888889,300
139.09064,36.46344388888889,303
139.09099,36.46361111111111,304
139.09110305555555,36.463676944444444,304
139.091615,36.46385305555555,307
139.092365,36.46406888888889,312
139.09285305555557,36.46421888888889,315
139.09315305555555,36.46429388888889,317
139.09324,36.46433611111111,318
139.09330194444445,36.46436888888889,318
139.09345305555556,36.464526944444444,319
139.09379,36.46488611111111,321
139.09386111111112,36.46496111111111,322
139.09386111111112,36.46496111111111,322
139.094615,36.46575194444444,327
139.09465194444445,36.46579388888889,327
139.09585194444443,36.46698611111111,336
139.09622694444445,36.46734388888889,341
139.09666388888888,36.46776888888889,344
139.09671805555556,36.46775111111111,344
139.09671805555556,36.46775111111111,344
139.09666388888888,36.46776888888889,344
139.0972138888889,36.46825194444445,349
139.09765194444444,36.46864388888889,353
139.0982138888889,36.469135,357
139.0984138888889,36.46931,358
139.09855194444444,36.469435,358
139.09870194444446,36.46956888888889,360
139.09883888888888,36.46975194444445,361
139.09902694444443,36.47009388888889,362
139.09920194444445,36.470435,364
139.09950194444446,36.47081,366
139.09971388888889,36.47106,368
139.0998138888889,36.471185,369
139.1000138888889,36.471426944444445,369
139.1000388888889,36.47146,369
139.1008138888889,36.47237694444444,372
139.1009388888889,36.472535,372
139.1011511111111,36.47271805555555,374
139.1020761111111,36.47346,381
139.1029388888889,36.47416,392
139.1031638888889,36.474385,392
139.10325111111112,36.47446,393
139.10348888888888,36.474585,396
139.1039638888889,36.47471,402
139.10493888888888,36.47512611111111,411
139.10493888888888,36.47512611111111,411
139.10505111111112,36.47515111111111,411
139.10541305555554,36.47515111111111,415
139.10550111111112,36.47516805555556,416
139.10583805555555,36.475318055555555,420
139.10633805555557,36.475535,423
139.1076261111111,36.47675111111111,431
139.1077011111111,36.47682611111111,431
139.10776305555555,36.47676805555555,430
139.1085011111111,36.47630111111111,428
139.1089511111111,36.47602611111111,428
139.10927611111111,36.47581,427
139.10948805555554,36.47567611111111,425
139.1096261111111,36.47561805555556,424
139.10982611111112,36.47556,424
139.11005111111112,36.475485,423
139.11060111111112,36.47516,417
139.1109011111111,36.47497611111111,422
139.11106305555555,36.474868055555554,425
139.1112511111111,36.47475111111111,427
139.11150111111112,36.474668055555554,428
139.1117761111111,36.47460111111111,427
139.11187611111112,36.474585,426
139.11201305555556,36.47496,429
139.1122,36.47581,434
139.112475,36.47707611111111,443
139.1128,36.47859305555556,454
139.11285,36.47882611111111,455
139.112975,36.479393055555555,456
139.11298694444446,36.47947611111111,456
139.1131,36.47990111111111,458
139.11328805555556,36.480691944444445,462
139.11338805555556,36.48116805555556,465
139.113475,36.48162611111111,471
139.113575,36.48210111111111,474
139.11383694444444,36.48352611111111,483
139.11415,36.486025,498
139.11457388888888,36.489041944444445,518
139.11469888888888,36.48931694444445,520
139.11562388888888,36.49079111111111,532
139.11562388888888,36.49101611111111,533
139.1155238888889,36.49268305555555,543
139.1155488888889,36.493008055555556,544
139.11553694444444,36.49314888888889,544
139.11543694444444,36.49329888888889,542
139.1153238888889,36.493358055555554,541
139.11476194444444,36.49354888888889,540
139.1146488888889,36.493673888888885,543
139.1146488888889,36.49415805555556,551
139.11476194444444,36.494658055555554,556
139.11476194444444,36.495558055555556,565
139.1161361111111,36.498131944444445,582
139.1161488888889,36.49864888888889,587
139.1160238888889,36.500081944444446,600
139.11608611111112,36.50038194444444,602
139.1165611111111,36.50169,612
139.11676111111112,36.50312388888889,624
139.11684888888888,36.50380694444444,630
139.1168861111111,36.50414,632
139.1174861111111,36.50659805555556,649
139.11753611111112,36.506773055555556,650
139.1176111111111,36.50689,652
139.11809805555555,36.507623055555555,658
139.1182861111111,36.50790611111111,661
139.11839805555556,36.50812305555556,664
139.11847305555557,36.50834,666
139.1186361111111,36.50874,669
139.11884805555556,36.50939,676
139.1189361111111,36.50959805555556,677
139.11901111111112,36.50978111111111,680
139.1191611111111,36.51004,682
139.1198861111111,36.51105611111111,692
139.1202861111111,36.51165611111111,697
139.1205111111111,36.51188888888889,701
139.12064805555556,36.51201388888889,701
139.12138611111112,36.51267305555555,709
139.12179805555556,36.51302305555556,713
139.12229805555555,36.51343111111111,718
139.12299805555554,36.51391388888889,724
139.123585,36.514271944444445,729
139.12456,36.51478111111111,738
139.12647194444443,36.51589805555555,754
139.12747194444444,36.51647305555556,762
139.12811,36.51683888888889,769
139.12855888888888,36.517223055555554,775
139.1287338888889,36.51735611111111,777
139.1289088888889,36.51743111111111,779
139.1295088888889,36.51758111111111,783
139.12982194444444,36.517673055555555,785
139.13002194444445,36.51775611111111,786
139.1311838888889,36.51838111111111,801
139.13217194444445,36.51878888888889,809
139.1323088888889,36.51887305555555,809
139.13247194444443,36.51903111111111,813
139.13250888888888,36.51909805555555,813
139.13250888888888,36.519173055555555,815
139.13249694444445,36.51922305555556,817
139.13224694444443,36.51945611111111,820
139.13214694444446,36.51948888888889,820
139.13204694444445,36.51950611111111,820
139.1316338888889,36.51948111111111,819
139.13154694444444,36.51951388888889,819
139.1314588888889,36.51958888888889,821
139.13142194444444,36.51967194444445,823
139.13142194444444,36.51976388888889,823
139.13152194444444,36.51993111111111,826
139.13164694444444,36.51998888888889,826
139.13189694444443,36.52003888888889,829
139.13215888888888,36.52009805555556,833
139.1323338888889,36.52016388888889,834
139.13254694444444,36.52026388888889,835
139.1328211111111,36.520406111111114,833
139.1334338888889,36.52058111111111,844
139.13373388888888,36.52074805555556,845
139.13432111111112,36.52136388888889,857
139.1345961111111,36.521613888888886,856
139.13477111111112,36.52173111111111,858
139.1350461111111,36.52180611111111,862
139.1368838888889,36.521813888888886,877
139.1374211111111,36.521881111111114,876
139.13765805555556,36.52193111111111,878
139.13780805555555,36.52198888888889,881
139.13813305555556,36.52215611111111,885
139.13875805555554,36.52258888888889,891
139.13894611111112,36.52267305555556,896
139.13932111111112,36.52278888888889,898
139.14038305555556,36.52309805555556,903
139.1409211111111,36.52330611111111,905
139.14168305555555,36.523648055555554,911
139.14175805555556,36.52372305555556,913
139.14178305555555,36.523831111111114,914
139.1417461111111,36.52393111111111,916
139.14167111111112,36.52399805555556,916
139.14157111111112,36.524031111111114,918
139.1414961111111,36.52405611111111,918
139.14143305555555,36.52405611111111,917
139.14132111111113,36.52401388888889,917
139.14115805555556,36.52393111111111,916
139.14105805555556,36.52391388888889,917
139.14095805555556,36.52392305555556,919
139.14087111111112,36.52394805555556,920
139.14078305555554,36.52408111111111,922
139.1408211111111,36.52418888888889,924
139.14093305555556,36.524273055555554,925
139.1410711111111,36.52435611111111,926
139.14143305555555,36.52453111111111,926
139.14237,36.52493111111111,935
139.142645,36.52509,936
139.14300805555555,36.525348055555554,941
139.14317,36.52552305555555,943
139.14368194444444,36.52632305555556,953
139.14378305555556,36.52644,954
139.14393305555555,36.526565,957
139.14403305555555,36.526623055555554,957
139.14478194444445,36.52697305555556,963
139.14505805555555,36.527115,964
139.14618194444444,36.52789805555555,977
139.14660694444444,36.528198055555556,983
139.14690694444445,36.52835694444445,987
139.14705694444444,36.52840694444444,986
139.14718194444444,36.52844,986
139.14728194444444,36.52844,986
139.14742,36.52840611111111,986
139.14753194444444,36.52835611111111,985
139.14801888888888,36.52809805555555,985
139.1481938888889,36.52803111111111,986
139.14833194444444,36.52799,987
139.1487938888889,36.527948055555555,995
139.14898194444444,36.527923055555554,996
139.14963194444445,36.52775611111111,1000
139.1498188888889,36.527723055555555,1004
139.15000694444444,36.52773111111111,1006
139.15030694444445,36.52778888888889,1010
139.1507188888889,36.527948055555555,1017
139.15103194444444,36.52803888888889,1017
139.15131888888888,36.52803111111111,1018
139.15138194444444,36.52798111111111,1017
139.15148194444444,36.52789805555555,1017
139.15175694444446,36.527681111111114,1014
139.1519688888889,36.52750611111111,1020
139.15198194444446,36.52744805555555,1020
139.1519188888889,36.52730611111111,1024
139.15176888888888,36.52711388888889,1024
139.15175694444446,36.52698111111111,1026
139.1518188888889,36.52678888888889,1027
139.1519688888889,36.526673055555555,1029
139.1521938888889,36.52668111111111,1034
139.15234388888888,36.52678111111111,1037
139.15246888888888,36.52691388888889,1037
139.15254388888889,36.527071944444444,1036
139.15265694444443,36.52735611111111,1035
139.15280694444445,36.52782194444445,1036
139.15288194444443,36.52800611111111,1038
139.15293111111112,36.52811388888889,1041
139.1529938888889,36.52818111111111,1041
139.1530938888889,36.528196944444446,1043
139.1531938888889,36.52818888888889,1044
139.1532688888889,36.52813888888889,1046
139.15334388888888,36.528013888888886,1048
139.15334388888888,36.52793111111111,1047
139.1532938888889,36.52782194444445,1045
139.1530438888889,36.52748888888889,1044
139.15301888888888,36.52743888888889,1046
139.15301888888888,36.52739694444445,1046
139.1530688888889,36.527321944444445,1048
139.1531688888889,36.527256111111114,1051
139.1532688888889,36.527256111111114,1054
139.15338111111112,36.52730611111111,1057
139.1535061111111,36.52741388888889,1056
139.1536688888889,36.52769694444444,1056
139.1539688888889,36.52834694444444,1056
139.15401888888888,36.528421944444446,1058
139.1541311111111,36.52848111111111,1059
139.1542311111111,36.52848111111111,1061
139.1543561111111,36.528438888888886,1063
139.15440611111111,36.52840611111111,1063
139.1544438888889,36.52833888888889,1063
139.1544438888889,36.528255,1064
139.15440611111111,36.52818888888889,1065
139.1541311111111,36.52776388888889,1073
139.1541188888889,36.52769694444444,1073
139.15416888888888,36.52764694444444,1075
139.1543188888889,36.527546944444445,1078
139.1544188888889,36.527546944444445,1078
139.1545438888889,36.527588888888886,1076
139.15463111111112,36.52766388888889,1077
139.1546688888889,36.527721944444444,1077
139.1547688888889,36.52798888888889,1074
139.15484388888888,36.52808,1075
139.15493111111113,36.52816388888889,1075
139.1552438888889,36.528405,1083
139.1553311111111,36.52851388888889,1084
139.1556811111111,36.529046944444445,1084
139.1558061111111,36.52926388888889,1085
139.15595611111112,36.529421944444444,1090
139.15639388888889,36.529671944444445,1095
139.1564688888889,36.529738888888886,1097
139.1564938888889,36.52979694444444,1096
139.15675611111112,36.53042194444444,1102
139.15686888888888,36.53061388888889,1103
139.15720611111112,36.531013888888886,1106
139.1573061111111,36.531371944444444,1109
139.1573811111111,36.53153888888889,1112
139.15749305555556,36.53168888888889,1114
139.15756805555554,36.53176388888889,1115
139.15761805555556,36.53178111111111,1114
139.15768111111112,36.53181388888889,1115
139.1577561111111,36.531821944444445,1115
139.15786805555555,36.531821944444445,1117
139.15796805555556,36.531796944444444,1118
139.1580811111111,36.531756111111115,1122
139.15833111111112,36.53146388888889,1124
139.15849305555557,36.53124694444445,1127
139.15854305555555,36.53113,1129
139.15851805555556,36.530788888888885,1134
139.15839305555556,36.530296944444444,1136
139.15839305555556,36.53017194444445,1138
139.1584311111111,36.53013,1138
139.15849305555557,36.530105,1142
139.15854305555555,36.53008805555555,1142
139.15864305555556,36.530105,1144
139.1587311111111,36.530146944444446,1144
139.15880611111112,36.530213055555556,1146
139.15916805555557,36.53067194444444,1144
139.15960611111112,36.531171944444445,1155
139.15980611111112,36.53138888888889,1155
139.1599811111111,36.53172194444444,1156
139.1601311111111,36.531863888888886,1158
139.16054305555556,36.53213888888889,1161
139.16074305555554,36.532255,1161
139.16094305555555,36.532305,1161
139.16104305555555,36.53228,1161
139.1611311111111,36.53223,1161
139.16116805555555,36.532105,1165
139.16116805555555,36.53196388888889,1166
139.16114305555556,36.531855,1168
139.16085611111112,36.53149694444444,1173
139.1607811111111,36.531371944444444,1174
139.1607811111111,36.53133888888889,1174
139.16079305555556,36.53128805555556,1177
139.1608811111111,36.531238055555555,1177
139.16099305555556,36.53123,1177
139.16114305555556,36.53128805555556,1178
139.16124305555556,36.531355,1177
139.16159305555556,36.53163,1185
139.16186805555554,36.531805,1184
139.16196805555555,36.53183,1185
139.1622811111111,36.53183805555555,1189
139.16275611111112,36.53181305555555,1198
139.16300611111112,36.531805,1204
139.16329305555556,36.531821944444445,1204
139.163455,36.531846944444446,1206
139.163605,36.53189694444445,1208
139.16371805555556,36.53198,1212
139.163905,36.53218,1212
139.16399305555555,36.53246305555555,1212
139.164155,36.53323805555556,1214
139.16419305555556,36.533405,1214
139.16424305555554,36.533505,1213
139.164305,36.53353805555555,1213
139.16434305555555,36.533546944444446,1216
139.16444305555555,36.53353805555555,1216
139.16451805555556,36.533496944444444,1220
139.164555,36.53344694444444,1220
139.16456805555555,36.533388055555555,1225
139.16454305555555,36.53318,1224
139.16438,36.532513055555555,1221
139.164355,36.53237194444444,1219
139.164405,36.532271944444446,1217
139.16453,36.53216305555556,1215
139.164605,36.532113055555556,1216
139.16464305555556,36.53201305555555,1215
139.16466805555555,36.53178,1217
139.16463,36.53153,1228
139.164555,36.53136305555556,1227
139.16453,36.53132194444444,1230
139.16454305555555,36.531238055555555,1230
139.16458,36.531171944444445,1234
139.164655,36.531155,1234
139.16486805555556,36.531255,1232
139.16524305555555,36.531555,1228
139.16531805555556,36.53168,1222
139.16533,36.53174694444444,1222
139.165305,36.531805,1219
139.16513,36.53209694444445,1225
139.16506805555557,36.53218805555556,1224
139.16506805555557,36.53223805555555,1225
139.16509305555556,36.53229694444445,1225
139.16523,36.532563055555556,1228
139.16524305555555,36.53263,1228
139.165205,36.53278,1233
139.165155,36.532921944444446,1236
139.165155,36.533005,1236
139.165205,36.533096944444445,1236
139.165605,36.53348805555556,1247
139.16584194444445,36.534005,1253
139.16594194444446,36.53412194444444,1253
139.16626694444443,36.53436305555555,1263
139.16651694444445,36.534821944444445,1271
139.16674194444445,36.53518805555556,1275
139.16684305555555,36.53529694444445,1279
139.16703,36.53543,1284
139.16729305555555,36.535538055555556,1284
139.16754305555557,36.535605,1285
139.16771805555555,36.53563,1291
139.16866694444445,36.53563805555556,1305
139.16879194444445,36.535655,1305
139.16888,36.53568,1302
139.16904194444444,36.535755,1304
139.169105,36.53583805555556,1300
139.16911694444445,36.53588805555555,1300
139.169105,36.53594611111111,1297
139.16909194444443,36.53599611111111,1297
139.16894194444444,36.53604611111111,1297
139.16864194444443,36.53606305555556,1295
139.16853,36.53608805555555,1294
139.16843,36.53611305555555,1295
139.16839194444444,36.53614611111111,1295
139.16833,36.536355,1295
139.168355,36.53659611111111,1297
139.16844194444445,36.536988055555554,1296
139.16846694444445,36.537205,1298
139.16843,36.53729611111111,1297
139.16838,36.53737111111111,1299
139.16828,36.53754611111111,1303
139.16829194444443,36.53767111111111,1309
139.16848,36.538405,1326
139.16846694444445,36.53854611111111,1326
139.16841694444443,36.53868805555555,1323
139.16833,36.53882111111111,1323
139.16794194444444,36.53928805555555,1328
139.16789194444445,36.539388055555555,1331
139.167905,36.53946305555556,1334
139.16791694444444,36.53951305555555,1334
139.167955,36.539546111111115,1334
139.16808,36.53958,1336
139.16816694444444,36.53957111111111,1336
139.16824194444445,36.539555,1335
139.16829194444443,36.539505,1335
139.16859194444444,36.53906305555556,1335
139.16864194444443,36.53899611111111,1332
139.16871694444444,36.53897111111111,1333
139.16879194444445,36.53899611111111,1334
139.16891694444445,36.53914611111111,1343
139.1689288888889,36.539205,1343
139.16891694444445,36.53928805555555,1346
139.1688038888889,36.53964611111111,1346
139.16879194444445,36.539805,1348
139.1687288888889,36.53986305555556,1349
139.16859194444444,36.539905,1352
139.16796694444446,36.539955,1351
139.16786694444446,36.539971111111115,1351
139.167805,36.53999611111111,1351
139.16778,36.54004611111111,1353
139.16779194444445,36.540105,1353
139.16784194444443,36.540171111111114,1356
139.16793,36.540205,1356
139.1681288888889,36.540213055555554,1355
139.16855388888888,36.540155,1357
139.1688288888889,36.54012111111111,1358
139.1689538888889,36.54013805555556,1359
139.16899194444446,36.540171111111114,1359
139.16901694444445,36.54022888888889,1364
139.16901694444445,36.540263055555556,1364
139.16899194444446,36.54032111111111,1361
139.16891694444445,36.54037888888889,1364
139.1687288888889,36.54058,1366
139.1687288888889,36.54062111111111,1366
139.16877888888888,36.54068,1370
139.1688288888889,36.540728888888886,1370
139.16889194444445,36.54075388888889,1371
139.16909194444443,36.54077888888889,1373
139.16926694444444,36.54085388888889,1375
139.16931694444443,36.54090388888889,1377
139.16932888888888,36.54097888888889,1377
139.16931694444443,36.54103805555555,1378
139.1692788888889,36.541088055555555,1378
139.1692038888889,36.54112111111111,1376
139.16894194444444,36.541113055555556,1376
139.16876694444446,36.54107111111111,1377
139.16824194444445,36.540805,1376
139.1679288888889,36.54067111111111,1377
139.16628,36.540655,1385
139.16619194444445,36.540655,1386
139.16606694444445,36.54061388888889,1387
139.16599194444444,36.54053888888889,1387
139.165955,36.540455,1387
139.165955,36.540396944444446,1386
139.16648,36.539721944444445,1383
139.166605,36.53953805555555,1384
139.16664194444445,36.539388055555555,1385
139.166605,36.53928805555555,1386
139.16654194444445,36.53922194444444,1390
139.16646694444444,36.53918888888889,1390
139.16638,36.53922194444444,1393
139.16623,36.53938,1395
139.16593,36.539788888888886,1395
139.16558,36.54007194444444,1405
139.16548,36.540196944444446,1406
139.165405,36.54033111111111,1407
139.16536694444446,36.54053888888889,1406
139.16539194444445,36.54085611111111,1409
139.165455,36.54101388888889,1413
139.16551694444445,36.54110611111111,1413
139.16564194444445,36.54125611111111,1415
139.16591694444443,36.541505,1416
139.16789194444445,36.54302111111111,1433
139.16794194444444,36.54306305555556,1433
139.1682538888889,36.543355,1436
139.16836694444444,36.543505,1437
139.16842888888888,36.54364611111111,1436
139.16849194444444,36.54394611111111,1433
139.16869194444445,36.545338055555554,1424
139.1688538888889,36.54612111111111,1416
139.16890388888888,36.54633805555556,1418
139.1690288888889,36.54672111111111,1417
139.16925388888887,36.54714611111111,1425
139.16945388888888,36.54734611111111,1428
139.16969111111112,36.547513055555555,1427
139.1699661111111,36.547688055555554,1427
139.17026611111112,36.54789611111111,1418
139.17106611111112,36.54840388888889,1413
139.1714161111111,36.54859611111111,1412
139.1715661111111,36.54864611111111,1413
139.1716788888889,36.548653888888886,1411
139.1717661111111,36.548636944444446,1411
139.17185388888888,36.54859611111111,1410
139.1719161111111,36.548521111111114,1409
139.1719788888889,36.548411944444446,1410
139.17206611111112,36.54819611111111,1411
139.1721161111111,36.548096111111114,1411
139.1722161111111,36.548003888888886,1411
139.17231611111112,36.547936944444444,1411
139.1728161111111,36.547761944444446,1403
139.1729288888889,36.547745,1403
139.1730538888889,36.54775388888889,1403
139.1731411111111,36.547803888888886,1402
139.17319111111112,36.54787888888889,1402
139.17320388888888,36.54797888888889,1400
139.17317888888888,36.54807,1399
139.17309111111112,36.548136944444444,1398
139.17295388888888,36.548186944444446,1397
139.1726038888889,36.54827888888889,1397
139.17250388888888,36.54832888888889,1398
139.1724661111111,36.54839611111111,1397
139.1724661111111,36.54848694444444,1396
139.17250388888888,36.548561944444444,1396
139.17261611111113,36.54862111111111,1395
139.1736788888889,36.548836944444446,1391
139.1738161111111,36.54890388888889,1390
139.17386611111112,36.54896194444444,1390
139.17389111111112,36.549036944444445,1387
139.17387888888888,36.54911194444445,1390
139.1738288888889,36.54917,1390
139.1731288888889,36.54942111111111,1384
139.1730538888889,36.54947111111111,1379
139.1730038888889,36.54953694444445,1379
139.1730161111111,36.549661944444445,1377
139.1730661111111,36.54972111111111,1375
139.17330388888888,36.54987888888889,1374
139.1743911111111,36.55047111111111,1370
139.17445305555555,36.55049611111111,1370
139.17452805555556,36.55050388888889,1370
139.17460305555556,36.55050388888889,1370
139.17469111111112,36.550486944444444,1369
139.17614111111112,36.54982,1370
139.17635305555555,36.54973694444445,1371
139.1765411111111,36.549686944444446,1370
139.17784111111112,36.549411944444444,1366
139.1784661111111,36.54925305555555,1365
139.17987805555555,36.54875305555556,1362
139.18012805555554,36.54862,1361
139.18035305555554,36.54846194444445,1361
139.1805911111111,36.548278055555556,1362
139.1807411111111,36.548136944444444,1362
139.18085305555556,36.548003055555554,1362
139.18100305555555,36.54777,1362
139.1813161111111,36.547286944444444,1364
139.18149111111111,36.54707805555555,1364
139.18159111111112,36.54697,1364
139.1818411111111,36.546711944444446,1364
139.18205305555554,36.54656194444444,1363
139.1822911111111,36.54645305555555,1364
139.18305305555555,36.54618694444444,1364
139.18341611111111,36.546103055555555,1364
139.18360305555555,36.546095,1362
139.18405305555555,36.546103055555555,1361
139.18422805555556,36.54606111111111,1361
139.18445305555557,36.54596111111111,1359
139.18477805555557,36.54586194444445,1356
139.18560305555556,36.545695,1357
139.186215,36.54552805555556,1357
139.18657805555554,36.54542,1356
139.18700305555555,36.545295,1357
139.18722805555555,36.545211944444446,1359
139.18749,36.54507,1361
139.18767694444443,36.54495305555555,1360
139.18774,36.54487,1361
139.18784,36.54470305555556,1361
139.18792805555555,36.54452805555555,1362
139.188015,36.54430305555555,1362
139.18835305555555,36.544545,1359
139.18852694444445,36.54470305555556,1357
139.18857805555555,36.544803055555555,1356
139.18859,36.54491194444444,1357
139.18857805555555,36.54501194444445,1358
139.18847805555555,36.545195,1361
139.18837805555555,36.54532,1362
139.18820305555556,36.545903055555556,1363
139.188165,36.54595305555556,1363
139.18810305555556,36.54598611111111,1362
139.18789,36.54612,1359
139.18782805555554,36.54622805555555,1357
139.18750194444445,36.546778055555556,1357
139.18720305555556,36.54705305555556,1355
139.18690305555555,36.547378055555555,1352
139.18680194444445,36.547553055555554,1349
139.18667805555555,36.54772,1349
139.18649,36.54807805555556,1348
139.186465,36.54822,1347
139.18644,36.54877,1348
139.18645305555555,36.549661111111114,1348
139.18625194444445,36.55013611111111,1348
139.18610305555555,36.55041111111111,1348
139.18609,36.550553055555554,1348
139.18614,36.551028055555555,1348
139.18612694444445,36.551293888888885,1348
139.18612694444445,36.55136111111111,1348
139.18610194444443,36.551453055555555,1348
139.18602694444445,36.55159388888889,1349
139.18590194444445,36.55175305555556,1348
139.18575194444443,36.55195305555556,1348
139.185215,36.552686111111115,1347
139.18509,36.55306111111111,1346
139.18506694444446,36.55313805555556,1347
139.18506694444446,36.55313805555556,1347
139.18502694444445,36.55326888888889,1347
139.18494,36.55338611111111,1347
139.18415305555556,36.55393611111111,1352
139.18400194444445,36.554076944444446,1353
139.18394,36.55417694444444,1354
139.183865,36.55435305555555,1353
139.18384,36.55454388888889,1353
139.18374,36.55556111111111,1356
139.18369,36.55565194444444,1356
139.18359,36.55576111111111,1356
139.18337805555555,36.55593611111111,1362
139.18305305555555,36.55616111111111,1365
139.182915,36.556311111111114,1364
139.182865,36.55643611111111,1364
139.18279,36.55671888888889,1367
139.18279,36.55719388888889,1374
139.18277694444444,36.55733611111111,1374
139.18270305555555,36.557426944444444,1374
139.182565,36.55753611111111,1374
139.18225305555555,36.557743888888886,1375
139.18172805555557,36.55801888888889,1376
139.18164,36.55806111111111,1375
139.181615,36.55811111111111,1375
139.18160194444445,36.55815194444445,1378
139.181615,36.558236111111114,1381
139.18169,36.558368888888886,1385
139.18174,36.55840194444445,1385
139.18179,36.55842805555555,1385
139.181915,36.558436111111114,1385
139.18209,36.55837694444445,1388
139.182915,36.55791888888889,1393
139.18334,36.55773611111111,1394
139.18349,36.557701944444446,1396
139.18372694444443,36.55769388888889,1400
139.18392694444444,36.557743888888886,1405
139.184015,36.55777694444444,1408
139.18409,36.55786888888889,1407
139.184115,36.55797694444444,1409
139.184115,36.55801888888889,1409
139.18405194444443,36.558168888888886,1408
139.184015,36.55821111111111,1408
139.18394,36.55825194444444,1408
139.183665,36.55833611111111,1408
139.182065,36.55886888888889,1412
139.18187805555556,36.55896888888889,1413
139.181215,36.559201944444446,1422
139.181065,36.559311111111114,1423
139.18079,36.559643888888885,1426
139.180715,36.55971111111111,1427
139.180665,36.55974388888889,1426
139.18050194444444,36.55979388888889,1431
139.18010305555555,36.559803055555555,1439
139.17930305555555,36.55943611111111,1441
139.17920305555555,36.55941111111111,1441
139.17910305555554,36.55941888888889,1441
139.179015,36.55946111111111,1442
139.17897805555555,36.55956111111111,1442
139.17899,36.56024388888889,1445
139.179015,36.56060305555555,1454
139.17902805555556,36.560653055555555,1454
139.17907805555555,36.56071111111111,1453
139.17917694444444,36.56076111111111,1451
139.18085305555556,36.560476944444446,1443
139.18144,36.56044388888889,1446
139.18169,36.560451944444445,1435
139.181965,36.56054388888889,1436
139.182215,36.56064388888889,1434
139.18294,36.56102694444444,1433
139.18310194444445,36.56106888888889,1431
139.18317694444445,36.56104388888889,1428
139.18325194444444,36.56096111111111,1425
139.183615,36.56054388888889,1426
139.18375194444445,36.56048611111111,1425
139.183815,36.56046888888889,1424
139.18389,36.560476944444446,1422
139.184115,36.56061888888889,1425
139.18485194444443,36.56126888888889,1416
139.1850388888889,36.561435,1418
139.1851888888889,36.561585,1417
139.18522694444445,36.56166,1418
139.18520194444446,36.56171888888889,1415
139.18508888888888,36.561735,1414
139.1849638888889,36.561735,1413
139.18432694444445,36.561735,1402
139.18425194444444,36.561785,1399
139.18421388888888,36.56190194444444,1396
139.18422694444445,36.56196888888889,1397
139.1845888888889,36.562693055555556,1391
139.1846138888889,36.56274305555556,1391
139.18460194444444,36.562801944444445,1389
139.1845888888889,36.562835,1389
139.18453888888888,36.56287694444445,1388
139.18447694444444,36.562918055555556,1386
139.1843888888889,36.562935,1385
139.18422694444445,36.56291,1383
139.18382694444443,36.56275194444444,1383
139.18370194444444,36.562776944444444,1382
139.18365194444445,36.562851944444446,1379
139.18365194444445,36.56294388888889,1376
139.18370194444444,36.56306,1375
139.18382694444443,36.563251944444445,1373
139.18457694444444,36.56457611111111,1367
139.18463888888888,36.56472611111111,1366
139.18467694444445,36.564935,1365
139.18465194444445,36.56525111111111,1363
139.18445194444445,36.56705888888889,1348
139.18445194444445,36.56744305555556,1346
139.18447694444444,36.56767611111111,1345
139.1846138888889,36.567951111111114,1345
139.18478888888887,36.56818388888889,1346
139.18487694444445,36.56832611111111,1344
139.18495194444444,36.56870111111111,1336
139.1849388888889,36.568801111111114,1337
139.18480194444444,36.56891805555556,1335
139.1847138888889,36.56895111111111,1332
139.1844888888889,36.56895111111111,1326
139.18441388888888,36.56892611111111,1324
139.18435194444444,36.568893055555556,1324
139.18427694444443,36.568826111111115,1323
139.18421388888888,36.568733888888886,1323
139.18418888888888,36.56862611111111,1324
139.1840388888889,36.56810888888889,1324
139.18398888888888,36.567951111111114,1324
139.18386388888888,36.56767611111111,1318
139.1836638888889,36.56744305555556,1318
139.1832138888889,36.56696,1317
139.18285194444445,36.56664305555555,1318
139.18275194444445,36.56659305555556,1317
139.18262694444445,36.56656,1316
139.18250194444445,36.56656,1315
139.18234,36.56659305555556,1313
139.182215,36.56666,1309
139.18212694444443,36.566768055555556,1308
139.18209,36.566885,1303
139.18210194444444,36.56700194444444,1302
139.18214,36.567143055555555,1304
139.1826638888889,36.568193055555554,1294
139.18286388888887,36.568585,1295
139.1834388888889,36.56981805555556,1290
139.18352694444445,36.57001805555556,1287
139.18352694444445,36.570143055555555,1287
139.18350194444446,36.57025111111111,1287
139.18338888888889,36.57037611111111,1285
139.18331388888888,36.57040888888889,1283
139.18322694444444,36.57044194444445,1283
139.1831138888889,36.57045111111111,1281
139.1830138888889,36.57045111111111,1281
139.18290194444444,36.57041805555556,1281
139.18277694444444,36.57033388888889,1280
139.1824388888889,36.56973388888889,1282
139.18230194444445,36.56965888888889,1281
139.18225194444443,36.56963388888889,1281
139.1821388888889,36.56962611111111,1279
139.18206388888888,36.56962611111111,1274
139.18193888888888,36.56966,1271
139.18187694444444,36.569693055555554,1267
139.18180194444443,36.56976,1267
139.1817388888889,36.56990888888889,1263
139.18177694444444,36.57013388888889,1263
139.18182694444445,36.57020111111111,1264
139.18251388888888,36.570858888888885,1266
139.18261388888888,36.57098388888889,1265
139.18273888888888,36.57158388888889,1256
139.1828888888889,36.57240888888889,1247
139.18302694444444,36.57290888888889,1245
139.18312694444444,36.573416944444446,1248
139.1831388888889,36.573625,1247
139.18306388888888,36.57373388888889,1244
139.18296388888888,36.57380888888889,1239
139.18282694444446,36.573875,1237
139.18262694444445,36.57390111111111,1232
139.18252694444445,36.57389194444445,1230
139.1824388888889,36.573841944444446,1231
139.18238888888888,36.57377611111111,1232
139.18232694444444,36.57369194444444,1231
139.18230194444445,36.573616944444446,1231
139.18227694444445,36.57351694444444,1232
139.18227694444445,36.57288388888889,1232
139.1822388888889,36.572651111111114,1233
139.18215194444446,36.57250111111111,1233
139.18205194444445,36.57236694444445,1233
139.18190194444443,36.57220111111111,1236
139.18180194444443,36.572091944444445,1237
139.18168888888889,36.57200888888889,1237
139.18155194444444,36.57195111111111,1235
139.18146388888889,36.57191805555556,1235
139.1812888888889,36.57191805555556,1232
139.18119,36.571933888888886,1231
139.181065,36.57200111111111,1228
139.181015,36.572043055555554,1228
139.18097694444444,36.57210888888889,1226
139.18094,36.572316944444445,1225
139.18095194444444,36.572468055555554,1222
139.18100194444443,36.57255111111111,1225
139.18135194444446,36.57308388888889,1213
139.18142694444444,36.573341944444444,1211
139.18145194444443,36.57360111111111,1213
139.18135194444446,36.574925,1207
139.1813138888889,36.575475,1200
139.18125194444445,36.57595,1198
139.18120194444444,36.57606694444444,1198
139.18117694444445,36.5761,1198
139.1811138888889,36.576125,1199
139.18082694444445,36.57615888888889,1192
139.18060194444445,36.57610888888889,1193
139.18056388888888,36.57608388888889,1193
139.18052694444444,36.57604194444444,1192
139.180515,36.57595888888889,1190
139.18049,36.57530111111111,1185
139.18047694444445,36.57518388888889,1185
139.180415,36.57497611111111,1186
139.18034,36.574841944444444,1188
139.180265,36.57475888888889,1185
139.180115,36.57465111111111,1186
139.17990194444445,36.57453388888889,1186
139.17970194444445,36.57445111111111,1185
139.17954,36.57440888888889,1182
139.17930194444443,36.57442611111111,1176
139.179165,36.574508888888886,1174
139.17907694444443,36.574618055555554,1172
139.17905194444444,36.57468388888889,1173
139.179065,36.57475111111111,1173
139.17912694444445,36.57490111111111,1173
139.17939,36.575451111111114,1165
139.179415,36.57564194444444,1164
139.17939,36.57570888888889,1163
139.17877694444445,36.57695,1155
139.17874,36.577041944444446,1156
139.17875194444446,36.57711694444444,1156
139.178765,36.577175,1156
139.17885194444443,36.57733388888889,1157
139.17920194444446,36.577725,1152
139.17927694444444,36.57788388888889,1147
139.17927694444444,36.57803305555556,1146
139.179265,36.578091944444445,1146
139.179215,36.578158055555555,1144
139.17915194444444,36.578225,1146
139.17904,36.5783,1145
139.17870194444444,36.57855,1134
139.178515,36.57873305555555,1134
139.17824,36.57909194444444,1135
139.17814,36.57931694444444,1135
139.178065,36.579566944444444,1129
139.177915,36.58038305555556,1127
139.17790194444444,36.580441944444445,1127
139.17785194444446,36.580533055555556,1126
139.17775194444445,36.580625,1126
139.17765194444445,36.580666944444445,1125
139.17750194444446,36.58068305555555,1126
139.17740194444445,36.58068305555555,1124
139.17722694444444,36.58060805555556,1121
139.17715194444443,36.58049194444445,1118
139.17714,36.58036694444444,1115
139.17704,36.57885888888889,1107
139.17702694444444,36.57859194444445,1107
139.17699,36.57845,1106
139.17692694444443,36.578341944444446,1107
139.17689,36.5783,1107
139.17680194444443,36.57825,1106
139.17655194444444,36.57825888888889,1101
139.17644,36.578291944444445,1100
139.17639,36.578325,1100
139.176365,36.578358888888886,1098
139.176315,36.57844194444444,1096
139.17627694444445,36.5786,1095
139.17624,36.578775,1095
139.176015,36.580175,1094
139.17599,36.58049194444445,1092
139.176015,36.580775,1089
139.176115,36.5811,1086
139.17637694444446,36.58146694444444,1083
139.176765,36.58193305555555,1076
139.17682694444446,36.58205805555556,1078
139.176865,36.58226611111111,1077
139.17687694444444,36.58235,1077
139.17685194444445,36.582425,1077
139.17680194444443,36.58250805555556,1078
139.17674,36.58258305555555,1078
139.17652694444445,36.58265,1075
139.17630194444445,36.58264111111111,1072
139.17619,36.58258305555555,1071
139.17615194444446,36.58253305555556,1072
139.17607694444445,36.582391111111114,1070
139.17599,36.58209194444444,1067
139.17592694444446,36.581941944444445,1067
139.175815,36.581825,1067
139.17560194444445,36.581766944444446,1068
139.17550194444445,36.581783055555555,1066
139.17535194444446,36.581833055555556,1066
139.17525194444445,36.58190805555556,1062
139.175215,36.581983055555554,1061
139.17520194444444,36.58205,1061
139.17524,36.58215805555555,1061
139.175315,36.58230805555556,1061
139.17605194444445,36.583708055555554,1050
139.17622694444444,36.58408305555555,1045
139.17731388888888,36.58644888888889,1024
139.17761388888889,36.58716611111111,1021
139.17827694444443,36.58853194444445,1017
139.1782888888889,36.58861611111111,1016
139.1782638888889,36.588706944444446,1016
139.17822694444445,36.58877388888889,1016
139.17817694444443,36.58883194444444,1012
139.1781138888889,36.58889888888889,1009
139.17796388888888,36.588965,1006
139.1778888888889,36.58897388888889,1006
139.17773888888888,36.58895694444445,1003
139.17757694444444,36.58886611111111,1002
139.17751388888888,36.58876611111111,1002
139.17747694444444,36.58862388888889,1002
139.17740194444445,36.58819888888889,997
139.1773388888889,36.58802388888889,998
139.17728888888888,36.58796611111111,998
139.1772388888889,36.587941111111114,998
139.1771388888889,36.58788194444445,999
139.17700194444444,36.58784888888889,998
139.17692694444443,36.58784888888889,998
139.1767638888889,36.58788194444445,998
139.1765888888889,36.58802388888889,994
139.17655194444444,36.58818194444444,991
139.17655194444444,36.58827388888889,990
139.17660194444446,36.58841611111111,991
139.1767888888889,36.58869111111111,992
139.17735194444444,36.58939888888889,992
139.17741388888888,36.58952388888889,991
139.17757694444444,36.589931944444444,994
139.17776388888888,36.59072388888889,983
139.1778888888889,36.592531944444445,967
139.17795194444443,36.592915,965
139.1780388888889,36.59320611111111,965
139.17815194444444,36.593423055555554,958
139.17830194444446,36.593665,955
139.1788011111111,36.59439805555556,946
139.17912611111112,36.59496388888889,946
139.1791511111111,36.59511388888889,938
139.1791638888889,36.59523111111111,935
139.1791388888889,36.595306111111114,935
139.17910111111112,36.59538111111111,935
139.17890111111112,36.595623055555556,936
139.1787388888889,36.59588111111111,929
139.1786261111111,36.59605611111111,926
139.1785638888889,36.59623888888889,926
139.1785011111111,36.597681111111115,917
139.17845111111112,36.59828111111111,917
139.1784011111111,36.598438888888886,915
139.1782638888889,36.59858111111111,916
139.1781261111111,36.59864694444445,915
139.17797611111112,36.59867194444445,909
139.1776761111111,36.59868111111111,907
139.1774638888889,36.59871388888889,907
139.1772761111111,36.59875611111111,905
139.17717611111112,36.59881388888889,905
139.1771011111111,36.59893888888889,904
139.1770388888889,36.59909694444445,905
139.1767761111111,36.59985611111111,893
139.17661388888888,36.60039694444445,895
139.1765511111111,36.60048888888889,894
139.1755761111111,36.60152194444444,877
139.17523888888888,36.60188,873
139.17513888888888,36.602021944444445,875
139.1750638888889,36.60218888888889,874
139.17501388888888,36.60238888888889,876
139.17505111111112,36.60277194444444,866
139.17503888888888,36.60286388888889,866
139.1749888888889,36.60293,864
139.17491388888888,36.60299694444444,864
139.1742761111111,36.60367194444444,858
139.1742138888889,36.60382194444445,856
139.17413888888888,36.60409694444444,858
139.1740888888889,36.60418,857
139.17401388888888,36.604263055555556,858
139.17390194444445,36.60433805555556,858
139.17365194444446,36.604405,855
139.17342694444446,36.604355,851
139.17331388888888,36.60427194444444,845
139.1732638888889,36.60418,844
139.17325194444444,36.60413,844
139.17325194444444,36.60402194444445,843
139.17330194444443,36.60387194444444,841
139.1739638888889,36.60292194444445,842
139.1740388888889,36.60278,842
139.1740638888889,36.60266388888889,843
139.1740388888889,36.60258888888889,843
139.17400194444446,36.60254694444444,842
139.17390194444445,36.602446944444445,840
139.1737138888889,36.602405,835
139.1736138888889,36.602421944444444,834
139.17342694444446,36.60249694444445,830
139.17312694444445,36.60278,824
139.17288888888888,36.603105,823
139.1728388888889,36.60319694444444,822
139.17276388888888,36.603855,814
139.1727138888889,36.60411305555556,815
139.17260194444444,36.60431305555556,814
139.17215194444444,36.604796944444445,804
139.17167694444444,36.605305,796
139.17153888888888,36.605405,794
139.17085194444445,36.60581305555556,785
139.1706888888889,36.605913055555554,784
139.17050194444445,36.60603805555556,782
139.1697888888889,36.60666305555556,774
139.16967694444443,36.606755,773
139.1693138888889,36.60712111111111,763
139.16867694444446,36.60785388888889,758
139.1677388888889,36.60881305555556,755
139.16747694444445,36.60903694444445,752
139.16732694444445,36.60919611111111,746
139.16720194444446,36.60937888888889,746
139.16710194444445,36.609521111111114,744
139.16700194444445,36.60977111111111,745
139.16697694444446,36.609988055555554,743
139.16700194444445,36.61012888888889,744
139.16708888888888,36.61031194444445,743
139.16791388888888,36.611378888888886,736
139.16801388888888,36.611578888888886,735
139.16855194444443,36.61302888888889,704
139.16923888888888,36.61452888888889,698
139.16930194444444,36.614745,696
139.16930194444444,36.61487888888889,695
139.16927694444445,36.615136944444444,690
139.1691138888889,36.61592,683
139.16907694444444,36.616095,681
139.16865194444443,36.617195,673
139.16847694444445,36.617536944444446,671
139.16800194444446,36.61821111111111,664
139.16715194444444,36.61977,645
139.16707694444443,36.61986111111111,644
139.16652694444446,36.62038611111111,634
139.1663638888889,36.620603055555556,634
139.16631388888888,36.62072805555555,627
139.16631388888888,36.620936111111114,624
139.1663888888889,36.62117805555555,624
139.16676388888888,36.621811111111114,616
139.1669388888889,36.62206111111111,616
139.1671388888889,36.62229388888889,617
139.1678138888889,36.62281111111111,609
139.16800194444446,36.62306111111111,608
139.1680638888889,36.62336888888889,604
139.1680638888889,36.62376111111111,596
139.1680888888889,36.62392805555555,595
139.1681888888889,36.624161111111114,594
139.1687761111111,36.624853055555555,594
139.1689761111111,36.625236111111114,592
139.16901388888888,36.62541111111111,595
139.1691138888889,36.62609388888889,596
139.16916388888887,36.62619388888889,595
139.1696511111111,36.626801944444445,594
139.16970111111112,36.62691888888889,595
139.1698011111111,36.62719388888889,596
139.1700011111111,36.62752694444445,596
139.1710138888889,36.62896888888889,580
139.1711011111111,36.629151944444445,576
139.17117611111112,36.62936,580
139.17120111111112,36.62956888888889,589
139.17120111111112,36.63016,591
139.1712138888889,36.63056,587
139.1712261111111,36.630701944444446,587
139.1712638888889,36.63081888888889,586
139.1714511111111,36.63121,583
139.1714761111111,36.63136,582
139.1714388888889,36.63151,580
139.17118888888888,36.631976944444446,579
139.1711511111111,36.63207694444444,580
139.1711511111111,36.632176944444446,581
139.1712261111111,36.63227694444444,583
139.17131388888887,36.63234305555556,580
139.17431305555556,36.633085,553
139.17572611111112,36.633543055555556,561
139.17663805555554,36.633785,555
139.1769011111111,36.63381805555556,558
139.17996305555556,36.63406,553
139.1803,36.634076944444445,544
139.18055,36.63404305555556,542
139.18076305555556,36.63399305555556,542
139.18093694444445,36.63391,537
139.181075,36.63377694444444,540
139.18158805555555,36.63301888888889,525
139.181675,36.63285194444445,525
139.181875,36.632626944444446,527
139.18215,36.63239388888889,526
139.18238805555555,36.63226888888889,525
139.18256194444444,36.63225194444444,519
139.182675,36.632285,519
139.18293805555555,36.63246888888889,517
139.18226305555555,36.633035,517
139.18173694444445,36.633585,517
139.18148694444446,36.63386805555555,517
139.18138694444445,36.63400194444444,516
139.1813,36.634135,518
139.18126305555555,36.634276944444444,514
139.18121194444444,36.63460194444445,506
139.18115,36.634993055555555,513
139.180925,36.63500194444445,518
139.180725,36.634985,515
139.180125,36.63494305555555,517
139.17928805555556,36.634835,519
139.17863805555555,36.634726944444445,516
139.17826305555556,36.63474305555555,514
139.17796305555555,36.634818055555556,515
139.17761305555555,36.63489305555556,499
139.1771,36.634985,499
139.17581305555555,36.63509305555556,513
139.1754511111111,36.63511805555556,516
139.17526305555555,36.635085,513
139.17498805555556,36.635018055555555,515
139.17398805555555,36.63464305555556,511
139.17381305555554,36.63460111111111,512
139.1736011111111,36.634593055555555,514
139.17345111111112,36.63457611111111,515
139.1722511111111,36.63426805555556,522
139.17207611111112,36.63424305555556,522
139.17181305555556,36.634235,522
139.1714761111111,36.63425111111111,522
139.17062611111112,36.63440111111111,522
139.1704138888889,36.63442611111111,523
139.16992611111112,36.63436,525
139.1695138888889,36.63431805555555,521
139.1693011111111,36.634335,523
139.1691011111111,36.634385,522
139.1687388888889,36.63456,523
139.1685511111111,36.634685,522
139.1684011111111,36.634885,523
139.16835111111112,36.635085,524
139.16812611111112,36.63592611111111,522
139.1679638888889,36.636383888888886,513
139.1678638888889,36.636808888888886,512
139.1678138888889,36.637233888888886,513
139.16777611111112,36.63791805555555,504
139.1678388888889,36.63900888888889,503
139.16788888888888,36.63938388888889,504
139.1678638888889,36.63945888888889,505
139.16777611111112,36.63955111111111,503
139.16733888888888,36.63986694444444,505
139.1670261111111,36.640101111111115,505
139.16676388888888,36.64017611111111,505
139.16641388888888,36.640208888888885,503
139.1660261111111,36.64021694444445,503
139.1654388888889,36.64017611111111,502
139.1653261111111,36.64020111111111,501
139.1652511111111,36.64025888888889,504
139.16520111111112,36.64030888888889,503
139.1651011111111,36.64040888888889,504
139.1648888888889,36.64062611111111,505
139.16392611111112,36.64175,494
139.1638761111111,36.641841944444444,487
139.16383888888888,36.641975,484
139.16385111111111,36.6423,483
139.1638761111111,36.64299194444445,485
139.16383888888888,36.643191944444446,485
139.1638011111111,36.64340888888889,485
139.16382611111112,36.64406694444445,484
139.1637888888889,36.64429194444445,485
139.1637388888889,36.644466944444446,483
139.1636388888889,36.64465,481
139.1629638888889,36.645758055555554,472
139.1627638888889,36.64595805555555,467
139.1624388888889,36.64626611111111,465
139.16232694444443,36.64638305555555,464
139.1620388888889,36.64676611111111,464
139.16195194444444,36.64689111111111,465
139.16166388888888,36.64745805555555,463
139.16155194444445,36.64779111111111,463
139.16143888888888,36.64839888888889,465
139.16135194444445,36.64849888888889,466
139.16125194444444,36.64856611111111,466
139.16107694444443,36.64863305555556,463
139.1608388888889,36.64867388888889,464
139.16027694444443,36.64873305555555,464
139.15990194444444,36.648758055555554,465
139.1597138888889,36.64873305555555,465
139.15930194444445,36.64862388888889,462
139.1591138888889,36.648583055555555,462
139.1585888888889,36.64859111111111,463
139.15805194444445,36.64859111111111,464
139.15790194444443,36.64861611111111,464
139.15720194444444,36.64879888888889,466
139.15701388888888,36.648833055555556,466
139.1568888888889,36.64884111111111,466
139.1560388888889,36.648558055555554,468
139.1555888888889,36.64837388888889,466
139.15545194444445,36.64834888888889,466
139.15532694444445,36.64834111111111,467
139.15482694444444,36.64839111111111,467
139.154715,36.64840805555556,467
139.15459,36.64839888888889,467
139.15450194444443,36.64837388888889,468
139.153915,36.64801611111111,464
139.15300194444444,36.647573888888886,466
139.15282694444446,36.647533055555556,465
139.152665,36.64752388888889,466
139.152365,36.64755805555556,466
139.151865,36.64772388888889,467
139.15084,36.648183055555556,469
139.15077805555555,36.64820805555556,468
139.150165,36.64840805555556,467
139.14992694444445,36.64849888888889,466
139.14805194444443,36.64924111111111,465
139.147415,36.64962388888889,467
139.14795305555555,36.650106944444445,468
139.14847805555556,36.65039111111111,469
139.14890194444445,36.65054888888889,477
139.14922694444445,36.65062388888889,479
139.149515,36.65062388888889,479
139.149915,36.65059111111111,479
139.15032805555555,36.65049111111111,479
139.15082805555556,36.65029111111111,492
139.15157694444446,36.64997388888889,494
139.15247694444443,36.64960694444444,496
139.15280194444443,36.64951611111111,497
139.153015,36.64949111111111,497
139.15319,36.649523888888886,498
139.15330194444445,36.649633055555555,499
139.15335194444444,36.64974111111111,501
139.153315,36.649856944444444,502
139.15329,36.64994111111111,503
139.15305194444446,36.65019888888889,504
139.15297694444445,36.65031611111111,505
139.152965,36.65046611111111,506
139.15305194444446,36.65056611111111,507
139.15315194444443,36.65060694444445,508
139.153315,36.65062388888889,509
139.15434,36.65046611111111,522
139.15454,36.65049111111111,522
139.15467694444445,36.65054888888889,521
139.1547888888889,36.65064888888889,522
139.1548388888889,36.65083194444444,525
139.1548138888889,36.65094888888889,527
139.15467694444445,36.65112388888889,532
139.1544638888889,36.65126611111111,534
139.15407694444445,36.651406944444446,542
139.15357694444444,36.65150805555555,545
139.15294,36.65156611111111,547
139.15187694444444,36.65154111111111,553
139.150615,36.651606944444445,555
139.14990194444445,36.65170694444444,561
139.14935305555557,36.651806944444445,562
139.14875305555555,36.65204888888889,561
139.148015,36.65244111111111,560
139.14752694444445,36.65264111111111,561
139.14664,36.652965,560
139.14437805555556,36.65380694444445,551
139.14380305555557,36.65400694444445,552
139.14237805555555,36.65448194444444,551
139.1422661111111,36.65452388888889,550
139.14242805555557,36.65480111111111,551
139.14242805555557,36.65480111111111,551
139.14264111111112,36.655165,552
139.14310305555554,36.65603194444444,551
139.14347805555556,36.656915,550
139.14177805555556,36.65750611111111,546
139.14200305555556,36.65795611111111,547
139.14224,36.65838111111111,547
139.14249,36.65889,556
139.14229,36.65895611111111,553
139.14210305555557,36.65904805555556,553
139.14177805555556,36.65927305555556,550
139.14072805555554,36.66010611111111,552
139.14035305555555,36.66037305555555,560
139.14015305555554,36.660513888888886,561
139.14001611111112,36.660581111111114,561
139.1397411111111,36.66069805555556,561
139.1395161111111,36.66074805555556,560
139.13845305555554,36.66102305555555,560
139.13782805555556,36.66118111111111,560
139.13721611111112,36.661363888888886,557
139.13637805555555,36.66162305555556,555
139.1361161111111,36.661698055555554,554
139.13535305555556,36.661923055555555,553
139.1354411111111,36.66226388888889,555
139.13551611111112,36.66263111111111,556
139.13555305555556,36.662931111111114,556
139.1355661111111,36.663063888888885,556
139.1349911111111,36.66300611111111,555
139.13479694444445,36.66299305555555,555
139.13479694444445,36.66299305555555,555
139.13369111111112,36.66292305555555,553
139.13334111111112,36.66291388888889,552
139.13267888888888,36.66292305555555,551
139.13254111111112,36.662931111111114,550
139.1321288888889,36.662956111111114,550
139.13197888888888,36.66296388888889,550
139.1316038888889,36.662996944444444,550
139.1311161111111,36.66305611111111,550
139.1304538888889,36.66313111111111,550
139.12996611111112,36.66318111111111,545
139.12767888888888,36.663421944444444,541
139.12552888888888,36.663646944444444,538
139.1238538888889,36.66383111111111,532
139.12331694444444,36.663896944444446,531
139.1224038888889,36.66403888888889,530
139.12179194444445,36.66414694444445,530
139.12157888888888,36.66418111111111,530
139.12145388888888,36.66353888888889,530
139.1212788888889,36.662598055555556,530
139.12045805555556,36.66269611111111,530
139.12045805555556,36.66269611111111,530
139.1212788888889,36.662598055555556,530
139.12145388888888,36.66353888888889,530
139.12157888888888,36.66418111111111,530
139.12179194444445,36.66414694444445,530
139.1224038888889,36.66403888888889,530
139.12331694444444,36.663896944444446,531
139.1238538888889,36.66383111111111,532
139.12552888888888,36.663646944444444,538
139.12767888888888,36.663421944444444,541
139.12996611111112,36.66318111111111,545
139.1304538888889,36.66313111111111,550
139.1311161111111,36.66305611111111,550
139.1316038888889,36.662996944444444,550
139.13197888888888,36.66296388888889,550
139.1321288888889,36.662956111111114,550
139.13254111111112,36.662931111111114,550
139.13267888888888,36.66292305555555,551
139.13334111111112,36.66291388888889,552
139.13369111111112,36.66292305555555,553
139.1349911111111,36.66300611111111,555
139.1355661111111,36.663063888888885,556
139.1363161111111,36.66317305555555,556
139.1366911111111,36.663223055555555,556
139.13690305555556,36.663246944444445,556
139.13740305555555,36.663288888888886,556
139.13930305555556,36.66341388888889,561
139.142315,36.66358888888889,571
139.14265305555554,36.66361388888889,572
139.14345305555557,36.66366388888889,575
139.14400194444445,36.66365611111111,575
139.14415194444445,36.663646944444444,575
139.14434,36.66360611111111,575
139.14492694444445,36.663423055555555,574
139.14517694444444,36.66330611111111,575
139.14569,36.662956111111114,577
139.14590305555555,36.66281388888889,578
139.146365,36.662506111111114,579
139.14670305555555,36.66227305555555,578
139.14710305555556,36.66203888888889,578
139.14719,36.66198888888889,577
139.14752694444445,36.66183111111111,577
139.14800194444445,36.66168888888889,578
139.14820194444445,36.66163111111111,577
139.14865194444445,36.66155611111111,577
139.14974,36.66143111111111,572
139.15150194444445,36.66118888888889,583
139.1528638888889,36.66097305555556,588
139.15341388888888,36.66092305555556,589
139.15363888888888,36.66092305555556,589
139.15395194444446,36.66090611111111,589
139.15580194444445,36.660965,598
139.15623888888888,36.66098111111111,599
139.1572138888889,36.661065,605
139.15916388888888,36.66124,613
139.15976388888888,36.66128111111111,615
139.16022611111111,36.661265,618
139.1604761111111,36.661215,617
139.1606138888889,36.66115611111111,617
139.16076388888888,36.66108111111111,618
139.16108888888888,36.660815,623
139.1619511111111,36.66010611111111,627
139.16246388888888,36.65969,638
139.1630888888889,36.659306944444445,641
139.1638011111111,36.65898194444444,644
139.1642388888889,36.65884,645
139.1650888888889,36.65858194444444,648
139.1659511111111,36.65844805555555,651
139.1667138888889,36.65842305555555,654
139.16757611111112,36.658456944444445,657
139.16831305555556,36.65855694444444,659
139.16923805555555,36.65877305555556,663
139.16992611111112,36.65904,665
139.17060111111113,36.659365,668
139.17133805555557,36.659798055555555,671
139.17287611111112,36.660865,678
139.17695,36.66375611111111,697
139.178,36.664456111111114,701
139.17922388888888,36.66522305555556,684
139.1800988888889,36.66568888888889,691
139.18051194444445,36.66587305555556,695
139.18117388888888,36.66616388888889,700
139.1820111111111,36.66647305555556,707
139.1828238888889,36.66672305555556,713
139.18478611111112,36.66743888888889,728
139.18512388888888,36.667563888888886,711
139.18567305555555,36.66771388888889,705
139.18806111111113,36.66818888888889,692
139.18832305555554,36.66826388888889,693
139.18863611111112,36.668373055555556,689
139.18884805555555,36.668506111111114,685
139.1889611111111,36.66861388888889,686
139.1890361111111,36.66872305555555,686
139.18911111111112,36.66883111111111,688
139.189535,36.66977305555555,685
139.18964805555555,36.66998111111111,685
139.18971,36.67008111111111,687
139.18987305555555,36.67025611111111,688
139.19001,36.67034805555556,690
139.19016,36.67041388888889,700
139.190335,36.67046388888889,688
139.19051,36.67048888888889,687
139.190685,36.670496944444444,687
139.19102305555555,36.67043888888889,688
139.19117194444445,36.67038111111111,688
139.191335,36.67031388888889,690
139.19239694444445,36.66977305555555,685
139.19287194444445,36.66953888888889,683
139.19306,36.66945611111111,684
139.19336,36.669356111111114,684
139.19349694444443,36.66932305555556,684
139.193935,36.66925611111111,684
139.19411,36.66923888888889,684
139.194285,36.66923111111111,685
139.194485,36.66925611111111,685
139.19464694444446,36.66929805555556,686
139.19474694444443,36.66933888888889,687
139.1948588888889,36.66940611111111,687
139.19498388888888,36.669513888888886,688
139.19520888888889,36.66977305555555,693
139.19533388888888,36.66990611111111,697
139.1954838888889,36.67010611111111,698
139.1956088888889,36.67026388888889,698
139.19579694444445,36.67058888888889,698
139.1961588888889,36.67118111111111,698
139.1963088888889,36.67138888888889,697
139.19662194444444,36.671638888888886,697
139.19714694444446,36.672046944444446,693
139.19764694444444,36.67236388888889,696
139.20044611111112,36.67398111111111,684
139.20137111111111,36.67448111111111,684
139.20237111111112,36.675021944444445,684
139.20292111111112,36.67540611111111,684
139.20303305555555,36.67550611111111,684
139.20318305555554,36.67568111111111,684
139.2033211111111,36.67585611111111,684
139.20340805555554,36.676096944444446,684
139.20353305555557,36.67663888888889,681
139.2036461111111,36.67719694444445,678
139.2037961111111,36.677555,673
139.20393305555555,36.67778,667
139.2043461111111,36.67831388888889,666
139.205045,36.67892194444445,658
139.20530805555555,36.679155,649
139.205695,36.679563888888886,646
139.20588305555555,36.679721944444445,647
139.20603305555557,36.67987194444444,645
139.20612,36.67998,643
139.206245,36.680255,641
139.206695,36.68103888888889,635
139.20678305555555,36.681221944444445,634
139.206895,36.68163,626
139.207045,36.682471944444444,615
139.207095,36.682721944444445,626
139.20715694444445,36.68353,626
139.20720694444444,36.68388,627
139.207445,36.684655,624
139.20745694444443,36.68474694444444,624
139.20755694444443,36.68783,606
139.2075688888889,36.688946111111115,611
139.20763194444444,36.68954611111111,614
139.20771888888888,36.69005388888889,614
139.20785694444444,36.69054611111111,615
139.20795694444445,36.69081305555556,615
139.2080938888889,36.691138055555555,615
139.20839388888888,36.691588055555556,615
139.20884388888888,36.69230388888889,612
139.2089938888889,36.69255388888889,612
139.20908111111112,36.69276305555555,612
139.2092438888889,36.693288055555556,612
139.20939388888888,36.69375388888889,614
139.20974388888888,36.69467111111111,614
139.20988111111112,36.69512111111111,616
139.2099061111111,36.69533805555555,615
139.2099188888889,36.69550388888889,615
139.2099061111111,36.69560388888889,618
139.2098188888889,36.69587111111111,622
139.20951888888888,36.696511944444445,624
139.20943111111112,36.69666194444444,625
139.20928111111112,36.69682111111111,624
139.2090188888889,36.69700388888889,623
139.20840611111112,36.69737111111111,625
139.2083188888889,36.69745388888889,626
139.2082438888889,36.697611944444446,625
139.20828111111112,36.69773694444444,624
139.20836888888888,36.697811944444446,622
139.2090188888889,36.69822888888889,627
139.2091438888889,36.69827111111111,628
139.2093561111111,36.69829611111111,632
139.2099938888889,36.69737888888889,621
139.2102311111111,36.69719611111111,622
139.21043111111112,36.697088055555554,621
139.21061805555556,36.697088055555554,623
139.2107061111111,36.69717888888889,621
139.21086805555555,36.697561944444445,623
139.21101805555554,36.69770388888889,620
139.2112561111111,36.69791305555555,618
139.2114061111111,36.697921111111114,616
139.21145611111112,36.697786944444445,613
139.21136805555557,36.69757888888889,613
139.21141805555555,36.69747111111111,613
139.2117561111111,36.69717888888889,607
139.2118311111111,36.69703805555555,606
139.21189305555555,36.696778888888886,603
139.2119311111111,36.69660388888889,601
139.2121561111111,36.696778888888886,601
139.2126311111111,36.696846111111114,599
139.21313111111112,36.69722111111111,599
139.2134561111111,36.69747888888889,599
139.21376805555556,36.69776111111111,600
</coordinates>
</LineString>
</Placemark>
</Document>
</kml>
