<?xml version="1.0" encoding="UTF-8"?>
<kml xmlns="http://www.opengis.net/kml/2.2" xmlns:atom="http://www.w3.org/2005/Atom">
<Document>
<name>Pre-Camp Day1</name>
<atom:author>
<atom:name>TakeshiKim</atom:name>
</atom:author> 
<atom:link href="https://latlonglab.yahoo.co.jp/route/watch?id=c546c50300483503d35b53954c99beea" />
<description><![CDATA[Pre-Camp Day1
Category:Ex-Hard;Up

Starts at 茅野市運動公園

Buys at ナナーズ小海店

Finishes at 新栄清里キャンプ場

83.1km/1940up]]></description>
<tags><![CDATA[wcc53rd]]></tags>  
<Placemark>
<Style>
<LineStyle>
<color>99ff0000</color>
<width>6</width>
</LineStyle>
</Style>
<LineString>
<coordinates>
138.16412,35.99192194444444,801
138.1641038888889,35.99194,800
138.16391611111112,35.99212388888889,800
138.16322888888888,35.992781944444445,798
138.1629411111111,35.993073055555556,796
138.1628288888889,35.993165,796
138.16209111111112,35.99390694444445,800
138.1626161111111,35.994306944444446,800
138.1631911111111,35.994748055555554,800
138.1641161111111,35.995465,800
138.1643411111111,35.99565611111111,801
138.1644411111111,35.995798055555554,802
138.1645161111111,35.99594,802
138.1645661111111,35.99609805555556,803
138.16457805555555,35.996206111111114,803
138.16465305555556,35.99674805555556,805
138.16467805555556,35.99689,806
138.16472805555554,35.99695611111111,806
138.1647911111111,35.99707305555555,806
138.16477805555556,35.99715611111111,807
138.1647911111111,35.99747305555555,808
138.16480305555555,35.99781388888889,809
138.1647661111111,35.997931111111114,809
138.16461611111112,35.99816388888889,809
138.16422805555555,35.99866388888889,808
138.16424194444446,35.998688888888886,808
138.16424194444446,35.998688888888886,808
138.16422805555555,35.99866388888889,808
138.1647661111111,35.998913888888886,809
138.16595305555555,35.999473055555555,812
138.16642805555554,35.99968888888889,814
138.1667911111111,35.999856111111114,816
138.16765305555555,36.000281111111114,818
138.1681911111111,36.00053111111111,819
138.16852805555556,36.00068111111111,819
138.170915,36.001798055555554,826
138.17102805555555,36.001848055555556,825
138.17254,36.00255611111111,826
138.173065,36.00279694444444,826
138.17360194444444,36.00303888888889,826
138.17390194444445,36.00316388888889,826
138.173965,36.00319694444445,826
138.17412694444445,36.00323888888889,827
138.174115,36.00342194444445,827
138.17415194444445,36.00353888888889,828
138.17422694444446,36.00365611111111,829
138.17429,36.003746944444444,829
138.174465,36.00408888888889,834
138.17477694444443,36.00494694444444,833
138.17490194444446,36.005271944444445,831
138.17507694444444,36.00575611111111,831
138.17517694444444,36.00607194444444,831
138.1752138888889,36.00623888888889,830
138.17522694444443,36.006346944444445,830
138.1752138888889,36.00668888888889,831
138.17512694444446,36.007396944444444,830
138.17501388888888,36.008155,834
138.17500194444443,36.00842194444444,835
138.17500194444443,36.008671944444444,835
138.17502694444445,36.008855,835
138.1751888888889,36.009905,837
138.17532694444444,36.01074611111111,839
138.17536388888888,36.010938055555556,840
138.17545194444443,36.01153,841
138.17547694444445,36.011755,841
138.17562694444445,36.012638055555556,841
138.17567694444443,36.01289611111111,841
138.1757888888889,36.01357888888889,845
138.17591388888889,36.01434611111111,847
138.17595194444445,36.01467111111111,846
138.1759638888889,36.01499611111111,845
138.17597694444444,36.01532888888889,845
138.17597694444444,36.01587111111111,845
138.1760138888889,36.01607888888889,845
138.17605111111112,36.01633694444445,846
138.1760888888889,36.01645388888889,847
138.1765388888889,36.01763694444445,852
138.1766388888889,36.01788694444444,852
138.1767011111111,36.01807888888889,852
138.17671388888888,36.018211944444445,852
138.17673888888888,36.01860388888889,856
138.1767011111111,36.019086944444446,855
138.1766011111111,36.01945388888889,856
138.1765388888889,36.01961194444444,858
138.17626388888888,36.02010388888889,858
138.17616388888888,36.02037888888889,859
138.1761261111111,36.02051194444444,858
138.1761261111111,36.02062,858
138.1761388888889,36.020761944444445,858
138.1761888888889,36.02103694444445,855
138.1762511111111,36.02142,856
138.1763638888889,36.021811944444444,858
138.17661388888888,36.02232,860
138.17673888888888,36.022528055555554,860
138.17697611111112,36.022911944444445,860
138.17717611111112,36.023178055555555,860
138.1772761111111,36.02330305555556,860
138.17738888888888,36.02343611111111,860
138.1776011111111,36.023653055555556,861
138.1780638888889,36.02400305555555,862
138.17851305555556,36.024278055555556,863
138.17947611111111,36.024861111111115,865
138.1802761111111,36.025345,865
138.18080111111112,36.02568611111111,868
138.18086305555556,36.02573611111111,868
138.18092611111112,36.02578611111111,869
138.18136305555555,36.02617,872
138.182625,36.02731111111111,872
138.183825,36.02843611111111,876
138.18387388888888,36.028486111111114,876
138.18387388888888,36.028486111111114,876
138.18401305555557,36.02862805555556,876
138.1844,36.02896111111111,877
138.18458694444445,36.02912805555555,877
138.18491194444445,36.029378055555554,878
138.18515,36.02953611111111,879
138.18563805555556,36.02981111111111,879
138.185825,36.02991111111111,879
138.186275,36.030028055555555,881
138.18696194444445,36.03016888888889,883
138.18788694444444,36.030343888888886,885
138.19069888888887,36.030878055555554,887
138.19202388888888,36.03114388888889,892
138.19248694444445,36.03122805555556,893
138.19372388888888,36.03146111111111,897
138.19394888888888,36.03151888888889,898
138.19408694444445,36.03156111111111,898
138.19439888888888,36.03169388888889,897
138.19507388888888,36.031978055555555,896
138.1968738888889,36.03272805555556,903
138.1970488888889,36.032803055555554,903
138.19734888888888,36.03291111111111,904
138.1977611111111,36.03301888888889,904
138.1983111111111,36.033118888888886,906
138.19861111111112,36.03314388888889,906
138.1992111111111,36.03314388888889,906
138.1994361111111,36.033118888888886,907
138.19952305555555,36.03311111111111,906
138.19997305555555,36.033053055555555,906
138.20066111111112,36.03292805555556,906
138.20146111111112,36.03277805555555,906
138.2019611111111,36.03268611111111,908
138.20227305555557,36.032628055555556,913
138.20272305555557,36.03256888888889,916
138.2034361111111,36.03252805555555,923
138.20406111111112,36.03248611111111,923
138.2044611111111,36.03247805555556,922
138.20474805555557,36.03245305555556,925
138.20501,36.032378055555554,927
138.20557305555556,36.032153055555554,929
138.20639805555555,36.03180305555556,935
138.20736,36.03141111111111,938
138.20769805555557,36.03131111111111,938
138.207985,36.03127805555555,938
138.208185,36.03127805555555,938
138.20844805555555,36.03132,939
138.20934805555555,36.03152,944
138.21011,36.03163611111111,946
138.21052194444445,36.031686111111114,951
138.21212194444445,36.03187,954
138.21401,36.032095,964
138.21426,36.03212805555555,966
138.21549694444445,36.03227,970
138.21702194444444,36.03245305555556,971
138.2184838888889,36.032628055555556,971
138.2188088888889,36.03266194444444,971
138.2190588888889,36.03268694444444,970
138.21929694444444,36.032695,970
138.2194838888889,36.03268694444444,970
138.2197088888889,36.03266194444444,971
138.2199838888889,36.03262,970
138.22092194444446,36.03242,974
138.22109694444444,36.032395,974
138.22128388888888,36.032378055555554,974
138.2215588888889,36.03237,973
138.22183388888888,36.03237,973
138.22205888888888,36.032378055555554,973
138.2232338888889,36.03250305555556,963
138.2239088888889,36.03257,966
138.22443388888888,36.03261194444445,970
138.2248588888889,36.032653055555556,973
138.22545888888888,36.03271194444444,977
138.2266711111111,36.03281194444445,986
138.22705888888888,36.03281194444445,985
138.22727111111112,36.03281194444445,984
138.2274088888889,36.032795,985
138.2275588888889,36.03277,984
138.22783388888888,36.03271194444444,985
138.2280461111111,36.03265388888889,985
138.2286711111111,36.032495,986
138.2288088888889,36.03247888888889,986
138.22975805555555,36.032311944444444,988
138.22995805555556,36.03227,988
138.2303961111111,36.032195,991
138.2307461111111,36.032178888888886,992
138.23085805555556,36.03221194444444,992
138.2309711111111,36.03227888888889,994
138.23105805555556,36.03238694444445,996
138.2310961111111,36.032495,998
138.23108305555556,36.032603888888886,1000
138.23093305555557,36.03286194444444,1001
138.23079611111112,36.03312888888889,1003
138.23069611111111,36.033361944444444,1005
138.2306211111111,36.03362888888889,1005
138.2305961111111,36.033811944444444,1006
138.23057111111112,36.034011944444444,1006
138.23058305555554,36.03422,1006
138.23060805555556,36.034395,1006
138.23070805555557,36.03461194444444,1007
138.2308461111111,36.03481194444444,1009
138.23113305555555,36.03507,1018
138.2312711111111,36.03517,1022
138.23138305555557,36.035245,1024
138.23165805555556,36.03542,1027
138.23183305555557,36.03550305555556,1029
138.23202111111112,36.03555305555555,1030
138.23224611111112,36.035595,1032
138.2325711111111,36.035603055555555,1034
138.23275805555556,36.035595,1034
138.23290805555555,36.03557,1034
138.23335805555556,36.03545305555556,1035
138.23462111111112,36.03512,1045
138.2349461111111,36.03503694444444,1050
138.2351211111111,36.03498694444445,1052
138.23545805555557,36.034895,1054
138.23677,36.034545,1061
138.23688305555555,36.03453694444445,1061
138.236995,36.03456194444444,1063
138.237095,36.03460388888889,1064
138.23718305555556,36.03467,1066
138.23723305555555,36.034753888888886,1067
138.237445,36.03523694444444,1072
138.23760805555557,36.03562,1076
138.23772,36.035828055555555,1077
138.23785805555556,36.036011944444446,1077
138.237995,36.036161944444444,1077
138.23813305555555,36.03628694444444,1079
138.23820805555556,36.036345,1080
138.23833305555556,36.03642,1080
138.238545,36.03652805555556,1082
138.23957,36.03693694444444,1088
138.24088194444445,36.037461944444445,1090
138.24273194444444,36.038203055555556,1093
138.24325694444445,36.03841194444445,1091
138.244245,36.038845,1102
138.24437,36.03888694444444,1102
138.24450694444445,36.038936944444444,1103
138.24467,36.03897,1104
138.24505694444446,36.039028055555555,1109
138.24578194444445,36.03912805555556,1118
138.24592,36.03915305555556,1117
138.2462688888889,36.03923694444445,1123
138.24641888888888,36.039295,1124
138.24660694444444,36.03937,1124
138.24689388888888,36.03957,1132
138.24703194444444,36.039745,1132
138.24723194444445,36.04012,1135
138.24730694444443,36.04025305555555,1136
138.2478688888889,36.041203055555556,1146
138.2481688888889,36.04177,1153
138.24821888888889,36.04195305555555,1156
138.24824388888888,36.04207805555556,1157
138.24823194444446,36.04264388888889,1164
138.24821888888889,36.04320305555556,1168
138.2481938888889,36.04340305555556,1169
138.24818194444444,36.043703055555554,1174
138.24818194444444,36.04445305555556,1183
138.24818194444444,36.04472805555555,1183
138.24820694444443,36.04496888888889,1184
138.24824388888888,36.04512694444445,1184
138.2483938888889,36.04553611111111,1184
138.2488688888889,36.04654388888889,1189
138.24985611111111,36.04849388888889,1196
138.2499811111111,36.048676944444445,1196
138.25026888888888,36.04899388888889,1196
138.25061888888888,36.04926888888889,1198
138.25139388888888,36.04981111111111,1203
138.25231888888888,36.050443888888886,1204
138.2528311111111,36.05079388888889,1206
138.25311888888888,36.05095194444444,1208
138.2533388888889,36.05105388888889,1208
138.2533388888889,36.05105388888889,1208
138.2534061111111,36.051085,1209
138.25376805555555,36.05120194444444,1210
138.25414305555555,36.051285,1211
138.2547811111111,36.051435,1212
138.25574305555557,36.051651944444444,1214
138.25704305555556,36.05195194444445,1217
138.25724305555556,36.05200194444444,1217
138.25808111111112,36.05219388888889,1219
138.25924305555554,36.05245194444444,1221
138.25973,36.052635,1221
138.26006805555556,36.05280194444445,1223
138.26038,36.05299388888889,1224
138.26088,36.05336,1224
138.26243,36.054501944444446,1244
138.26251805555555,36.05459305555556,1245
138.26263,36.05472694444445,1246
138.26263,36.05475194444445,1246
138.26264194444445,36.054785,1245
138.262605,36.05489305555555,1244
138.262355,36.055335,1253
138.26234194444444,36.055435,1253
138.26236694444444,36.05551805555555,1255
138.26256694444444,36.05589305555556,1257
138.26259194444444,36.05601,1259
138.26259194444444,36.05609305555556,1259
138.26259194444444,36.05612694444444,1261
138.26249194444443,36.056635,1266
138.26249194444443,36.05675111111111,1267
138.26266694444445,36.057268055555554,1278
138.26274194444446,36.05736,1276
138.26284194444443,36.05741805555556,1277
138.26298,36.05741,1278
138.26308,36.05736,1279
138.26318,36.05726,1284
138.26344194444445,36.05690111111111,1286
138.26369194444445,36.05654305555556,1294
138.26378,36.05646,1295
138.26391694444445,36.056426944444446,1294
138.26411694444445,36.05641,1296
138.26506694444444,36.056335,1306
138.26559194444445,36.056268055555556,1309
138.26604194444445,36.056176944444445,1314
138.2662038888889,36.05616,1315
138.2663538888889,36.056176944444445,1315
138.26654194444444,36.056235,1316
138.26674194444445,36.05636805555555,1320
138.26681694444446,36.05646,1321
138.26726694444446,36.05756,1330
138.26741694444445,36.057901111111114,1331
138.26754194444445,36.05820111111111,1331
138.2676788888889,36.05850111111111,1333
138.26772888888888,36.05866805555556,1334
138.26774194444445,36.058751111111114,1334
138.2677038888889,36.059185,1335
138.26769194444444,36.05935111111111,1336
138.26769194444444,36.05945888888889,1336
138.26772888888888,36.05955111111111,1336
138.2679038888889,36.05970888888889,1338
138.26821611111112,36.05990111111111,1342
138.2683911111111,36.05999305555556,1344
138.2691911111111,36.05927611111111,1348
138.2692538888889,36.05919305555555,1348
138.26930388888889,36.059085,1348
138.26931611111112,36.05892611111111,1348
138.26930388888889,36.05864305555556,1347
138.2692911111111,36.058326111111114,1347
138.26931611111112,36.05811,1347
138.2694038888889,36.057768055555556,1347
138.2695038888889,36.05744305555555,1347
138.26956611111112,36.05724305555555,1347
138.2695911111111,36.057051944444446,1346
138.26959194444444,36.056885,1348
138.26955388888888,36.05672694444444,1350
138.2694788888889,36.056585,1352
138.26926694444444,36.05631,1355
138.26911694444445,36.05611805555556,1355
138.26896694444446,36.055835,1354
138.26884194444443,36.055418055555556,1358
138.2687288888889,36.05522694444444,1361
138.2685038888889,36.05495194444445,1361
138.2684538888889,36.05486888888889,1362
138.2681538888889,36.05412694444444,1359
138.2681288888889,36.05401888888889,1358
138.2681538888889,36.053935,1357
138.26819194444445,36.05387694444445,1356
138.26830388888888,36.05384388888889,1357
138.2685538888889,36.053826944444445,1358
138.2688288888889,36.053835,1361
138.26904194444444,36.05390194444445,1362
138.26921694444445,36.05401888888889,1363
138.26934194444445,36.05410194444445,1363
138.26951694444443,36.05411,1364
138.2707288888889,36.053835,1371
138.27086694444444,36.05381888888889,1373
138.27099194444443,36.05381888888889,1374
138.27112888888888,36.053851944444446,1374
138.27149194444445,36.05391,1377
138.27159194444445,36.05391,1378
138.27167888888889,36.053885,1377
138.27196694444444,36.05375194444444,1376
138.27209194444444,36.05372694444444,1378
138.27234194444443,36.05375194444444,1380
138.2725411111111,36.05389388888889,1381
138.2726911111111,36.05411,1382
138.27272888888888,36.05420194444444,1382
138.2734411111111,36.05426888888889,1384
138.27360388888889,36.05431,1385
138.2737788888889,36.05440194444444,1386
138.2740161111111,36.054585,1388
138.2741661111111,36.054743888888886,1388
138.27421611111112,36.05476888888889,1388
138.2742911111111,36.05477694444444,1388
138.2743911111111,36.054735,1388
138.2745661111111,36.05461888888889,1389
138.27477888888887,36.05431,1396
138.2748288888889,36.05421,1397
138.27485388888888,36.054076944444446,1397
138.2748411111111,36.05372694444444,1396
138.2748288888889,36.05341,1397
138.27485388888888,36.05318611111111,1397
138.27486611111112,36.053111111111114,1396
138.2749661111111,36.052368888888886,1397
138.27499111111112,36.05222694444444,1397
138.2750661111111,36.051676944444445,1397
138.27511611111112,36.05136111111111,1402
138.27510388888888,36.05126111111111,1403
138.2750538888889,36.05116888888889,1403
138.2749038888889,36.051001944444444,1402
138.27475388888888,36.05087805555556,1405
138.2746788888889,36.050761111111115,1407
138.27454194444445,36.05025194444445,1407
138.2744788888889,36.05016111111111,1408
138.2742788888889,36.049978055555556,1407
138.27421694444445,36.049886111111114,1407
138.2741288888889,36.04973611111111,1408
138.27409194444445,36.04960194444445,1407
138.27407888888888,36.049503055555554,1408
138.2741038888889,36.04940194444445,1408
138.27417888888888,36.04921111111111,1408
138.27414194444444,36.04908611111111,1408
138.27385388888888,36.04852805555556,1403
138.27385388888888,36.04836888888889,1403
138.27395388888888,36.04808611111111,1399
138.27401694444444,36.04795305555555,1397
138.27409194444445,36.04786111111111,1395
138.2742288888889,36.04776888888889,1396
138.27469194444444,36.04741111111111,1393
138.2748288888889,36.04726111111111,1389
138.27499194444445,36.047128055555554,1385
138.2751288888889,36.047018888888886,1387
138.27516694444444,36.046953055555555,1385
138.27519194444446,36.04684388888889,1382
138.2750538888889,36.04684388888889,1380
138.2748288888889,36.04691888888889,1379
138.27456694444444,36.04705305555556,1379
138.27449194444443,36.04706111111111,1378
138.2743788888889,36.04703611111111,1376
138.27510388888888,36.046528055555555,1375
138.2751788888889,36.04645305555555,1377
138.27524194444445,36.04637805555556,1378
138.27541694444446,36.04598611111111,1381
138.27546694444445,36.045878055555555,1386
138.2755038888889,36.04577,1386
138.27552888888889,36.04531111111111,1386
138.27546694444445,36.044945,1386
138.2754788888889,36.044761111111114,1385
138.2755038888889,36.044545,1385
138.27552888888889,36.044445,1385
138.27556694444445,36.04436111111111,1386
138.27567888888888,36.04422805555556,1386
138.27649194444444,36.04365305555555,1395
138.2766538888889,36.043495,1394
138.27674194444444,36.04338694444444,1394
138.27679194444445,36.043278055555554,1397
138.27680388888888,36.043078055555554,1397
138.27677888888888,36.04287,1397
138.27679194444445,36.04277,1397
138.27706694444444,36.042145,1404
138.27713,36.041945,1405
138.27714194444445,36.04172888888889,1405
138.277155,36.04166194444444,1405
138.277205,36.041603888888886,1405
138.27749194444445,36.041378888888886,1408
138.277655,36.04117,1411
138.27834194444443,36.040503888888885,1418
138.27969194444444,36.03962111111111,1435
138.27985388888888,36.03948694444444,1436
138.27996694444445,36.039361944444444,1436
138.2801288888889,36.03922111111111,1437
138.28024194444444,36.03917888888889,1439
138.28044194444445,36.03915388888889,1442
138.2812538888889,36.03908694444444,1447
138.28139194444444,36.03905388888889,1448
138.2815038888889,36.03900388888889,1449
138.2815788888889,36.03892111111111,1453
138.28161694444444,36.03883694444445,1455
138.2816038888889,36.03872888888889,1456
138.28142888888888,36.03842888888889,1452
138.2814038888889,36.038336944444445,1452
138.28141694444443,36.038246111111114,1453
138.28146694444445,36.03817111111111,1455
138.2815788888889,36.03812111111111,1457
138.28169194444445,36.03812111111111,1460
138.28177888888888,36.03817111111111,1462
138.28186694444443,36.03829611111111,1462
138.28212888888888,36.03881194444445,1471
138.2821788888889,36.03901194444445,1475
138.2821788888889,36.03911194444444,1474
138.28214194444445,36.039211944444446,1474
138.28206694444444,36.03933694444444,1475
138.2814788888889,36.039786944444444,1476
138.2814038888889,36.039878888888886,1475
138.2813538888889,36.04012,1483
138.28134194444445,36.04036194444444,1483
138.28131694444446,36.040461944444445,1482
138.28116694444444,36.040711944444446,1483
138.2811288888889,36.04093694444445,1485
138.2811538888889,36.04105388888889,1485
138.28122888888888,36.041195,1487
138.28142888888888,36.041445,1491
138.28161694444444,36.04157,1493
138.28255388888888,36.04208694444444,1496
138.2827538888889,36.04217,1500
138.28290388888888,36.042211944444446,1502
138.28301694444446,36.04222,1502
138.28312888888888,36.04217888888889,1502
138.28322888888889,36.04208694444444,1502
138.28331694444444,36.041945,1503
138.2839038888889,36.04057888888889,1518
138.28405388888888,36.04032111111111,1516
138.2842038888889,36.04022111111111,1515
138.2844288888889,36.04013694444444,1517
138.28471694444445,36.04007111111111,1520
138.28496694444445,36.04004611111111,1521
138.2852038888889,36.04005388888889,1521
138.28540388888888,36.04009611111111,1521
138.28549194444443,36.040171111111114,1522
138.28559194444443,36.04032111111111,1523
138.2858038888889,36.04085388888889,1526
138.2858911111111,36.04097888888889,1527
138.28597888888888,36.041061944444444,1526
138.2861161111111,36.041111944444445,1526
138.2862538888889,36.04112,1526
138.2863911111111,36.04110388888889,1527
138.2865161111111,36.04105388888889,1528
138.2866038888889,36.04096194444445,1529
138.2869038888889,36.04056194444444,1535
138.2870288888889,36.04045388888889,1536
138.28744111111112,36.040171111111114,1536
138.2875911111111,36.04012111111111,1539
138.2877038888889,36.04011194444445,1540
138.28779111111112,36.04014611111111,1542
138.2878411111111,36.04020388888889,1542
138.28789111111112,36.04034611111111,1543
138.2879788888889,36.04093694444445,1546
138.28801611111112,36.04102888888889,1547
138.28812888888888,36.04112,1548
138.2883161111111,36.041245,1549
138.2885161111111,36.041336944444446,1551
138.2886288888889,36.041361944444446,1551
138.2889911111111,36.04132888888889,1554
138.28936611111112,36.04130388888889,1556
138.28960388888888,36.041311944444445,1557
138.2906911111111,36.04141194444444,1566
138.2912411111111,36.04150388888889,1571
138.2924911111111,36.04182,1579
138.29282805555556,36.04188694444444,1581
138.29356611111112,36.041961944444445,1587
138.29412805555555,36.04201194444445,1592
138.29422805555555,36.04206194444444,1590
138.29430305555556,36.042145,1593
138.29430305555556,36.04222,1593
138.29427805555557,36.042245,1595
138.29352805555556,36.04235388888889,1596
138.29332805555555,36.04243694444445,1594
138.2932911111111,36.042495,1596
138.29331611111112,36.042561944444444,1598
138.29337805555556,36.042611944444445,1599
138.29365305555555,36.04272888888889,1602
138.2938161111111,36.04275388888889,1603
138.29492805555554,36.04290388888889,1612
138.29516611111112,36.04292,1614
138.29536611111112,36.04300388888889,1616
138.29564,36.04317805555556,1619
138.29710305555557,36.04401194444444,1628
138.298065,36.044595,1632
138.298515,36.044845,1633
138.298615,36.04492805555556,1634
138.298715,36.045053055555556,1634
138.29874,36.045145,1635
138.29874,36.045211944444446,1635
138.29869,36.045295,1636
138.29850305555556,36.045453055555555,1638
138.29839,36.045586944444445,1639
138.298365,36.04567,1640
138.29839,36.04576111111111,1640
138.29845305555557,36.045811111111114,1642
138.298565,36.045895,1643
138.298615,36.04592,1643
138.29869,36.04595305555556,1643
138.29920305555555,36.04612,1647
138.29970194444445,36.046261111111114,1649
138.30014,36.04632,1653
138.300315,36.04635305555556,1655
138.30039,36.046395,1655
138.30055194444444,36.046553055555556,1657
138.30050194444445,36.04661111111111,1658
138.30045194444443,36.04662805555556,1658
138.30017694444444,36.04662805555556,1658
138.30009,36.04666111111111,1658
138.30002694444445,36.046753055555556,1660
138.30000194444443,36.04726111111111,1663
138.29987694444443,36.04747805555556,1663
138.29985194444444,36.047553055555554,1663
138.299865,36.04766111111111,1664
138.29994,36.04771111111111,1666
138.30014,36.047745,1668
138.300265,36.04772,1669
138.30034,36.04767,1669
138.30057694444446,36.04743611111111,1668
138.30074,36.04723611111111,1668
138.30080194444446,36.047195,1670
138.30090194444443,36.04718611111111,1671
138.30099,36.04723611111111,1671
138.30120194444444,36.047378055555555,1674
138.30140194444445,36.04736111111111,1677
138.30151388888888,36.04728611111111,1678
138.30160194444446,36.04722805555556,1678
138.3017888888889,36.04702805555556,1679
138.3019138888889,36.04673611111111,1677
138.3019888888889,36.04642,1678
138.3024388888889,36.04607,1685
138.30255194444445,36.046036111111114,1686
138.30286388888888,36.046053055555554,1688
138.30302694444444,36.04602805555555,1689
138.30363888888888,36.045786944444444,1688
138.3037388888889,36.04576194444444,1689
138.30387694444445,36.045745,1691
138.30400194444445,36.04577805555556,1693
138.3040388888889,36.04580305555555,1693
138.3046388888889,36.046236111111114,1696
138.30520194444443,36.04671111111111,1699
138.30547694444445,36.04696111111111,1702
138.30552694444444,36.04707,1704
138.30552694444444,36.04713611111111,1705
138.30546388888888,36.047195,1705
138.30535194444445,36.04723611111111,1708
138.30515194444445,36.04727805555556,1708
138.3050888888889,36.047311111111114,1707
138.30507694444444,36.04745305555556,1711
138.3051638888889,36.04752,1712
138.30537694444445,36.047595,1713
138.30545194444446,36.04762,1713
138.3057138888889,36.04768611111111,1712
138.30602694444445,36.04770305555556,1715
138.3062138888889,36.04766111111111,1714
138.30637694444445,36.047578055555554,1716
138.30668888888889,36.04721111111111,1717
138.30675194444444,36.04703611111111,1716
138.30683888888888,36.04681111111111,1717
138.30693888888888,36.04665305555555,1721
138.30715194444446,36.04645305555555,1725
138.30738888888888,36.046128055555556,1727
138.30745194444444,36.046078055555554,1726
138.30752694444445,36.046053055555554,1726
138.30806388888888,36.046045,1728
138.3082388888889,36.046078055555554,1730
138.3083388888889,36.046128055555556,1731
138.30841388888888,36.04617805555556,1731
138.3084511111111,36.04622,1732
138.3085761111111,36.04657805555556,1735
138.3086761111111,36.04673611111111,1736
138.3092888888889,36.047195,1739
138.3093638888889,36.04727805555556,1740
138.3093511111111,36.047403055555556,1742
138.30918888888888,36.04750305555555,1744
138.30873888888888,36.04767,1745
138.3081138888889,36.04787805555556,1746
138.30797611111112,36.04795305555555,1747
138.3077011111111,36.048203055555554,1754
138.3074761111111,36.04842,1753
138.3074388888889,36.04848611111111,1753
138.3074261111111,36.04856111111111,1753
138.3074388888889,36.04880305555555,1753
138.3075638888889,36.04965305555555,1754
138.3076511111111,36.049928055555554,1758
138.30775111111112,36.05006111111111,1760
138.3079261111111,36.050178055555556,1762
138.3080511111111,36.050203055555556,1762
138.3082638888889,36.05021888888889,1765
138.3083638888889,36.050203055555556,1765
138.3084888888889,36.05013611111111,1766
138.30886388888888,36.04977805555556,1766
138.3091261111111,36.049528055555555,1767
138.3094888888889,36.04921111111111,1769
138.30976388888888,36.04906888888889,1771
138.3099638888889,36.04901111111111,1773
138.3100638888889,36.04899388888889,1773
138.3102011111111,36.04901888888889,1775
138.3104011111111,36.049078055555555,1774
138.31067611111112,36.04922805555555,1780
138.31076388888889,36.04929388888889,1780
138.3108511111111,36.04941888888889,1782
138.3109511111111,36.04960305555556,1785
138.3109638888889,36.04977805555556,1785
138.3109388888889,36.04984388888889,1785
138.31088888888888,36.04996111111111,1784
138.31077611111112,36.05010305555555,1783
138.3100388888889,36.05079388888889,1789
138.30976388888888,36.05106111111111,1787
138.3097138888889,36.05119388888889,1787
138.3097138888889,36.05137805555555,1786
138.3097388888889,36.05144388888889,1786
138.3098011111111,36.05153611111111,1786
138.30998888888888,36.051676944444445,1787
138.3105261111111,36.05199388888889,1793
138.31068888888888,36.05211111111111,1795
138.3108638888889,36.05231888888889,1795
138.31091305555555,36.05245305555555,1796
138.31103805555554,36.05341888888889,1798
138.31112611111112,36.053578055555555,1800
138.31125111111112,36.05366111111111,1801
138.31148805555554,36.053736111111114,1803
138.31160111111112,36.05374388888889,1804
138.31166305555556,36.053736111111114,1804
138.31181305555555,36.05369388888889,1806
138.31191305555555,36.05359388888889,1807
138.31198805555556,36.05346111111111,1807
138.31203805555555,36.05316888888889,1808
138.31205111111112,36.05254388888889,1815
138.31208805555556,36.05197694444445,1816
138.31213805555555,36.051743888888886,1817
138.31226305555555,36.05154388888889,1817
138.31241305555557,36.05141888888889,1817
138.31271305555555,36.05130305555556,1823
138.31311305555556,36.05108611111111,1826
138.3132511111111,36.05098611111111,1827
138.31330111111112,36.05088611111111,1826
138.31333805555556,36.05065305555556,1828
138.3134761111111,36.05032805555555,1833
138.3135761111111,36.05021111111111,1833
138.31372611111112,36.05014388888889,1834
138.3138761111111,36.05011888888889,1836
138.31401305555556,36.050153055555555,1838
138.31411305555557,36.05021111111111,1838
138.31418805555555,36.05033611111111,1842
138.31426305555556,36.05061888888889,1844
138.31441305555555,36.05141111111111,1845
138.31448805555556,36.051653055555555,1849
138.3146011111111,36.05189388888889,1852
138.3146761111111,36.05197694444445,1853
138.3148261111111,36.05206111111111,1853
138.3153761111111,36.05225305555555,1859
138.3169761111111,36.05283611111111,1868
138.3182,36.05322694444445,1876
138.31841305555557,36.05327694444444,1877
138.31853805555556,36.05327694444444,1878
138.31865,36.05319388888889,1877
138.31876305555556,36.05298611111111,1879
138.31883805555555,36.05266888888889,1883
138.31903805555555,36.05211888888889,1887
138.3191,36.05201111111111,1889
138.3192,36.05188611111111,1891
138.31935,36.051811111111114,1893
138.31953805555557,36.05180305555555,1894
138.31963805555554,36.05182805555555,1894
138.31968805555556,36.05186111111111,1895
138.31986305555554,36.05199388888889,1897
138.319925,36.052128055555556,1898
138.31993805555555,36.05314388888889,1904
138.319925,36.05327694444444,1905
138.3199,36.05346111111111,1907
138.3195,36.05417694444444,1912
138.31913805555556,36.05486111111111,1916
138.3189,36.05533611111111,1920
138.31885,36.05556111111111,1924
138.318825,36.05561888888889,1924
138.31873805555554,36.05567694444444,1926
138.31838805555554,36.055818888888886,1926
138.31771305555554,36.056018888888886,1927
138.31723805555555,36.05636888888889,1928
138.31681305555554,36.05670194444444,1932
138.316675,36.056851944444446,1933
138.31665,36.056935,1932
138.31665,36.057026944444445,1931
138.31666305555555,36.05712694444444,1930
138.3167,36.05719388888889,1931
138.31685,36.05731888888889,1931
138.31703805555554,36.05739388888889,1931
138.31715,36.05739388888889,1932
138.3173,36.057335,1933
138.3176,36.05714388888889,1936
138.31775,36.05701,1938
138.31828805555554,36.05655194444444,1944
138.3184,36.05647694444445,1946
138.318475,36.05646111111111,1947
138.31858805555555,36.05649388888889,1947
138.31913805555556,36.05670194444444,1948
138.3198,36.05694388888889,1957
138.31991305555556,36.056985,1957
138.320025,36.05699388888889,1957
138.32013805555556,36.05697694444444,1957
138.32028805555555,36.05692694444444,1957
138.320375,36.056851944444446,1958
138.32043694444445,36.05674388888889,1957
138.32041305555555,36.05626888888889,1964
138.32045,36.05610194444444,1964
138.32048694444444,36.05603611111111,1964
138.32058694444444,36.05598611111111,1963
138.320775,36.05590194444444,1964
138.320925,36.05589388888889,1965
138.32108805555555,36.055926944444444,1965
138.32125,36.056001944444446,1965
138.322125,36.05679388888889,1973
138.3223,36.05696888888889,1975
138.32278805555555,36.05744388888889,1981
138.322925,36.05756888888889,1983
138.323075,36.05766,1984
138.32313805555555,36.057676944444445,1985
138.32325,36.05771,1986
138.32336305555555,36.05771,1987
138.323625,36.05761,1987
138.32455,36.05730194444445,1990
138.32476194444445,36.057135,1994
138.32518694444445,36.05671111111111,1997
138.32531194444445,36.05661888888889,1998
138.325375,36.05658611111111,1999
138.32545,36.05658611111111,2001
138.32555,36.05663611111111,2001
138.32548694444444,36.05701888888889,2005
138.32538694444443,36.05780194444444,2008
138.32503694444443,36.058076944444444,2010
138.3249,36.05829388888889,2013
138.32488694444444,36.058485,2012
138.324925,36.05856,2015
138.32501194444444,36.058585,2016
138.3251,36.058568888888885,2016
138.32526194444443,36.05845194444444,2018
138.32596194444446,36.057943888888886,2024
138.32656194444445,36.057518888888886,2025
138.32715,36.05707694444445,2028
138.32736194444445,36.05695194444444,2030
138.32751194444444,36.05690194444445,2030
138.32763694444444,36.05691111111111,2031
138.327775,36.05695194444444,2033
138.32795,36.057135,2035
138.32795,36.057276944444446,2036
138.327925,36.05736888888889,2036
138.3275,36.05815194444445,2037
138.32738694444444,36.058435,2041
138.32738694444444,36.05861888888889,2044
138.327525,36.058751944444445,2045
138.32788694444446,36.05891888888889,2047
138.32803694444445,36.05896,2050
138.328125,36.05896888888889,2051
138.32818694444444,36.058951944444445,2051
138.32838694444445,36.058785,2053
138.328625,36.058501944444444,2056
138.32916194444445,36.05781,2058
138.32973694444445,36.057285,2058
138.33005,36.05707694444445,2057
138.33058694444443,36.056868888888886,2064
138.33078694444444,36.056776944444444,2063
138.33088694444444,36.05670194444444,2063
138.33098694444445,36.05647694444445,2061
138.33106194444446,36.05612694444444,2062
138.331175,36.05589388888889,2062
138.33128694444446,36.055793888888886,2062
138.3316,36.05566888888889,2063
138.33199888888888,36.055526944444445,2062
138.3327238888889,36.055276944444444,2064
138.33293694444444,36.05522694444444,2064
138.33351194444444,36.05521111111111,2064
138.33383694444444,36.05518611111111,2064
138.33408694444444,36.05513611111111,2064
138.33428694444444,36.055076944444444,2064
138.33457388888888,36.05491111111111,2068
138.33469888888888,36.054878055555555,2069
138.3348738888889,36.054878055555555,2070
138.3349738888889,36.054901944444445,2072
138.33503694444445,36.05493611111111,2073
138.33508694444444,36.05497694444445,2073
138.33518694444444,36.05508611111111,2075
138.33539888888888,36.055661111111114,2081
138.33551194444445,36.05582694444445,2082
138.33569888888888,36.05601111111111,2084
138.33596194444445,36.056201944444446,2087
138.3362238888889,36.05634388888889,2090
138.33676194444445,36.056601944444445,2094
138.3370988888889,36.05670194444444,2096
138.33741194444445,36.05676888888889,2097
138.33766194444445,36.05679388888889,2098
138.33878694444445,36.056776944444444,2104
138.33896194444443,36.05679388888889,2105
138.34008694444444,36.05721888888889,2107
138.34194888888888,36.05796888888889,2110
138.34341111111112,36.058526944444445,2113
138.34387388888888,36.05862694444444,2114
138.34558611111112,36.05896888888889,2117
138.34601111111112,36.05905194444444,2119
138.3461738888889,36.059085,2119
138.34620388888888,36.059086944444445,2119
138.34620388888888,36.059086944444445,2119
138.34634888888888,36.05909388888889,2119
138.3492488888889,36.05910194444444,2122
138.35014805555556,36.05909388888889,2122
138.3504111111111,36.05905194444444,2122
138.35107305555556,36.05884388888889,2123
138.3521111111111,36.058526944444445,2124
138.35341111111111,36.058011111111114,2121
138.3539861111111,36.057811111111114,2116
138.3542361111111,36.057651944444444,2114
138.3543361111111,36.05751111111111,2114
138.3543861111111,36.05737694444444,2114
138.3543611111111,36.05712694444444,2114
138.35428611111112,36.05679388888889,2112
138.35434805555556,36.05602694444445,2103
138.35439805555555,36.05546888888889,2102
138.3544361111111,36.05526888888889,2099
138.3544861111111,36.05519388888889,2098
138.35459805555556,36.055128055555556,2097
138.35502305555556,36.055076944444444,2095
138.35509805555554,36.05508611111111,2095
138.35519805555555,36.05511111111111,2094
138.3554611111111,36.05526111111111,2093
138.3556861111111,36.05541111111111,2093
138.35579805555557,36.05551111111111,2092
138.35588611111112,36.05565194444444,2091
138.35633611111112,36.05641111111111,2084
138.35646111111112,36.05659388888889,2082
138.35679805555554,36.05690194444445,2077
138.35742305555556,36.05726111111111,2073
138.35811,36.05771111111111,2066
138.358385,36.057851944444444,2064
138.35862305555557,36.05796111111111,2061
138.35881,36.05796888888889,2059
138.359235,36.05793611111111,2052
138.359435,36.05795194444445,2053
138.359635,36.05804388888889,2055
138.35984805555555,36.05819388888889,2059
138.36002305555556,36.05849388888889,2064
138.36007305555555,36.05865194444444,2063
138.36017305555555,36.05925194444445,2064
138.36029805555555,36.05941,2066
138.360635,36.05954388888889,2070
138.36092194444444,36.05956,2071
138.36197305555555,36.059585,2068
138.36229694444444,36.05961,2064
138.363485,36.05986,2061
138.36367194444443,36.059885,2055
138.363835,36.05986,2055
138.36396,36.059785,2054
138.36404694444445,36.05965194444445,2055
138.36406,36.05947694444444,2055
138.36389694444443,36.05899388888889,2052
138.36372194444445,36.05862694444444,2047
138.36364694444444,36.05840194444445,2047
138.363635,36.05831111111111,2044
138.36364694444444,36.05826111111111,2044
138.36374694444444,36.05816111111111,2039
138.363835,36.058126944444446,2039
138.364085,36.058143888888885,2037
138.36464694444444,36.05822694444444,2030
138.365035,36.058301944444445,2026
138.365585,36.05847694444444,2021
138.36586,36.058568888888885,2020
138.366185,36.058751944444445,2022
138.36662194444443,36.05905194444444,2014
138.36732194444446,36.05955194444444,2014
138.36744694444445,36.05959388888889,2012
138.3677588888889,36.059643888888885,2013
138.3679588888889,36.05969388888889,2010
138.3681838888889,36.059776944444444,2006
138.36834694444445,36.05987694444445,2006
138.36854694444443,36.06001888888889,2004
138.36878388888888,36.060226944444445,2005
138.36884694444444,36.06031,2005
138.3693338888889,36.06105194444444,2000
138.3695088888889,36.06124388888889,1993
138.37022194444444,36.06176,1988
138.37130888888888,36.062551944444444,1987
138.37153388888888,36.06267694444445,1986
138.3718838888889,36.062885,1985
138.3721338888889,36.06301,1985
138.3722711111111,36.063051944444446,1983
138.37233388888887,36.06301805555555,1982
138.3723711111111,36.06295194444444,1982
138.3723588888889,36.06287694444445,1980
138.37230888888888,36.062801944444445,1980
138.3722588888889,36.06266,1977
138.3722711111111,36.06259305555555,1977
138.3723461111111,36.06252694444444,1975
138.37242111111112,36.06250194444444,1975
138.37253388888888,36.062535,1974
138.3725838888889,36.06256,1974
138.37285888888889,36.062785,1969
138.3729711111111,36.062985,1967
138.37298388888888,36.063085,1966
138.37288388888888,36.063343055555556,1966
138.37287111111112,36.063426944444444,1966
138.3729088888889,36.06346805555555,1963
138.37300888888888,36.06351,1961
138.37309611111112,36.063476944444446,1961
138.37320888888888,36.063285,1963
138.3732961111111,36.063035,1961
138.3732838888889,36.06276,1963
138.3731838888889,36.06231,1956
138.3731711111111,36.06191,1955
138.3732588888889,36.06180194444445,1952
138.3733838888889,36.061751944444445,1950
138.37345888888888,36.06174388888889,1948
138.37354611111112,36.06180194444445,1947
138.3735838888889,36.06186,1944
138.37367111111112,36.062401944444446,1944
138.3737211111111,36.06256805555556,1944
138.37377111111113,36.062668055555555,1942
138.3738588888889,36.062735,1939
138.3739461111111,36.06272694444444,1937
138.37400888888888,36.06272694444444,1934
138.3740961111111,36.062635,1936
138.3741588888889,36.062485,1935
138.3741711111111,36.06236,1935
138.3740961111111,36.061985,1935
138.37400888888888,36.061785,1934
138.37402111111112,36.06171,1933
138.3740961111111,36.06162694444444,1931
138.3742088888889,36.06161,1929
138.3742838888889,36.06162694444444,1927
138.3748961111111,36.062201944444446,1923
138.37502111111112,36.06230194444444,1920
138.37517111111111,36.06236888888889,1917
138.37539611111112,36.06246888888889,1917
138.37610805555556,36.06274388888889,1915
138.3763711111111,36.062826944444446,1912
138.37660805555555,36.06286,1911
138.3767961111111,36.062835,1907
138.37685805555554,36.062735,1908
138.37683305555555,36.06261,1905
138.3766961111111,36.06254388888889,1903
138.3764211111111,36.06251,1908
138.37627111111112,36.06245194444445,1908
138.37615805555555,36.06232694444444,1906
138.3761461111111,36.06226,1906
138.37615805555555,36.06221,1904
138.37623305555556,36.06214388888889,1903
138.37638305555555,36.062126944444444,1903
138.37680805555556,36.06222694444445,1897
138.37828305555556,36.062601944444445,1891
138.37854611111112,36.062585,1890
138.37864611111112,36.06251,1889
138.37864611111112,36.06242694444445,1886
138.3785961111111,36.062376944444445,1886
138.3782961111111,36.06231,1888
138.37818305555555,36.062201944444446,1887
138.37815805555556,36.062126944444444,1887
138.37818305555555,36.06202694444445,1885
138.37835805555557,36.06196888888889,1881
138.3784961111111,36.06196888888889,1880
138.37867111111112,36.06200194444445,1877
138.37888305555555,36.06206888888889,1876
138.3792711111111,36.06229388888889,1875
138.37969611111112,36.06272694444444,1866
138.37993305555557,36.062935,1866
138.38023305555555,36.063093888888886,1864
138.38108305555556,36.063493888888885,1857
138.38165805555556,36.063676944444445,1851
138.381845,36.06364388888889,1847
138.38195805555554,36.063585,1845
138.38207,36.06336,1844
138.382045,36.06324388888889,1845
138.381995,36.06314388888889,1844
138.381495,36.06270194444444,1840
138.38143305555556,36.06261,1838
138.38145805555556,36.06256,1838
138.381495,36.06251,1836
138.381645,36.06246,1836
138.38190805555556,36.06246888888889,1836
138.382895,36.062601944444445,1825
138.38322,36.06261888888889,1824
138.38367,36.06276,1819
138.383795,36.06279388888889,1814
138.38390694444445,36.062785,1812
138.383995,36.06271,1814
138.383995,36.06261,1816
138.383845,36.06251,1816
138.38333305555557,36.06234388888889,1818
138.383095,36.06222694444445,1817
138.38287,36.06210194444444,1815
138.38225805555555,36.06165194444444,1805
138.38197,36.06141,1805
138.381895,36.061301944444445,1802
138.38188305555556,36.06118611111111,1801
138.38195805555554,36.061076944444444,1798
138.38205805555555,36.06105194444444,1797
138.38303305555556,36.061551944444446,1791
138.38327,36.06158611111111,1788
138.383695,36.06157694444445,1787
138.38443305555555,36.06164388888889,1785
138.384645,36.06165194444444,1784
138.38513194444445,36.06173611111111,1776
138.38555805555555,36.061886111111114,1775
138.385745,36.06200194444445,1777
138.38583194444445,36.06209388888889,1775
138.38592,36.06226,1774
138.38593194444445,36.06232694444444,1774
138.38592,36.06241,1773
138.38587,36.06246,1774
138.38567,36.062635,1774
138.38530694444444,36.063001944444444,1774
138.38505694444444,36.06326888888889,1774
138.38477,36.063626944444444,1767
138.38473305555556,36.06377694444444,1767
138.384795,36.06389388888889,1766
138.385095,36.064051944444444,1765
138.38563194444444,36.06434388888889,1764
138.385945,36.06446888888889,1757
138.38615694444445,36.064526944444445,1756
138.38638194444445,36.06457694444445,1757
138.38730694444445,36.064726944444445,1748
138.38770694444443,36.06481888888889,1746
138.3882438888889,36.065018888888886,1746
138.3886688888889,36.065193055555554,1744
138.38893194444444,36.06526,1742
138.38915694444444,36.06529305555556,1738
138.38931888888888,36.06525194444445,1736
138.3893688888889,36.06521,1735
138.38944388888888,36.06510194444444,1736
138.3894688888889,36.06491888888889,1735
138.38943194444445,36.06476888888889,1736
138.38931888888888,36.06464388888889,1734
138.38875694444445,36.06447694444444,1735
138.38820694444445,36.064301944444445,1734
138.38800694444444,36.064235,1735
138.387945,36.064185,1733
138.38793194444443,36.064126944444446,1733
138.38797,36.064035,1731
138.38813194444444,36.06391,1728
138.38825694444444,36.063901944444446,1727
138.38910694444445,36.06397694444444,1721
138.38953194444446,36.06396,1716
138.39000694444445,36.063835,1716
138.39009388888888,36.06382694444444,1716
138.39123194444446,36.063835,1713
138.3915188888889,36.063835,1710
138.39178194444443,36.06391,1706
138.3919688888889,36.063985,1706
138.39228194444445,36.06391,1705
138.39248194444446,36.06389388888889,1705
138.39305694444445,36.063901944444446,1702
138.39388194444444,36.06421888888889,1695
138.3941188888889,36.064235,1691
138.39470694444444,36.06399388888889,1686
138.3954938888889,36.06357694444444,1681
138.39570694444444,36.06343611111111,1679
138.39580694444444,36.06331111111111,1677
138.39586888888888,36.06316888888889,1676
138.39583194444444,36.063001944444444,1675
138.3956188888889,36.06269388888889,1673
138.39548194444444,36.06246111111111,1669
138.39548194444444,36.06246111111111,1669
138.39531888888888,36.06236111111111,1667
138.39548194444444,36.06229388888889,1663
138.3956188888889,36.062311111111114,1662
138.39643194444446,36.06269388888889,1661
138.39666888888888,36.062776944444444,1656
138.3969438888889,36.062961111111115,1654
138.39710694444443,36.06315194444444,1653
138.3971688888889,36.06335194444444,1648
138.3971688888889,36.06352694444445,1646
138.3971061111111,36.06377694444444,1645
138.39691888888888,36.064076944444444,1643
138.39668111111112,36.064585,1645
138.3966561111111,36.06462694444444,1646
138.39655611111112,36.06476,1645
138.39634388888888,36.06491888888889,1642
138.39599388888888,36.06509388888889,1645
138.39545611111112,36.065201944444446,1644
138.3950311111111,36.06527694444444,1639
138.3945688888889,36.06546888888889,1633
138.39394388888888,36.06559388888889,1634
138.3938188888889,36.065643888888886,1635
138.3936438888889,36.06576888888889,1634
138.3935438888889,36.06590194444444,1634
138.39353111111112,36.06604388888889,1634
138.3936061111111,36.066268055555554,1633
138.3936811111111,36.06646,1627
138.3937061111111,36.06666805555555,1625
138.3935811111111,36.06706805555555,1625
138.39363111111112,36.067485,1627
138.3936561111111,36.06774305555555,1626
138.3936438888889,36.067935,1623
138.3936061111111,36.06806,1621
138.3933438888889,36.068335,1620
138.39316888888888,36.06851,1622
138.39304388888888,36.068685,1620
138.39293111111112,36.068893055555556,1615
138.3929061111111,36.06905111111111,1613
138.3929061111111,36.06912611111111,1612
138.39293111111112,36.069226111111114,1613
138.3929688888889,36.069318055555556,1613
138.39305611111112,36.06941,1614
138.3933438888889,36.069535,1613
138.39419388888888,36.06982611111111,1607
138.3946061111111,36.06999305555556,1603
138.3948188888889,36.07015111111111,1603
138.39523111111112,36.070726111111114,1595
138.39534305555554,36.07085111111111,1593
138.39545611111112,36.07093388888889,1591
138.3955811111111,36.070968055555554,1589
138.3957061111111,36.07095888888889,1586
138.39579305555554,36.07089305555556,1584
138.39579305555554,36.07076,1583
138.39574305555556,36.070618055555556,1585
138.39544388888888,36.07015111111111,1587
138.3951811111111,36.069768055555556,1583
138.3951188888889,36.06962611111111,1581
138.39510611111112,36.06950111111111,1579
138.3951688888889,36.06941805555556,1577
138.3952561111111,36.06936,1575
138.39541888888888,36.069318055555556,1573
138.3955188888889,36.06932611111111,1571
138.39565611111112,36.06937611111111,1569
138.3958438888889,36.06952611111111,1566
138.39609305555555,36.069885,1565
138.39625611111111,36.07011,1564
138.39636805555557,36.070168055555555,1564
138.39676805555555,36.07029305555555,1558
138.39736805555555,36.070526111111114,1554
138.3975311111111,36.07056,1555
138.39816805555554,36.070618055555556,1546
138.3992311111111,36.07096,1534
138.40033111111111,36.07130111111111,1523
138.4009311111111,36.071485,1517
138.4017061111111,36.071668055555556,1507
138.40219305555556,36.07176805555556,1502
138.40245611111112,36.071785,1501
138.40290611111112,36.071785,1496
138.40338111111112,36.07171,1491
138.4035561111111,36.071685,1490
138.4036811111111,36.071685,1487
138.4039561111111,36.071785,1484
138.40441805555557,36.07212611111111,1478
138.40473,36.072235,1473
138.40521805555557,36.07236805555556,1467
138.40544305555557,36.07250111111111,1465
138.40554305555557,36.07261,1463
138.40561805555555,36.07280111111111,1460
138.40568,36.07304305555556,1457
138.40576805555557,36.07315888888889,1457
138.40593,36.07326805555556,1455
138.40609305555554,36.07331805555555,1454
138.40631805555554,36.07333388888889,1451
138.40654305555555,36.07330888888889,1448
138.40676805555555,36.07326805555556,1445
138.40713,36.073143055555555,1443
138.40731805555555,36.07306,1443
138.40739305555556,36.072985,1443
138.407405,36.07286805555555,1442
138.40734305555554,36.072735,1441
138.407205,36.07262611111111,1440
138.40679305555557,36.072385,1437
138.406705,36.07234305555556,1438
138.40648,36.07215111111111,1437
138.40624305555556,36.071935,1435
138.40609305555554,36.07172611111111,1436
138.40604305555556,36.07157611111111,1433
138.40606805555555,36.07145111111111,1432
138.40618111111112,36.071335,1430
138.40636805555556,36.071285,1430
138.40655611111112,36.07130111111111,1427
138.40700611111112,36.071435,1427
138.40731805555555,36.071535,1424
138.4077061111111,36.071601111111114,1422
138.4088561111111,36.07179305555555,1412
138.40924305555555,36.07186,1414
138.40943,36.07190111111111,1410
138.40956805555555,36.07195111111111,1413
138.40969305555555,36.07201805555555,1411
138.41096694444445,36.07279305555556,1401
138.41129305555555,36.072935,1400
138.41173,36.07305111111111,1394
138.41231694444446,36.073135,1388
138.41256694444445,36.07321,1386
138.4134288888889,36.07365111111111,1381
138.41370388888888,36.07375888888889,1379
138.41415388888888,36.073858888888886,1374
138.41494194444445,36.07390888888889,1366
138.41579194444444,36.073951111111114,1356
138.41605388888888,36.07398388888889,1354
138.4163788888889,36.074083888888886,1352
138.4168038888889,36.07430111111111,1348
138.4176911111111,36.07463388888889,1338
138.41831611111112,36.074843055555554,1333
138.41842888888888,36.07492611111111,1331
138.41845388888888,36.07497611111111,1330
138.4188538888889,36.075943055555555,1319
138.41895305555556,36.076076111111114,1317
138.4191661111111,36.07627611111111,1315
138.41985305555556,36.07675888888889,1307
138.42046611111112,36.07720888888889,1302
138.42049111111112,36.07723388888889,1302
138.42071611111112,36.077393055555554,1299
138.42077805555556,36.077441944444445,1298
138.42090305555556,36.07751694444445,1296
138.4212411111111,36.077618055555554,1293
138.42142805555557,36.07765111111111,1293
138.42189,36.077801111111114,1288
138.42220305555554,36.07798388888889,1286
138.422625,36.07835611111111,1284
138.422625,36.07835611111111,1284
138.42279,36.07850111111111,1283
138.42322694444445,36.07910888888889,1283
138.42349,36.07950888888889,1280
138.42367694444445,36.079726111111114,1278
138.42392694444445,36.07995888888889,1275
138.42479,36.0807,1264
138.42567694444443,36.08146694444444,1255
138.42607694444445,36.081825,1252
138.42617694444445,36.08224194444445,1251
138.42627694444445,36.08235,1249
138.42696388888888,36.08303305555555,1236
138.4273261111111,36.083325,1232
138.42740111111112,36.08338305555556,1229
138.4275888888889,36.08349194444445,1226
138.4278138888889,36.08354194444444,1224
138.4282638888889,36.083616944444444,1223
138.4283888888889,36.08365805555555,1224
138.42865111111112,36.084,1220
138.4287388888889,36.084041944444444,1218
138.42890111111112,36.084041944444444,1216
138.4292888888889,36.08396694444444,1218
138.42955111111112,36.08398305555556,1219
138.43001388888888,36.084075,1212
138.4302761111111,36.084116944444446,1210
138.43037611111112,36.084108055555554,1212
138.43047611111112,36.084091944444445,1211
138.43056388888888,36.08398305555556,1210
138.43058888888888,36.08380805555556,1211
138.4305138888889,36.08358305555556,1214
138.4304888888889,36.083483055555554,1214
138.43035111111112,36.08325,1215
138.4303261111111,36.083108055555556,1216
138.43033888888888,36.08266694444445,1213
138.4302761111111,36.082566944444444,1218
138.43013888888888,36.08251694444444,1214
138.4300638888889,36.08251694444444,1213
138.4298511111111,36.08255,1213
138.4295261111111,36.08253388888889,1213
138.4295138888889,36.08249194444444,1213
138.4295261111111,36.082433888888886,1211
138.4295888888889,36.082366944444445,1211
138.42977611111112,36.08223388888889,1207
138.42992611111112,36.082166944444445,1206
138.43012611111112,36.082025,1207
138.43015111111112,36.081966944444446,1207
138.43013888888888,36.08190888888889,1207
138.4300888888889,36.08185,1205
138.43002611111112,36.08180888888889,1205
138.42992611111112,36.08180888888889,1203
138.4298138888889,36.08184194444444,1202
138.42945111111112,36.08203388888889,1199
138.4294138888889,36.08203388888889,1198
138.42935111111112,36.082008888888886,1198
138.42931388888888,36.081966944444446,1197
138.42931388888888,36.08180888888889,1197
138.42930194444443,36.081358888888886,1195
138.42920194444446,36.081075,1188
138.4291638888889,36.08085888888889,1186
138.42921388888888,36.08082611111111,1186
138.4298638888889,36.08081694444444,1181
138.43001388888888,36.08074194444445,1178
138.43011388888888,36.08059194444444,1176
138.4301638888889,36.080466944444446,1176
138.43020194444443,36.08016694444444,1176
138.43017694444444,36.07998388888889,1174
138.43012694444445,36.07988388888889,1173
138.43000194444446,36.07970888888889,1174
138.42997694444443,36.079566944444444,1175
138.43000194444446,36.07945111111111,1173
138.43027694444444,36.07917611111111,1173
138.4304888888889,36.079008888888886,1175
138.43062694444444,36.07893388888889,1177
138.43095194444444,36.07888388888889,1178
138.43110194444444,36.07889194444444,1177
138.4312888888889,36.078916944444444,1177
138.4324138888889,36.07912611111111,1177
138.4330261111111,36.07924194444445,1179
138.4332638888889,36.07928388888889,1177
138.4335888888889,36.07928388888889,1174
138.43377611111111,36.07925111111111,1172
138.4340388888889,36.07917611111111,1168
138.4341388888889,36.07915111111111,1169
138.4342511111111,36.07915111111111,1168
138.43443888888888,36.07924194444445,1168
138.4348261111111,36.07946694444444,1159
138.4350261111111,36.07951694444444,1159
138.4355011111111,36.07944194444445,1157
138.4357388888889,36.07942611111111,1155
138.4359511111111,36.07945888888889,1151
138.43670111111112,36.079726111111114,1140
138.4369638888889,36.079766944444444,1138
138.43726388888888,36.07968388888889,1135
138.4374511111111,36.07965111111111,1134
138.4377761111111,36.07975111111111,1132
138.4381261111111,36.079841944444446,1129
138.4382511111111,36.07993388888889,1128
138.43851305555555,36.08049194444445,1125
138.4387761111111,36.080916944444446,1122
138.4389261111111,36.081026111111115,1120
138.43926305555556,36.08117611111111,1118
138.43941305555555,36.081091944444445,1118
138.4395761111111,36.081066944444444,1117
138.43973805555555,36.08108388888889,1117
138.44006305555556,36.08118388888889,1117
138.44076305555555,36.08143388888889,1117
138.4410511111111,36.08150888888889,1117
138.44200111111113,36.08173388888889,1114
138.44243805555556,36.08190888888889,1112
138.442925,36.08215,1113
138.443475,36.08238388888889,1112
138.44445,36.08275,1106
138.444625,36.082791944444445,1104
138.44475,36.0828,1104
138.44495,36.082725,1106
138.44516305555555,36.082625,1105
138.445475,36.0825,1104
138.445625,36.08249194444444,1105
138.44595,36.0828,1103
138.4461,36.082925,1103
138.44618805555555,36.08295888888889,1104
138.446275,36.08296694444444,1105
138.44641305555555,36.082975,1106
138.446575,36.08296694444444,1106
138.44673694444444,36.08300888888889,1104
138.44683694444444,36.08305,1103
138.44715,36.08331694444445,1098
138.4473,36.08340888888889,1097
138.447375,36.08340888888889,1096
138.44741305555556,36.08334194444444,1096
138.44741305555556,36.08323388888889,1094
138.447325,36.082791944444445,1097
138.447325,36.082725,1096
138.44736194444445,36.08268388888889,1093
138.44751305555556,36.08265,1095
138.4476,36.08266694444445,1094
138.447675,36.08270888888889,1095
138.44791305555555,36.083025,1092
138.44798694444444,36.0831,1092
138.44813694444446,36.08318388888889,1093
138.44838694444445,36.083266944444446,1092
138.44866194444444,36.08334194444444,1091
138.44885,36.083416944444444,1093
138.44903694444446,36.083508888888886,1094
138.44928694444445,36.0837,1092
138.4496,36.083708055555554,1093
138.4497,36.083733055555555,1093
138.449975,36.084091944444445,1084
138.45008694444445,36.08415,1083
138.4502,36.084133055555554,1085
138.4503,36.0841,1089
138.45033694444444,36.08403305555556,1086
138.45041194444445,36.083891944444446,1085
138.450425,36.08378305555556,1085
138.45041194444445,36.0836,1085
138.45031194444445,36.08318388888889,1079
138.45028694444446,36.082991944444444,1076
138.45033694444444,36.082925,1075
138.450425,36.082925,1075
138.45051194444446,36.08298388888889,1073
138.4509238888889,36.083841944444444,1064
138.45101194444445,36.083958055555556,1060
138.45121194444445,36.08405805555556,1057
138.45138694444444,36.084125,1055
138.45153694444446,36.084225,1056
138.45171194444444,36.084491944444444,1056
138.4517988888889,36.084558055555554,1058
138.45189888888888,36.084575,1056
138.45212388888888,36.084583055555555,1052
138.4521988888889,36.084608055555556,1052
138.4523738888889,36.0847,1045
138.4526238888889,36.08493305555555,1045
138.45273694444444,36.085008055555555,1046
138.45281194444445,36.08504194444444,1045
138.45296194444444,36.08505805555556,1044
138.45312388888888,36.085141944444445,1044
138.4533238888889,36.0853,1046
138.4533988888889,36.0853,1045
138.45343694444443,36.08525,1045
138.45343694444443,36.08521694444445,1042
138.45341194444444,36.085183055555554,1042
138.45331194444444,36.085075,1039
138.45308694444444,36.08485805555556,1030
138.45273694444444,36.084625,1027
138.45234888888888,36.08420805555556,1026
138.4523438888889,36.084201944444445,1026
138.4523438888889,36.084201944444445,1026
138.45223694444445,36.08405805555556,1026
138.4521988888889,36.08398305555556,1026
138.45223694444445,36.0839,1025
138.4523738888889,36.08378305555556,1025
138.45251194444444,36.08376694444444,1028
138.4528738888889,36.083925,1023
138.45308694444444,36.08400805555556,1021
138.45326194444445,36.08405,1024
138.45366194444443,36.08421694444444,1026
138.45396194444444,36.084225,1028
138.4540738888889,36.08428305555555,1031
138.45418694444444,36.084408055555556,1034
138.45431194444444,36.084525,1033
138.45438694444445,36.08456694444445,1032
138.4546738888889,36.08459194444445,1044
138.45483694444445,36.0847,1043
138.45503694444446,36.08481694444445,1043
138.45514888888889,36.084833055555556,1043
138.45526194444443,36.0848,1042
138.45529888888888,36.084758055555554,1043
138.45529888888888,36.084716944444445,1043
138.45536194444443,36.084266944444444,1043
138.45543694444444,36.084041944444444,1046
138.4555488888889,36.083891944444446,1045
138.45578694444444,36.083675,1046
138.4559988888889,36.08354194444444,1047
138.45623694444444,36.08355805555556,1047
138.45733694444445,36.08371694444445,1048
138.4576988888889,36.08375,1048
138.45806194444444,36.08379194444444,1048
138.4585988888889,36.083908055555554,1043
138.45877388888889,36.08399194444444,1041
138.45888694444446,36.084066944444444,1039
138.4591988888889,36.084325,1038
138.46004888888888,36.084983055555554,1033
138.46026111111112,36.085141944444445,1029
138.4605861111111,36.085341944444444,1029
138.4613238888889,36.085775,1029
138.4618111111111,36.086058055555554,1029
138.4623861111111,36.08634111111111,1024
138.4626861111111,36.08649111111111,1024
138.4628361111111,36.08654111111111,1022
138.46307388888889,36.0866,1023
138.46409805555555,36.08684111111111,1019
138.4646361111111,36.08701611111111,1018
138.4656611111111,36.087358055555555,1009
138.46614805555555,36.087558055555554,1009
138.4667861111111,36.08789111111111,1008
138.4669861111111,36.08802388888889,1007
138.46707305555555,36.08810805555556,1006
138.46728611111112,36.088366111111114,1005
138.46739805555555,36.08848305555556,1004
138.46769805555556,36.08870805555556,1003
138.4679361111111,36.08894111111111,1003
138.468085,36.08909888888889,1002
138.46836,36.08933305555556,1002
138.468535,36.08943305555555,1002
138.46874805555555,36.08949888888889,1001
138.46909805555555,36.08954111111111,999
138.46921,36.08961611111111,999
138.46932305555555,36.08964888888889,999
138.47011,36.08929111111111,995
138.47059805555554,36.08911611111111,995
138.47092305555555,36.08899888888889,997
138.47106,36.08894111111111,998
138.47116,36.08893305555556,998
138.47129805555556,36.08894111111111,998
138.47142305555556,36.089016111111114,999
138.47147305555555,36.08907388888889,999
138.47169805555555,36.08942388888889,1001
138.47181,36.08955805555556,1000
138.47191,36.08963305555555,1001
138.47204694444446,36.08969888888889,1001
138.47256,36.08980805555556,1001
138.47314694444444,36.08991611111111,1000
138.47326,36.08994888888889,998
138.473335,36.08998305555556,996
138.47341,36.09008305555555,996
138.47349805555555,36.090316111111115,993
138.47364694444445,36.09054888888889,993
138.47379694444444,36.09072388888889,985
138.47392194444444,36.09093305555555,983
138.47409694444445,36.09135805555555,984
138.474185,36.09153194444445,983
138.47431,36.09169111111111,979
138.47454694444446,36.09189888888889,974
138.47459694444444,36.09245694444444,975
138.47478388888888,36.09259888888889,975
138.4750338888889,36.092683055555554,971
138.47534694444445,36.092981944444446,966
138.47547194444445,36.09314111111111,964
138.47559694444445,36.093356944444444,960
138.47568388888888,36.09370694444444,959
138.4757588888889,36.094456944444445,948
138.47578388888888,36.09495694444445,945
138.4758838888889,36.09519111111111,941
138.4760838888889,36.09549888888889,937
138.47783388888888,36.09689888888889,920
138.47794611111112,36.09702388888889,918
138.4781461111111,36.09742388888889,913
138.47828388888888,36.09762388888889,910
138.4784461111111,36.09782388888889,907
138.47874611111112,36.098065,899
138.47908388888888,36.09824,896
138.4793961111111,36.098348055555554,890
138.4797338888889,36.09842305555556,885
138.4800338888889,36.09844,880
138.48024611111111,36.09840694444444,879
138.48057111111112,36.098323055555554,885
138.48118305555556,36.098056944444444,880
138.48138305555557,36.097865,876
138.48143305555556,36.09775694444444,874
138.4813838888889,36.09750694444445,864
138.4813838888889,36.097315,861
138.4814211111111,36.09712388888889,861
138.4814838888889,36.09688194444445,857
138.4815211111111,36.096131944444444,856
138.4816211111111,36.09603194444445,855
138.4822211111111,36.09597388888889,851
138.48292111111112,36.09589888888889,850
138.4829711111111,36.09574,851
138.48305888888888,36.09545694444444,853
138.4831088888889,36.09529888888889,854
138.4831961111111,36.09507388888889,854
138.4833588888889,36.094631944444444,853
138.4833711111111,36.09444888888889,853
138.4833461111111,36.09419888888889,852
138.48327111111112,36.09399888888889,852
138.48303388888888,36.09349888888889,851
138.4829711111111,36.09336611111111,852
138.4827461111111,36.09282388888889,851
138.48238388888888,36.09198305555555,851
138.48207194444444,36.09117388888889,855
138.48199694444443,36.09084111111111,855
138.48187194444444,36.09044111111111,855
138.48178388888888,36.09021611111111,855
138.48122194444446,36.08915805555556,863
138.480385,36.087725,874
138.479935,36.08649111111111,877
138.47957305555556,36.08580805555555,894
138.479535,36.08564111111111,897
138.47952305555555,36.085525,897
138.47952305555555,36.084925,897
138.479535,36.08275,902
138.479535,36.08266694444445,902
138.4795388888889,36.08257611111111,901
138.4795388888889,36.08257611111111,901
138.47956,36.082,900
138.4795611111111,36.08124194444444,906
138.47954805555557,36.081116944444446,909
138.47951111111112,36.081025,908
138.47937305555556,36.08075888888889,907
138.47899805555556,36.08018388888889,904
138.47893611111112,36.07986694444445,901
138.4788861111111,36.07889194444444,903
138.47882305555555,36.07758388888889,907
138.4787611111111,36.077393055555554,910
138.47862388888888,36.07705888888889,912
138.4785238888889,36.07689194444445,912
138.47837388888888,36.07664194444445,912
138.47803611111112,36.076101111111115,914
138.47782388888888,36.07577611111111,915
138.4774238888889,36.07528388888889,923
138.4772988888889,36.07514305555556,924
138.4771861111111,36.07496805555556,922
138.47702388888888,36.07463388888889,922
138.4768611111111,36.07420888888889,924
138.47671111111111,36.073726111111114,925
138.47646194444445,36.07276,935
138.47618694444444,36.07171,944
138.47603694444444,36.07126805555556,945
138.47587388888888,36.070818055555556,946
138.47571194444444,36.070435,944
138.47561194444444,36.070235,944
138.4752488888889,36.069485,951
138.47520194444445,36.06939,951
138.47520194444445,36.06939,951
138.47453694444445,36.06806,954
138.4743488888889,36.06764388888889,956
138.47401194444444,36.06711888888889,958
138.47351194444445,36.06648611111111,966
138.47243694444444,36.06518611111111,970
138.47053805555555,36.06289388888889,982
138.46971305555556,36.061928055555555,985
138.469375,36.06149388888889,987
138.46898805555554,36.06077,990
138.46886305555554,36.060345,991
138.46875,36.05997,990
138.46865,36.059745,991
138.468175,36.05936111111111,995
138.4676511111111,36.05905305555556,1001
138.46743805555556,36.058895,1002
138.4673261111111,36.058661944444445,1002
138.46728805555554,36.05847,1002
138.46726305555555,36.058295,1001
138.46702611111112,36.05692,1010
138.4668761111111,36.056086944444445,1013
138.4668511111111,36.055895,1013
138.46686305555556,36.05562,1013
138.46691305555555,36.055445,1013
138.46701305555555,36.05513694444444,1021
138.46727611111112,36.05392888888889,1033
138.4673511111111,36.05365388888889,1040
138.46750111111112,36.05340388888889,1042
138.46756305555556,36.05334611111111,1039
138.46762611111112,36.05327888888889,1042
138.46798805555557,36.05300388888889,1041
138.46878805555556,36.05256194444444,1050
138.4693511111111,36.052211944444444,1052
138.47006305555556,36.05162888888889,1052
138.47022611111112,36.05147888888889,1042
138.47045,36.05121194444445,1051
138.470975,36.05037111111111,1053
138.471,36.05023805555555,1051
138.47098805555555,36.05012111111111,1055
138.47085,36.049661944444445,1055
138.470575,36.04893805555555,1055
138.47056305555554,36.04880388888889,1054
138.470575,36.04870388888889,1053
138.4708,36.04807888888889,1055
138.4708,36.04797111111111,1056
138.47078805555554,36.04785388888889,1056
138.4707,36.04766305555555,1057
138.47036305555557,36.047155,1063
138.47026305555556,36.04689611111111,1065
138.4702761111111,36.04673805555556,1063
138.47033805555554,36.046605,1062
138.470625,36.04587111111111,1055
138.470625,36.04563,1056
138.47061305555556,36.04548,1056
138.4705261111111,36.045138055555555,1057
138.47053805555555,36.04463805555555,1056
138.47055111111112,36.044271944444446,1054
138.47066305555555,36.04348,1056
138.4707261111111,36.04318,1050
138.47078805555554,36.04302194444445,1046
138.4712,36.04237194444445,1043
138.47131305555556,36.042155,1041
138.47138805555556,36.041905,1042
138.471425,36.04172194444445,1046
138.47145,36.04163,1047
138.471475,36.04143888888889,1048
138.4715,36.041021944444445,1048
138.471475,36.04051388888889,1039
138.471525,36.040146944444444,1037
138.47158805555554,36.03988888888889,1035
138.4718,36.039363888888886,1037
138.47198805555556,36.03898111111111,1036
138.47215,36.038738888888886,1034
138.472375,36.03845611111111,1036
138.47295,36.03801388888889,1037
138.4738,36.03741388888889,1034
138.4756,36.03613111111111,1035
138.47621194444446,36.035713888888885,1036
138.4764,36.03561388888889,1036
138.4766,36.03552305555556,1036
138.47676194444443,36.03548111111111,1036
138.47688694444443,36.03545611111111,1036
138.477625,36.03545611111111,1035
138.477975,36.03541388888889,1036
138.47883694444445,36.035156111111114,1037
138.47994888888888,36.03478888888889,1035
138.4800488888889,36.034731111111114,1035
138.48053694444445,36.03442305555556,1037
138.48073694444443,36.03429805555555,1037
138.48122388888888,36.03407305555555,1038
138.4818488888889,36.033813888888886,1037
138.48244888888888,36.033588888888886,1037
138.4829861111111,36.03334805555556,1038
138.48347388888888,36.033065,1038
138.48383611111112,36.03279805555555,1038
138.48403611111112,36.032648055555555,1038
138.48461111111112,36.032215,1038
138.4853488888889,36.03154,1037
138.4861361111111,36.03059,1038
138.48633611111111,36.03022305555555,1037
138.4863861111111,36.02999805555555,1038
138.48639888888889,36.02974805555556,1038
138.4862361111111,36.02868194444444,1036
138.4862488888889,36.02824888888889,1035
138.48631111111112,36.02804888888889,1036
138.48641111111112,36.02779888888889,1036
138.48682305555556,36.02718194444444,1036
138.48762305555556,36.02604888888889,1036
138.48779805555554,36.025866111111114,1037
138.4881611111111,36.02568194444444,1038
138.4883111111111,36.02560694444445,1038
138.48849805555557,36.025441111111114,1038
138.48872305555557,36.02511611111111,1037
138.48892305555555,36.02476611111111,1036
138.48947305555555,36.02370694444444,1037
138.4897361111111,36.023291111111114,1037
138.4899111111111,36.02310694444444,1038
138.49006111111112,36.02294888888889,1038
138.49038611111112,36.02252388888889,1038
138.49114805555556,36.02146611111111,1038
138.49136,36.02113305555555,1039
138.49149805555555,36.02097388888889,1039
138.49189805555557,36.020575,1039
138.49249805555556,36.01998305555556,1039
138.49266,36.01981611111111,1039
138.492835,36.0196,1039
138.49297305555555,36.019333055555556,1039
138.49312305555554,36.01891611111111,1040
138.49327305555556,36.018475,1040
138.49329805555556,36.018341944444444,1040
138.49324805555557,36.018116944444444,1041
138.493085,36.01784194444444,1042
138.49294805555556,36.017675,1042
138.492835,36.0176,1043
138.49221111111112,36.017383055555555,1046
138.49197305555555,36.017275,1048
138.49174805555555,36.017133055555554,1048
138.49154805555557,36.016975,1047
138.4908861111111,36.01645888888889,1049
138.4906861111111,36.016275,1047
138.4905361111111,36.016041944444446,1046
138.49048611111112,36.015875,1044
138.49048611111112,36.015791944444445,1044
138.49047305555555,36.01570888888889,1043
138.49025194444445,36.015683055555556,1043
138.49025194444445,36.01568388888889,1043
138.4899611111111,36.01565,1044
138.48949805555554,36.01560888888889,1045
138.48909805555556,36.01560888888889,1047
138.4886611111111,36.01573388888889,1048
138.48834888888888,36.015816944444445,1049
138.4881861111111,36.01583388888889,1049
138.4878611111111,36.015816944444445,1050
138.4877488888889,36.015791944444445,1050
138.48764888888888,36.01573388888889,1051
138.4872738888889,36.01535888888889,1057
138.4869111111111,36.01498388888889,1074
138.4866988888889,36.0148,1074
138.4864738888889,36.01466694444444,1075
138.4857861111111,36.01448388888889,1082
138.4850988888889,36.01438388888889,1083
138.4849238888889,36.01430888888889,1083
138.48476194444444,36.01420888888889,1082
138.48449888888888,36.014026111111114,1082
138.4843238888889,36.01387611111111,1085
138.48414888888888,36.013801111111114,1085
138.48401194444443,36.01375888888889,1086
138.48383694444445,36.01374194444445,1085
138.48371194444445,36.01371694444445,1087
138.48357388888888,36.01365888888889,1090
138.48347388888888,36.01355888888889,1090
138.48336194444445,36.01335111111111,1094
138.48324888888888,36.01319194444444,1101
138.48313694444445,36.01306694444445,1103
138.48248694444445,36.01271694444444,1103
138.48133694444445,36.01209305555555,1114
138.481225,36.01179305555556,1113
138.48123694444445,36.011091944444445,1119
138.48126194444444,36.01092611111111,1124
138.48153694444446,36.01077611111111,1127
138.481775,36.01054305555556,1134
138.48186194444443,36.01029305555556,1138
138.4817,36.01015888888889,1143
138.48146194444445,36.01018388888889,1145
138.48115,36.01050111111111,1142
138.48098694444445,36.01054305555556,1147
138.480875,36.010468055555556,1150
138.48091194444444,36.01027611111111,1152
138.481175,36.00993388888889,1155
138.48188694444445,36.00938388888889,1169
138.482,36.009143055555555,1172
138.48183694444444,36.00904305555556,1175
138.48163694444443,36.00906805555555,1180
138.48115,36.00938388888889,1181
138.481,36.00938388888889,1181
138.48093694444444,36.009233888888886,1184
138.481025,36.00908388888889,1191
138.48163694444443,36.00864305555555,1192
138.48171194444444,36.008493055555554,1191
138.48168694444445,36.008268055555554,1192
138.48131194444446,36.00791,1197
138.48086194444446,36.00766,1203
138.47788805555555,36.00697611111111,1223
138.4760761111111,36.00685111111111,1245
138.47196305555556,36.00536805555556,1283
138.47170111111112,36.00512694444444,1283
138.4713138888889,36.00426888888889,1292
138.4708261111111,36.00394388888889,1299
138.4706138888889,36.00364388888889,1303
138.4704888888889,36.00331888888889,1301
138.46998888888888,36.00319388888889,1305
138.4699138888889,36.00316888888889,1305
138.4693888888889,36.002985,1302
138.46886388888888,36.00236,1306
138.46838888888888,36.00161888888889,1305
138.4679638888889,36.00123611111111,1313
138.46713888888888,36.000993888888885,1314
138.4663888888889,36.000726944444445,1324
138.46588888888888,36.00076111111111,1325
138.4624638888889,36.001351944444444,1351
138.46145194444443,36.00138611111111,1357
138.45815194444444,36.00063611111111,1381
138.457465,36.00042694444444,1389
138.45699,36.00011888888889,1393
138.456815,35.999901944444446,1392
138.45667694444444,35.99969388888889,1393
138.45665194444445,35.99941111111111,1394
138.45672694444445,35.99916888888889,1391
138.45677694444444,35.99911111111111,1392
138.45692694444443,35.99901888888889,1392
138.45714,35.99894388888889,1393
138.45785305555555,35.99881111111111,1393
138.45802805555556,35.99877,1392
138.45802805555556,35.99877,1392
138.45810194444445,35.998753055555554,1392
138.45820305555554,35.99868611111111,1391
138.45829,35.99859388888889,1391
138.45895305555555,35.99760305555556,1391
138.45967694444445,35.996586111111114,1384
138.460465,35.99541111111111,1394
138.46065194444444,35.995145,1396
138.46099,35.994661111111114,1400
138.46170194444446,35.99366194444445,1395
138.461815,35.993478055555556,1395
138.462115,35.992978055555554,1391
138.46234,35.99261194444444,1390
138.46247694444443,35.992445,1390
138.462615,35.99230305555555,1390
138.46337694444443,35.99178694444444,1386
138.463615,35.991545,1386
138.46409,35.99077888888889,1386
138.46412694444444,35.99063694444445,1387
138.46414,35.99048694444444,1387
138.46402694444444,35.99026194444444,1387
138.46370194444444,35.98992888888889,1388
138.46350194444443,35.98970388888889,1388
138.46314,35.98921194444444,1386
138.46299,35.98899611111111,1387
138.462365,35.988078888888886,1387
138.462315,35.98802111111111,1388
138.46220305555556,35.98789611111111,1388
138.46210305555556,35.98780388888889,1386
138.46195305555557,35.98769611111111,1385
138.46175194444444,35.987586944444445,1384
138.46135305555555,35.987453888888886,1384
138.46072805555556,35.98728805555555,1380
138.46057805555554,35.98720388888889,1377
138.46055194444443,35.98712888888889,1379
138.46055194444443,35.98702111111111,1379
138.46065305555555,35.986713055555555,1378
138.46085305555556,35.98674611111111,1376
138.46100305555555,35.98675388888889,1377
138.46114,35.98675388888889,1376
138.461315,35.98672888888889,1376
138.46142694444444,35.98663805555555,1377
138.461465,35.98649611111111,1376
138.46140194444445,35.98634611111111,1379
138.46127694444445,35.98614611111111,1375
138.460465,35.985303888888886,1369
138.460265,35.98512111111111,1371
138.45965305555555,35.98475388888889,1359
138.45959,35.98467888888889,1359
138.45955305555555,35.984613055555556,1360
138.45955305555555,35.98447888888889,1359
138.459765,35.984188055555556,1348
138.46017805555556,35.98375388888889,1362
138.46027805555556,35.98367888888889,1363
138.46044,35.98365388888889,1366
138.46060305555557,35.98369611111111,1365
138.46079,35.98377888888889,1365
138.462315,35.98454611111111,1376
138.46322805555556,35.98508805555556,1375
138.46345305555556,35.98512888888889,1374
138.46375194444445,35.98511305555556,1374
138.46395305555555,35.98502111111111,1376
138.46517694444444,35.984028888888886,1376
138.46492694444444,35.98388805555555,1378
138.464515,35.98370388888889,1380
138.464165,35.98359611111111,1382
138.46372805555555,35.983538055555556,1384
138.46294,35.983488055555554,1388
138.462715,35.98347111111111,1389
138.46249,35.983446111111114,1390
138.46219,35.98341305555556,1392
138.46214,35.97983,1396
138.4621161111111,35.97759694444444,1392
138.462105,35.97588694444445,1384
138.462105,35.97588694444445,1384
138.46210305555556,35.97547194444444,1382
138.4620661111111,35.975321944444445,1381
138.46197805555556,35.97525611111111,1382
138.4617661111111,35.975121944444446,1384
138.46169111111112,35.975071944444444,1383
138.46165305555556,35.97499694444444,1382
138.4616411111111,35.974938888888886,1382
138.4616661111111,35.97479694444444,1380
138.46170305555555,35.97454694444444,1381
138.46171611111112,35.97445611111111,1381
138.46169111111112,35.97433888888889,1383
138.46165305555556,35.97426388888889,1384
138.46135305555555,35.97403888888889,1387
138.46082805555557,35.97364694444445,1393
138.46075305555556,35.97358111111111,1393
138.46065305555555,35.97347305555556,1394
138.46056611111112,35.97333111111111,1397
138.4604911111111,35.97320611111111,1398
138.4604161111111,35.972996944444446,1398
138.46037805555557,35.97279694444445,1397
138.46034111111112,35.97174694444445,1403
138.4602911111111,35.970548055555554,1402
138.4601538888889,35.96868111111111,1402
138.4600911111111,35.96820611111111,1405
138.4600661111111,35.96778111111111,1404
138.4598538888889,35.966256944444446,1407
138.4598411111111,35.96608194444445,1407
138.4596788888889,35.964865,1408
138.4596288888889,35.964465,1407
138.4594911111111,35.96269888888889,1406
138.4594661111111,35.962423888888885,1406
138.45956694444445,35.96156611111111,1407
138.4595788888889,35.961373888888886,1406
138.45959194444444,35.96104111111111,1404
138.45955388888888,35.96058194444444,1402
138.45956694444445,35.96044111111111,1400
138.45971694444444,35.95998194444444,1400
138.45977888888888,35.959558055555554,1400
138.45975388888888,35.95921611111111,1400
138.4597288888889,35.95839888888889,1398
138.4597038888889,35.958148888888886,1399
138.45971694444444,35.95809111111111,1399
138.45977888888888,35.95804888888889,1398
138.46174194444444,35.95747388888889,1388
138.4641038888889,35.95679888888889,1379
138.46419111111112,35.95669111111111,1378
138.46428694444444,35.95670888888889,1378
138.4642861111111,35.95670805555555,1378
138.4644661111111,35.956741111111114,1377
138.4647911111111,35.95674888888889,1376
138.4661661111111,35.95656611111111,1372
138.46835388888888,35.95623305555556,1364
138.4700038888889,35.95601611111111,1359
138.47065305555554,35.95600805555556,1357
138.47089111111111,35.95591611111111,1356
138.47132805555555,35.95580805555556,1356
138.47385305555557,35.955466111111114,1348
138.47324111111112,35.95364111111111,1348
138.47307805555556,35.953183055555556,1349
138.47277805555555,35.95229111111111,1349
138.47256611111112,35.95176611111111,1349
138.4725288888889,35.951633055555554,1349
138.4725038888889,35.95155805555556,1349
138.4724788888889,35.9515,1349
138.47197888888888,35.95028305555556,1351
138.4713788888889,35.94880888888889,1352
138.47135694444444,35.94876194444444,1351
138.4713561111111,35.94876194444444,1351
138.47075388888888,35.94750888888889,1351
138.4702411111111,35.94650111111111,1350
138.4699038888889,35.94590888888889,1350
138.4689788888889,35.94425888888889,1350
138.46860388888888,35.94358388888889,1348
138.46744194444443,35.94164305555555,1347
138.46724194444445,35.94130111111111,1345
138.466555,35.94029305555556,1342
138.46634194444445,35.93987611111111,1343
138.46621694444445,35.939593055555555,1343
138.46609305555555,35.93920111111111,1344
138.46583,35.93826,1346
138.46544194444445,35.936935,1349
138.46528,35.936985,1349
138.46428,35.937135,1356
138.46379305555556,35.93721,1357
138.46359305555555,35.93722694444445,1357
138.46291805555555,35.93750194444444,1365
138.46284305555557,35.93750194444444,1367
138.462805,35.937485,1367
138.46254305555556,35.937285,1368
138.46234305555555,35.93709305555556,1371
138.46221805555555,35.93696805555555,1375
138.46219305555556,35.93690194444444,1375
138.46223,35.93671,1375
138.46239305555557,35.93656,1377
138.462655,35.93644305555556,1383
138.46284305555557,35.93641,1380
138.46304305555554,35.936393055555556,1378
138.46338,35.936285,1386
138.463505,35.93620194444444,1387
138.46354305555556,35.93611805555555,1387
138.46351805555557,35.93602694444444,1386
138.463455,35.935943055555555,1384
138.463305,35.935835,1387
138.46311805555555,35.93572694444445,1390
138.46294305555554,35.93560194444444,1392
138.46276805555556,35.93551,1393
138.46251805555556,35.935476944444446,1395
138.46226805555557,35.93540194444444,1400
138.46190611111112,35.93519305555556,1402
138.46139305555556,35.93471888888889,1410
138.4612561111111,35.93456,1412
138.46123111111112,35.93449388888889,1412
138.46123111111112,35.93445194444445,1412
138.46129305555556,35.934285,1416
138.46131805555555,35.93412694444444,1417
138.46129305555556,35.93404388888889,1414
138.46124305555554,35.93396888888889,1413
138.46109305555555,35.93391888888889,1421
138.46086805555555,35.93386888888889,1422
138.46074305555555,35.933835,1423
138.4606311111111,35.93376,1423
138.46004305555556,35.93336,1430
138.45984305555555,35.93319388888889,1431
138.45974305555555,35.93302694444444,1434
138.45969305555556,35.93272694444445,1434
138.45964305555555,35.93231888888889,1442
138.4595811111111,35.93206111111111,1443
138.45953111111112,35.931801944444445,1446
138.45943111111112,35.931601944444445,1447
138.4591561111111,35.93145194444445,1445
138.45909305555554,35.93136888888889,1443
138.45906805555555,35.93129388888889,1443
138.4589938888889,35.93091111111111,1440
138.45894388888888,35.93014388888889,1443
138.4589311111111,35.929811111111114,1444
138.45884388888888,35.929651944444444,1445
138.4587811111111,35.929586111111114,1445
138.4586811111111,35.92953611111111,1448
138.4585811111111,35.92952694444445,1448
138.4581938888889,35.92957694444444,1444
138.4579938888889,35.92959388888889,1445
138.4577938888889,35.92956888888889,1445
138.4576311111111,35.92951111111111,1448
138.45750611111112,35.92941888888889,1449
138.45749388888888,35.92941888888889,1449
138.4574311111111,35.92937805555555,1448
138.4573188888889,35.929253055555556,1447
138.45713111111112,35.92891111111111,1443
138.4569811111111,35.92850305555555,1436
138.4569438888889,35.928353055555554,1436
138.4568438888889,35.928218888888885,1436
138.4568011111111,35.928156944444446,1434
138.4568011111111,35.928156944444446,1434
138.4566561111111,35.92794388888889,1430
138.45656888888888,35.92780194444445,1428
138.4563811111111,35.92740194444445,1428
138.4561061111111,35.92696111111111,1424
138.4560438888889,35.92686111111111,1419
138.4559811111111,35.92672805555556,1416
138.4559688888889,35.92666111111111,1416
138.4559811111111,35.92610305555556,1416
138.4559438888889,35.92596888888889,1417
138.4558188888889,35.925761111111115,1418
138.45555611111112,35.92538611111111,1415
138.45543111111112,35.92514388888889,1408
138.45533194444445,35.92490305555555,1407
138.45530694444443,35.924793888888885,1407
138.4552938888889,35.924703055555554,1407
138.45533194444445,35.92457,1408
138.45540694444443,35.924445,1406
138.4554938888889,35.92437,1402
138.4556438888889,35.92437805555556,1398
138.4559438888889,35.92451111111111,1394
138.4564188888889,35.92453611111111,1390
138.45656888888888,35.92451888888889,1387
138.4566438888889,35.92448611111111,1387
138.4567311111111,35.92442805555556,1387
138.45679388888888,35.92436111111111,1392
138.45680611111112,35.924261111111115,1388
138.45683111111111,35.92408611111111,1386
138.45690611111112,35.92391111111111,1387
138.4569438888889,35.92387,1385
138.4570811111111,35.92378611111111,1386
138.45725611111112,35.92376111111111,1383
138.4574061111111,35.92377805555556,1385
138.45758111111112,35.923836111111115,1384
138.4581188888889,35.924103055555555,1380
138.4582061111111,35.92411111111111,1378
138.4586688888889,35.92416111111111,1376
138.4587811111111,35.92414388888889,1376
138.4588688888889,35.924103055555555,1374
138.4589061111111,35.92406111111111,1376
138.45928111111112,35.92371111111111,1374
138.45941888888888,35.923595,1372
138.4596688888889,35.923428055555554,1367
138.4597938888889,35.92332805555556,1368
138.4599188888889,35.92312805555556,1368
138.46009388888888,35.92281111111111,1366
138.4603561111111,35.92232805555555,1359
138.4608188888889,35.92161111111111,1357
138.46086888888888,35.92153611111111,1356
138.4608438888889,35.92137,1355
138.46074388888889,35.92131111111111,1353
138.4606938888889,35.92133611111111,1354
138.4604688888889,35.92148611111111,1351
138.4601561111111,35.92171111111111,1352
138.4599938888889,35.92183611111111,1352
138.45973111111113,35.92191111111111,1347
138.45929388888888,35.92193611111111,1342
138.45726888888888,35.922045,1327
138.4569938888889,35.92206111111111,1327
138.45685694444444,35.92203611111111,1327
138.4567438888889,35.92197,1325
138.45669388888888,35.921911944444446,1325
138.4567188888889,35.92181194444444,1322
138.4568438888889,35.92167,1319
138.4573938888889,35.921245,1316
138.45771888888888,35.92097805555556,1313
138.45778194444443,35.92091194444444,1313
138.4577938888889,35.92076194444444,1312
138.4577438888889,35.92072805555556,1311
138.45765694444444,35.920695,1309
138.45735694444446,35.920786944444444,1309
138.4571938888889,35.92082805555555,1308
138.45708194444444,35.920836944444446,1308
138.45663194444444,35.92077805555556,1306
138.45645694444445,35.92072805555556,1303
138.45628194444444,35.92052805555556,1298
138.45580694444445,35.919845,1289
138.45563194444443,35.919711944444444,1285
138.45543194444446,35.919578888888886,1281
138.45530694444443,35.919545,1279
138.45500694444445,35.91955388888889,1276
138.45443194444445,35.919536944444445,1269
138.45425694444444,35.919511944444444,1267
138.45400694444444,35.91940388888889,1264
138.45351888888888,35.91917888888889,1255
138.45304388888889,35.918995,1249
138.45259388888888,35.918861944444444,1244
138.4521188888889,35.91875388888889,1238
138.45160694444445,35.918045,1227
138.45107,35.91727111111111,1215
138.45095694444444,35.91748694444444,1216
138.45088194444443,35.917636944444446,1216
138.45080694444445,35.91780388888889,1218
138.45065694444443,35.91797888888889,1219
138.450445,35.91820388888889,1222
138.45023194444445,35.91838694444444,1222
138.45007,35.91847888888889,1222
138.449945,35.91852,1221
138.44983194444444,35.91853694444445,1220
138.449595,35.91853694444445,1221
138.449045,35.91842,1223
138.44882,35.91838694444444,1227
138.448545,35.91840388888889,1235
138.44818194444446,35.91847888888889,1235
138.447945,35.91847888888889,1236
138.44782,35.91845388888889,1237
138.44728194444446,35.91831194444445,1236
138.44702,35.91827888888889,1236
138.44678305555556,35.91827111111111,1235
138.44663305555557,35.918303888888886,1234
138.446545,35.91840388888889,1234
138.44608194444444,35.91942888888889,1233
138.44600805555555,35.919845,1227
138.44595694444445,35.919986944444446,1223
138.445795,35.92048694444444,1218
138.445695,35.92062,1218
138.44542,35.92073694444444,1214
138.44533194444443,35.920786944444444,1215
138.445245,35.920878888888886,1215
138.445095,35.92117888888889,1214
138.44498194444444,35.921328055555556,1214
138.44470694444445,35.921495,1209
138.44457,35.92151194444445,1208
138.44445694444445,35.92147805555555,1206
138.44422,35.92137805555556,1207
138.44412,35.921278055555554,1207
138.44405694444444,35.92111194444445,1209
138.44407,35.92093694444444,1216
138.44412,35.920695,1216
138.44415694444444,35.920445,1221
138.44405694444444,35.91992,1232
138.444045,35.919845,1233
138.44403194444445,35.91970388888889,1233
138.44405694444444,35.919495,1232
138.44400694444445,35.91935388888889,1231
138.44387,35.91917888888889,1234
138.443645,35.91902,1235
138.44342,35.918928888888885,1235
138.44310805555557,35.918845,1232
138.442245,35.91897,1232
138.442095,35.91902,1238
138.44192,35.91912,1246
138.44175805555557,35.91927,1246
138.44165805555556,35.91946194444444,1253
138.44162,35.919545,1253
138.44157,35.91961194444445,1260
138.44150805555554,35.91967,1260
138.44135805555555,35.919803888888886,1260
138.44133305555556,35.919845,1257
138.44127,35.919945,1259
138.44125805555555,35.920028888888886,1260
138.44125805555555,35.920028888888886,1260
138.44128305555554,35.920095,1260
138.44128305555554,35.92017888888889,1262
138.44127,35.920245,1264
138.44120805555556,35.92032,1264
138.441145,35.92037,1266
138.44095805555557,35.92047888888889,1268
138.44088305555556,35.92053694444444,1268
138.44072,35.92072888888889,1271
138.44058305555555,35.920786944444444,1272
138.440395,35.92077,1272
138.44043305555556,35.919845,1268
138.440445,35.919795,1267
138.4387461111111,35.918928888888885,1266
138.43807,35.91858888888889,1267
138.4380688888889,35.91858888888889,1267
138.43788305555555,35.91849611111111,1268
138.4376211111111,35.91883694444444,1271
138.43665805555557,35.91841194444444,1271
138.43655805555557,35.91837888888889,1271
138.4362461111111,35.91825388888889,1271
138.43597111111112,35.91825388888889,1272
138.43584611111112,35.91812111111111,1271
138.43568305555556,35.91802888888889,1271
138.4354711111111,35.91793694444444,1271
138.43504611111112,35.91786194444445,1266
138.43488305555556,35.917786944444444,1267
138.4344461111111,35.91750388888889,1267
138.43433305555556,35.917453888888886,1269
138.43429,35.91745888888889,1269
138.43429,35.91745888888889,1269
138.43425805555555,35.91746194444445,1269
138.4342961111111,35.91731194444444,1268
138.4342961111111,35.91705388888889,1266
138.43418305555556,35.91642888888889,1262
138.4340711111111,35.915838055555554,1261
138.43389611111112,35.91511305555556,1257
138.4337088888889,35.91450388888889,1253
138.43370388888889,35.91449388888889,1253
</coordinates>
</LineString>
</Placemark>
</Document>
</kml>
