<?xml version="1.0" encoding="UTF-8"?>
<kml xmlns="http://www.opengis.net/kml/2.2" xmlns:atom="http://www.w3.org/2005/Atom">
<Document>
<name>the last day</name>
<atom:author>
<atom:name>第49代</atom:name>
</atom:author> 
<atom:link href="https://latlonglab.yahoo.co.jp/route/watch?id=bac122181125d2d72fcdb925ea8e6e32" />
<description><![CDATA[]]></description>
<tags><![CDATA[WCC 夏の旅]]></tags>  
<Placemark>
<Style>
<LineStyle>
<color>99ff0000</color>
<width>6</width>
</LineStyle>
</Style>
<LineString>
<coordinates>
136.87500694444444,36.75853444444444,212
136.87504916666666,36.75844333333333,212
136.87518694444444,36.75832611111111,206
136.87579805555555,36.75799527777778,205
136.87604972222223,36.757843333333334,205
136.8761027777778,36.75775111111111,202
136.8760875,36.757491944444446,198
136.8751188888889,36.75767527777778,196
136.87495083333334,36.757711111111114,196
136.87462305555556,36.75769583333334,191
136.8738363888889,36.75741055555556,189
136.87358472222223,36.75742555555556,189
136.87285972222222,36.75755361111111,189
136.8720138888889,36.75758833333333,188
136.8719225,36.75760361111111,189
136.87160138888888,36.75766,194
136.8706325,36.75759388888889,194
136.87047305555555,36.757578611111114,194
136.87026694444444,36.75760361111111,194
136.87011416666667,36.75769583333334,197
136.8693663888889,36.75823472222222,197
136.86919055555555,36.75831083333333,195
136.86836722222222,36.75848333333333,195
136.8675663888889,36.759058333333336,195
136.867215,36.75931222222222,193
136.86653694444445,36.7595875,196
136.8661625,36.75990222222222,197
136.86590305555555,36.76003472222222,196
136.86559833333334,36.76010083333333,193
136.86483555555554,36.76010083333333,195
136.86449166666668,36.7602125,195
136.86376694444445,36.760594166666664,197
136.86351527777776,36.76060416666667,198
136.86308,36.76054333333333,204
136.86273722222222,36.76067027777778,206
136.86242472222222,36.76089388888889,204
136.86227944444445,36.76123444444445,216
136.8622261111111,36.761743333333335,226
136.8621425,36.76197777777778,226
136.8619136111111,36.76208416666667,227
136.86163916666666,36.76215972222222,237
136.8614636111111,36.762175,238
136.8611425,36.76229222222222,237
136.8609525,36.762409444444444,235
136.86067055555554,36.763039722222224,242
136.86038722222222,36.763686388888885,249
136.86026583333333,36.76405194444445,257
136.85991416666667,36.76420916666667,256
136.85921333333334,36.7643675,263
136.85919805555557,36.76437194444444,263
136.85822944444445,36.76457055555556,263
136.85752722222222,36.76482,262
136.85726805555555,36.76502833333333,271
136.85713027777777,36.765527222222225,277
136.8571075,36.76566388888889,279
136.8570388888889,36.766309722222225,292
136.85699222222223,36.76662527777778,299
136.85696944444445,36.76665583333333,299
136.85664194444445,36.76730111111111,307
136.8565963888889,36.76741388888889,308
136.85633694444445,36.76805944444445,310
136.85635222222223,36.768120277777776,311
136.85642805555557,36.76876583333333,317
136.8564888888889,36.76906611111111,319
136.85621444444445,36.769641388888886,319
136.85609277777777,36.769905,320
136.85581833333333,36.77055166666667,324
136.85577166666667,36.7706375,324
136.85545166666665,36.77128388888889,325
136.85537555555555,36.771639722222226,331
136.85523027777776,36.771705833333336,330
136.85495555555556,36.7718425,330
136.85451305555554,36.77196527777778,335
136.8542611111111,36.77229083333334,333
136.8540788888889,36.77242277777778,334
136.85404,36.77263111111111,332
136.85433833333335,36.77308361111111,334
136.85449027777778,36.77350138888889,334
136.8546127777778,36.77355138888889,333
136.85519222222223,36.7735775,335
136.8552997222222,36.773647777777775,335
136.85564222222223,36.7738725,336
136.85590166666665,36.77422305555555,340
136.85603944444443,36.774391111111115,340
136.8560925,36.77453333333333,341
136.85599277777777,36.77466027777778,341
136.85590166666665,36.774705833333336,342
136.85546638888889,36.7747925,344
136.85529944444446,36.77483361111111,346
136.8551011111111,36.774990833333334,348
136.85501638888888,36.775015833333335,348
136.85449027777778,36.774924722222224,353
136.854055,36.77500083333333,355
136.8538425,36.774949722222225,356
136.85339222222223,36.77447222222222,356
136.8530863888889,36.7742075,356
136.8528661111111,36.7741825,363
136.8526675,36.77415222222222,365
136.85249944444445,36.77409027777778,365
136.85239305555555,36.77411638888889,366
136.85236277777778,36.77425861111111,368
136.8524461111111,36.774385555555554,371
136.85284222222222,36.77500083333333,384
136.85294166666668,36.775174444444445,383
136.85294944444445,36.77525583333333,384
136.85297972222222,36.77535666666667,384
136.85275083333335,36.77581444444444,386
136.85261416666665,36.775931666666665,388
136.85165305555554,36.77648055555556,397
136.85080555555555,36.77705,402
136.85042472222221,36.77721277777778,403
136.84945611111112,36.77760972222222,406
136.84899805555557,36.777945,408
136.8481277777778,36.778591666666664,411
136.84806722222223,36.778840277777775,413
136.84806722222223,36.779049722222226,414
136.84815055555555,36.77932388888889,414
136.8486313888889,36.77988805555555,414
136.8486161111111,36.78033083333333,415
136.84860111111112,36.78097638888889,417
136.84866916666667,36.781621666666666,420
136.84870055555555,36.78187138888889,422
136.848555,36.78226305555555,427
136.84850194444445,36.782583055555556,428
136.84854,36.782847777777775,433
136.8485475,36.78290861111111,433
136.84858555555556,36.783555,440
136.84862361111112,36.78420083333334,447
136.8486538888889,36.78484638888889,454
136.84859305555557,36.784908055555555,457
136.8484638888889,36.78492333333333,458
136.8478986111111,36.78480611111111,466
136.84695277777777,36.78462277777778,456
136.84676277777777,36.78458277777778,456
136.8457938888889,36.78439916666667,454
136.84564083333333,36.784373333333335,453
136.845015,36.78425722222222,456
136.84472527777777,36.78433861111111,455
136.84450416666667,36.78458277777778,451
136.84433694444445,36.78464861111111,453
136.84403083333333,36.784683333333334,453
136.84374111111111,36.78467361111111,451
136.84356555555556,36.78455638888889,453
136.84341361111112,36.784282222222224,456
136.84325305555555,36.784155,456
136.84228416666667,36.78380888888889,460
136.8420172222222,36.7837125,461
136.8415063888889,36.78348361111111,463
136.8407511111111,36.783005,462
136.84043861111113,36.78282277777778,463
136.83947,36.782629444444446,472
136.83929416666666,36.78258833333334,473
136.83921805555556,36.782533055555554,473
136.83905,36.78214555555556,478
136.83894361111112,36.78204888888889,481
136.83879055555556,36.782024166666666,481
136.83835555555555,36.78221722222222,484
136.83811888888889,36.7822725,482
136.83795111111112,36.78218138888889,483
136.83779166666667,36.78203388888889,483
136.8376536111111,36.78178,482
136.83757777777777,36.781662777777775,486
136.83739444444444,36.781642222222224,487
136.83642555555556,36.78181027777778,486
136.8354563888889,36.781978611111114,486
136.8354261111111,36.78198833333333,486
136.83516694444444,36.782024166666666,483
136.8343663888889,36.781998055555555,476
136.83409166666667,36.7821,465
136.83396916666666,36.78221694444444,465
136.83389305555556,36.7828625,462
136.83375527777778,36.78350916666667,462
136.8337325,36.78360583333333,462
136.83358055555556,36.78371222222222,462
136.833305,36.78377277777778,467
136.83313027777777,36.78377277777778,468
136.83293944444443,36.78360027777778,464
136.83254222222223,36.78297,471
136.8321388888889,36.78232333333333,478
136.83203916666668,36.782247222222225,477
136.83170388888888,36.782156111111114,485
136.83165055555557,36.78155638888889,485
136.83155083333332,36.78129166666667,484
136.83127638888888,36.780858611111114,479
136.83080333333334,36.780213055555556,468
136.83062777777778,36.779984166666665,464
136.83056694444446,36.77993861111111,464
136.83031527777777,36.77988222222222,457
136.82991916666666,36.77978111111111,450
136.82970527777778,36.77945027777778,451
136.8295447222222,36.77938944444445,449
136.8294688888889,36.77944055555555,449
136.8294688888889,36.77947527777778,445
136.8294688888889,36.77957166666667,445
136.82943833333334,36.77968888888889,441
136.82937666666666,36.77977583333333,441
136.82872916666668,36.7796075,442
136.8283775,36.779622777777774,443
136.82810305555554,36.779806111111114,442
136.8280347222222,36.779893055555554,443
136.82757666666666,36.78053861111111,445
136.82749305555555,36.78069138888889,441
136.82726416666668,36.780767222222224,445
136.82708083333333,36.78077277777778,445
136.8266913888889,36.780721666666665,442
136.8266152777778,36.78071638888889,442
136.82653944444445,36.78071638888889,442
136.82634083333335,36.78070638888889,441
136.82600555555555,36.78077277777778,443
136.8256538888889,36.78091472222222,442
136.82521916666667,36.781214444444444,442
136.8249675,36.78133694444445,446
136.82467,36.78141277777778,446
136.82451722222223,36.78142361111111,447
136.82438027777778,36.78141277777778,449
136.82359472222223,36.78122527777778,451
136.8232661111111,36.78132166666666,457
136.82302944444444,36.78144861111111,455
136.82270166666666,36.78163166666667,454
136.82255666666666,36.78167194444445,452
136.8223438888889,36.78174888888889,454
136.82215305555556,36.78178916666667,457
136.8217711111111,36.78180444444445,458
136.82152694444446,36.781728333333334,457
136.82122972222223,36.78156555555555,463
136.82075666666665,36.78160583333333,468
136.82060361111112,36.78156555555555,468
136.81994083333333,36.78138222222222,475
136.81950583333332,36.78136694444444,478
136.81917805555557,36.78115861111111,475
136.81859,36.781128333333335,478
136.81820916666666,36.781082777777776,485
136.81784222222223,36.781122777777775,487
136.81754527777778,36.780990555555555,486
136.81739222222222,36.78080722222222,488
136.8172175,36.780629166666664,486
136.81682805555556,36.78048166666667,496
136.81675972222223,36.780431666666665,496
136.81672166666667,36.78032416666667,496
136.8171786111111,36.78011583333333,493
136.81719361111112,36.77991222222222,495
136.8171786111111,36.779765833333336,506
136.81734666666668,36.77965833333333,503
136.81754527777778,36.77956722222222,501
136.8179336111111,36.779607222222225,509
136.81801833333333,36.77954111111111,515
136.81807916666668,36.77941416666667,515
136.8180411111111,36.77929694444445,517
136.81765916666666,36.77907888888889,514
136.81764416666667,36.77900722222222,514
136.81765166666668,36.77899222222222,515
136.81766694444445,36.778615555555554,527
136.81756805555557,36.778579722222226,525
136.8172936111111,36.77863083333333,532
136.81705694444443,36.778579722222226,533
136.81696583333334,36.778641666666665,537
136.81686611111112,36.77897138888889,543
136.81653083333333,36.779404444444445,548
136.81623333333334,36.779648611111114,553
136.81611833333332,36.77973,551
136.81584388888888,36.77980027777778,548
136.81555444444444,36.77969916666667,551
136.81518,36.7796375,553
136.81450833333332,36.7796375,563
136.8136088888889,36.77995861111111,564
136.81298305555555,36.78010611111111,565
136.81216722222223,36.780140833333334,569
136.8120911111111,36.780299444444445,571
136.81206722222223,36.78050777777778,574
136.81202166666668,36.780589166666665,579
136.81191555555554,36.780655277777775,574
136.81177,36.78068,567
136.81151833333334,36.780705833333336,566
136.8113588888889,36.78066472222222,565
136.81129694444445,36.78053805555555,565
136.81118305555555,36.78024833333333,564
136.81094638888888,36.779963055555555,564
136.81075555555555,36.77988166666667,563
136.81061027777778,36.77977527777778,562
136.81044333333332,36.77965805555556,562
136.8102675,36.77959194444445,564
136.81022944444445,36.77939861111111,561
136.81012194444443,36.77937388888889,564
136.81000805555556,36.779358611111114,567
136.80989416666668,36.77938361111111,567
136.8096425,36.77942916666667,562
136.8094211111111,36.77949527777778,564
136.8093061111111,36.77944,565
136.80920722222223,36.77932277777778,566
136.8091922222222,36.77921527777778,563
136.80906944444445,36.779154444444444,565
136.80891777777776,36.77910361111111,563
136.80870388888889,36.77906333333333,565
136.80844444444443,36.77909805555556,565
136.80779583333333,36.77930722222222,562
136.807605,36.77928111111111,566
136.8074063888889,36.77916416666667,568
136.80736083333332,36.77901222222222,565
136.80742916666668,36.77883861111111,567
136.80789472222222,36.77859027777778,562
136.80805527777778,36.77822888888889,566
136.80809333333335,36.77807166666667,569
136.80809333333335,36.77791333333333,568
136.80799444444443,36.77780694444444,568
136.80779583333333,36.77773083333334,566
136.80765805555555,36.77768,567
136.8075213888889,36.77768,566
136.80742916666668,36.777765555555554,563
136.80730777777777,36.777903611111114,569
136.80714722222223,36.77793916666667,567
136.8065677777778,36.777975,564
136.8064222222222,36.77809666666667,567
136.8064222222222,36.77809666666667,567
136.8064222222222,36.77809666666667,564
136.8065677777778,36.777975,564
136.8063463888889,36.777990277777775,564
136.8062325,36.77805611111111,565
136.80605666666668,36.77822333333334,556
136.8060186111111,36.77840666666667,558
136.80605666666668,36.77856388888889,556
136.80615527777778,36.77867138888889,556
136.80618583333333,36.7787625,556
136.80617055555555,36.77887444444445,556
136.8060413888889,36.77901222222222,557
136.80598055555555,36.779220555555554,554
136.80594166666666,36.77950472222222,546
136.80580472222223,36.77968805555555,546
136.80576694444446,36.77979,541
136.80578194444445,36.77985611111111,545
136.80580472222223,36.7799625,545
136.80578194444445,36.78006972222222,545
136.80574416666667,36.780140277777775,541
136.8054686111111,36.78046138888889,537
136.8053925,36.78050722222222,534
136.80531666666667,36.7805125,532
136.80524833333334,36.78047138888889,532
136.80525583333332,36.78039527777778,532
136.80546083333334,36.78017194444445,535
136.8054686111111,36.78009472222222,525
136.8054686111111,36.77999833333333,525
136.80543055555555,36.77990694444444,521
136.8053925,36.77979,523
136.8054077777778,36.77943972222222,523
136.805385,36.7793475,523
136.80531666666667,36.77927138888889,522
136.80437833333335,36.778864166666665,509
136.80408083333333,36.77873722222222,505
136.80362305555556,36.77829472222222,504
136.80350805555557,36.77784666666667,503
136.8037911111111,36.777455,496
136.8036913888889,36.77731305555555,495
136.80292138888888,36.77695166666667,483
136.80288333333334,36.77693194444444,482
136.80279861111111,36.77677361111111,488
136.80276833333335,36.77652944444444,475
136.80266944444443,36.77633083333333,478
136.80264666666667,36.776255,475
136.80266944444443,36.77617361111111,478
136.80284527777778,36.77587416666667,475
136.80279861111111,36.77583833333333,475
136.80272277777777,36.775823055555556,474
136.80251666666666,36.77587861111111,475
136.80234194444444,36.77587416666667,475
136.80221916666667,36.775823055555556,474
136.80213583333332,36.77570583333333,471
136.80212055555555,36.77558888888889,468
136.80221916666667,36.77514611111111,464
136.8021586111111,36.775055,467
136.80200555555555,36.77502444444445,465
136.8011972222222,36.775329444444445,452
136.80073166666668,36.7755075,445
136.80064805555557,36.7755225,444
136.80053305555555,36.7755075,443
136.80041916666667,36.77539027777778,443
136.80037388888888,36.775095,437
136.80031944444445,36.775064722222226,436
136.79959472222222,36.775196944444446,427
136.79945805555556,36.77515694444445,426
136.7993972222222,36.77507972222222,426
136.79986166666666,36.77459694444445,432
136.7999311111111,36.77451555555555,434
136.79994638888888,36.77433777777778,434
136.79990833333332,36.774175,433
136.79965666666666,36.77397083333334,426
136.79954916666668,36.773671388888886,419
136.79945805555556,36.773615,417
136.79932027777778,36.773575,415
136.7991986111111,36.773575,414
136.798985,36.773671388888886,415
136.79878638888889,36.77378861111111,409
136.7986486111111,36.77397083333334,404
136.79858027777777,36.77411416666666,404
136.79859527777776,36.77419555555556,404
136.7986725,36.77422055555556,401
136.79875611111112,36.77422055555556,401
136.7992213888889,36.77418027777778,406
136.79934305555557,36.774205277777774,407
136.79943527777777,36.77424638888889,402
136.79947333333334,36.77438333333333,399
136.7993972222222,36.774479722222225,395
136.79916833333334,36.77459694444445,394
136.7989925,36.77469888888889,395
136.79874833333332,36.77473888888889,390
136.7980311111111,36.774703055555555,383
136.79785527777778,36.77471388888889,377
136.79774916666668,36.77477472222222,376
136.7973975,36.77538027777778,366
136.79712333333333,36.7755125,365
136.79689416666668,36.77555805555556,362
136.79668805555556,36.77556333333333,359
136.79571916666666,36.77556333333333,347
136.79529277777777,36.775639166666664,335
136.79510944444445,36.775771666666664,337
136.79498666666666,36.77583777777778,336
136.79479694444444,36.77587361111111,338
136.79458305555556,36.775888611111114,337
136.79434666666666,36.77593944444445,336
136.79414833333334,36.776045833333335,339
136.7936447222222,36.776407222222225,334
136.79350694444443,36.77647777777778,332
136.7933475,36.77650361111111,333
136.7933463888889,36.77650361111111,333
136.7928363888889,36.77643222222222,332
136.79266055555556,36.77643722222222,333
136.79252277777778,36.77650333333333,331
136.7919586111111,36.7770525,332
136.79179805555555,36.77712833333333,331
136.79094444444445,36.777103333333336,337
136.79073055555557,36.77719444444445,336
136.79062416666667,36.77732666666667,336
136.7905927777778,36.77746444444445,333
136.79053194444444,36.777881111111114,338
136.7905625,36.778237222222224,334
136.79064666666667,36.778598333333335,336
136.79069222222222,36.77878722222222,334
136.79066194444445,36.77899027777778,336
136.79041805555556,36.77914722222222,337
136.79029555555556,36.77937194444444,334
136.79011305555557,36.77947805555556,334
136.78990694444445,36.77959527777778,333
136.78979972222223,36.77972777777778,333
136.78965527777777,36.77987972222222,333
136.78938083333333,36.78002722222222,324
136.78864833333333,36.78039361111111,322
136.78777055555557,36.78089722222222,311
136.78747333333334,36.781237777777775,304
136.78718361111112,36.78168027777778,303
136.78706111111111,36.7818375,301
136.78688527777777,36.78191888888889,294
136.78655,36.78191888888889,291
136.78626805555555,36.7818625,292
136.78606944444445,36.78172055555556,293
136.78587083333332,36.78147194444445,291
136.7856875,36.78137,293
136.7851838888889,36.78097833333333,290
136.78504722222223,36.78096305555555,292
136.7849625,36.78100333333333,291
136.7848486111111,36.78111055555556,293
136.78471861111112,36.781395,286
136.78455888888888,36.781553333333335,283
136.78433777777778,36.781639166666665,283
136.78416222222222,36.78172555555555,283
136.78404805555556,36.78191861111111,276
136.7838952777778,36.78206083333333,275
136.7837575,36.78212694444444,267
136.783575,36.782178055555555,264
136.78340694444444,36.78216833333333,264
136.7832613888889,36.78216277777778,265
136.78312472222223,36.78210222222222,267
136.7830336111111,36.78203055555556,265
136.78300972222223,36.781842777777776,268
136.7829947222222,36.78159333333333,263
136.78300972222223,36.781420555555556,265
136.78308694444445,36.7812775,262
136.78319305555556,36.78120166666667,262
136.78369666666666,36.780952222222226,263
136.78378138888888,36.78087611111111,264
136.7837963888889,36.78076444444444,266
136.78364333333334,36.78066777777778,263
136.78334611111111,36.78062666666667,268
136.783025,36.78066777777778,262
136.78275055555557,36.780743888888885,258
136.78256055555556,36.78083055555555,252
136.7822852777778,36.78097277777778,246
136.78202583333334,36.78114611111111,241
136.7817588888889,36.78137944444445,235
136.7816222222222,36.78158777777778,230
136.78149972222224,36.78192861111111,221
136.7814463888889,36.78222916666667,224
136.78143888888889,36.78232555555556,224
136.78143138888888,36.78297111111111,224
136.78146166666667,36.78357666666667,215
136.7815375,36.78387194444444,211
136.78174388888888,36.78438055555556,205
136.78199527777778,36.78502611111111,197
136.7819725,36.78512805555555,194
136.7818736111111,36.785219166666664,190
136.7817813888889,36.785219166666664,190
136.78146916666665,36.78499583333333,187
136.78124777777776,36.78498583333333,187
136.78103416666667,36.78506194444444,183
136.78088222222223,36.78510194444444,185
136.78066083333334,36.785112777777776,178
136.78008805555555,36.785092222222225,177
136.77976027777777,36.78516388888889,176
136.77937222222224,36.785351666666664,172
136.77902055555555,36.78550888888889,165
136.77860055555556,36.785855,162
136.77841083333334,36.78618027777778,159
136.7783488888889,36.786276944444445,152
136.77812,36.78651138888889,151
136.77779972222223,36.78669472222222,141
136.77762416666667,36.78676083333333,143
136.77752527777778,36.786836666666666,142
136.77753277777776,36.78691277777778,140
136.77757083333333,36.78695388888889,140
136.7777011111111,36.78697888888889,138
136.77786055555555,36.78695388888889,136
136.7780438888889,36.786903055555555,131
136.7783261111111,36.78679555555556,135
136.7784713888889,36.78664361111111,135
136.7786625,36.78640388888889,137
136.77895972222223,36.78615555555555,135
136.77921916666668,36.7859875,139
136.7795088888889,36.785855,135
136.77976027777777,36.78586055555556,128
136.7795313888889,36.78609388888889,125
136.77902055555555,36.78639416666667,119
136.778875,36.78657194444445,118
136.77878388888888,36.78680111111111,116
136.77879166666668,36.78744666666667,109
136.77879916666666,36.78751833333333,108
136.77867,36.78802722222222,109
136.77807444444446,36.788672777777776,99
136.7780136111111,36.78873361111111,99
136.77776944444443,36.78898861111111,96
136.77754805555554,36.78921166666667,95
136.7774102777778,36.789359166666664,96
136.77696111111112,36.78960333333333,93
136.77615944444443,36.78999527777778,87
136.7755877777778,36.79024361111111,86
136.77527527777778,36.790437777777775,81
136.77496916666666,36.79069166666667,79
136.77487805555555,36.790798055555555,78
136.77437444444445,36.791444444444444,77
136.77408472222223,36.791825277777775,75
136.77400138888888,36.79195222222222,74
136.7737336111111,36.79215083333333,72
136.773345,36.792319166666665,70
136.77309333333332,36.79240361111111,70
136.77309222222223,36.79240361111111,69
136.7723761111111,36.79264472222222,66
136.77140722222222,36.792969722222225,62
136.77094944444445,36.793127222222225,60
136.77085833333334,36.79318361111111,60
136.76988944444443,36.7937175,56
136.76892055555555,36.79425138888889,52
136.76842472222222,36.79362638888889,56
136.76793666666666,36.79302638888889,57
136.76783666666665,36.792852777777775,58
136.76776083333334,36.792695277777774,57
136.7677075,36.792542222222224,57
136.7677,36.79240027777778,57
136.7677,36.79225805555556,57
136.76773805555555,36.79212027777778,56
136.7677836111111,36.79196833333334,56
136.76787472222222,36.791800277777774,56
136.76721194444445,36.79157111111111,61
136.76699833333333,36.79152027777778,62
136.76679972222223,36.79149527777778,61
136.7666238888889,36.79148444444444,60
136.76648722222222,36.79149527777778,60
136.76628861111112,36.791510555555554,56
136.76615083333334,36.791535277777776,59
136.76601416666668,36.79157111111111,58
136.7658763888889,36.79161666666667,58
136.76499972222223,36.791917222222224,52
136.76480138888888,36.79198777777778,51
136.7646102777778,36.792033333333336,50
136.76437388888888,36.79208444444444,48
136.7641525,36.79211055555555,45
136.76392333333334,36.79212555555556,42
136.76366416666667,36.792135555555554,41
136.76345805555556,36.79212555555556,41
136.76329833333332,36.79212027777778,41
136.7631,36.792095277777776,42
136.7628861111111,36.79205416666667,42
136.76271055555554,36.79201833333333,41
136.76255111111112,36.79196833333334,41
136.76232222222222,36.79189138888889,41
136.76210833333334,36.791800277777774,42
136.76188694444446,36.791692777777776,40
136.7616886111111,36.79158638888889,36
136.76155944444446,36.79149527777778,31
136.76145194444445,36.79141833333333,29
136.7606438888889,36.7907725,40
136.76051361111112,36.79067611111111,42
136.76017833333333,36.790396111111114,42
136.76002527777777,36.79025388888889,42
136.75936277777777,36.789608333333334,30
136.75930083333333,36.78955194444445,29
136.75916416666666,36.789425,29
136.7590338888889,36.78933277777778,29
136.75891222222222,36.789251388888886,28
136.75875944444445,36.78917527777778,27
136.75863777777778,36.78912444444445,27
136.75842416666666,36.78905388888889,25
136.7581875,36.78899194444445,25
136.75777527777777,36.78890083333334,24
136.75734,36.78883472222222,24
136.7568975,36.78877833333333,19
136.75650166666668,36.78873277777778,19
136.75621194444443,36.7887175,19
136.75568444444446,36.7886925,18
136.75513555555557,36.78868694444444,18
136.7545863888889,36.7886925,17
136.75366305555556,36.7887175,15
136.75319027777778,36.78873277777778,13
136.75291583333333,36.78873277777778,12
136.75270944444443,36.78870777777778,12
136.75250333333332,36.78866638888889,11
136.75229083333332,36.78861111111111,10
136.75205416666665,36.78852444444444,10
136.75198472222223,36.78849388888889,9
136.75101583333333,36.788020833333334,9
136.75090194444445,36.78796,9
136.7508638888889,36.787934166666666,9
136.75000138888888,36.78751777777778,9
136.74971166666666,36.787375555555556,9
136.7495361111111,36.78726805555556,9
136.7492613888889,36.78709555555555,9
136.74910944444446,36.786993611111114,9
136.74868972222222,36.78670388888889,9
136.7482772222222,36.78636861111111,9
136.74794972222222,36.78607777777778,9
136.74759083333333,36.7857175,9
136.7471872222222,36.785275,10
136.74702666666667,36.78505166666667,10
136.74685083333333,36.784801944444446,10
136.74661416666666,36.78442,11
136.7463852777778,36.78401861111111,12
136.7462788888889,36.784058611111114,12
136.74643944444443,36.78435388888889,11
136.74655555555555,36.784554722222225,10
136.74655555555555,36.784553611111114,10
136.74643944444443,36.78435388888889,11
136.7462788888889,36.784058611111114,12
136.74614111111111,36.78410972222222,12
136.74607277777778,36.78410972222222,12
136.74510388888888,36.783946944444445,13
136.74492805555556,36.78391666666667,13
136.74428805555556,36.78382,14
136.7442425,36.78382555555556,14
136.74418833333334,36.78384611111111,14
136.74407444444444,36.78391222222222,14
136.7438225,36.78409444444444,14
136.74376194444446,36.78410972222222,14
136.7437,36.78412055555555,14
136.74357833333335,36.78412055555555,14
136.74334944444445,36.784084722222225,14
136.74312805555556,36.78402833333333,13
136.74301416666665,36.784013055555555,13
136.742655,36.78397722222222,13
136.74250194444446,36.7839675,13
136.74247916666667,36.78342833333333,15
136.74246416666668,36.7833925,15
136.74243361111112,36.78337305555556,14
136.74170138888888,36.78272666666667,14
136.74162555555554,36.78267555555556,14
136.74152583333333,36.78271138888889,14
136.7412663888889,36.7827775,14
136.74101472222222,36.78283361111111,14
136.74084,36.78288472222222,14
136.74074027777777,36.78266027777778,14
136.7407022222222,36.782559444444445,14
136.74047333333334,36.78223833333333,14
136.740305,36.781928055555554,16
136.74025194444445,36.78180111111111,16
136.74012277777777,36.78153611111111,17
136.74000777777778,36.78122694444444,18
136.7397863888889,36.78058027777778,20
136.73974083333334,36.780438333333336,20
136.73945111111112,36.78048388888889,19
136.73940555555555,36.78049472222222,19
136.73843694444443,36.780636666666666,20
136.73797888888888,36.78069194444444,21
136.73776527777778,36.78072777777778,21
136.73759694444445,36.78075166666667,20
136.73759583333333,36.78075166666667,20
136.7375136111111,36.78076361111111,20
136.73717805555555,36.78078416666666,20
136.73684194444445,36.78079416666667,20
136.73632305555554,36.78079416666667,22
136.73608666666667,36.78078416666666,24
136.73565166666666,36.780204166666664,24
136.73533166666667,36.779808055555556,24
136.73482833333333,36.77916138888889,23
136.73459166666666,36.77925361111111,24
136.73430194444444,36.77930444444444,24
136.73387444444444,36.779335,24
136.73373,36.77934472222222,24
136.7327611111111,36.77936527777778,28
136.73269916666666,36.77937083333333,29
136.73217333333332,36.77939555555555,30
136.73120444444444,36.77943694444444,31
136.73023527777778,36.77948666666666,31
136.7299911111111,36.77950194444445,31
136.72955611111112,36.779579166666664,28
136.72920583333334,36.779655,28
136.72877833333334,36.77977222222222,26
136.72840527777777,36.779944444444446,23
136.7274361111111,36.78040222222222,20
136.72735166666666,36.78044361111111,19
136.72672666666668,36.78073861111111,16
136.72626861111112,36.78102833333333,12
136.72571222222223,36.781460277777775,9
136.72523916666665,36.78183638888889,9
136.72494944444443,36.782111111111114,8
136.72478138888889,36.78238555555556,9
136.72459027777776,36.78285861111111,8
136.7245675,36.782919444444445,8
136.72449166666667,36.78306277777778,8
136.72439166666666,36.78320472222222,7
136.72423972222222,36.78333722222222,6
136.72408694444445,36.78346916666667,5
136.72396527777778,36.783545277777776,5
136.72384277777778,36.78360166666667,5
136.72371361111112,36.78366777777778,5
136.72369416666666,36.783634166666666,5
136.72369305555554,36.783633055555555,5
136.723515,36.78333694444444,5
136.72316333333333,36.782691666666665,5
136.72281305555555,36.782044722222224,5
136.72275222222223,36.78194277777778,5
136.7226525,36.781796388888885,5
136.72227944444444,36.78135361111111,5
136.7219886111111,36.78070722222222,5
136.72189083333333,36.78049361111111,5
136.72189083333333,36.78049361111111,5
136.7217063888889,36.78008777777778,5
136.72155444444445,36.77975138888889,5
136.7214775,36.779629722222225,5
136.72112694444445,36.779085277777774,5
136.7207527777778,36.778439722222224,6
136.72071472222223,36.77837888888889,6
136.72054,36.77773222222222,5
136.7205011111111,36.77759555555556,5
136.72044055555557,36.7774125,6
136.72044055555557,36.777321388888886,6
136.72037972222222,36.777255,6
136.72028,36.777005555555554,7
136.72020388888888,36.7768275,6
136.71995222222222,36.77630888888889,6
136.7198686111111,36.776176666666665,6
136.71979166666668,36.776069166666666,6
136.7196397222222,36.77590194444444,6
136.7196397222222,36.77576972222222,7
136.7195172222222,36.77567305555556,6
136.7187313888889,36.77502666666667,6
136.71866305555557,36.77498111111111,6
136.7184038888889,36.774788055555554,6
136.71825083333334,36.774655555555555,5
136.7179688888889,36.77408583333333,5
136.71788555555557,36.77390027777778,5
136.71788555555557,36.773899166666666,5
136.71767916666667,36.77344055555555,5
136.71756416666668,36.77318666666667,5
136.71742,36.77281,6
136.71728972222223,36.77262666666667,6
136.71713027777778,36.772214444444444,6
136.71703805555555,36.772036388888885,6
136.71689361111112,36.771771944444446,6
136.71685472222222,36.77171111111111,6
136.7165877777778,36.77126861111111,6
136.71651944444446,36.77116222222222,6
136.7163663888889,36.770918055555555,6
136.7161461111111,36.770587222222225,6
136.71596305555556,36.77032333333333,6
136.7158025,36.77004361111111,6
136.71566555555555,36.769754166666665,6
136.71558861111112,36.76960638888889,6
136.71539,36.769239722222224,6
136.71536722222223,36.76917888888889,6
136.7152686111111,36.76901083333333,6
136.71486388888889,36.768365277777775,6
136.71478027777778,36.768238333333336,6
136.714445,36.76775444444444,7
136.71435277777778,36.7676275,7
136.71395666666666,36.76707861111111,9
136.71372805555555,36.76678888888889,9
136.7136661111111,36.766661944444444,9
136.7131475,36.766015555555555,9
136.71302583333335,36.76587333333333,9
136.71257555555556,36.76530361111111,9
136.71247583333334,36.765186388888885,9
136.71237694444446,36.76504416666667,9
136.71230111111112,36.764921666666666,17
136.7122013888889,36.764698055555556,10
136.7121025,36.76448,9
136.71207972222223,36.764403333333334,9
136.71185083333333,36.76385416666667,9
136.71158416666665,36.76320861111111,8
136.71131722222222,36.76256222222222,8
136.71109583333333,36.76203916666667,7
136.710905,36.76162138888889,7
136.71078333333332,36.76131111111111,7
136.71074444444446,36.76114833333333,7
136.7106761111111,36.760645277777776,7
136.71063027777777,36.76035,8
136.7105925,36.76015694444445,8
136.71053166666667,36.76002444444445,8
136.71043194444445,36.7598725,8
136.70998916666667,36.75942444444444,7
136.7099436111111,36.75934861111111,7
136.7098902777778,36.759236666666666,7
136.70984472222221,36.759098888888886,6
136.70969222222223,36.75845361111111,6
136.70966916666666,36.758356944444444,6
136.7095238888889,36.757711388888886,6
136.7095163888889,36.75770611111111,6
136.70943277777778,36.757354444444445,6
136.70927972222222,36.75673916666667,6
136.70916583333334,36.75622083333333,7
136.709105,36.7560125,7
136.70904333333334,36.755829166666665,8
136.70866222222222,36.755183611111114,14
136.70857,36.75503055555556,16
136.7084561111111,36.7548375,13
136.7083802777778,36.75470055555556,12
136.70834222222223,36.7545575,11
136.70828055555555,36.75391194444445,15
136.7082575,36.75376444444444,16
136.70816666666667,36.75311888888889,15
136.70815166666668,36.753032222222224,15
136.70805166666668,36.75238638888889,20
136.70804416666667,36.75235055555556,21
136.7080061111111,36.75208083333333,21
136.70786944444444,36.75149583333334,23
136.70776972222222,36.75107388888889,25
136.70773166666666,36.75085027777778,26
136.7077088888889,36.75073305555556,27
136.7076786111111,36.75058111111111,27
136.70765555555556,36.75042277777778,28
136.7075786111111,36.7497775,28
136.70757111111112,36.74973194444444,28
136.7075027777778,36.74923805555556,27
136.70744194444444,36.74864777777778,28
136.70740388888888,36.74830722222222,28
136.70734222222222,36.74783,28
136.70732694444445,36.74765638888889,28
136.70732694444445,36.74754027777778,28
136.70732694444445,36.74742305555556,28
136.70734222222222,36.747234444444445,29
136.70685416666666,36.747305833333336,27
136.70653388888888,36.747366666666665,26
136.70612916666667,36.74744805555556,25
136.7059775,36.74748388888889,25
136.70583944444445,36.74752388888889,25
136.70558027777778,36.74764111111111,24
136.70534361111112,36.74775833333333,23
136.7049086111111,36.747971944444444,20
136.70445194444446,36.74820638888889,18
136.704185,36.74834833333333,17
136.7037425,36.7485925,16
136.70369694444443,36.748531666666665,16
136.70342888888888,36.74825611111111,16
136.70324638888889,36.74808361111111,17
136.70314666666667,36.7479925,17
136.70285694444445,36.74773305555556,17
136.70274305555554,36.74765611111111,17
136.70223972222223,36.747341666666664,17
136.70209444444444,36.747239722222226,17
136.7020186111111,36.74718861111111,18
136.70178194444443,36.74702611111111,17
136.70172,36.746939166666664,17
136.7012936111111,36.74639,17
136.70079027777777,36.74574444444445,15
136.70064472222222,36.74556666666667,14
136.70058416666666,36.74547444444445,14
136.70052333333334,36.74539305555555,14
136.70052222222222,36.74539194444444,13
136.7003175,36.74511861111111,13
136.70072083333332,36.745017777777775,12
136.70103444444445,36.744951666666665,13
136.7011938888889,36.74491583333333,13
136.70134694444445,36.744889722222226,14
136.70160611111112,36.74487444444444,15
136.70184277777778,36.744838888888886,16
136.70197944444445,36.74480833333333,17
136.70207916666666,36.74476833333333,18
136.70219333333333,36.74467166666667,18
136.7023311111111,36.74458472222222,19
136.70249166666667,36.74449805555555,20
136.7026436111111,36.74443194444444,22
136.70288,36.74434083333333,22
136.7031163888889,36.74426472222222,24
136.70330722222224,36.74419861111111,26
136.70342888888888,36.744126944444446,26
136.70358194444444,36.744030277777775,28
136.70381833333334,36.743898055555555,30
136.7041927777778,36.74363888888889,30
136.70461916666667,36.74333416666666,31
136.70445194444446,36.74319194444445,31
136.70421555555555,36.7429325,31
136.704055,36.74272305555556,31
136.70391722222223,36.742510555555555,32
136.7038486111111,36.74241388888889,32
136.70344416666666,36.74176722222222,33
136.70314694444446,36.74129,31
136.70294083333334,36.740989444444445,31
136.70276611111112,36.74070944444444,30
136.70252944444445,36.74034388888889,30
136.70220833333335,36.739835,28
136.7020188888889,36.739534444444445,29
136.70160638888888,36.73888916666667,34
136.7015152777778,36.738752222222224,35
136.70115611111112,36.7382075,37
136.70076777777777,36.737561944444444,40
136.700645,36.73737361111111,41
136.7004088888889,36.73696666666667,41
136.70024055555555,36.73663138888889,41
136.70011916666667,36.73635138888889,41
136.70003555555556,36.73617333333333,41
136.69980666666666,36.73576638888889,41
136.69951583333332,36.73524277777778,41
136.69940944444446,36.73504944444444,41
136.69908972222223,36.73440388888889,41
136.69895944444445,36.73415972222222,41
136.6989063888889,36.73406333333333,41
136.6985711111111,36.73341666666666,41
136.69843305555557,36.73312722222222,40
136.69823472222222,36.732710555555556,41
136.6981436111111,36.73256833333333,40
136.69802833333333,36.732415277777775,41
136.697945,36.732328611111114,41
136.69784611111112,36.73220694444444,41
136.69765555555554,36.732033333333334,40
136.69735805555555,36.73178472222222,41
136.69723555555555,36.73168277777778,41
136.69712916666666,36.73161666666667,42
136.69687,36.73144416666667,41
136.6966713888889,36.73128583333333,41
136.69651833333333,36.73117388888889,41
136.69644222222223,36.73110805555555,40
136.69641944444444,36.73107777777778,40
136.6963577777778,36.73099083333334,40
136.69606083333332,36.73061,38
136.69593166666667,36.73048305555555,37
136.69563305555556,36.73020861111111,37
136.6952675,36.729841666666665,40
136.6951688888889,36.72972027777778,40
136.69508416666667,36.72959222222222,40
136.6949852777778,36.729425,41
136.69493222222223,36.72926666666667,41
136.6947563888889,36.72862138888889,41
136.69457333333332,36.72800055555555,41
136.6944975,36.72775111111111,40
136.6943063888889,36.72710555555555,40
136.69423055555555,36.726866666666666,40
136.69383333333334,36.7269025,36
136.69323111111112,36.7269125,31
136.69232305555556,36.7269275,28
136.69146805555556,36.726933055555556,27
136.69135416666666,36.72674416666667,27
136.6912477777778,36.72656611111111,26
136.69122194444444,36.72653916666667,26
136.69122083333335,36.72653805555556,26
136.6912477777778,36.72656611111111,26
136.69135416666666,36.72674416666667,27
136.69146805555556,36.726933055555556,27
136.69232305555556,36.7269275,28
136.69323111111112,36.7269125,31
136.69383333333334,36.7269025,36
136.69423055555555,36.726866666666666,40
136.69412305555556,36.72647,41
136.69403194444445,36.72606833333333,42
136.69397111111113,36.725809166666664,42
136.6938561111111,36.72535111111111,45
136.69379527777778,36.72508638888889,45
136.6936577777778,36.72444111111111,45
136.69356666666667,36.724019166666665,45
136.69349833333334,36.72369361111111,45
136.69338333333334,36.72321055555555,44
136.69325416666666,36.72264527777778,41
136.69316944444444,36.722305,41
136.69304027777778,36.72165916666667,40
136.69297972222222,36.72136972222222,40
136.69285694444446,36.72087055555556,40
136.69274333333334,36.72040305555556,42
136.69262083333334,36.719858333333335,42
136.692445,36.71921277777778,43
136.69228555555554,36.71865388888889,43
136.69218555555557,36.718271944444446,43
136.69209444444445,36.717976944444445,44
136.69205666666667,36.71786,44
136.69199583333332,36.71766138888889,44
136.69184277777777,36.71716888888889,44
136.69180472222223,36.71702666666667,43
136.6913088888889,36.7170875,44
136.69066027777777,36.717193611111114,42
136.69024805555554,36.71727055555556,41
136.68973694444443,36.717376944444446,40
136.68921833333334,36.71749388888889,39
136.68837194444444,36.7176775,38
136.68790666666666,36.71778361111111,37
136.68769305555554,36.717844444444445,37
136.68705916666667,36.71806361111111,34
136.6868075,36.71811888888889,33
136.6865938888889,36.718145,32
136.68633444444444,36.71815472222222,32
136.6860372222222,36.71814472222222,31
136.68589277777778,36.71814472222222,31
136.6857322222222,36.71811861111111,31
136.68548055555556,36.71807861111111,30
136.6846875,36.71787027777778,26
136.68451166666668,36.71722388888889,26
136.68448138888888,36.71713805555556,26
136.68433611111112,36.716629166666664,26
136.6841525,36.715988055555556,26
136.68397027777777,36.71534222222222,26
136.68377972222223,36.71469694444445,26
136.6835886111111,36.71405027777778,27
136.6834963888889,36.71373666666667,27
136.68349527777778,36.71373555555556,27
136.68344444444443,36.71356194444444,27
136.68355833333334,36.71355222222222,28
136.68406944444445,36.713455555555555,30
136.6846486111111,36.713343888888886,33
136.68504555555555,36.7132625,35
136.68524416666668,36.713226666666664,37
136.6853125,36.71321138888889,37
136.68628166666667,36.71301861111111,42
136.68663305555555,36.7129525,44
136.68731861111112,36.71282,46
136.6882875,36.71263666666667,47
136.68835694444445,36.71262138888889,47
136.68932611111111,36.71243388888889,46
136.68938666666668,36.71241861111111,46
136.689455,36.712403333333334,46
136.6904238888889,36.712220277777774,45
136.69025555555555,36.7118025,45
136.69021,36.71167138888889,45
136.69005833333333,36.711395555555555,44
136.68969166666668,36.71075,43
136.68949305555554,36.71041916666667,41
136.68948555555556,36.710414722222225,41
136.68910472222223,36.70976805555556,40
136.68873027777778,36.70912277777778,38
136.6883725,36.70850194444444,39
136.68814361111112,36.70811027777778,40
136.6880361111111,36.70791277777778,41
136.68767055555554,36.70726611111111,42
136.68729611111112,36.70662055555555,44
136.68692277777777,36.705975277777775,45
136.68682305555555,36.7058125,46
136.68645,36.70516583333333,46
136.6861375,36.70464694444444,45
136.68606805555555,36.704545,45
136.6860225,36.70449527777778,45
136.6859086111111,36.704387777777775,45
136.68577083333332,36.70428138888889,45
136.68554944444443,36.704123055555556,46
136.68522166666668,36.70391472222222,46
136.68500805555556,36.7037725,47
136.68482472222223,36.703604444444444,48
136.68468805555557,36.70345666666667,50
136.68455805555556,36.703293888888886,50
136.68418472222223,36.702805833333336,51
136.68406194444444,36.70263861111111,52
136.68390916666667,36.70236861111111,52
136.68371166666665,36.70193694444445,52
136.68351305555555,36.70153972222222,52
136.68324611111112,36.700894166666664,51
136.6831613888889,36.70071083333333,51
136.68306305555555,36.700538055555555,51
136.68284916666667,36.70028861111111,50
136.68246083333332,36.69989694444445,50
136.68181944444444,36.69925138888889,46
136.68178138888888,36.699221111111115,46
136.68163611111112,36.6990225,44
136.681545,36.698880555555554,44
136.68140722222222,36.69850388888889,44
136.68120861111112,36.697857222222225,43
136.68118611111112,36.69780194444444,43
136.681095,36.697298333333336,42
136.6810188888889,36.69703916666667,41
136.68091166666667,36.69682972222222,41
136.6808127777778,36.696713611111115,41
136.6806825,36.69658555555556,41
136.68053833333335,36.69647916666667,41
136.67969083333332,36.69583388888889,42
136.6794011111111,36.695614722222224,42
136.6790963888889,36.69538583333333,42
136.678745,36.69513194444445,43
136.67809722222222,36.69463805555556,43
136.67784555555556,36.694445,43
136.67699833333333,36.693799444444444,43
136.6768072222222,36.69365611111111,42
136.67660972222222,36.69350416666666,43
136.67618222222222,36.69314833333333,43
136.67609777777778,36.69302138888889,43
136.67586972222222,36.69262416666667,42
136.67558666666667,36.69204916666666,43
136.67545027777777,36.69176916666667,42
136.67527444444445,36.691495,42
136.67488472222223,36.69094055555556,47
136.67445083333334,36.69034055555556,53
136.67411444444446,36.689863055555556,56
136.6740763888889,36.68981194444444,56
136.6739086111111,36.68960361111111,56
136.67386305555556,36.68952222222222,55
136.67355805555556,36.689145833333335,56
136.6730775,36.688499166666666,55
136.67303944444444,36.688453611111115,55
136.6725586111111,36.687848055555556,47
136.67239833333332,36.68763027777778,46
136.67186444444445,36.68698361111111,43
136.67167361111112,36.68675555555556,42
136.67134583333333,36.68639861111111,42
136.67103333333333,36.68608833333333,42
136.670735,36.68581388888889,43
136.67003416666665,36.68516833333333,47
136.6699722222222,36.685111666666664,48
136.66930944444445,36.684466388888886,50
136.669225,36.68439055555555,50
136.6689275,36.68407472222222,50
136.6688211111111,36.68415611111111,50
136.66785222222222,36.68462888888889,46
136.66688333333335,36.6851075,42
136.66591444444444,36.685585,38
136.66554,36.68577361111111,36
136.66542611111112,36.685671666666664,35
136.66538055555554,36.685610833333335,35
136.6649836111111,36.68496527777778,35
136.66474694444443,36.68453777777778,36
136.6646636111111,36.68441527777778,36
136.66422833333334,36.683769444444444,36
136.66419027777778,36.68372388888889,36
136.6639236111111,36.68337805555556,36
136.66356444444443,36.682905,39
136.66325944444444,36.68252861111111,40
136.66297722222222,36.6821725,40
136.66242722222222,36.68152694444444,41
136.6623588888889,36.68145527777778,41
136.661825,36.68080972222222,41
136.66180222222224,36.68078916666666,41
136.66152805555555,36.68033694444444,41
136.66146722222223,36.68024027777778,41
136.66111555555557,36.67973694444444,41
136.66077277777777,36.67931472222222,41
136.6605361111111,36.67897833333333,40
136.66047,36.67888611111111,40
136.6604688888889,36.678885,40
136.66007055555556,36.678332777777776,39
136.660025,36.67827194444445,39
136.65962805555554,36.677748333333334,38
136.6592611111111,36.67729027777778,38
136.65922333333333,36.67725027777778,38
136.65868944444443,36.67660361111111,42
136.6581786111111,36.67599805555555,45
136.65804944444446,36.67584611111111,45
136.6578661111111,36.675596666666664,45
136.6573625,36.67495111111111,45
136.65720972222223,36.6747625,45
136.65720194444444,36.674752777777776,45
136.65675166666668,36.674106944444446,45
136.65643916666667,36.673704444444446,45
136.656195,36.67337888888889,44
136.65572194444445,36.67273333333333,41
136.65565361111112,36.6726575,42
136.65546277777779,36.672398333333334,42
136.65524888888888,36.67210333333333,43
136.65479861111112,36.6714575,46
136.654715,36.671329444444446,48
136.65457722222223,36.67113194444445,49
136.6544786111111,36.67100388888889,49
136.65401333333332,36.67035833333333,49
136.65400583333334,36.67035305555556,49
136.65350972222222,36.6697075,48
136.65334166666668,36.66948416666666,48
136.65311277777778,36.66920972222222,46
136.6526786111111,36.668665,44
136.65229666666667,36.668171111111114,41
136.65206027777776,36.66786638888889,41
136.65158722222222,36.66728138888889,43
136.6515413888889,36.66721527777778,43
136.6510911111111,36.66666638888889,45
136.65060333333332,36.66607611111111,45
136.6500922222222,36.66543055555555,45
136.65005416666668,36.66538944444444,45
136.64957333333334,36.66480027777778,43
136.6490625,36.66415361111111,42
136.64877277777776,36.6637925,41
136.64791,36.6643975,34
136.64765083333333,36.66457555555556,31
136.64749777777777,36.66468722222222,29
136.64663611111112,36.66533388888889,20
136.6464986111111,36.66554222222222,17
136.64647583333334,36.66562361111111,14
136.64645305555555,36.66569972222222,14
136.6464227777778,36.66579194444444,14
136.6464227777778,36.66587333333333,14
136.64643777777778,36.66593944444445,13
136.64643777777778,36.66601,13
136.64645305555555,36.66605111111111,14
136.64646055555556,36.6661325,13
136.64647583333334,36.66627444444445,13
136.64651361111112,36.66636555555556,13
136.64657555555556,36.666446944444445,13
136.6466286111111,36.666575,13
136.6466513888889,36.66664027777778,13
136.64667416666666,36.666742222222226,14
136.64669694444444,36.666849444444445,14
136.64675,36.66702222222222,14
136.64676527777777,36.66710888888889,14
136.64681083333332,36.6673325,14
136.64681083333332,36.6673575,14
136.64680333333334,36.66746472222222,14
136.64680333333334,36.667606944444444,14
136.64657555555556,36.6670275,13
136.64632277777778,36.666380833333335,12
136.64616333333333,36.665974166666665,13
136.6459725,36.66547611111111,13
136.64594194444444,36.66543055555555,13
136.64561444444445,36.664785,11
136.64559055555554,36.66475361111111,11
136.64514111111112,36.66410777777778,11
136.64508694444444,36.66403638888889,11
136.6446138888889,36.66339083333333,12
136.6443088888889,36.66298388888889,13
136.64382833333335,36.66233833333333,14
136.64369166666665,36.66217555555556,14
136.64341694444445,36.661835,14
136.642905,36.661188333333335,14
136.64239416666666,36.66054277777778,14
136.64188305555555,36.65989722222222,14
136.6413797222222,36.65925166666667,14
136.64100638888888,36.65877861111111,13
136.64050277777778,36.65813194444444,13
136.63999944444444,36.65748638888889,12
136.63949583333334,36.656840833333334,12
136.63899138888888,36.656194166666666,11
136.63848777777778,36.65554861111111,10
136.63798472222223,36.65490333333333,10
136.6374811111111,36.65425666666667,9
136.6369777777778,36.65361083333333,9
136.63689416666668,36.65350888888889,9
136.63639083333334,36.652863333333336,9
136.6358872222222,36.65221805555556,9
136.63567361111112,36.6519325,9
136.63552805555557,36.651667777777774,9
136.63541416666666,36.65143444444445,11
136.63529916666667,36.65112416666667,11
136.63523833333332,36.65080861111111,12
136.63521555555556,36.65043194444444,14
136.63525361111112,36.6501425,15
136.63535333333334,36.64980194444444,19
136.63549,36.64949138888889,20
136.6356886111111,36.64914527777778,24
136.63605444444445,36.64849972222222,30
136.6363375,36.64801166666667,33
136.6364513888889,36.6477675,35
136.6365275,36.64756888888889,35
136.63660444444446,36.647315,37
136.63666527777778,36.64698416666667,38
136.6366727777778,36.64658277777778,39
136.63665,36.646395,39
136.6365663888889,36.64606944444444,39
136.63641361111112,36.645693333333334,39
136.63626055555557,36.64544361111111,39
136.63610111111112,36.64519416666667,39
136.6359175,36.644960833333336,39
136.63585694444444,36.64489472222222,39
136.63532944444444,36.64424777777778,38
136.63481083333335,36.64360222222222,38
136.63443,36.64314,37
136.63391166666668,36.642493611111114,36
136.63339305555556,36.641848055555556,34
136.63287305555556,36.6412025,33
136.63266805555557,36.6409475,33
136.63214833333333,36.640301944444445,33
136.63188916666667,36.63997111111111,32
136.63138555555557,36.63932555555556,30
136.63088222222223,36.63868,29
136.6303786111111,36.63803333333333,27
136.62987527777778,36.637387777777775,25
136.62979166666668,36.63728138888889,25
136.62931111111112,36.63663472222222,25
136.62905944444444,36.636314722222224,26
136.6285636111111,36.635669166666666,26
136.62806777777777,36.63502277777778,26
136.62757944444445,36.63437694444445,26
136.62738083333332,36.63409166666667,26
136.62728972222223,36.63394527777778,25
136.62724305555557,36.63381277777778,25
136.62716722222223,36.633538333333334,25
136.6270986111111,36.63315111111111,25
136.62703694444446,36.63252611111111,25
136.6269761111111,36.632104166666664,25
136.62695333333335,36.63201194444444,25
136.62691527777778,36.63192611111111,25
136.62682416666667,36.63184472222222,25
136.62675472222222,36.63178833333333,25
136.62662555555556,36.631635277777775,26
136.62644972222222,36.63149333333333,26
136.625825,36.63099527777778,25
136.6256036111111,36.63081722222222,25
136.6254277777778,36.63067,25
136.62503055555555,36.630359722222224,25
136.62468027777777,36.63007972222222,25
136.6244286111111,36.62987666666667,25
136.6237875,36.62938833333333,25
136.62299416666667,36.62874166666667,25
136.62284888888888,36.62863,25
136.62276527777777,36.62856388888889,25
136.62204055555554,36.62799444444445,25
136.62155222222222,36.62761361111111,25
136.62074416666667,36.62696694444445,26
136.62068,36.626916944444446,27
136.62067888888888,36.626915833333335,27
136.62043805555555,36.62672805555555,27
136.6212852777778,36.6260825,26
136.62133083333333,36.62605222222222,26
136.62147611111112,36.625935,25
136.6217886111111,36.62572138888889,25
136.62194916666667,36.62560416666667,25
136.62198722222223,36.62556416666666,25
136.62204055555554,36.625528333333335,25
136.6222238888889,36.625395833333336,25
136.62275,36.62501388888889,25
136.62310055555557,36.624739444444444,25
136.6235736111111,36.62437805555555,25
136.62386333333333,36.62416,23
136.62397833333333,36.62407888888889,20
136.62450444444445,36.62369694444445,15
136.62493944444444,36.62335638888889,15
136.62515333333334,36.62320444444445,12
136.62535166666666,36.623045833333336,11
136.62544305555556,36.62297972222222,11
136.62597666666667,36.622553333333336,7
136.62617527777778,36.62240583333333,6
136.62630444444446,36.62228888888889,4
136.62679277777778,36.62187111111111,3
136.62696083333333,36.621719166666665,2
136.62735055555555,36.621388333333336,1
136.62741888888888,36.62133305555555,1
136.62812833333334,36.62068611111111,2
136.6281588888889,36.620665555555554,2
136.62892916666667,36.620020277777776,2
136.62922666666665,36.61976083333333,2
136.6294175,36.61959805555556,2
136.62959333333333,36.619414722222224,1
136.62979944444444,36.61916083333333,1
136.62999055555557,36.618856111111114,1
136.63010444444444,36.61855583333333,1
136.63020305555557,36.61810333333333,1
136.63021944444444,36.618046944444444,1
136.63028027777779,36.61768111111111,1
136.63034083333332,36.617329444444444,1
136.63037138888888,36.61720805555556,1
136.6305013888889,36.61656277777778,1
136.63059277777776,36.616195833333336,1
136.63067611111111,36.6159725,1
136.6308138888889,36.615336666666664,1
136.63096694444445,36.615005555555555,1
136.6312111111111,36.61441666666666,1
136.63147805555556,36.61377,1
136.63151611111113,36.61368861111111,1
136.63169194444444,36.613256666666665,1
136.63170694444443,36.61322638888889,1
136.6319738888889,36.61258,1
136.63221805555557,36.61201027777778,1
136.6324925,36.61136472222222,1
136.6327672222222,36.61071944444444,1
136.63294277777777,36.61032222222222,1
136.6329886111111,36.61018,1
136.63326305555555,36.60953444444444,1
136.63351472222223,36.608965,1
136.6336525,36.608623333333334,1
136.63369055555555,36.6085375,2
136.63394222222223,36.607890833333336,2
136.63404111111112,36.60764666666667,2
136.63410166666668,36.60750027777778,2
136.63414833333334,36.607398333333336,2
136.63435361111112,36.606879722222224,2
136.63449888888888,36.60650777777778,2
136.63472777777778,36.60593361111111,2
136.63482666666667,36.60566361111111,2
136.63497972222223,36.605267777777776,2
136.63522361111112,36.60462111111111,2
136.63529222222223,36.604463611111115,2
136.6355438888889,36.60381805555556,2
136.6356513888889,36.60354805555556,2
136.63578833333332,36.60323361111111,2
136.63590333333335,36.60295361111111,2
136.6361625,36.602308055555554,2
136.63642194444444,36.601661388888886,2
136.63654333333332,36.60138166666667,2
136.6366661111111,36.60107222222222,2
136.6368875,36.60050694444445,2
136.6370936111111,36.60003388888889,2
136.63736055555555,36.59938861111111,3
136.63761222222223,36.59878861111111,3
136.6376425,36.59871694444445,3
136.63765777777778,36.59869638888889,3
136.6379247222222,36.59805083333333,3
136.63801583333333,36.59787305555555,3
136.63813861111112,36.59768527777778,3
136.63829916666666,36.59751722222222,3
136.63907722222223,36.596916944444445,3
136.6397411111111,36.59639333333333,3
136.63982472222222,36.59632694444444,3
136.6400763888889,36.59612416666667,3
136.6401297222222,36.59609277777778,3
136.64038888888888,36.595884444444444,3
136.6405875,36.5957325,3
136.6412136111111,36.59526361111111,3
136.64135027777778,36.59516722222222,3
136.64222805555556,36.594527222222226,4
136.64241805555557,36.594389444444445,4
136.6427238888889,36.594160555555554,4
136.64328833333335,36.593758888888885,4
136.64387527777777,36.59332611111111,4
136.64426472222223,36.59305138888889,4
136.64442527777777,36.592935555555556,4
136.64510361111113,36.59245166666667,4
136.64534,36.59224888888889,4
136.6456536111111,36.592040555555556,4
136.64604222222223,36.59180611111111,4
136.64612666666667,36.59176055555555,4
136.64647722222222,36.59151111111111,4
136.64666833333334,36.59138388888889,4
136.6468125,36.59132777777778,5
136.64708055555556,36.59122694444444,5
136.647225,36.59116083333333,5
136.64736277777777,36.59109472222222,5
136.64761444444446,36.5909925,5
136.64785083333334,36.59091111111111,5
136.64791166666666,36.59090138888889,5
136.64820138888888,36.590875277777776,5
136.64823944444444,36.59086555555555,6
136.6482775,36.590850555555555,6
136.64837722222222,36.59075833333333,6
136.64843027777778,36.590718055555556,6
136.64847583333332,36.59070277777778,6
136.6489186111111,36.59059111111111,6
136.64898694444443,36.59057583333333,6
136.64936111111112,36.590494444444445,6
136.64952944444445,36.589965,6
136.64964361111112,36.58957361111111,6
136.64972694444444,36.589263333333335,7
136.64988,36.58861777777778,7
136.64991805555556,36.58846027777778,7
136.6499636111111,36.58809361111111,7
136.6499863888889,36.58796111111111,7
136.65001777777778,36.58784416666666,7
136.65012416666667,36.58754472222222,7
136.6499863888889,36.58750361111111,7
136.64990277777778,36.587467777777775,7
136.64968916666666,36.587381944444445,7
136.64906416666668,36.587153055555554,7
136.6486138888889,36.586975,7
136.64826222222223,36.586842777777775,6
136.64837833333334,36.586619166666665,7
136.64837833333334,36.586618055555554,7
136.6484986111111,36.586385,7
136.64857583333333,36.58623194444444,7
136.6486138888889,36.58609527777778,7
136.64851388888889,36.585525833333335,7
136.6484911111111,36.585429166666664,7
136.64835472222222,36.5847825,7
136.64823972222223,36.584203055555555,7
136.6481636111111,36.58378638888889,8
136.64814083333334,36.58367916666667,8
136.64802583333332,36.58337972222222,8
136.64778944444444,36.58273305555556,8
136.64769055555556,36.582545277777776,8
136.647515,36.582195,8
136.64737805555555,36.581894444444444,8
136.64695083333334,36.58124888888889,9
136.6469052777778,36.58118277777778,9
136.64669916666668,36.580887777777775,9
136.64642472222224,36.58049583333333,9
136.64618805555557,36.58014444444444,9
136.64576055555557,36.57949888888889,9
136.64565416666667,36.579341666666664,9
136.64553916666668,36.57915277777778,9
136.64544583333333,36.57900111111111,9
</coordinates>
</LineString>
</Placemark>
</Document>
</kml>
