<?xml version="1.0" encoding="UTF-8"?>
<kml xmlns="http://www.opengis.net/kml/2.2" xmlns:atom="http://www.w3.org/2005/Atom">
<Document>
<name>WCC 53rd Spring Day4</name>
<atom:author>
<atom:name>TakeshiKim</atom:name>
</atom:author> 
<atom:link href="https://latlonglab.yahoo.co.jp/route/watch?id=81ce1e3cabbd8c6c35d6b48315c8bf4c" />
<description><![CDATA[Day4
Category:Easy
49.0km/120up

スタート地：妻萬公園

西都原古墳群
http://mppf.or.jp/saito/

観音山公園
http://shogo33333.ninja-web.net/miyazaki-kourakuti/kannonyama/kannonyama.html

宮崎神宮
http://miyazakijingu.jp/

解散地：宮崎神宮

再集合地・テン泊地：県立平和台公園]]></description>
<tags><![CDATA[WCC53rd Spring]]></tags>  
<Placemark>
<Style>
<LineStyle>
<color>99ff0000</color>
<width>6</width>
</LineStyle>
</Style>
<LineString>
<coordinates>
131.4052911111111,32.11539805555555,14
131.40525805555555,32.11551388888889,14
131.40513305555555,32.11571388888889,14
131.40563194444445,32.11600611111111,14
131.40585805555557,32.11603888888889,14
131.405795,32.11625611111111,14
131.405845,32.11635611111111,14
131.40578305555556,32.11638888888889,14
131.40570694444443,32.11642194444445,14
131.40558194444444,32.11649694444444,14
131.405295,32.116706111111114,14
131.405145,32.11684694444445,14
131.40485805555556,32.11717194444444,14
131.40427,32.11788888888889,15
131.404195,32.11796388888889,15
131.40373305555556,32.11853,15
131.40332,32.119055,15
131.40315694444445,32.11924694444444,15
131.40272,32.11981388888889,15
131.40237,32.12031388888889,15
131.40210694444445,32.12068,15
131.40165694444445,32.121321944444446,15
131.40120694444445,32.121946944444446,15
131.40008194444445,32.12349611111111,16
131.399295,32.12447111111111,16
131.39875805555556,32.12515388888889,16
131.39767,32.12650388888889,17
131.39697,32.12737888888889,17
131.39640805555555,32.12809611111111,17
131.39622,32.12832888888889,17
131.395495,32.129238055555554,18
131.39508305555555,32.12970388888889,18
131.394495,32.130386944444446,18
131.39415805555555,32.13019611111111,18
131.393945,32.13007888888889,18
131.393645,32.12986305555555,18
131.39353305555557,32.12975388888889,18
131.393345,32.12947888888889,18
131.39328305555554,32.12937888888889,18
131.39323305555556,32.129238055555554,18
131.39313305555555,32.12897888888889,18
131.39305805555554,32.12880388888889,18
131.39273305555557,32.12799611111111,18
131.39267,32.127786944444445,18
131.3926711111111,32.12772888888889,17
131.39265805555556,32.127203888888886,17
131.39263305555556,32.126446111111115,19
131.3926211111111,32.12638805555556,19
131.39257111111112,32.12630388888889,19
131.39253305555556,32.12587111111111,30
131.39248305555554,32.12574611111111,29
131.39240805555556,32.125663055555556,30
131.39230805555556,32.12562888888889,30
131.39220805555556,32.12562111111111,30
131.3912711111111,32.12575388888889,32
131.39105805555556,32.12574611111111,35
131.39055805555554,32.12567111111111,48
131.3903811111111,32.125656944444444,43
131.3903811111111,32.125656944444444,43
131.3902461111111,32.12564611111111,39
131.39010805555554,32.12565388888889,39
131.38995805555555,32.12569611111111,54
131.38908305555555,32.12607111111111,49
131.38885805555554,32.12612111111111,52
131.3885711111111,32.12615388888889,53
131.38838305555555,32.12614611111111,55
131.38833305555556,32.126128888888886,54
131.3881961111111,32.12607888888889,54
131.3879711111111,32.12596305555556,58
131.38780805555555,32.12585388888889,59
131.3877461111111,32.12578805555555,61
131.3876711111111,32.12565388888889,61
131.38763305555557,32.12544611111111,63
131.3875461111111,32.12475388888889,65
131.3875211111111,32.12446305555556,66
131.38758305555555,32.12446305555556,66
131.38810805555556,32.12437888888889,65
131.38845805555556,32.12432111111111,65
131.38858305555556,32.12425388888889,65
131.38887111111111,32.12402888888889,65
131.38890805555556,32.12399611111111,65
131.38942111111112,32.123455,66
131.38955805555557,32.12334611111111,66
131.3896,32.12331694444445,66
131.3896,32.12331694444445,66
131.38978305555557,32.12318805555555,66
131.3902961111111,32.122388055555554,63
131.39035805555557,32.122255,63
131.39075805555555,32.12151305555555,63
131.39105805555556,32.120963055555556,63
131.39115805555556,32.12073,63
131.3912711111111,32.120421944444445,63
131.3918461111111,32.118696944444444,66
131.3922211111111,32.11743,64
131.39223305555555,32.11734694444444,64
131.3922211111111,32.11723,63
131.3921711111111,32.117105,60
131.3920711111111,32.11693888888889,61
131.39189611111112,32.11668888888889,61
131.3917461111111,32.11642194444445,63
131.39165805555555,32.11623,63
131.3920461111111,32.11608888888889,62
131.39253305555556,32.115988888888886,60
131.39273305555557,32.11599694444445,60
131.39302111111112,32.11603888888889,56
131.39328305555554,32.11606388888889,55
131.3937961111111,32.11607194444444,54
131.3941211111111,32.11604694444444,53
131.39435805555556,32.11600611111111,52
131.39453305555554,32.115921944444445,54
131.39542111111112,32.114621944444444,38
131.3958961111111,32.11391388888889,37
131.39610805555554,32.113523055555554,37
131.39628305555556,32.11313888888889,35
131.3963711111111,32.11295611111111,35
131.39667111111112,32.11231388888889,30
131.3968211111111,32.112006111111114,31
131.39708305555556,32.111488888888886,27
131.39725805555557,32.111248055555556,25
131.39745805555555,32.111023055555556,22
131.39775805555556,32.11071388888889,19
131.39810805555555,32.11036388888889,18
131.39834611111112,32.11018111111111,18
131.39865805555556,32.110013888888886,18
131.39873305555557,32.109988888888886,17
131.39882111111112,32.10997305555556,17
131.3991961111111,32.10993111111111,17
131.4003711111111,32.10983888888889,15
131.40094611111112,32.10979805555556,16
131.40215805555556,32.10971388888889,18
131.4028211111111,32.10966388888889,16
131.40328305555556,32.10963111111111,15
131.40377,32.10960611111111,14
131.40385805555556,32.10960611111111,14
131.40418305555556,32.10962305555555,13
131.40427,32.10963111111111,13
131.40445805555555,32.109656111111114,12
131.40493305555555,32.10975611111111,12
131.40505805555554,32.10978111111111,12
131.405595,32.10990611111111,12
131.40612,32.110123055555555,12
131.406445,32.11029805555555,12
131.40670805555555,32.11049805555555,12
131.407495,32.11104805555556,12
131.40807,32.11146388888889,12
131.40835805555557,32.11163888888889,12
131.40880694444445,32.11190611111111,12
131.40905694444444,32.112006111111114,12
131.40920194444445,32.112048888888886,11
131.40920194444445,32.112048055555555,11
131.40945805555555,32.11212305555556,11
131.410395,32.11233111111111,11
131.41138194444446,32.11253888888889,11
131.41262,32.11280611111111,11
131.41268194444444,32.11281388888889,11
131.413895,32.11307305555555,10
131.41415694444444,32.11313111111111,10
131.41490694444445,32.113306111111115,10
131.4155188888889,32.113438888888886,10
131.41570694444445,32.11347305555555,10
131.41594388888888,32.11349805555555,10
131.41616888888888,32.11349805555555,10
131.41640694444445,32.11348111111111,10
131.41659388888888,32.11344805555556,10
131.4166938888889,32.113413888888886,10
131.41693194444446,32.113323055555554,10
131.41730694444445,32.11313111111111,10
131.41796888888888,32.11275611111111,9
131.41970694444444,32.11175611111111,15
131.4197438888889,32.11174,15
131.42038194444444,32.111365,15
131.42063194444444,32.111248055555556,15
131.42080694444445,32.11118111111111,16
131.42101888888888,32.11113111111111,17
131.42175694444444,32.111023055555556,22
131.4219688888889,32.11098111111111,26
131.42215694444445,32.110915,27
131.42236888888888,32.110773055555555,33
131.42250694444445,32.110615,34
131.42259388888888,32.11045611111111,32
131.42261888888888,32.11034,33
131.42261888888888,32.10940611111111,44
131.42261888888888,32.10928194444445,45
131.42265694444444,32.10914,45
131.42281888888888,32.10884,43
131.42294388888888,32.10872305555556,43
131.42361888888888,32.10837305555555,51
131.4241688888889,32.108165,59
131.42453111111112,32.108065,65
131.4248311111111,32.10804805555556,71
131.4252688888889,32.10812305555555,76
131.4256188888889,32.108165,78
131.42658111111112,32.10845694444444,85
131.42815611111112,32.108665,89
131.4285561111111,32.108623055555555,88
131.4296811111111,32.10837305555555,87
131.4305061111111,32.108165,87
131.43071805555556,32.10809,87
131.43086805555555,32.107973055555554,87
131.43100611111112,32.107815,86
131.43155611111112,32.10724,85
131.4319561111111,32.106881944444446,84
131.43229305555556,32.10664,84
131.43239305555556,32.106565,84
131.4329561111111,32.10614888888889,83
131.43306194444443,32.10608888888889,82
131.43306194444443,32.10608888888889,82
131.43326805555554,32.10597388888889,81
131.43326805555554,32.105915,81
131.43329305555557,32.10588194444444,81
131.43325611111112,32.105781944444445,81
131.43316805555557,32.10469888888889,82
131.4331811111111,32.104565,82
131.4332311111111,32.10444888888889,83
131.43334305555555,32.104306944444446,85
131.43358111111112,32.10409,87
131.43409305555556,32.103606944444444,90
131.43436805555555,32.103256944444446,90
131.4350311111111,32.10223194444445,90
131.4353311111111,32.10176611111111,90
131.4357061111111,32.10122388888889,90
131.4360311111111,32.10082388888889,90
131.43746805555554,32.100006944444445,90
131.43825611111112,32.09956611111111,89
131.4389561111111,32.099198888888886,88
131.43931805555556,32.09898305555556,88
131.43969305555555,32.098733055555556,87
131.43981805555555,32.09861611111111,87
131.44036805555555,32.09816611111111,84
131.44060611111112,32.09791611111111,84
131.44074305555554,32.097698888888885,82
131.44109305555557,32.09714888888889,81
131.44150611111112,32.09661611111111,78
131.44157388888888,32.096555,78
131.44157388888888,32.09655611111111,78
131.44169305555556,32.09645,79
131.44298,32.095825,77
131.443055,32.09578305555556,77
131.44429305555556,32.095175,72
131.44446805555555,32.09511611111111,72
131.44668,32.09415805555555,70
131.44694305555555,32.09405,70
131.44706805555555,32.094025,70
131.44831805555555,32.09379194444445,71
131.448505,32.09375,71
131.44856694444445,32.09373305555555,71
131.44873,32.09365,71
131.44978,32.09295,70
131.45098,32.092125,71
131.45138,32.09185,71
131.45238,32.091166944444446,70
131.45278,32.090891944444444,70
131.45296694444446,32.09081694444444,70
131.45361694444443,32.09063388888889,70
131.45411694444445,32.09052611111111,70
131.454255,32.090516944444445,70
131.45436694444444,32.09052611111111,70
131.454555,32.09058388888889,70
131.4552161111111,32.090786944444446,70
131.4552161111111,32.090786944444446,70
131.4561788888889,32.09108388888889,70
131.45739194444445,32.091425,70
131.45749194444446,32.09144194444445,70
131.45761694444445,32.09144194444445,70
131.45794194444446,32.09109194444444,70
131.4590288888889,32.089933888888886,70
131.45999194444445,32.08888388888889,70
131.46016694444444,32.08867611111111,70
131.46170388888888,32.08679305555555,70
131.4617788888889,32.08670111111111,70
131.46246694444446,32.08589305555556,70
131.46329194444445,32.08504305555556,70
131.4635788888889,32.08480888888889,70
131.4639788888889,32.08455111111111,70
131.46451694444445,32.08435111111111,70
131.4648038888889,32.084285,70
131.4650288888889,32.084226111111114,70
131.46564194444446,32.084085,70
131.46587888888888,32.08402611111111,70
131.4660411111111,32.08397611111111,69
131.4661911111111,32.08391,69
131.4663661111111,32.08379305555555,69
131.4667038888889,32.08351,68
131.4669411111111,32.08327611111111,68
131.4670911111111,32.08317611111111,67
131.4674411111111,32.08304305555556,68
131.4675411111111,32.083018055555556,69
131.4678788888889,32.08296,70
131.46861611111112,32.08282694444444,69
131.4687788888889,32.082785,69
131.4689038888889,32.08271805555555,68
131.4690038888889,32.082635,68
131.4691038888889,32.08256,68
131.46919111111112,32.08241805555556,67
131.46940388888888,32.08197694444444,61
131.4694538888889,32.08171,61
131.4694638888889,32.08117388888889,67
131.4694638888889,32.08117388888889,67
131.4694661111111,32.081085,68
131.46939111111112,32.080535,68
131.46927888888888,32.08011888888889,68
131.46905388888888,32.07941888888889,67
131.4688911111111,32.079076944444445,67
131.4687911111111,32.07896,67
131.4685411111111,32.07874388888889,67
131.4684161111111,32.078685,66
131.4682161111111,32.078651944444445,66
131.46796694444444,32.078676944444446,66
131.4680661111111,32.078485,66
131.4682288888889,32.07835194444444,66
131.46849111111112,32.07826,66
131.4690161111111,32.07809388888889,65
131.46950388888888,32.07789388888889,65
131.46986611111112,32.07774388888889,65
131.4702411111111,32.07763611111111,65
131.4710038888889,32.07747694444444,66
131.4723161111111,32.07726888888889,67
131.4733288888889,32.077126944444444,66
131.4739788888889,32.07701888888889,65
131.47540305555555,32.07671111111111,65
131.47586611111112,32.07659388888889,65
131.47605305555555,32.07654388888889,65
131.47667805555557,32.076326944444446,62
131.47702805555556,32.07613611111111,61
131.47731611111112,32.07596111111111,58
131.4774911111111,32.07583611111111,58
131.47762805555556,32.07571111111111,57
131.47792805555557,32.07535305555555,55
131.47805305555556,32.075161111111115,53
131.47827805555556,32.07474388888889,54
131.47846611111112,32.07442805555556,56
131.4786411111111,32.074103055555554,54
131.4787411111111,32.07394388888889,55
131.4789911111111,32.07365305555555,49
131.47945305555555,32.073245,47
131.47965305555556,32.07312,46
131.4798411111111,32.072995,43
131.48082805555555,32.07247,43
131.48125305555556,32.07233611111111,45
131.48145305555556,32.07231111111111,37
131.48197805555554,32.07227805555556,35
131.48229,32.07226111111111,36
131.48244,32.072245,38
131.483115,32.072161944444446,38
131.48327694444444,32.072136944444445,38
131.48377805555555,32.072028055555556,36
131.48419388888888,32.071931944444444,32
131.48419388888888,32.071931944444444,32
131.48479,32.071795,27
131.48519,32.07167,29
131.48540194444445,32.07161194444444,27
131.48665194444445,32.07123694444444,25
131.48795194444443,32.07085388888889,16
131.488365,32.07077,15
131.489015,32.07068694444445,16
131.48907694444443,32.07068694444445,16
131.48934,32.070661944444446,13
131.489915,32.07065388888889,12
131.49036388888888,32.07068694444445,12
131.49068888888888,32.07065388888889,9
131.4910138888889,32.070611944444444,8
131.49115194444445,32.07060388888889,8
131.4912888888889,32.07058694444444,8
131.4915388888889,32.07056194444444,7
131.4916388888889,32.07054611111111,7
131.49171388888888,32.07053694444444,7
131.4920138888889,32.07047111111111,6
131.4924388888889,32.07028694444445,6
131.49297694444445,32.070053888888886,6
131.49351388888888,32.06982111111111,6
131.49420194444446,32.06945388888889,7
131.49450194444444,32.06926305555555,7
131.49475194444443,32.06909611111111,8
131.4949138888889,32.06899611111111,8
131.49515194444444,32.06883805555555,9
131.49550194444444,32.06857111111111,8
131.49597694444444,32.068238055555554,5
131.4960888888889,32.06813805555556,4
131.49642694444444,32.067838055555555,4
131.4966138888889,32.06769611111111,4
131.4968638888889,32.06762888888889,3
131.4968888888889,32.06762888888889,3
131.49705194444445,32.06762111111111,3
131.4975638888889,32.067638055555555,4
131.49762694444445,32.06764611111111,4
131.49767694444444,32.06764611111111,4
131.4977888888889,32.06765388888889,4
131.49807694444445,32.067703888888886,4
131.49855194444444,32.06777888888889,4
131.49905194444443,32.06782888888889,4
131.49927694444443,32.06785388888889,5
131.49953888888888,32.067863055555556,5
131.49973888888888,32.067863055555556,6
131.5000761111111,32.06787111111111,6
131.5004138888889,32.067863055555556,5
131.5011388888889,32.06780388888889,4
131.5016261111111,32.067755,4
131.50190111111112,32.067705,4
131.50212611111112,32.067655,4
131.5026761111111,32.06752111111111,5
131.5030761111111,32.06747111111111,5
131.50327611111112,32.06747111111111,5
131.50340111111112,32.06752111111111,5
131.5035761111111,32.06763,5
131.5036761111111,32.06771305555556,5
131.50369388888888,32.06773305555556,5
131.50369388888888,32.06773305555556,5
131.5036761111111,32.06771305555556,5
131.5035761111111,32.06763,5
131.50340111111112,32.06752111111111,5
131.50327611111112,32.06747111111111,5
131.5030761111111,32.06747111111111,5
131.5026761111111,32.06752111111111,5
131.50212611111112,32.067655,4
131.50190111111112,32.067705,4
131.5016261111111,32.067755,4
131.5011388888889,32.06780388888889,4
131.5004138888889,32.067863055555556,5
131.5000761111111,32.06787111111111,6
131.49973888888888,32.067863055555556,6
131.49953888888888,32.067863055555556,5
131.49927694444443,32.06785388888889,5
131.49905194444443,32.06782888888889,4
131.49855194444444,32.06777888888889,4
131.49807694444445,32.067703888888886,4
131.4977888888889,32.06765388888889,4
131.49767694444444,32.06764611111111,4
131.49762694444445,32.06764611111111,4
131.4975638888889,32.067638055555555,4
131.49705194444445,32.06762111111111,3
131.4968888888889,32.06762888888889,3
131.4968638888889,32.06762888888889,3
131.4966138888889,32.06769611111111,4
131.49642694444444,32.067838055555555,4
131.4960888888889,32.06813805555556,4
131.49597694444444,32.068238055555554,5
131.49550194444444,32.06857111111111,8
131.49515194444444,32.06883805555555,9
131.4949138888889,32.06899611111111,8
131.49475194444443,32.06909611111111,8
131.49450194444444,32.06926305555555,7
131.49420194444446,32.06945388888889,7
131.49351388888888,32.06982111111111,6
131.4930388888889,32.06946305555556,7
131.49202694444443,32.068688055555555,9
131.49194,32.06861305555555,9
131.49177694444444,32.068463055555554,9
131.49165194444444,32.06829611111111,9
131.491615,32.06821305555555,9
131.49150194444445,32.06787111111111,8
131.491465,32.067771111111114,8
131.49117694444445,32.067261944444446,6
131.49112694444443,32.06719611111111,5
131.49055194444443,32.067411944444444,5
131.48990194444445,32.06764611111111,5
131.48922694444445,32.06787888888889,5
131.48897694444443,32.06791194444445,7
131.48844,32.067996111111114,9
131.48834,32.06801194444444,9
131.48762805555555,32.06813694444445,9
131.48750305555555,32.06815388888889,9
131.486815,32.06821194444444,9
131.48670305555555,32.06820388888889,9
131.48640194444445,32.06817111111111,9
131.48582805555554,32.06804611111111,9
131.48480305555555,32.06778694444444,9
131.48452805555556,32.06774611111111,8
131.48387805555555,32.067686944444446,14
131.48315305555556,32.06757888888889,13
131.48294,32.06752888888889,11
131.48275305555555,32.067478888888886,12
131.4822411111111,32.06732,12
131.48160305555555,32.06708694444445,12
131.48142805555557,32.067036944444446,13
131.48129111111112,32.06700388888889,12
131.48092805555555,32.06692888888889,9
131.48074111111112,32.06688694444444,8
131.48050305555554,32.066811944444446,9
131.47965305555556,32.06647,9
131.47844111111112,32.06592111111111,9
131.47766611111112,32.06554611111111,11
131.4774538888889,32.06543694444444,11
131.4772538888889,32.06537111111111,11
131.4770411111111,32.065311944444446,10
131.4766788888889,32.06523694444444,11
131.4761538888889,32.06515388888889,11
131.4759411111111,32.06513694444445,11
131.4757788888889,32.06513694444445,11
131.4747911111111,32.06513694444445,10
131.4742411111111,32.06513694444445,9
131.4740161111111,32.065128888888886,9
131.4730538888889,32.065045,9
131.4716038888889,32.06490388888889,9
131.4713788888889,32.064886944444446,8
131.4711538888889,32.06487888888889,8
131.46981694444443,32.06485388888889,9
131.4690288888889,32.06480388888889,8
131.46866694444444,32.06476194444444,7
131.468155,32.064686944444446,6
131.46786694444444,32.064661944444445,6
131.46736694444445,32.06467,7
131.46703,32.064695,7
131.46669194444445,32.06473694444445,7
131.46653,32.064728055555555,8
131.46613,32.064645,8
131.465605,32.064503055555555,8
131.464455,32.06415305555556,9
131.46436694444444,32.06412805555556,9
131.46371805555555,32.06402,8
131.463455,32.063986944444444,8
131.46323,32.063986944444444,8
131.46293,32.06402805555555,7
131.462905,32.064036944444446,7
131.46276805555556,32.06408694444445,7
131.46219305555556,32.064345,9
131.46123,32.064745,8
131.46049305555556,32.065045,8
131.46033,32.06511111111111,7
131.45926805555555,32.06552,9
131.45904305555555,32.065603055555556,9
131.45796805555557,32.06602,15
131.45750611111112,32.06621111111111,12
131.4574311111111,32.06623611111111,13
131.45729305555557,32.06627805555556,12
131.4571061111111,32.06631888888889,12
131.45693111111112,32.06634388888889,13
131.45625611111112,32.06646111111111,9
131.4553061111111,32.066653055555555,9
131.45490611111111,32.06672805555556,9
131.4543811111111,32.06679388888889,8
131.4541811111111,32.06683611111111,8
131.45416694444444,32.066833055555556,8
131.45416694444444,32.066833055555556,8
131.4541811111111,32.06683611111111,8
131.45316888888888,32.06596111111111,7
131.4524188888889,32.065311111111114,5
131.4508688888889,32.06398611111111,5
131.44975694444443,32.06303611111111,5
131.44938194444444,32.06271111111111,5
131.44813194444444,32.06165305555555,5
131.44752,32.06112805555556,5
131.44703194444443,32.06071194444444,5
131.44697,32.06066194444445,5
131.446845,32.060545,5
131.446595,32.06027,5
131.446445,32.06008694444444,5
131.44637,32.059961944444446,5
131.44577,32.058861944444445,5
131.44572,32.058795,5
131.44513194444446,32.057645,5
131.44443305555555,32.056295,5
131.44378305555554,32.05502888888889,5
131.44335805555556,32.054203888888885,5
131.44333305555554,32.054161944444445,5
131.4433261111111,32.054143055555556,5
131.4433261111111,32.054143055555556,5
131.44333305555554,32.054161944444445,5
131.44418305555556,32.05397888888889,5
131.44455805555555,32.05389611111111,5
131.44512,32.05375388888889,5
131.44557,32.05361194444444,5
131.44648305555555,32.05325388888889,5
131.447345,32.052911944444446,5
131.44788305555556,32.052686944444446,5
131.44845694444444,32.05237888888889,5
131.44863305555555,32.052261944444446,5
131.44948194444444,32.05162888888889,5
131.44999388888888,32.051271944444444,5
131.44999388888888,32.051271944444444,5
131.45030694444443,32.05105388888889,5
131.45080694444445,32.05074611111111,5
131.451095,32.05058805555556,5
131.45150694444445,32.05042888888889,5
131.45195694444445,32.050263055555554,5
131.4536688888889,32.04981305555555,5
131.4556488888889,32.04935694444445,5
131.4556488888889,32.04935694444445,5
131.45573194444444,32.04933805555556,5
131.45794388888888,32.04884611111111,5
131.46009388888888,32.04837111111111,5
131.4609438888889,32.048188055555556,5
131.46145611111112,32.04808805555555,5
131.4617561111111,32.04803,5
131.46183,32.04801694444444,5
131.46183,32.04801694444444,5
131.46289305555555,32.04783,5
131.46404305555555,32.04763805555555,5
131.46474305555554,32.047505,4
131.46839305555557,32.04692194444444,4
131.46844194444444,32.04691694444445,4
131.46844194444444,32.04691694444445,4
131.46926805555555,32.04683111111111,4
131.469805,32.04678111111111,4
131.47003,32.04675611111111,4
131.47013,32.046771944444444,4
131.470505,32.04683111111111,4
131.47059305555555,32.04685611111111,4
131.47059305555555,32.04685611111111,4
131.47294916666667,32.04646777777778,4
131.47294916666667,32.04646777777778,4
131.4738313888889,32.0459425,4
131.47383194444444,32.045943888888885,4
131.47403,32.04587305555555,4
131.47448,32.04568111111111,4
131.47554305555556,32.04517305555556,3
131.477155,32.04443111111111,3
131.477205,32.044415,3
131.4772661111111,32.04441194444444,3
131.4772661111111,32.04441194444444,3
131.47736694444444,32.04440611111111,3
131.477455,32.04434,3
131.477555,32.04427305555556,3
131.47768,32.04419,3
131.478305,32.04389,2
131.47839194444444,32.04384805555556,2
131.47858,32.043748055555554,2
131.48013,32.043015,2
131.48108,32.04254,2
131.48204194444443,32.042031944444446,2
131.48241694444445,32.041865,2
131.48334194444445,32.04141611111111,2
131.48335111111112,32.04141194444444,2
131.48335111111112,32.04141194444444,2
131.48416694444444,32.041066111111114,2
131.4850788888889,32.040756944444446,2
131.48536694444445,32.04069111111111,2
131.4858538888889,32.04059888888889,2
131.48626694444445,32.040548888888885,2
131.48684194444445,32.040506944444445,2
131.48734194444444,32.040506944444445,2
131.48771694444446,32.04052388888889,2
131.48911694444445,32.040531944444446,2
131.49011694444445,32.04054111111111,2
131.4907088888889,32.040548888888885,2
131.4907088888889,32.040548888888885,2
131.4907288888889,32.040548888888885,2
131.4914038888889,32.040548888888885,2
131.49315388888888,32.04056611111111,2
131.4952538888889,32.040658055555554,2
131.4968538888889,32.04074111111111,2
131.49762805555557,32.04082388888889,3
131.49840194444445,32.040908055555555,3
131.49840194444445,32.040908055555555,3
131.49847805555555,32.04091611111111,3
131.49950305555555,32.04102388888889,4
131.49976611111111,32.04099111111111,4
131.49992805555556,32.04099111111111,4
131.50030305555555,32.04112388888889,4
131.50130305555555,32.04123305555556,5
131.50209388888888,32.041338055555556,5
131.50209388888888,32.041338055555556,5
131.50285194444444,32.040194722222225,5
131.50285194444444,32.040194722222225,5
131.50226805555556,32.03777,1
131.50226805555556,32.03777,1
131.5009211111111,32.033900277777775,1
131.5009211111111,32.033900277777775,1
131.49992,32.03140444444445,1
131.49992,32.03140444444445,1
131.49908555555555,32.03031333333333,3
131.49908555555555,32.03031333333333,3
131.49829888888888,32.028282222222224,3
131.49829888888888,32.028282222222224,3
131.49719055555556,32.02585722222222,5
131.49719055555556,32.02585722222222,5
131.49654694444445,32.0244325,5
131.49654694444445,32.0244325,5
131.49610611111112,32.02419,5
131.49610611111112,32.02419,5
131.49516444444444,32.020895555555555,4
131.49516444444444,32.020895555555555,4
131.49489027777778,32.020430833333336,4
131.49489027777778,32.020430833333336,4
131.49313833333332,32.01822777777778,4
131.49313833333332,32.01822777777778,4
131.4927211111111,32.01721722222222,5
131.4927211111111,32.01721722222222,5
131.4923038888889,32.01638861111111,5
131.4923038888889,32.01638861111111,5
131.4921013888889,32.01499388888889,6
131.4921013888889,32.01499388888889,6
131.4909213888889,32.01262916666666,2
131.4909213888889,32.01262916666666,2
131.48944333333333,32.01097166666667,3
131.48944333333333,32.01097166666667,3
131.4882636111111,32.00985,3
131.4882636111111,32.00985,3
131.488025,32.008050833333336,3
131.488025,32.008050833333336,3
131.48832305555555,32.005625277777774,3
131.48832305555555,32.005625277777774,3
131.48829916666668,32.00483694444444,2
131.48829916666668,32.00483694444444,2
131.488025,32.003634166666664,3
131.488025,32.003634166666664,3
131.48843027777778,32.002855833333335,2
131.48843027777778,32.002855833333335,2
131.48812055555555,32.00010666666667,4
131.48812055555555,32.00010666666667,4
131.48714305555555,31.998378333333335,4
131.48714305555555,31.998378333333335,4
131.48688083333334,31.99630611111111,4
131.48688083333334,31.99630611111111,4
131.48636833333333,31.9950225,4
131.48636833333333,31.9950225,4
131.48504555555556,31.99044333333333,4
131.48504555555556,31.99044333333333,4
131.48436611111111,31.988532777777777,5
131.48436611111111,31.988532777777777,5
131.48362722222222,31.987764444444444,5
131.48362722222222,31.987764444444444,5
131.4826138888889,31.985388888888888,5
131.4826138888889,31.985388888888888,5
131.48273333333333,31.984721666666665,4
131.48273333333333,31.984721666666665,4
131.48337694444444,31.984296944444445,2
131.48337694444444,31.984296944444445,2
131.48342444444444,31.98390277777778,2
131.48342444444444,31.98390277777778,2
131.48295972222223,31.983447777777776,4
131.48295972222223,31.983447777777776,4
131.48253055555554,31.98307388888889,5
131.48253055555554,31.98307388888889,5
131.4824113888889,31.982679444444443,6
131.4824113888889,31.982679444444443,6
131.4823636111111,31.981840277777778,6
131.4823561111111,31.98182,6
131.48225888888888,31.98184611111111,7
131.48179611111112,31.981986944444444,7
131.4815088888889,31.982138055555556,8
131.48133388888888,31.98227111111111,8
131.4812088888889,31.98239611111111,8
131.4810461111111,31.982636944444444,8
131.4810961111111,31.982813055555557,9
131.4800461111111,31.983303888888887,9
131.47909611111112,31.983911944444444,12
131.4789088888889,31.984111944444443,13
131.47875888888888,31.98408611111111,13
131.47875888888888,31.98408611111111,14
131.4787211111111,31.984078888888888,14
131.4784588888889,31.984046111111113,15
131.4780088888889,31.98397111111111,17
131.4757088888889,31.983753888888888,10
131.4743588888889,31.983653888888888,9
131.4741338888889,31.982761944444444,9
131.47404694444444,31.98237111111111,9
131.47409694444445,31.98229611111111,9
131.4766338888889,31.981313055555557,21
131.47668388888889,31.981286944444445,20
131.47669694444446,31.981261944444444,20
131.47669694444446,31.98122888888889,20
131.47612194444446,31.980528888888887,20
131.47569694444445,31.980036944444443,20
131.47558388888888,31.97995388888889,20
131.47504694444444,31.979578888888888,22
131.47494694444444,31.979486944444446,22
131.47482194444444,31.979336944444444,23
131.47454694444446,31.978986944444443,22
131.47445888888888,31.97877888888889,23
131.47439694444444,31.97854611111111,23
131.4739338888889,31.977943055555556,22
131.4739338888889,31.977943055555556,22
131.47388388888888,31.97787888888889,22
131.47367194444445,31.977528888888887,23
131.47359694444444,31.977421111111113,23
131.47334694444444,31.976903888888888,23
131.47319694444445,31.976588055555556,22
131.47292194444444,31.975828888888888,23
131.47204694444446,31.97352888888889,20
131.47191,31.973021111111112,20
131.471835,31.972513055555556,20
131.47166,31.971988055555556,20
131.47157305555555,31.971663055555556,20
131.47156,31.971538055555556,20
131.47156,31.971396111111112,20
131.47156,31.971321111111113,20
131.47167194444444,31.970938055555557,22
131.471685,31.970888055555555,23
131.47166,31.970771111111112,23
131.471435,31.97009611111111,21
131.47131,31.969755,21
131.47077305555555,31.968196111111112,20
131.47074805555556,31.968138055555556,20
131.47044805555555,31.967663055555555,20
131.470285,31.96732111111111,20
131.47024805555554,31.96723,20
131.470085,31.966713055555555,18
131.46999694444443,31.966438055555557,17
131.46999694444443,31.966438055555557,17
131.46969805555557,31.965505,15
131.46942305555555,31.96468,15
131.46937305555556,31.96453,15
131.4692861111111,31.964271944444445,15
131.46921111111112,31.964021944444443,15
131.46886111111112,31.962546944444444,14
131.46856111111111,31.96148,14
131.46852305555555,31.961321944444446,14
131.46832305555554,31.960821944444444,14
131.46808611111112,31.96051388888889,14
131.46777305555557,31.960196944444444,13
131.46769805555556,31.960121944444445,13
131.46753611111112,31.959896944444445,12
131.46742305555554,31.95971388888889,11
131.46728611111112,31.95941388888889,11
131.46727305555555,31.95931388888889,10
131.46724805555556,31.95903,10
131.4672111111111,31.95813,10
131.46719805555554,31.957563888888888,10
131.46719805555554,31.957305,10
131.46714805555555,31.956521944444443,10
131.4671361111111,31.956005,10
131.46722305555556,31.95525611111111,10
131.4672111111111,31.95470611111111,10
131.46718611111112,31.95436388888889,10
131.4671361111111,31.95383111111111,10
131.46708611111112,31.95360611111111,10
131.46696111111112,31.95318888888889,10
131.46684888888888,31.952906111111112,10
131.46673611111112,31.952638888888888,10
131.4666861111111,31.952506111111113,10
131.46662805555556,31.95226,10
131.46662805555556,31.95226,10
131.4664361111111,31.951446944444445,10
131.4664111111111,31.95133111111111,10
131.46639888888888,31.951271944444443,10
131.4656361111111,31.94836388888889,7
131.4654111111111,31.947748055555557,7
131.4650738888889,31.946998055555557,7
131.46492388888888,31.946606111111112,6
131.4648361111111,31.94635611111111,6
131.4647611111111,31.945956111111112,6
131.4647488888889,31.94573111111111,6
131.46478694444446,31.94381388888889,6
131.46478694444446,31.94313111111111,6
131.46483694444444,31.941723055555556,6
131.46488694444446,31.94058111111111,5
131.46488694444446,31.940565,5
131.46496194444444,31.939548055555555,5
131.46498694444443,31.93905611111111,5
131.4649738888889,31.938665,5
131.46493694444445,31.938373055555555,5
131.46479888888888,31.938365,5
131.46460611111112,31.938365,5
131.46460611111112,31.938365,5
131.4642988888889,31.938365,5
131.46398694444446,31.938373055555555,5
131.4635238888889,31.938465,5
131.46158694444443,31.93874,4
131.4607488888889,31.93885611111111,4
131.4583,31.939198055555554,4
131.45715,31.93938111111111,4
131.456875,31.93941388888889,4
131.4568,31.939463888888888,4
131.45676194444445,31.93938888888889,4
131.4562,31.93950611111111,4
131.45491305555555,31.93981388888889,4
131.452325,31.94043111111111,5
131.45146305555556,31.94063111111111,10
131.45126305555556,31.94068111111111,10
131.45095,31.94075611111111,10
131.45071305555555,31.940821944444444,10
131.44995,31.94101388888889,10
131.44921305555556,31.94121388888889,10
131.44878805555555,31.94133111111111,10
131.44753805555555,31.941646944444443,10
131.4473761111111,31.941671944444444,10
131.44716305555556,31.94170611111111,10
131.44645111111112,31.941771944444444,10
131.44536305555556,31.941881111111112,8
131.44526305555556,31.94188888888889,8
131.44396305555554,31.942021944444445,7
131.4431261111111,31.942106111111112,7
131.44292611111112,31.94213111111111,7
131.44276305555556,31.942146944444445,7
131.4425261111111,31.942171944444443,7
131.44090111111112,31.942321944444444,6
131.4400638888889,31.942421944444444,6
131.4396761111111,31.94245611111111,6
131.4387638888889,31.94255611111111,6
131.4375761111111,31.942671944444445,6
131.4364388888889,31.942796944444446,6
131.4352761111111,31.94293,6
131.4347388888889,31.942971944444444,6
131.4344638888889,31.942988888888888,6
131.43408888888888,31.942996944444445,6
131.43400111111112,31.942996944444445,6
131.4339138888889,31.942996944444445,6
131.43238888888888,31.94291388888889,6
131.43207694444445,31.942896944444445,6
131.43147694444446,31.94286388888889,6
131.43122694444443,31.942846944444444,6
131.43002694444445,31.942746944444444,7
131.42997694444443,31.942746944444444,7
131.4296138888889,31.94271388888889,7
131.42950194444444,31.942696944444446,7
131.4291888888889,31.94263,7
131.4283638888889,31.942421944444444,7
131.42760194444443,31.942238888888888,7
131.42628888888888,31.941913888888887,7
131.424315,31.941413055555557,8
131.423715,31.941271944444445,8
131.423115,31.941121944444443,8
131.42269,31.941021944444444,8
131.422065,31.940863055555557,8
131.421415,31.940713055555555,9
131.42129,31.94073,9
131.42129,31.940693055555556,9
131.42129,31.940693055555556,9
131.42130194444445,31.940096944444445,8
131.421315,31.939946944444443,8
131.42130194444445,31.93898,8
131.42129,31.938321944444443,8
131.42128888888888,31.938288055555557,8
</coordinates>
</LineString>
</Placemark>
</Document>
</kml>
