<?xml version="1.0" encoding="UTF-8"?>
<kml xmlns="http://www.opengis.net/kml/2.2" xmlns:atom="http://www.w3.org/2005/Atom">
<Document>
<name>WCC 53rd Summer Day6</name>
<atom:author>
<atom:name>TakeshiKim</atom:name>
</atom:author> 
<atom:link href="https://latlonglab.yahoo.co.jp/route/watch?id=c131b328219f6c32a39f552fd623ebbf" />
<description><![CDATA[Summer Camp Day6
Category:Intermediate

Starts at 常念山麓須砂渡キャンプ場

松本城
http://youkoso.city.matsumoto.nagano.jp/wordpress_index-p_192-htm

Buys at アップルランドデリシア

奈川渡ダム
http://damnet.or.jp/cgi-bin/binranA/All.cgi?db4=1018

Stays at 乗鞍高原楢の木キャンプ場

65.0km・980up]]></description>
<tags><![CDATA[wcc53rd]]></tags>  
<Placemark>
<Style>
<LineStyle>
<color>99ff0000</color>
<width>6</width>
</LineStyle>
</Style>
<LineString>
<coordinates>
137.8250711111111,36.31073694444444,773
137.82483305555556,36.310808055555555,773
137.82467111111112,36.31091611111111,772
137.8245961111111,36.311123888888886,773
137.82478305555554,36.31113305555556,770
137.8252961111111,36.31115805555556,766
137.82580805555557,36.311208055555554,762
137.82628305555556,36.31124888888889,759
137.82728305555557,36.31147388888889,752
137.82742,36.31149888888889,752
137.82892,36.31209888888889,742
137.82930805555554,36.31234111111111,734
137.829745,36.31274111111111,732
137.83003194444444,36.312933055555554,727
137.830245,36.31305805555556,725
137.83045694444445,36.31312388888889,723
137.83112,36.313183055555555,724
137.83140805555556,36.31321611111111,725
137.83157,36.31328305555556,726
137.83188194444443,36.31355805555555,721
137.832045,36.313633055555556,725
137.83242,36.313783055555554,711
137.83388194444444,36.31422388888889,712
137.83458194444444,36.31439888888889,710
137.83486888888888,36.314433055555554,708
137.83509388888888,36.31446611111111,707
137.83620694444446,36.31451611111111,705
137.83631888888888,36.31453305555556,704
137.8364938888889,36.31454111111111,703
137.83690694444445,36.314523888888885,697
137.83714388888887,36.31449888888889,697
137.83753194444444,36.314391111111114,696
137.8378688888889,36.31427388888889,697
137.83800694444443,36.314208055555554,696
137.8383188888889,36.31407388888889,695
137.83895694444445,36.313775,690
137.8390938888889,36.31371611111111,690
137.8394438888889,36.31356611111111,689
137.8396688888889,36.31345805555556,688
137.84018194444445,36.31324111111111,685
137.84063111111112,36.31308305555556,682
137.8410561111111,36.31296611111111,679
137.84120611111112,36.312933055555554,679
137.84153111111112,36.31288305555555,678
137.8418311111111,36.31285,676
137.84190611111111,36.31284194444444,676
137.84210611111112,36.31283305555556,675
137.8424688888889,36.31284194444444,673
137.8430438888889,36.31285805555556,671
137.8433061111111,36.312891944444445,670
137.84424388888888,36.31304194444444,666
137.8448811111111,36.313158055555554,663
137.8456688888889,36.313291944444444,660
137.8462311111111,36.313341944444446,659
137.84674305555555,36.313341944444446,657
137.84709305555555,36.313316944444445,656
137.84779305555554,36.313208055555556,652
137.84789305555555,36.313141944444446,652
137.84789305555555,36.31303305555556,652
137.84784305555556,36.31279194444444,652
137.84775611111112,36.31254194444445,652
137.84756805555554,36.31219194444444,652
137.84716805555556,36.311616944444445,651
137.84764305555555,36.311458888888886,650
137.84778111111112,36.311425,649
137.84839305555556,36.31126694444445,647
137.84880611111112,36.31115,645
137.84889305555555,36.311125,644
137.84911805555555,36.311033888888886,643
137.84986805555556,36.310808888888886,640
137.85118111111112,36.310476111111115,635
137.85171805555555,36.310341944444446,633
137.8523811111111,36.31017611111111,632
137.85266805555557,36.31008388888889,631
137.85269305555556,36.31007611111111,631
137.85294305555556,36.30998388888889,630
137.85308111111112,36.30993388888889,630
137.85319305555555,36.309893055555555,630
137.85390611111112,36.30961805555555,627
137.85449305555557,36.30939305555555,625
137.85469305555554,36.30931694444445,625
137.85513111111112,36.30916805555555,623
137.85623,36.30880111111111,620
137.85794305555555,36.30825111111111,615
137.85843,36.30809305555555,614
137.85899305555554,36.30795111111111,612
137.85903,36.307943055555555,611
137.85938,36.30785888888889,610
137.85954305555555,36.30782611111111,610
137.86026694444445,36.30766,609
137.86073,36.30756,608
137.86094194444445,36.30750111111111,607
137.86143,36.30736805555556,606
137.86218,36.30710111111111,605
137.86338,36.306635,602
137.86411694444445,36.306376944444445,599
137.86444194444445,36.30626,599
137.86521694444446,36.305993055555554,596
137.86601694444445,36.30571,594
137.86736694444446,36.30526805555556,589
137.86751694444445,36.30522694444444,589
137.86811694444444,36.30511888888889,588
137.86896694444445,36.30500194444444,586
137.86941694444445,36.304935,585
137.87111694444445,36.30469388888889,584
137.87191694444445,36.30457694444444,584
137.8725038888889,36.30449388888889,583
137.87325388888888,36.304386111111114,582
137.87346694444443,36.30436111111111,582
137.87571694444443,36.30404388888889,576
137.87610388888888,36.30398611111111,575
137.87686,36.30387388888889,574
137.87686,36.30387388888889,574
137.87700388888888,36.303851944444446,573
137.8770788888889,36.30347694444445,573
137.87721694444446,36.30281111111111,574
137.87734194444445,36.30222805555555,573
137.8774288888889,36.30176888888889,573
137.8775288888889,36.30121111111111,571
137.8776288888889,36.30064388888889,571
137.8777538888889,36.29996888888889,570
137.87777888888888,36.299818888888886,569
137.87781694444445,36.29961888888889,568
137.87784194444444,36.29953611111111,568
137.87821694444443,36.29752805555555,565
137.87841694444444,36.296461944444445,565
137.87841694444444,36.29637805555556,565
137.8784038888889,36.295986944444444,566
137.87839194444445,36.29532805555556,567
137.87854194444444,36.29532805555556,566
137.8789788888889,36.295361944444444,565
137.87954194444444,36.295361944444444,565
137.87974194444445,36.295361944444444,565
137.88074194444445,36.29511194444444,564
137.88109194444445,36.295028888888886,564
137.88129194444446,36.29495388888889,564
137.88207888888888,36.29461194444445,564
137.88264194444446,36.294395,564
137.88300388888888,36.29427888888889,563
137.8830538888889,36.29426194444444,563
137.88454194444444,36.29382888888889,563
137.88482888888888,36.29374611111111,564
137.88499194444444,36.29370388888889,564
137.8851788888889,36.29365388888889,565
137.8853038888889,36.29362888888889,565
137.88586694444444,36.29354611111111,565
137.88672888888888,36.29345388888889,565
137.88695388888888,36.29342888888889,564
137.8871161111111,36.29342111111111,564
137.8878161111111,36.29340388888889,563
137.88875388888889,36.29341194444444,563
137.8892038888889,36.29349611111111,562
137.88934111111112,36.29355388888889,562
137.88981611111112,36.29378694444444,562
137.89059111111112,36.29416194444445,562
137.8921288888889,36.29491194444444,561
137.89276611111111,36.295296111111114,561
137.89389111111112,36.29596194444444,560
137.89412388888888,36.29610111111111,560
137.89412388888888,36.29610111111111,560
137.89445305555554,36.29629611111111,559
137.89480305555554,36.29647111111111,559
137.8950661111111,36.29653694444445,559
137.89520305555556,36.29656194444444,559
137.89590305555555,36.296636944444444,558
137.89617805555557,36.29667111111111,557
137.89702805555555,36.29677111111111,556
137.89717805555554,36.29678694444444,555
137.89820305555557,36.296911944444446,555
137.89852805555554,36.29693694444445,555
137.8993411111111,36.29694611111111,555
137.90020305555555,36.29696194444445,555
137.900315,36.29697111111111,555
137.90092805555557,36.29698694444444,556
137.90202805555555,36.29704611111111,555
137.90382805555555,36.29712111111111,555
137.904165,36.297136944444446,555
137.90550305555556,36.297221111111114,555
137.90644,36.29725388888889,555
137.90732694444443,36.29729611111111,554
137.90764,36.297311944444445,554
137.90807694444445,36.29733805555556,553
137.90847694444443,36.29741305555556,553
137.90987694444445,36.29786305555555,552
137.91015194444444,36.29795388888889,551
137.9102638888889,36.29797111111111,551
137.91040194444443,36.29798805555556,551
137.91072694444443,36.29799611111111,550
137.91110194444445,36.29795388888889,550
137.91245194444446,36.29781194444445,550
137.9128388888889,36.29775388888889,550
137.91325194444445,36.29764611111111,550
137.9137888888889,36.29752888888889,550
137.91395194444445,36.297511944444445,550
137.9141138888889,36.297511944444445,550
137.9142138888889,36.29752111111111,550
137.91507694444445,36.29767888888889,549
137.91598888888888,36.29785388888889,549
137.9162638888889,36.297911944444444,549
137.91670194444444,36.297963055555556,549
137.9169138888889,36.29797111111111,549
137.91697694444446,36.29797111111111,549
137.9182638888889,36.29786305555555,549
137.91878888888888,36.297803888888886,549
137.91925111111112,36.297738055555556,549
137.9194261111111,36.297688055555554,549
137.9198761111111,36.297446111111114,549
137.92015111111112,36.296005,550
137.92028888888888,36.295321111111114,550
137.9204638888889,36.29442111111111,551
137.9205638888889,36.29396305555556,551
137.9206511111111,36.29348805555556,552
137.9208638888889,36.292363055555555,552
137.92095194444445,36.29186305555555,553
137.92110194444444,36.29108,553
137.92125194444444,36.29026388888889,554
137.92131388888887,36.28996388888889,555
137.92152694444445,36.288781944444445,555
137.92152694444445,36.288781944444445,555
137.9215888888889,36.28843888888889,556
137.92167694444444,36.287931111111114,556
137.9217888888889,36.28712194444444,556
137.92186388888888,36.28615611111111,557
137.92187694444445,36.285871944444445,557
137.9218888888889,36.28555611111111,557
137.9218888888889,36.28548111111111,558
137.92186388888888,36.28465611111111,559
137.92185194444446,36.284396944444445,559
137.92176388888888,36.28358111111111,560
137.92163888888888,36.28277305555556,561
137.92162694444445,36.282713888888885,561
137.92151388888888,36.28214805555555,562
137.92147694444444,36.28200611111111,562
137.92142694444445,36.281756111111115,562
137.92139,36.28165611111111,562
137.92105194444446,36.280456111111114,564
137.92075194444445,36.279715,565
137.92174,36.279423055555554,564
137.92207694444446,36.279315,564
137.92255194444445,36.27914,565
137.923015,36.27894805555555,565
137.92349,36.27874,565
137.92370194444445,36.278615,566
137.92411388888888,36.278348055555554,566
137.92440194444444,36.27814,566
137.9247638888889,36.27787305555555,566
137.92487694444443,36.277773055555556,567
137.9259638888889,36.27690694444444,567
137.9260888888889,36.276806944444445,567
137.92717694444445,36.27592388888889,568
137.92753888888888,36.27560694444445,568
137.92776388888888,36.27538194444445,568
137.9285138888889,36.27455694444444,569
137.92901388888887,36.274006944444444,569
137.92942694444446,36.273648888888886,569
137.92972694444444,36.27343194444445,569
137.93001388888888,36.27327388888889,570
137.93060194444445,36.272956944444445,570
137.9309888888889,36.272781944444446,570
137.93187694444444,36.27240694444444,570
137.93212694444443,36.272308055555555,570
137.93330194444445,36.27192388888889,570
137.93382694444443,36.27173194444445,569
137.93412694444444,36.27157388888889,569
137.93431388888888,36.271456944444445,569
137.9344888888889,36.27134111111111,570
137.93467611111112,36.27119111111111,571
137.9349761111111,36.270941111111114,572
137.9352511111111,36.27071611111111,572
137.93555111111112,36.27047388888889,572
137.9357261111111,36.270358055555555,571
137.9362888888889,36.27004888888889,570
137.93637611111112,36.269998888888885,570
137.93906388888888,36.2686,570
137.9391261111111,36.26856611111111,570
137.94022611111112,36.267966111111114,569
137.9410388888889,36.26749111111111,570
137.94132611111112,36.26728305555555,570
137.94143888888888,36.26720805555556,570
137.9418261111111,36.266908055555554,570
137.9427261111111,36.266225,572
137.94281305555555,36.26620805555556,572
137.9431011111111,36.266041944444446,571
137.94317611111111,36.26600805555555,571
137.9434511111111,36.265908055555556,570
137.94351305555554,36.265883055555555,570
137.9437761111111,36.26585,570
137.94398805555556,36.265858055555555,569
137.94436305555556,36.265875,568
137.94461305555555,36.265883055555555,569
137.9447761111111,36.265858055555555,570
137.9455011111111,36.265908055555556,568
137.94577611111112,36.26593305555556,568
137.94626305555556,36.266041944444446,566
137.94646305555557,36.26611694444444,567
137.9466261111111,36.2662,567
137.94696305555556,36.26643305555555,568
137.94716305555556,36.26661694444444,569
137.94753805555555,36.26705,570
137.9477511111111,36.267358055555555,579
137.94786305555556,36.2676,583
137.9479511111111,36.2678,585
137.94971305555555,36.272525,627
137.94983805555555,36.27291611111111,627
137.949875,36.27319888888889,627
137.94986194444445,36.27349111111111,633
137.94981305555555,36.27372388888889,642
137.94973694444445,36.27390805555556,641
137.94951305555554,36.27438305555555,637
137.94945,36.27459888888889,638
137.9494,36.27491611111111,637
137.949625,36.27497388888889,647
137.949725,36.275033055555554,649
137.94985,36.275308055555556,647
137.949925,36.27536611111111,649
137.95005,36.27539111111111,650
137.95013805555556,36.27538305555556,656
137.95021194444445,36.27532388888889,658
137.95023694444444,36.27526611111111,661
137.95025,36.27519888888889,663
137.9502,36.275108055555556,663
137.949775,36.27480805555555,659
137.949725,36.27474111111111,661
137.9497,36.27464888888889,663
137.94971305555555,36.27457388888889,663
137.949775,36.27444111111111,657
137.95,36.27417388888889,662
137.950475,36.273783055555555,666
137.9508,36.27354111111111,673
137.950925,36.27334111111111,673
137.95105,36.273158055555555,672
137.95123694444445,36.273,680
137.95133694444445,36.27284111111111,685
137.95135,36.272733055555555,685
137.95123694444445,36.2722,685
137.951225,36.27204111111111,686
137.95123694444445,36.27194111111111,687
137.951325,36.27185,687
137.95148694444444,36.271833055555554,689
137.951575,36.2719,691
137.95161194444444,36.27198305555556,691
137.951625,36.272575,694
137.951625,36.27330805555555,700
137.9516,36.27345805555556,702
137.95153805555555,36.273608055555556,707
137.951175,36.274233055555555,713
137.95113805555556,36.27433305555556,713
137.951125,36.27444888888889,712
137.95116305555555,36.27456611111111,710
137.95123694444445,36.274683055555556,711
137.951525,36.27495805555556,714
137.95168694444445,36.27506611111111,723
137.95186194444443,36.275083055555555,725
137.95193694444444,36.27502388888889,727
137.951975,36.27493305555556,728
137.951975,36.274858055555555,730
137.95193694444444,36.274791111111114,730
137.95161194444444,36.27456611111111,729
137.95155,36.27449111111111,722
137.95151305555555,36.27441611111111,720
137.9515,36.27431611111111,719
137.951525,36.27424111111111,719
137.95161194444444,36.27415805555555,723
137.95186194444443,36.273983055555554,735
137.9521,36.273783055555555,741
137.95215,36.27369888888889,742
137.95218694444443,36.27356611111111,741
137.95215,36.273275,741
137.95216305555556,36.27320805555556,740
137.9522,36.273158055555555,740
137.95238694444444,36.27303305555556,748
137.953,36.272708055555555,756
137.95365,36.27215805555556,755
137.9538,36.272108055555556,753
137.9539,36.272108055555556,756
137.95416194444445,36.27221611111111,760
137.95435,36.272075,758
137.95443694444444,36.27198305555556,755
137.9546,36.2717,749
137.95501194444444,36.271025,741
137.95508694444445,36.270916944444444,739
137.955125,36.270833055555556,738
137.95521194444444,36.27066694444444,736
137.955275,36.27053305555555,737
137.95538694444446,36.270158055555555,735
137.95553694444445,36.26983305555556,732
137.955825,36.26934194444444,732
137.95586194444445,36.26920805555555,729
137.95585,36.269025,729
137.9557,36.268683055555556,728
137.95565,36.26855805555556,727
137.95564611111112,36.26849694444444,726
137.95564611111112,36.26849694444444,726
137.95563694444445,36.268366944444445,726
137.95573694444445,36.26773388888889,722
137.95578694444444,36.26745,721
137.955875,36.26723388888889,719
137.95618694444445,36.26679194444444,718
137.95625,36.2667,717
137.95643694444445,36.2664,716
137.95653694444445,36.26625888888889,715
137.956725,36.26603388888889,715
137.95688694444445,36.265925,714
137.95701194444445,36.26585,716
137.95711194444445,36.26580888888889,718
137.957275,36.265726111111114,721
137.95743694444445,36.26560888888889,723
137.9575738888889,36.26548388888889,727
137.9575988888889,36.26531694444444,728
137.95753694444446,36.26483388888889,730
137.95756194444445,36.26468388888889,732
137.9577488888889,36.26438388888889,729
137.95799888888888,36.264066944444444,727
137.95822388888888,36.263691944444446,724
137.95838694444444,36.26348388888889,717
137.95906194444444,36.26300111111111,713
137.95913694444445,36.262951111111114,713
137.95924888888888,36.26283388888889,709
137.95956194444443,36.26217611111111,699
137.95963694444444,36.262076111111114,698
137.95976194444444,36.26195888888889,697
137.96003694444445,36.26181694444445,695
137.96091194444443,36.261341944444446,686
137.96106194444445,36.26128388888889,686
137.96133694444444,36.26125888888889,682
137.96163694444445,36.261251111111115,679
137.96217388888888,36.26114305555556,673
137.9622488888889,36.26110888888889,672
137.96232388888887,36.261093055555556,672
137.9627238888889,36.26107611111111,673
137.96281194444444,36.261026111111114,674
137.96307388888889,36.26071805555556,673
137.96344888888888,36.260643055555555,672
137.9635988888889,36.260618055555554,672
137.96367388888888,36.260601111111114,671
137.96391111111112,36.26050111111111,671
137.9639611111111,36.26040888888889,670
137.9639611111111,36.26032611111111,670
137.9639488888889,36.259858888888886,667
137.96401111111112,36.25966805555556,666
137.9641488888889,36.25944305555556,667
137.96422388888888,36.259385,666
137.9642861111111,36.25936,666
137.9647611111111,36.25931805555555,664
137.96481111111112,36.25931805555555,663
137.96502388888888,36.259235,662
137.96512388888888,36.259135,661
137.9651738888889,36.258935,661
137.96516111111112,36.25884305555556,661
137.96513611111112,36.25859305555556,661
137.96514888888888,36.258335,662
137.96516111111112,36.25820111111111,662
137.9651861111111,36.257843055555554,662
137.9651738888889,36.25754305555556,662
137.9651738888889,36.25750111111111,662
137.9651738888889,36.257443055555555,661
137.96512388888888,36.25669305555556,655
137.96513611111112,36.256635,654
137.96523611111112,36.25646,653
137.9653988888889,36.25626805555556,651
137.96548611111112,36.25606805555555,650
137.9655488888889,36.255885,649
137.9655238888889,36.25575194444444,648
137.96548611111112,36.255701944444446,648
137.96536111111112,36.25561805555556,647
137.96514888888888,36.255518055555555,646
137.9650611111111,36.25541805555556,647
137.96504,36.255361111111114,647
137.96504,36.255361111111114,647
137.96502388888888,36.255318055555556,647
137.96489888888888,36.25491,647
137.9648238888889,36.254668055555555,648
137.9648238888889,36.25456805555555,648
137.9648361111111,36.254468055555556,648
137.9648861111111,36.254085,648
137.96489888888888,36.25396805555555,646
137.96493694444445,36.25342694444444,644
137.96492388888888,36.253126944444446,643
137.96486194444444,36.25260194444444,645
137.96486194444444,36.25256,645
137.96498694444443,36.25246,644
137.9648738888889,36.25231888888889,644
137.9648238888889,36.252201944444444,643
137.96478694444446,36.25170194444444,641
137.96477388888889,36.251643888888886,642
137.9647488888889,36.25146111111111,642
137.9645988888889,36.25111888888889,641
137.96453694444443,36.250926944444444,638
137.96451194444444,36.250726944444445,638
137.96448694444445,36.25013611111111,633
137.96446194444445,36.24986111111111,631
137.96446194444445,36.24971111111111,630
137.9643988888889,36.24881888888889,626
137.9643988888889,36.248576944444444,624
137.9644238888889,36.24836111111111,621
137.96446194444445,36.24816888888889,620
137.9645238888889,36.24784388888889,619
137.9645988888889,36.24749388888889,617
137.96471194444445,36.246878055555555,613
137.96473694444444,36.24650305555556,612
137.96477388888889,36.24613611111111,610
137.96477388888889,36.24599388888889,609
137.9648238888889,36.24548611111111,608
137.9648238888889,36.24536111111111,608
137.96483694444444,36.24522,607
137.96486194444444,36.244503055555555,604
137.9648738888889,36.24413611111111,603
137.96488694444446,36.24375305555556,601
137.96488694444446,36.24368694444444,601
137.96489888888888,36.24337,598
137.96491194444445,36.24308694444444,596
137.96493694444445,36.24261194444444,593
137.9649488888889,36.242495,593
137.96496194444444,36.24220305555556,591
137.96499888888889,36.241495,589
137.96501194444446,36.24117888888889,589
137.96506194444444,36.24027888888889,588
137.9650738888889,36.24001194444445,588
137.96602388888888,36.24004611111111,589
137.96623694444443,36.24003694444445,589
137.96653694444444,36.23999611111111,589
137.96673694444445,36.23992111111111,589
137.9671238888889,36.239736944444445,589
137.9673238888889,36.23966194444444,589
137.96748694444443,36.239646111111114,589
137.96772388888888,36.23962111111111,589
137.96793694444443,36.23962111111111,589
137.96866194444445,36.23961194444444,590
137.96895,36.23961388888889,590
137.96895,36.23961388888889,590
137.96866194444445,36.23961194444444,590
137.96793694444443,36.23962111111111,589
137.96772388888888,36.23962111111111,589
137.96748694444443,36.239646111111114,589
137.9673238888889,36.23966194444444,589
137.9671238888889,36.239736944444445,589
137.96673694444445,36.23992111111111,589
137.96653694444444,36.23999611111111,589
137.96623694444443,36.24003694444445,589
137.96602388888888,36.24004611111111,589
137.9650738888889,36.24001194444445,588
137.96479888888888,36.240003888888886,588
137.9645988888889,36.239995,587
137.9641988888889,36.239986944444446,587
137.9637,36.239961944444445,586
137.96328694444443,36.23995388888889,586
137.96321194444445,36.239945,586
137.962425,36.239936944444445,586
137.96095,36.239911944444444,584
137.96031194444444,36.239895,583
137.960275,36.239911944444444,583
137.959525,36.24022,582
137.95813805555557,36.24077805555556,583
137.95838805555556,36.23987805555556,582
137.95848805555556,36.239378888888886,581
137.9585,36.239345,581
137.958525,36.23921194444444,581
137.95853805555555,36.239153888888886,581
137.95861305555556,36.23880388888889,580
137.95866,36.23858305555556,580
137.95866,36.23858305555556,580
137.958775,36.23805388888889,580
137.9588,36.23795388888889,580
137.95898805555555,36.23717888888889,580
137.95771305555556,36.23710388888889,578
137.9565511111111,36.23703694444445,581
137.9564261111111,36.23697888888889,583
137.95606305555555,36.236961944444445,583
137.95578805555556,36.23695388888889,581
137.95570111111113,36.23695388888889,580
137.95481305555555,36.23688694444444,580
137.9546261111111,36.23687888888889,580
137.9545511111111,36.23687,575
137.95348805555557,36.23681194444445,576
137.95341305555556,36.23681194444445,576
137.95287611111112,36.23677888888889,577
137.9527011111111,36.23677,577
137.9523761111111,36.236745,578
137.9516138888889,36.236695,579
137.95151388888888,36.23668694444444,579
137.95096388888888,36.23667,579
137.95071388888888,36.23665388888889,580
137.9502261111111,36.23662,580
137.94992611111113,36.236595,580
137.9496638888889,36.236578888888886,580
137.94916388888888,36.23655388888889,580
137.94871388888888,36.236545,581
137.94766388888888,36.23650388888889,582
137.94746388888888,36.23650388888889,582
137.94666388888888,36.236545,583
137.94572694444443,36.23657,583
137.9446888888889,36.236595,584
137.9446638888889,36.236595,584
137.9442138888889,36.236578055555555,584
137.94305194444445,36.23652805555555,586
137.9426638888889,36.236495,586
137.94250194444444,36.236495,586
137.94222694444446,36.236486944444444,586
137.94207694444444,36.236511944444445,586
137.94189,36.236561944444446,586
137.94164,36.236628055555556,586
137.940915,36.236828055555556,587
137.94042694444445,36.236895,587
137.93965194444445,36.23692,588
137.939165,36.23692805555556,588
137.93912805555556,36.23692805555556,588
137.93817694444445,36.23686111111111,589
137.93804,36.23685305555556,589
137.937715,36.23683611111111,589
137.93757805555555,36.23682,589
137.93710305555555,36.236795,590
137.93685305555556,36.236803055555555,590
137.93632805555555,36.23687,590
137.935515,36.23697,591
137.93490305555557,36.23704388888889,591
137.934415,36.237053055555556,591
137.93417805555555,36.23703611111111,591
137.93369,36.236978055555554,592
137.93306611111112,36.23688611111111,592
137.93217805555557,36.236761111111115,593
137.93092805555557,36.23659388888889,594
137.9300411111111,36.23649388888889,595
137.92942805555555,36.23646111111111,595
137.9276911111111,36.236468888888886,597
137.9254911111111,36.236468888888886,599
137.92446611111112,36.23646111111111,599
137.92422888888888,36.23645194444445,599
137.92376611111112,36.23641111111111,600
137.92299111111112,36.23626111111111,600
137.92164194444445,36.235951944444444,601
137.9206288888889,36.23571111111111,602
137.91922888888888,36.23537805555556,603
137.9188038888889,36.235236111111114,604
137.91861694444444,36.235151944444446,604
137.91836694444444,36.23497694444445,604
137.91821694444445,36.23486111111111,605
137.91806694444443,36.23471888888889,605
137.91742888888888,36.233961111111114,606
137.91639194444446,36.23267805555555,607
137.91604194444446,36.23224388888889,607
137.91492888888888,36.23088611111111,609
137.9148788888889,36.23083611111111,609
137.91476694444444,36.23072805555555,609
137.914555,36.23056111111111,610
137.914305,36.23042,610
137.91423,36.23038611111111,610
137.91379194444445,36.23022,610
137.91351694444444,36.23016111111111,610
137.91323,36.23013611111111,610
137.91294194444444,36.23013611111111,611
137.912655,36.230153055555554,611
137.912405,36.230195,611
137.91208,36.23028611111111,611
137.91179194444445,36.23042805555556,611
137.911655,36.23050305555556,611
137.910855,36.23097805555555,611
137.90989194444444,36.23155305555556,612
137.908705,36.23225305555555,611
137.90858,36.23209388888889,611
137.90844388888888,36.23194194444444,612
137.90844388888888,36.23194194444444,612
137.90783,36.231253055555555,615
137.90723,36.230603055555555,615
137.90578,36.22912,615
137.90536805555556,36.22872,616
137.90459305555555,36.22807,617
137.90424305555555,36.22775305555555,617
137.904105,36.22761111111111,617
137.90344305555556,36.22683611111111,618
137.90334305555555,36.226753055555555,619
137.90319305555556,36.22666111111111,619
137.9029811111111,36.226545,619
137.9026061111111,36.226353055555556,619
137.9025061111111,36.22628611111111,620
137.9024061111111,36.22620305555556,620
137.90165611111112,36.22557805555556,620
137.90088111111112,36.22486194444444,620
137.9003811111111,36.224395,620
137.9002311111111,36.22427805555556,621
137.90001805555556,36.224145,621
137.89961805555555,36.223945,621
137.89864305555557,36.223445,622
137.89860611111112,36.223495,622
137.8985311111111,36.223578055555556,622
137.89724305555555,36.225245,622
137.89719305555556,36.22532805555556,622
137.8967561111111,36.225853055555554,621
137.89639305555556,36.22627,622
137.8957561111111,36.225878055555555,622
137.8953561111111,36.22563611111111,623
137.8948311111111,36.22531111111111,624
137.89394388888888,36.22475305555555,624
137.89386888888887,36.22471111111111,624
137.89293111111112,36.224145,625
137.8920688888889,36.22362805555556,625
137.89179388888888,36.22347805555555,626
137.89158111111112,36.223395,626
137.8914738888889,36.223371944444445,626
137.8914738888889,36.223371944444445,626
137.89134388888888,36.223345,626
137.8911061111111,36.223303055555554,626
137.8899311111111,36.22317805555556,628
137.8892561111111,36.223095,629
137.88905694444443,36.22307,629
137.88810694444444,36.222945,629
137.8879188888889,36.22293611111111,629
137.88749388888888,36.222903055555555,630
137.88723194444444,36.22288611111111,630
137.88691888888889,36.222878055555555,631
137.88633194444444,36.22281111111111,632
137.8859438888889,36.22252805555556,632
137.88559388888888,36.222278055555556,632
137.8854188888889,36.222195,633
137.88525694444445,36.22212805555556,633
137.88501888888888,36.222078055555556,633
137.88489388888888,36.22207,633
137.88478194444446,36.222053055555556,633
137.88431888888888,36.22187,634
137.8837438888889,36.221603055555555,634
137.88262,36.22108611111111,635
137.879645,36.21973611111111,635
137.87935805555554,36.219636111111114,635
137.87903194444445,36.219545,635
137.87812,36.21943611111111,639
137.87590805555556,36.21923611111111,642
137.87518305555557,36.219253055555555,642
137.8748961111111,36.21926888888889,643
137.8746461111111,36.21932805555556,645
137.87448305555554,36.21940305555555,645
137.87435805555555,36.219503055555556,645
137.8741961111111,36.21968611111111,645
137.87389611111112,36.22009388888889,646
137.87240805555555,36.21940305555555,647
137.8719211111111,36.21916111111111,648
137.87177111111112,36.21909388888889,648
137.87170805555556,36.21903611111111,648
137.8715961111111,36.21884388888889,647
137.8715711111111,36.21871111111111,646
137.87138305555555,36.21868611111111,647
137.8712711111111,36.21868611111111,647
137.87050805555555,36.218628055555556,647
137.8698711111111,36.21858611111111,648
137.86960888888888,36.21853611111111,647
137.8693461111111,36.21846111111111,648
137.86914611111112,36.21836111111111,648
137.86894611111111,36.21821888888889,648
137.86858388888888,36.21790305555555,648
137.8683211111111,36.21776111111111,647
137.8672588888889,36.21731888888889,647
137.8671838888889,36.21729388888889,648
137.8663838888889,36.21695305555556,650
137.8656711111111,36.216653055555554,650
137.86505888888888,36.21636111111111,651
137.86428388888888,36.21592805555556,651
137.86417194444445,36.21587805555556,651
137.86404694444445,36.215853055555556,652
137.8635588888889,36.215918888888886,655
137.86334694444446,36.21591111111111,657
137.86312194444446,36.215828055555555,656
137.86294694444445,36.21572805555556,656
137.86274694444444,36.21555305555555,655
137.8626588888889,36.215403055555555,655
137.8626338888889,36.21531888888889,656
137.8626088888889,36.21496111111111,655
137.86254694444443,36.21486888888889,655
137.86247194444445,36.21479388888889,655
137.85951,36.21357805555556,658
137.8590911111111,36.21340611111111,658
137.8590911111111,36.21340611111111,658
137.85801,36.21296111111111,657
137.85749694444445,36.212761111111114,658
137.857185,36.21262,659
137.856435,36.21222,660
137.85536,36.21165305555556,663
137.85439805555555,36.211245,665
137.85444805555557,36.21116194444444,665
137.85494805555555,36.21036194444444,666
137.855485,36.20952,666
137.85551,36.209495,666
137.85622305555555,36.208395,656
137.85661,36.207811944444444,658
137.85666,36.20772888888889,660
137.85724694444446,36.206828888888886,660
137.85757305555555,36.20635388888889,660
137.85761,36.20629611111111,660
137.85791,36.20585388888889,661
137.858135,36.205511944444446,661
137.85821,36.20538805555555,661
137.85839694444445,36.20509611111111,670
137.85844805555556,36.20494611111111,671
137.85842194444444,36.20482111111111,670
137.85826,36.20453805555555,671
137.85791,36.20387888888889,674
137.85776,36.20361305555556,675
137.85764694444444,36.20342888888889,675
137.85752194444444,36.203203888888886,675
137.85697305555556,36.202288055555556,676
137.85659805555557,36.20168,676
137.85656,36.20152111111111,677
137.85639805555556,36.20149611111111,676
137.85567305555554,36.20137111111111,676
137.855685,36.201255,677
137.85569805555556,36.199913055555555,686
137.85569805555556,36.19989694444445,686
137.85569805555556,36.19983,687
137.85571,36.19978805555556,687
137.85609805555555,36.19988,687
137.85652305555556,36.19994694444444,686
137.85709805555555,36.200305,683
137.857685,36.20048,684
137.85787305555556,36.20053,684
137.858085,36.20061305555556,684
137.8582288888889,36.20066888888889,684
137.8582288888889,36.20066888888889,684
137.858085,36.20061305555556,684
137.85787305555556,36.20053,684
137.857685,36.20048,684
137.85709805555555,36.200305,683
137.85652305555556,36.19994694444444,686
137.85609805555555,36.19988,687
137.85571,36.19978805555556,687
137.85569805555556,36.19983,687
137.85569805555556,36.19989694444445,686
137.85569805555556,36.199913055555555,686
137.855685,36.201255,677
137.85567305555554,36.20137111111111,676
137.854985,36.20123805555556,676
137.85432305555557,36.20106305555556,676
137.85406,36.200988055555555,677
137.85287305555556,36.20063805555556,680
137.85168611111112,36.20029611111111,682
137.85101111111112,36.20009611111111,683
137.8505361111111,36.199955,683
137.85002305555557,36.199805,682
137.84934805555557,36.199605,682
137.84817305555555,36.199263055555555,683
137.84784805555554,36.19916305555556,683
137.84716111111112,36.198955,683
137.8464361111111,36.19874611111111,682
137.84593611111111,36.19859611111111,682
137.84584805555556,36.198571111111114,682
137.84542305555556,36.19844611111111,682
137.8447111111111,36.19823805555556,684
137.8441861111111,36.19808,686
137.84376111111112,36.197938055555554,689
137.8432738888889,36.197763055555555,690
137.8427111111111,36.19757194444445,691
137.8421488888889,36.197405,691
137.84186111111111,36.19733,691
137.84069888888888,36.19699694444444,692
137.84023611111112,36.19688,693
137.83989888888888,36.19678,693
137.83889888888888,36.19641305555555,692
137.8383738888889,36.19624694444445,691
137.8376988888889,36.196063055555555,691
137.8373361111111,36.19596305555555,691
137.8364861111111,36.195746944444444,691
137.8357488888889,36.19549694444444,692
137.8351238888889,36.19522194444444,692
137.83428694444444,36.19477194444445,691
137.83361194444444,36.194313055555554,692
137.83346194444445,36.19423,691
137.8329738888889,36.193955,688
137.83118694444445,36.193596944444444,689
137.8305738888889,36.193455,688
137.83026194444443,36.193355,687
137.82986194444445,36.19321305555555,689
137.82923694444443,36.19296305555556,689
137.82881194444445,36.19278,689
137.82806194444444,36.192505,689
137.8263988888889,36.19193,689
137.82588694444445,36.191746944444446,689
137.82551194444446,36.19161305555556,689
137.82501194444444,36.19143,689
137.82388694444444,36.19099694444444,689
137.82308694444444,36.190713055555555,693
137.82291194444446,36.190646944444445,691
137.82263694444444,36.190555,690
137.82158694444445,36.19018,697
137.82141305555555,36.19011305555556,696
137.82108805555555,36.18998,696
137.82066194444445,36.189771944444445,697
137.82035,36.189605,697
137.82006305555555,36.18953,696
137.81965,36.18948888888889,696
137.81925,36.18948888888889,695
137.81871305555555,36.189555,694
137.81813805555555,36.18964694444445,692
137.817775,36.18963888888889,691
137.817425,36.189505,691
137.8171,36.18927194444444,692
137.81668805555555,36.18891388888889,693
137.81651305555556,36.188763888888886,694
137.816,36.188355,695
137.81568805555557,36.188155,696
137.81523805555557,36.18793,697
137.81477611111112,36.187755,698
137.81411305555557,36.187555,699
137.8135511111111,36.18738,698
137.81285111111112,36.187171944444444,699
137.81236305555555,36.187038888888885,698
137.8117511111111,36.18692194444444,704
137.81131305555556,36.18684694444445,704
137.81091305555555,36.18668888888889,704
137.8106261111111,36.186506111111115,706
137.80953805555555,36.18568111111111,715
137.80881305555556,36.18513111111111,724
137.80773888888888,36.18433111111111,728
137.80705111111112,36.183931111111114,727
137.8067388888889,36.18383111111111,725
137.8062138888889,36.183796944444445,699
137.80581388888888,36.183771944444445,699
137.80522611111112,36.18382305555556,712
137.80513888888888,36.18383111111111,713
137.80467611111112,36.18387194444445,715
137.8032888888889,36.18407194444445,722
137.80300194444445,36.18409805555556,722
137.80273888888888,36.18408111111111,722
137.80250194444446,36.18405611111111,722
137.80135194444443,36.18378888888889,723
137.80057694444446,36.18359805555556,727
137.80055694444445,36.183593055555555,727
137.80055694444445,36.183593055555555,727
137.79968888888888,36.18338111111111,728
137.79956388888888,36.18333888888889,728
137.79945194444446,36.18327305555555,728
137.7990638888889,36.182896944444444,728
137.79901388888888,36.18284805555555,728
137.79877694444446,36.182631111111114,728
137.79850194444444,36.182448055555554,728
137.79824,36.18238111111111,727
137.79769,36.182298055555556,732
137.79729,36.18219805555555,735
137.79695194444446,36.18214805555556,734
137.796565,36.182073055555556,730
137.796215,36.18205611111111,725
137.79567694444444,36.18210611111111,723
137.79532805555556,36.18217305555556,723
137.79482805555554,36.18235611111111,725
137.79327694444444,36.18306388888889,727
137.79282805555556,36.18323111111111,727
137.791715,36.18368888888889,736
137.79144,36.18382305555556,735
137.79117805555555,36.18389805555555,738
137.78989,36.18413888888889,736
137.78917805555557,36.18432305555555,734
137.78895305555557,36.18437194444444,736
137.7887411111111,36.18438888888889,736
137.7884161111111,36.18437194444444,736
137.78800305555555,36.18428888888889,728
137.78765305555555,36.184198055555555,724
137.78746611111112,36.18412305555555,725
137.78725305555557,36.18398888888889,719
137.7863911111111,36.18333111111111,720
137.78607805555555,36.183098055555554,725
137.78584111111113,36.182856111111114,730
137.7852661111111,36.182248055555554,734
137.78516611111112,36.18214805555556,734
137.7846911111111,36.18168111111111,734
137.78440305555554,36.18148111111111,736
137.7841288888889,36.18121388888889,731
137.78402888888888,36.181131111111114,735
137.78391611111113,36.181063888888886,734
137.7833411111111,36.180973055555555,736
137.7829411111111,36.18069,739
137.78246611111112,36.18015611111111,740
137.7821661111111,36.17950611111111,741
137.7818161111111,36.17820694444445,742
137.7817411111111,36.177906944444445,744
137.7816411111111,36.17765694444444,745
137.7814911111111,36.177365,745
137.7811661111111,36.17684805555555,756
137.78107888888889,36.17662305555555,756
137.7809288888889,36.175665,754
137.78089194444445,36.17554,754
137.78059194444444,36.17482388888889,754
137.7804788888889,36.17465694444444,754
137.7803788888889,36.17455694444445,756
137.7800538888889,36.17426611111111,752
137.7799038888889,36.17418194444444,751
137.7796788888889,36.174081944444445,751
137.77944194444444,36.17391611111111,753
137.77930388888888,36.17384888888889,752
137.77904194444446,36.17374111111111,751
137.77891694444443,36.17364888888889,747
137.77884194444445,36.17351611111111,750
137.7788038888889,36.173366111111115,746
137.77881694444446,36.173181944444444,751
137.77885388888888,36.17302388888889,752
137.77894194444445,36.17287388888889,753
137.77921694444444,36.17249888888889,751
137.77926694444446,36.17237388888889,747
137.77926694444446,36.17222388888889,739
137.77919194444445,36.17209888888889,739
137.77907888888888,36.171998888888886,741
137.7788788888889,36.17192388888889,753
137.7787538888889,36.17187388888889,747
137.77869194444443,36.17182388888889,747
137.77864194444444,36.171756944444446,743
137.77860388888888,36.171658055555554,742
137.7783538888889,36.17062388888889,742
137.7782288888889,36.17044888888889,743
137.77811694444443,36.170383055555554,743
137.77781694444445,36.17028305555556,743
137.77753,36.17021611111111,744
137.77633,36.17006611111111,745
137.77596694444443,36.169983055555555,742
137.77583,36.16993305555555,743
137.77573,36.16990805555555,744
137.77548,36.16989888888889,743
137.77521694444445,36.16982388888889,751
137.77518,36.16979888888889,751
137.77513,36.169758055555555,745
137.77458,36.16922388888889,755
137.77436694444444,36.169083055555554,763
137.77383,36.16901611111111,767
137.773155,36.168998888888886,763
137.773055,36.16895805555556,762
137.772855,36.16889111111111,761
137.77279305555555,36.16879888888889,757
137.772555,36.16824888888889,766
137.77239305555557,36.16799888888889,796
137.77234305555555,36.16794111111111,796
137.77164305555556,36.16745,792
137.77133,36.167225,796
137.77083,36.166758055555555,796
137.77045611111112,36.166291111111114,797
137.77016805555556,36.165908055555555,795
137.76953111111112,36.16555805555556,794
137.76906805555555,36.165216111111114,797
137.7687811111111,36.16509111111111,797
137.76836805555556,36.1649,794
137.76781805555555,36.164541944444444,797
137.76736805555555,36.16425,796
137.7671311111111,36.16421694444445,797
137.76674305555557,36.164208055555555,795
137.76638111111112,36.164125,793
137.76433111111112,36.163275,795
137.7640688888889,36.16305805555555,804
137.76365611111112,36.162641944444445,809
137.76353111111112,36.162575,810
137.7633438888889,36.16254194444444,812
137.76316888888888,36.16251694444444,811
137.76298111111112,36.16249194444445,813
137.76274388888888,36.16240805555555,813
137.76230611111112,36.1622,815
137.7620938888889,36.1621,817
137.76205611111112,36.162075,817
137.76204388888888,36.16191694444444,818
137.76216888888888,36.161425,819
137.7616438888889,36.16115888888889,818
137.76128111111112,36.160966944444446,817
137.76001888888888,36.1603,822
137.75890694444445,36.15972611111111,824
137.7587188888889,36.15960111111111,824
137.7585938888889,36.15947611111111,825
137.75838194444444,36.15915888888889,827
137.7577188888889,36.158076111111114,836
137.75740694444445,36.15786694444444,836
137.75710694444444,36.15768388888889,833
137.75653194444445,36.157291944444445,837
137.756145,36.15701694444444,837
137.75578194444444,36.15675111111111,846
137.75525694444445,36.15637611111111,847
137.75512,36.15627611111111,847
137.75430694444444,36.15573388888889,854
137.75382,36.15548388888889,854
137.75337,36.15521694444445,856
137.753145,36.15504305555555,855
137.75308194444443,36.15495111111111,855
137.75300694444445,36.15482611111111,856
137.752945,36.15458388888889,855
137.75298305555555,36.154093055555556,858
137.752845,36.15389305555556,861
137.752595,36.15372611111111,864
137.75170805555555,36.153443055555556,867
137.75015805555554,36.15295888888889,875
137.74994611111111,36.15287611111111,877
137.74958305555555,36.152568055555555,876
137.74945805555555,36.15229305555555,887
137.7493211111111,36.15191,883
137.74925805555554,36.15150111111111,885
137.74925805555554,36.15117611111111,887
137.74908305555556,36.15055111111111,894
137.74890805555555,36.15022611111111,894
137.74855805555555,36.14971,896
137.74840805555556,36.149535,897
137.74803305555557,36.14921,899
137.74719611111112,36.14856805555556,896
137.74693305555556,36.14836,897
137.7467088888889,36.14812694444444,903
137.74629611111112,36.147535,908
137.74619611111112,36.147418055555555,914
137.74587111111111,36.147185,916
137.7456838888889,36.146968888888885,918
137.7455338888889,36.146885,918
137.74525888888888,36.14681888888889,917
137.74439611111112,36.14686,923
137.7442211111111,36.14680194444445,925
137.74413388888888,36.14666,925
137.7439838888889,36.145885,926
137.74379611111112,36.14546,935
137.7436588888889,36.14486888888889,932
137.74357111111112,36.144735,932
137.7434211111111,36.14462694444445,934
137.74300888888888,36.14456,933
137.74282194444444,36.14449388888889,941
137.7426338888889,36.144351944444445,941
137.7423838888889,36.14406888888889,943
137.7422838888889,36.14381888888889,945
137.74189694444445,36.14348611111111,945
137.74167194444445,36.14322694444444,945
137.74127194444443,36.142986111111114,946
137.7411588888889,36.14286888888889,947
137.74112194444444,36.14272694444445,947
137.74108388888888,36.14209388888889,940
137.7410338888889,36.14191111111111,942
137.7408838888889,36.14166111111111,945
137.7408338888889,36.141353055555555,946
137.7407088888889,36.14116888888889,946
137.7404338888889,36.140993888888886,946
137.7401088888889,36.140861111111114,946
137.7397838888889,36.14077694444445,948
137.7391838888889,36.14068611111111,935
137.738785,36.14066111111111,937
137.73857194444443,36.14060194444444,935
137.73842194444444,36.14048611111111,934
137.73827194444445,36.14026111111111,934
137.73816,36.13970194444445,927
137.738085,36.139628055555555,925
137.73796,36.139586111111115,926
137.737685,36.139603055555554,926
137.73727194444444,36.139628055555555,927
137.73706,36.139586111111115,925
137.73682194444444,36.13946888888889,924
137.73646,36.13915305555555,926
137.736285,36.139028055555556,925
137.73574805555555,36.13879388888889,923
137.735385,36.138528055555554,926
137.735235,36.13842805555556,928
137.734835,36.13826111111111,925
137.734635,36.13816111111111,925
137.73441,36.13801111111111,925
137.73412194444444,36.13777805555556,925
137.73376,36.13765305555555,925
137.73339805555557,36.13758611111111,925
137.732835,36.13755305555556,926
137.73224805555554,36.13746888888889,926
137.73201,36.13739388888889,926
137.73151,36.137143888888886,925
137.73087305555555,36.13672805555556,933
137.7295611111111,36.135978055555555,938
137.7289861111111,36.135795,941
137.7272111111111,36.135745,946
137.72658611111112,36.13567805555556,949
137.7263111111111,36.135578055555555,954
137.72599888888888,36.135378055555556,955
137.7255861111111,36.135153055555556,955
137.72531111111113,36.134953055555556,957
137.72508611111112,36.13482,956
137.7249611111111,36.13468611111111,955
137.72487388888888,36.134503055555555,958
137.72474888888888,36.13412805555556,965
137.7246861111111,36.13386111111111,971
137.7244488888889,36.13256194444445,975
137.72443611111112,36.132295,976
137.7244611111111,36.13177,976
137.72442388888888,36.13155305555556,973
137.7243861111111,36.131236944444446,975
137.72442388888888,36.13100305555555,974
137.72456111111111,36.13082,978
137.7246988888889,36.130545,976
137.72476111111112,36.13037,974
137.7247361111111,36.13006194444444,976
137.7246861111111,36.129945,977
137.7245738888889,36.12987,976
137.7244488888889,36.12986194444444,971
137.72429888888888,36.12988694444444,966
137.7240111111111,36.13026194444444,964
137.7236611111111,36.130653055555555,978
137.7234488888889,36.13112,972
137.72331111111112,36.13122805555555,983
137.72317388888888,36.131253055555554,988
137.72102388888888,36.130895,990
137.71933694444445,36.13138694444444,991
137.71906194444443,36.131503055555555,988
137.7190238888889,36.13153694444444,988
137.71893694444444,36.131611944444444,992
137.71839888888888,36.13213611111111,992
137.71822194444445,36.13249138888889,990
137.71822194444445,36.13249138888889,990
137.71821194444445,36.132511111111114,990
137.71817388888888,36.132736111111114,991
137.71817388888888,36.133003055555555,991
137.71819888888888,36.13328611111111,991
137.71846194444444,36.13383611111111,994
137.7184988888889,36.13400305555555,991
137.71836194444444,36.13418611111111,989
137.71803694444444,36.13446888888889,989
137.71753694444445,36.13476111111111,990
137.7170238888889,36.134993888888886,991
137.7164238888889,36.135153055555556,991
137.7150738888889,36.13544388888889,993
137.71431194444443,36.135601944444446,993
137.7131,36.135826944444446,995
137.712475,36.13589388888889,995
137.711475,36.13591888888889,996
137.70891305555554,36.135843888888886,999
137.7084,36.135843888888886,999
137.70815,36.13589388888889,1000
137.70775,36.13606111111111,999
137.7046261111111,36.137385,1006
137.70291305555557,36.13810194444444,1001
137.70267611111112,36.13816,1001
137.7024761111111,36.13816,993
137.7021511111111,36.138085,993
137.7019261111111,36.138085,1002
137.7016761111111,36.138151944444445,1006
137.70128805555555,36.13836805555555,1017
137.7008761111111,36.13862694444445,1017
137.70063805555554,36.13885194444445,1017
137.70031305555557,36.13927694444445,1017
137.69991305555556,36.13990111111111,1018
137.69960111111112,36.140335,1018
137.6994511111111,36.140501111111114,1018
137.69700111111112,36.14255111111111,1018
137.6956761111111,36.143768055555554,1018
137.6934511111111,36.14575888888889,1019
137.6931888888889,36.14595888888889,1019
137.6926388888889,36.146208888888886,1019
137.69168888888888,36.14646694444444,1019
137.6902388888889,36.1468,1019
137.68996388888888,36.14691694444444,1018
137.68977694444445,36.14705,1017
137.6895888888889,36.147241944444445,1018
137.68941388888888,36.147466944444446,1016
137.6893388888889,36.14758388888889,1018
137.6892138888889,36.14773388888889,1016
137.6887888888889,36.148,1019
137.68396388888888,36.15038305555556,1011
137.683065,36.15085,1009
137.68294,36.150933055555555,1008
137.68267694444444,36.15089888888889,1008
137.68244,36.15082388888889,1004
137.68224,36.15071611111111,1001
137.68035194444445,36.14944111111111,1002
137.68009,36.14928305555556,1005
137.67994,36.14921611111111,1009
137.67779,36.14850805555555,1005
137.67679,36.14819111111111,1006
137.67647805555555,36.14808305555555,1005
137.67625305555555,36.147958055555556,1004
137.67600305555555,36.14771611111111,1003
137.6758411111111,36.147475,1003
137.67565305555556,36.1471,1001
137.67542805555556,36.1466,1002
137.67522805555555,36.14613305555555,1005
137.67512805555555,36.14579194444445,1015
137.67510305555555,36.14536694444445,1016
137.6751661111111,36.144825,1013
137.67626611111112,36.14139194444444,1000
137.6763161111111,36.14114305555555,999
137.6763161111111,36.140993055555555,998
137.67622805555555,36.14070888888889,992
137.67605305555554,36.14046694444445,995
137.6759911111111,36.14030888888889,995
137.67585305555556,36.13955888888889,1005
137.6758661111111,36.13877611111111,1007
137.6757661111111,36.13855888888889,1009
137.6756161111111,36.138393055555554,1008
137.67515305555557,36.13798388888889,1013
137.67495305555556,36.13768388888889,1015
137.67487805555555,36.13735888888889,1016
137.67487805555555,36.13715111111111,1016
137.67497805555556,36.13646,1024
137.67497805555556,36.136386944444446,1025
137.67497805555556,36.136386944444446,1025
137.67497805555556,36.13619305555556,1025
137.67490305555555,36.135893055555556,1023
137.67445388888888,36.13480111111111,1032
137.6739161111111,36.133693055555554,1033
137.67379111111111,36.13356805555556,1034
137.6735788888889,36.133518055555555,1037
137.67321611111112,36.133435,1045
137.67296611111112,36.133285,1054
137.67262888888888,36.13291805555556,1057
137.6724788888889,36.132535,1064
137.6724411111111,36.13231888888889,1066
137.67239111111112,36.13216888888889,1066
137.67231611111112,36.13209388888889,1066
137.6718038888889,36.13184388888889,1064
137.67137888888888,36.13157694444445,1073
137.6712288888889,36.131535,1073
137.67092888888888,36.13149388888889,1075
137.67079194444443,36.13142694444444,1074
137.67069194444446,36.131335,1076
137.6705038888889,36.13100194444444,1084
137.6704038888889,36.130885,1083
137.67024194444446,36.13074388888889,1083
137.66996694444444,36.130585,1086
137.66886694444443,36.129776944444444,1085
137.66859194444444,36.12956888888889,1087
137.66839194444444,36.129443888888886,1092
137.6682788888889,36.12934388888889,1094
137.66816694444444,36.12914388888889,1093
137.6680538888889,36.12902694444445,1095
137.66789194444445,36.12898611111111,1095
137.66776694444445,36.128993888888886,1101
137.66765388888888,36.12906111111111,1104
137.66756694444445,36.12916888888889,1105
137.66756694444445,36.12930194444444,1108
137.66765388888888,36.12946111111111,1116
137.66776694444445,36.12956888888889,1117
137.66849194444444,36.13001,1116
137.6691788888889,36.13055194444444,1114
137.66947888888888,36.13081888888889,1116
137.6700538888889,36.13166,1125
137.67026694444445,36.13186888888889,1124
137.67039194444445,36.131976944444446,1125
137.6711038888889,36.132468055555556,1131
137.67125388888888,36.13265194444445,1132
137.6715288888889,36.133426944444444,1135
137.67192888888889,36.134118055555554,1134
137.6720038888889,36.134335,1131
137.6720161111111,36.13451,1132
137.67192888888889,36.13484305555556,1135
137.6718911111111,36.13532611111111,1136
137.67185388888888,36.135535,1143
137.6715788888889,36.13596805555556,1146
137.67150388888888,36.13616,1146
137.6713038888889,36.13695111111111,1154
137.6709788888889,36.137618055555556,1161
137.6708788888889,36.13773388888889,1163
137.6706788888889,36.13780111111111,1165
137.67049111111112,36.13775111111111,1165
137.6703161111111,36.137618055555556,1164
137.67025388888888,36.137393055555556,1168
137.67025388888888,36.13690888888889,1171
137.6705038888889,36.133985,1187
137.67049111111112,36.133685,1189
137.6704411111111,36.133518055555555,1192
137.6702788888889,36.13332694444444,1193
137.67001694444446,36.133118055555556,1193
137.66977888888889,36.13296805555556,1192
137.66955388888888,36.13286,1192
137.66849194444444,36.13251805555556,1198
137.66761694444443,36.132176944444446,1203
137.66717888888888,36.13200194444445,1205
137.66631694444445,36.131568055555555,1207
137.66596694444445,36.13146805555556,1208
137.66563,36.13144305555556,1209
137.66528,36.13145194444444,1211
137.66496694444444,36.131535,1213
137.66359194444445,36.13207694444444,1217
137.66341694444444,36.13211,1215
137.66324194444445,36.132085,1215
137.66308,36.13200194444445,1216
137.66298,36.13191,1217
137.662905,36.131785,1217
137.662805,36.131535,1220
137.66264194444443,36.13131805555555,1223
137.66243,36.131143055555555,1224
137.66204305555556,36.13096,1230
137.66179305555556,36.13081805555556,1233
137.66149305555555,36.13061,1236
137.66128,36.130426944444444,1238
137.66109305555557,36.13019305555556,1237
137.66099305555556,36.130085,1238
137.660755,36.12996,1244
137.65983,36.129576944444445,1252
137.65964305555556,36.129443888888886,1253
137.65949305555554,36.12930194444444,1253
137.65944305555556,36.129135,1254
137.65946805555555,36.128885,1257
137.6594561111111,36.12839388888889,1259
137.65941805555556,36.12825194444444,1258
137.65929305555557,36.12809388888889,1258
137.65876805555556,36.12775194444445,1260
137.6584311111111,36.12748611111111,1261
137.65823111111112,36.127276944444446,1261
137.6580561111111,36.12703611111111,1261
137.65788111111112,36.126801944444445,1261
137.6577061111111,36.12666111111111,1262
137.65736805555557,36.12649388888889,1264
137.6561188888889,36.12609388888889,1273
137.6553688888889,36.125726944444445,1273
137.6550061111111,36.12545194444444,1276
137.6548811111111,36.12531111111111,1277
137.6546561111111,36.124851944444444,1279
137.6545561111111,36.12471111111111,1279
137.6544311111111,36.12459388888889,1280
137.65418111111111,36.124426944444444,1282
137.65356888888888,36.124203055555554,1285
137.65336888888888,36.12417694444444,1286
137.65325611111112,36.12404388888889,1287
137.6528438888889,36.12366111111111,1286
137.6526061111111,36.12351888888889,1286
137.6523688888889,36.12346888888889,1287
137.6512938888889,36.12352694444444,1286
137.6511188888889,36.12350305555555,1286
137.65095694444443,36.12342694444445,1286
137.6496688888889,36.12284388888889,1288
137.64951888888888,36.12274388888889,1288
137.64939388888888,36.12258611111111,1288
137.64918194444445,36.12202694444444,1289
137.64904388888888,36.12188611111111,1291
137.6488938888889,36.121853055555555,1293
137.64853194444444,36.121926944444446,1292
137.647995,36.121828055555554,1297
137.64780694444445,36.12191111111111,1296
137.64768194444446,36.12206111111111,1298
137.64768194444446,36.12238611111111,1304
137.6479688888889,36.12261111111111,1307
137.64803194444445,36.122703055555554,1314
137.64800694444443,36.12276111111111,1314
137.64794388888888,36.12278611111111,1319
137.64785694444444,36.122776944444446,1314
137.64703194444445,36.12226111111111,1326
137.64695694444444,36.122168888888886,1327
137.646845,36.12189388888889,1327
137.646795,36.12179388888889,1325
137.64657,36.121651944444444,1327
137.64635694444445,36.12160305555555,1334
137.6463,36.12159888888889,1335
</coordinates>
</LineString>
</Placemark>
</Document>
</kml>
