<?xml version="1.0" encoding="UTF-8"?>
<kml xmlns="http://www.opengis.net/kml/2.2" xmlns:atom="http://www.w3.org/2005/Atom">
<Document>
<name>WCC 53rd Summer Day3</name>
<atom:author>
<atom:name>TakeshiKim</atom:name>
</atom:author> 
<atom:link href="https://latlonglab.yahoo.co.jp/route/watch?id=53aa2acbb5c0cc6dbd93ad331de4add2" />
<description><![CDATA[Summer camp Day3
Category:Hard

Starts at 大潟キャンプ場

Buys at 原信

斑尾高原
http://madarao.tv/learn/aboutmadarao.php

野尻湖
http://www.shinano-machi.com/natural-cultural/2012/11/post-12.php

Stays at 野尻湖高原キャンプ場

87.2km・1400up]]></description>
<tags><![CDATA[wcc53rd]]></tags>  
<Placemark>
<Style>
<LineStyle>
<color>99ff0000</color>
<width>6</width>
</LineStyle>
</Style>
<LineString>
<coordinates>
138.32940194444444,37.23256388888889,25
138.32960888888888,37.23235694444445,27
138.3296588888889,37.23229,28
138.32977194444445,37.23213194444445,29
138.33007194444446,37.231856944444445,30
138.3301338888889,37.23184,30
138.33042194444445,37.23200694444444,30
138.33065888888888,37.232148055555555,30
138.33075888888888,37.23222305555556,30
138.3309338888889,37.23238194444444,30
138.33120888888888,37.232665,30
138.33132194444445,37.232748055555554,30
138.33177194444445,37.23305694444444,30
138.3319588888889,37.233181944444446,30
138.33259694444445,37.23363194444445,31
138.33309694444443,37.233981944444444,30
138.3333338888889,37.23413194444444,30
138.33370888888888,37.234415,30
138.33379694444446,37.23450694444445,30
138.3338838888889,37.23459805555556,30
138.33399694444444,37.23475694444444,30
138.3340838888889,37.234898055555554,30
138.3344211111111,37.234765,30
138.3346961111111,37.23464805555555,30
138.3348588888889,37.23459,30
138.3362711111111,37.23413194444444,27
138.3367338888889,37.23397305555556,27
138.3370711111111,37.23369888888889,27
138.3374711111111,37.23337388888889,27
138.3377338888889,37.23364888888889,28
138.33869611111112,37.23458194444444,27
138.33890888888888,37.23479805555556,26
138.33867194444446,37.234901111111114,26
138.33867194444446,37.234901111111114,26
138.33890888888888,37.23479805555556,26
138.33869611111112,37.23458194444444,27
138.3377338888889,37.23364888888889,28
138.3374711111111,37.23337388888889,27
138.3372961111111,37.23320694444445,27
138.3368211111111,37.23272388888889,27
138.33708388888888,37.23240694444444,25
138.3372711111111,37.23220694444444,26
138.3376088888889,37.23193194444445,26
138.33775888888889,37.23184888888889,27
138.3378588888889,37.231815,27
138.33799611111112,37.23180694444444,27
138.3384088888889,37.23184888888889,28
138.3385211111111,37.231856944444445,29
138.3387338888889,37.23187388888889,29
138.3389711111111,37.23189888888889,29
138.3394088888889,37.23198194444444,30
138.3395338888889,37.232031944444444,29
138.3397711111111,37.23219888888889,29
138.3398961111111,37.23231611111111,29
138.3399711111111,37.232415,29
138.34004611111112,37.232615,29
138.3401211111111,37.23289,29
138.34014611111112,37.23304,29
138.3403461111111,37.23309,29
138.34053305555557,37.23312388888889,29
138.34073305555555,37.23314888888889,28
138.3414961111111,37.233156944444445,28
138.34187111111112,37.23314,27
138.34215805555556,37.23312388888889,26
138.34283305555556,37.23309111111111,24
138.3448961111111,37.23299111111111,21
138.34502111111112,37.23298194444445,21
138.34577,37.23288194444444,22
138.34767,37.23262388888889,22
138.34898305555555,37.232481944444444,23
138.34903194444445,37.232481944444444,23
138.34998305555555,37.232348888888886,21
138.350395,37.23226611111111,21
138.350945,37.23214111111111,20
138.35205694444446,37.231856944444445,16
138.35233194444444,37.231808055555554,16
138.352795,37.231698888888886,16
138.353595,37.23149111111111,15
138.35390694444445,37.23141611111111,13
138.35408194444443,37.231366111111114,13
138.35428194444444,37.23129111111111,12
138.35453194444443,37.231183055555555,12
138.35513194444445,37.230848888888886,8
138.35536888888888,37.23070805555555,6
138.35590694444446,37.23051611111111,6
138.35648194444445,37.230308055555554,6
138.35803194444443,37.229733055555556,5
138.36115611111111,37.228591944444446,5
138.36429388888888,37.22745,5
138.3649188888889,37.227225,5
138.3653438888889,37.227075,5
138.3664311111111,37.226683888888886,5
138.36664305555556,37.22660888888889,5
138.36794305555554,37.22614194444444,5
138.36929305555554,37.22565111111111,5
138.3695561111111,37.22558388888889,5
138.37141805555555,37.22510888888889,5
138.37184305555556,37.22500111111111,5
138.3720811111111,37.22495111111111,5
138.3729811111111,37.224741944444446,5
138.37411805555556,37.22443388888889,5
138.37466805555556,37.22428388888889,5
138.37506805555554,37.22395888888889,5
138.37621805555557,37.222943055555554,5
138.37678,37.22199305555556,5
138.37724194444445,37.22226805555555,5
138.37759194444445,37.222408888888886,5
138.37791805555557,37.222543055555555,5
138.37841805555556,37.22270888888889,7
138.37893,37.22272611111111,10
138.37928,37.222685,10
138.38011694444444,37.22257611111111,10
138.38059194444443,37.22256,10
138.38176694444445,37.222785,13
138.38256694444445,37.222926111111114,15
138.383155,37.223035,16
138.38369194444445,37.22305111111111,16
138.38437888888888,37.222968055555555,20
138.38489194444443,37.222835,20
138.38525388888888,37.222735,20
138.38605388888888,37.22241,21
138.38696694444445,37.22197694444444,22
138.3872288888889,37.221885,24
138.38754194444445,37.221885,24
138.38791694444444,37.221985,24
138.38909194444443,37.22264305555556,27
138.3893788888889,37.22281805555556,27
138.38977888888888,37.22304305555556,26
138.39022888888888,37.22322694444444,27
138.39041694444444,37.22321,26
138.3914288888889,37.222735,26
138.3918788888889,37.222585,25
138.3944911111111,37.22206,28
138.3947411111111,37.221985,30
138.3948288888889,37.221943055555556,31
138.39816611111112,37.220535,17
138.3983661111111,37.22049388888889,17
138.3985911111111,37.220485,17
138.39882805555555,37.22056,17
138.39930305555555,37.220735,18
138.39967805555557,37.22096888888889,27
138.39992805555556,37.22112694444444,23
138.4002661111111,37.22135194444444,22
138.4003911111111,37.221435,22
138.4004911111111,37.22152694444444,22
138.40089111111112,37.22201888888889,20
138.40111611111112,37.222026944444444,20
138.40169111111112,37.222135,17
138.40197805555556,37.22214388888889,19
138.4024161111111,37.22206888888889,20
138.40305305555555,37.22191,21
138.40327805555555,37.22176888888889,22
138.40349111111112,37.22151888888889,22
138.4037911111111,37.22121888888889,31
138.4039161111111,37.22109388888889,31
138.40412805555556,37.221026944444446,31
138.4047161111111,37.22103611111111,31
138.4051661111111,37.22101111111111,30
138.405865,37.22086888888889,32
138.40639,37.22086888888889,33
138.40695305555556,37.22090194444444,34
138.408915,37.22115194444444,19
138.40904,37.22118611111111,19
138.40954,37.22063611111111,19
138.41005194444443,37.220078055555554,17
138.41069,37.21942694444444,17
138.41077694444445,37.219301944444446,17
138.410815,37.219101944444446,17
138.41100194444445,37.21815194444444,18
138.41142805555555,37.21599388888889,19
138.41155194444445,37.21535305555555,17
138.41157805555557,37.215095,15
138.411615,37.214845,18
138.41164,37.214553055555555,19
138.41165194444446,37.21319111111111,18
138.41165194444446,37.21319111111111,18
138.41165305555555,37.213078055555556,18
138.411665,37.211778055555556,19
138.41167805555557,37.20988694444444,18
138.41170305555556,37.207845,19
138.41170305555556,37.207295,19
138.41175305555555,37.206945,19
138.41180305555557,37.206795,19
138.411865,37.20662,19
138.41217805555556,37.205978888888886,19
138.41297805555556,37.20436194444444,19
138.413315,37.20366305555556,18
138.41334,37.20357888888889,18
138.413365,37.20348805555555,18
138.413365,37.203403888888886,20
138.41334,37.20332888888889,21
138.41329,37.203271111111114,25
138.41280305555554,37.20289611111111,25
138.41275305555556,37.20282111111111,26
138.4127161111111,37.20272111111111,24
138.41269111111112,37.202621111111114,23
138.41270305555557,37.202511944444446,23
138.41277805555555,37.202238055555554,21
138.4129911111111,37.20185388888889,25
138.41312805555555,37.20171194444445,24
138.41334,37.201571111111114,24
138.41390305555555,37.201253888888886,24
138.41414,37.20109611111111,24
138.41430305555556,37.20095388888889,24
138.41437805555555,37.20083805555556,24
138.41452805555556,37.20042888888889,24
138.41472805555554,37.19973,24
138.414715,37.19958,24
138.41469,37.199463055555555,26
138.41400305555555,37.19712194444445,27
138.41397805555556,37.19694694444444,28
138.4139911111111,37.19678805555556,28
138.41407805555556,37.196455,28
138.41449111111112,37.19473,26
138.41459111111112,37.194246944444444,27
138.41460305555555,37.19401388888889,28
138.41459111111112,37.19377194444444,28
138.4145661111111,37.19357194444444,28
138.41449111111112,37.193396944444444,28
138.4140911111111,37.19263111111111,28
138.41350305555557,37.19153111111111,26
138.41337805555557,37.19128111111111,26
138.41335305555555,37.19113888888889,25
138.41335305555555,37.19103111111111,25
138.4133911111111,37.19092194444445,26
138.41420305555556,37.18899694444445,29
138.41422805555555,37.18888111111111,28
138.4141911111111,37.18874805555556,29
138.41401611111112,37.18839805555555,29
138.41346611111112,37.18730611111111,25
138.41292805555557,37.18633111111111,28
138.41279111111112,37.18608111111111,28
138.41275305555556,37.18594,28
138.4127411111111,37.18582305555555,28
138.41276611111113,37.185673055555554,28
138.4128161111111,37.185565,29
138.4135161111111,37.18449,29
138.41370305555554,37.184223055555556,32
138.41392805555554,37.183965,39
138.41427805555554,37.18355694444445,39
138.4143411111111,37.18344805555556,43
138.41437805555555,37.183315,42
138.41436611111112,37.183215,41
138.41430305555556,37.183123055555555,43
138.4142161111111,37.183056944444445,43
138.41410305555556,37.18299805555556,41
138.41394111111111,37.182965,42
138.41379111111112,37.182965,43
138.4133911111111,37.18302305555556,46
138.41324111111112,37.183065,46
138.4130911111111,37.183123055555555,45
138.41295305555556,37.18320694444444,43
138.41246611111112,37.18355694444445,59
138.41237805555556,37.18364,58
138.41225305555557,37.18384805555556,59
138.41221611111112,37.183965,56
138.41211611111112,37.18424805555556,59
138.4120411111111,37.184373055555554,58
138.4118411111111,37.18450611111111,56
138.41170305555556,37.18452305555556,56
138.41157805555557,37.18453111111111,55
138.4114538888889,37.18449,56
138.4113411111111,37.184423055555555,55
138.41107888888888,37.184198055555555,59
138.4110288888889,37.183998055555556,60
138.4110288888889,37.18344805555556,67
138.4110161111111,37.183373055555556,70
138.4109161111111,37.183256944444445,73
138.4102038888889,37.182673055555554,76
138.41007888888888,37.18255694444444,77
138.4100288888889,37.182456944444446,76
138.4100161111111,37.18232305555556,78
138.4101161111111,37.180365,84
138.41007888888888,37.180265,86
138.40995388888888,37.180115,87
138.40994111111112,37.18004,89
138.40995388888888,37.17992388888889,92
138.4100411111111,37.17964,94
138.4099788888889,37.179406944444445,97
138.4099911111111,37.179181944444444,98
138.41006611111112,37.17902388888889,97
138.4103661111111,37.17860694444445,98
138.4104788888889,37.17849888888889,104
138.41064111111112,37.17844888888889,105
138.41085388888888,37.17844888888889,104
138.41104805555557,37.17847,105
138.41104805555557,37.17847,105
138.41176611111112,37.17854888888889,109
138.41201611111111,37.17854888888889,108
138.41222888888888,37.17848194444444,107
138.4124038888889,37.17834111111111,109
138.4139788888889,37.17628194444445,84
138.4146788888889,37.17532388888889,83
138.41480388888888,37.17509888888889,83
138.4148788888889,37.17481611111111,79
138.4148538888889,37.17457388888889,75
138.41480388888888,37.17439111111111,73
138.41469111111113,37.17427388888889,74
138.4145661111111,37.174216111111114,75
138.4144038888889,37.17420805555555,75
138.41424111111112,37.174233055555554,76
138.4141038888889,37.17427388888889,75
138.4138538888889,37.17437388888889,75
138.4129788888889,37.17482388888889,68
138.4129288888889,37.17484888888889,68
138.4128161111111,37.174883055555554,69
138.4126161111111,37.17492388888889,73
138.4125161111111,37.174933055555556,73
138.41244111111112,37.17492388888889,72
138.41232888888888,37.174883055555554,72
138.4122788888889,37.174841111111114,72
138.41222888888888,37.174733055555556,73
138.41221611111112,37.17460805555555,74
138.41222888888888,37.174548888888886,69
138.4124038888889,37.17434111111111,66
138.4126411111111,37.17410805555556,63
138.41346611111112,37.173341111111114,43
138.4134911111111,37.17329111111111,43
138.4134911111111,37.173233055555556,43
138.41345388888888,37.173125,44
138.41276611111113,37.17251611111111,41
138.4127161111111,37.172425,39
138.4127038888889,37.17224111111111,38
138.41267888888888,37.1721,36
138.41255388888888,37.171641111111114,35
138.41246611111112,37.171416111111114,38
138.4123538888889,37.171225,37
138.4120411111111,37.170741944444444,29
138.41189111111112,37.1705,29
138.41187888888888,37.17044194444444,29
138.41187888888888,37.17039194444445,29
138.4119161111111,37.17024194444444,29
138.41197888888888,37.17008305555556,29
138.41210388888888,37.1697,29
138.4122538888889,37.16925,29
138.4122788888889,37.169158055555556,29
138.4122911111111,37.16883305555555,29
138.4122788888889,37.16869194444445,29
138.41211611111112,37.1681,29
138.41210388888888,37.1679,28
138.4121288888889,37.16773388888889,28
138.4123538888889,37.16701694444444,28
138.4123911111111,37.16690888888889,28
138.4129911111111,37.166041944444444,28
138.41301611111112,37.16588388888889,28
138.4129911111111,37.16570888888889,28
138.4129411111111,37.16558388888889,28
138.41244111111112,37.16502611111111,27
138.4124038888889,37.16491694444444,28
138.4124038888889,37.16485111111111,28
138.4123911111111,37.16475888888889,28
138.41279111111112,37.16365111111111,25
138.4128411111111,37.16341805555555,24
138.4128038888889,37.16318388888889,23
138.4122788888889,37.162368055555554,25
138.41214194444444,37.16213388888889,25
138.4119038888889,37.16175888888889,24
138.4109038888889,37.16020888888889,22
138.4109411111111,37.160195,22
138.4109411111111,37.160195,22
138.41392888888888,37.159035,24
138.41447888888888,37.158835,24
138.41494111111112,37.15872611111111,23
138.4156788888889,37.15861,24
138.4157538888889,37.15860111111111,24
138.4173911111111,37.158343055555555,25
138.41755388888888,37.158318055555554,25
138.41855388888888,37.15816805555556,26
138.4188038888889,37.15812694444445,26
138.41887888888888,37.158118055555555,26
138.42219111111112,37.157601944444444,27
138.42225305555556,37.157585,27
138.42285305555555,37.15750194444445,28
138.42307805555555,37.15749388888889,28
138.42321611111112,37.157535,28
138.42340305555555,37.15761,29
138.4235911111111,37.157735,33
138.4239661111111,37.15806,33
138.4243661111111,37.158451944444444,36
138.42454111111113,37.158543055555555,36
138.42472805555556,37.158593055555556,36
138.42491611111112,37.15861,36
138.42687805555556,37.15877694444445,36
138.42672805555554,37.15831,32
138.4266661111111,37.15815194444444,31
138.42652805555556,37.15779388888889,29
138.42647805555555,37.15766,31
138.4260911111111,37.15667694444444,35
138.42602805555555,37.15651888888889,35
138.42600305555555,37.156435,35
138.4259911111111,37.15640194444445,35
138.42590305555555,37.156193888888886,35
138.42581611111112,37.15606888888889,35
138.42562805555556,37.15591111111111,35
138.42480305555554,37.15532694444445,31
138.42340388888888,37.15434388888889,32
138.42321611111112,37.15412694444444,35
138.4231538888889,37.154001944444445,37
138.4227788888889,37.153261111111114,36
138.42274111111112,37.15306888888889,34
138.4228288888889,37.15286111111111,37
138.42362888888889,37.15208611111111,36
138.42376611111112,37.15184388888889,36
138.4238038888889,37.15173611111111,37
138.4238411111111,37.151603055555555,36
138.42376611111112,37.15131111111111,33
138.4234538888889,37.15069388888889,36
138.42330388888888,37.15029388888889,37
138.42319111111112,37.149968888888885,36
138.42310388888887,37.149543888888886,34
138.42299111111112,37.14924388888889,33
138.4225661111111,37.14828611111111,35
138.42251611111112,37.14803611111111,35
138.4225538888889,37.146595,37
138.4225911111111,37.146453055555554,38
138.4226788888889,37.14636111111111,39
138.4233788888889,37.146028055555554,38
138.4235161111111,37.14590305555556,37
138.4235788888889,37.145786944444446,37
138.42362888888889,37.14527,38
138.4236788888889,37.14467805555555,39
138.4236911111111,37.144461944444444,39
138.42365388888888,37.14425305555555,38
138.42352888888888,37.14400305555556,38
138.42332888888888,37.14372,38
138.4231538888889,37.143445,38
138.42297888888888,37.14317888888889,38
138.4229038888889,37.143095,38
138.4223288888889,37.14246194444444,38
138.4221038888889,37.14212888888889,39
138.4220288888889,37.14197,42
138.4219161111111,37.141686944444444,44
138.42186611111111,37.14145388888889,46
138.42184111111112,37.141245,42
138.42185388888888,37.14104611111111,42
138.42194111111112,37.14062111111111,43
138.42216694444446,37.13946194444444,43
138.42217888888888,37.13926194444444,43
138.42216694444446,37.13903694444444,43
138.42204194444443,37.13858694444444,44
138.4216788888889,37.13775388888889,45
138.4215788888889,37.13760388888889,45
138.42129194444445,37.13735388888889,46
138.42081694444445,37.13709611111111,45
138.42060388888888,37.13692888888889,47
138.42051694444444,37.13680388888889,47
138.42046694444446,37.13666194444444,46
138.42046694444446,37.13652111111111,47
138.42047888888888,37.13630388888889,53
138.42051694444444,37.13612888888889,55
138.4209538888889,37.13507111111111,47
138.4211288888889,37.134588055555554,46
138.42116694444445,37.13432111111111,46
138.42114194444446,37.13412888888889,46
138.42102888888888,37.133921111111114,46
138.42089194444443,37.13378,47
138.42024194444446,37.133296111111115,46
138.42001694444446,37.133105,47
138.41986694444444,37.132913055555555,47
138.41976694444443,37.132705,46
138.41967888888888,37.13229611111111,47
138.41961694444444,37.13156305555555,48
138.41961694444444,37.13136305555555,49
138.4196538888889,37.13118,49
138.41994194444445,37.130696944444445,48
138.41996694444444,37.130588055555556,47
138.41996694444444,37.13048805555555,47
138.41990388888888,37.13028,47
138.41989194444446,37.13018,47
138.4198788888889,37.12997194444444,48
138.4198788888889,37.12979694444444,48
138.42009194444444,37.12896305555556,53
138.42039194444445,37.12853888888889,54
138.42043,37.128405,51
138.42041694444444,37.12827194444444,49
138.420305,37.12802194444444,49
138.41993,37.12753,56
138.41983,37.127355,57
138.41971694444445,37.12713888888889,56
138.41964194444444,37.12689694444445,55
138.419605,37.12663888888889,58
138.41961694444444,37.126221944444445,62
138.41971694444445,37.12587194444444,61
138.419755,37.12575611111111,61
138.41991694444445,37.12524694444444,52
138.41996694444444,37.12496388888889,55
138.41993,37.12475611111111,56
138.419855,37.12455611111111,56
138.419805,37.12448111111111,57
138.41961694444444,37.12418111111111,58
138.419005,37.12329694444445,55
138.41886805555555,37.12311388888889,54
138.418755,37.122931111111114,55
138.41873,37.122838888888886,55
138.41873,37.122706111111114,55
138.418755,37.12247305555555,56
138.41879305555557,37.12233111111111,57
138.41893,37.12200611111111,56
138.41899305555555,37.12187194444444,56
138.41903,37.121723055555556,56
138.41904305555556,37.12162305555555,56
138.41903,37.12146388888889,56
138.41898,37.121338888888886,55
138.41868,37.120713888888886,56
138.418605,37.120598055555554,56
138.418405,37.12029805555556,55
138.41801805555556,37.119798055555556,57
138.41786805555554,37.11965611111111,58
138.41771805555555,37.11955611111111,59
138.41749305555555,37.119481111111114,59
138.417005,37.11939805555556,59
138.41676805555556,37.11933888888889,65
138.41636805555555,37.11919805555556,65
138.41606805555554,37.119081111111115,64
138.41581805555555,37.11896388888889,64
138.41559305555555,37.118856111111114,65
138.41544305555556,37.118788888888886,69
138.4150811111111,37.11868111111111,78
138.41386805555555,37.11848888888889,79
138.4133811111111,37.11839805555555,78
138.4127061111111,37.118273055555555,83
138.41239305555555,37.118206111111114,86
138.4119311111111,37.11808888888889,89
138.41119305555554,37.117873055555556,93
138.4101311111111,37.11744,95
138.4099938888889,37.11739,98
138.4098688888889,37.117356111111114,99
138.4097688888889,37.11734,100
138.4095438888889,37.11734805555555,101
138.4094438888889,37.11739,103
138.40914388888888,37.11708111111111,104
138.40901888888888,37.116948055555554,105
138.4088688888889,37.11689805555555,107
138.4085061111111,37.116798055555556,108
138.40823111111112,37.116706111111114,113
138.40813111111112,37.11660611111111,112
138.40810611111112,37.116523055555554,113
138.4080688888889,37.11639805555556,114
138.40801888888888,37.116215,116
138.40789388888888,37.11578111111111,116
138.4078061111111,37.115673055555554,116
138.4076311111111,37.11562305555555,117
138.4070811111111,37.115523055555556,114
138.4069188888889,37.11545611111111,115
138.4068188888889,37.11535611111111,114
138.4066188888889,37.11518111111111,115
138.40651888888888,37.11495611111111,115
138.4064938888889,37.11475611111111,115
138.40643111111112,37.11439,113
138.40630611111112,37.11408194444444,113
138.4061438888889,37.11374,113
138.4060561111111,37.11363194444444,113
138.4058811111111,37.113456944444444,114
138.4056688888889,37.11338194444444,117
138.40535694444443,37.113365,123
138.40505694444445,37.113281944444445,125
138.4048688888889,37.113165,125
138.40473194444445,37.11298194444444,126
138.40455694444444,37.11264805555555,133
138.40440694444445,37.112365,136
138.40413194444446,37.112023055555554,137
138.40391888888888,37.111865,141
138.40368194444446,37.11173194444444,142
138.40353194444444,37.11169805555556,145
138.40325694444445,37.111565,146
138.40313194444445,37.111465,146
138.4030688888889,37.111365,150
138.40305694444444,37.11105694444444,152
138.40300694444446,37.11099,152
138.4026438888889,37.110915,155
138.40243194444446,37.11084888888889,156
138.40208194444443,37.110565,159
138.40180694444444,37.11032388888889,165
138.4017188888889,37.11020694444444,166
138.40164388888888,37.11004,170
138.4015688888889,37.109856944444445,172
138.40148194444444,37.109665,172
138.40143194444445,37.10952388888889,173
138.40142,37.10915694444444,173
138.40142,37.109065,173
138.40137,37.10899888888889,173
138.401245,37.10894,174
138.401195,37.10893194444444,175
138.40113194444444,37.10893194444444,175
138.40105694444443,37.108965,177
138.40102,37.108981944444444,177
138.40098194444445,37.109048888888886,178
138.40097,37.10910694444444,178
138.40097,37.10914,178
138.40097,37.10917388888889,178
138.40103194444444,37.109315,177
138.40118194444443,37.10955694444444,177
138.40119388888888,37.109715,178
138.40120694444445,37.110015,180
138.40121888888888,37.110056944444445,180
138.4012438888889,37.110115,180
138.4013688888889,37.11029,178
138.40141888888888,37.11035694444445,178
138.40145694444445,37.11044888888889,174
138.4014688888889,37.11049,174
138.4014688888889,37.110531944444446,174
138.40145694444445,37.110565,175
138.40143194444445,37.11059888888889,179
138.40140694444443,37.11062388888889,179
138.40135694444444,37.11064888888889,179
138.40133194444445,37.110665,181
138.40128194444443,37.11067388888889,182
138.4012688888889,37.110681944444444,182
138.40121888888888,37.11067388888889,184
138.40115694444444,37.110665,184
138.40110694444445,37.11064,186
138.40108194444446,37.11062388888889,186
138.4010438888889,37.11058194444445,186
138.40103194444444,37.110548888888886,185
138.4010188888889,37.110515,185
138.40100694444445,37.110456944444444,185
138.40100694444445,37.11027388888889,185
138.40100694444445,37.11018194444444,184
138.40100694444445,37.11015694444445,184
138.40099388888888,37.110106944444446,184
138.40096888888888,37.11004888888889,184
138.40092,37.10995694444444,184
138.400845,37.10987388888889,185
138.40067,37.109715,191
138.400645,37.10967388888889,192
138.40057,37.10959888888889,193
138.40025694444444,37.10909,193
138.40017,37.10894888888889,194
138.400095,37.10885694444445,196
138.40000694444444,37.10877388888889,195
138.39982,37.108623888888886,196
138.39963194444445,37.10849,199
138.39955694444444,37.108423888888886,201
138.39952,37.108381944444446,204
138.39947,37.10828194444444,204
138.39943194444444,37.108181944444446,206
138.39940694444445,37.10788194444444,206
138.399395,37.10781611111111,206
138.39937,37.107731944444446,205
138.39933194444444,37.107681944444444,208
138.39930694444445,37.107641111111114,206
138.39927,37.10760694444444,206
138.399195,37.10752388888889,206
138.39900805555556,37.10734111111111,207
138.39887,37.10719111111111,216
138.39880805555555,37.10711611111111,216
138.39875805555556,37.10696611111111,216
138.39875805555556,37.10690694444445,216
138.39877,37.10687388888889,216
138.398845,37.10666611111111,219
138.39882,37.10639888888889,224
138.39877,37.106273888888886,225
138.39870805555555,37.10617388888889,223
138.39843194444444,37.10589111111111,226
138.39837,37.10579888888889,225
138.39833194444444,37.10568194444444,226
138.398345,37.105381944444446,224
138.39850694444445,37.105066111111114,224
138.39852,37.10492388888889,224
138.39847,37.10478194444445,225
138.39830694444444,37.10458194444445,228
138.398245,37.104441111111115,227
138.398245,37.10424888888889,227
138.39830694444444,37.103991111111114,227
138.398395,37.10352388888889,233
138.39853305555556,37.102981944444444,228
138.39857,37.10279888888889,228
138.39863305555556,37.102491111111114,228
138.39867,37.10239888888889,228
138.398745,37.10227388888889,227
138.39898305555556,37.10203305555556,229
138.39913305555555,37.10180805555556,233
138.39932,37.10164888888889,234
138.39987,37.10136611111111,240
138.39998305555557,37.10124111111111,241
138.40005805555555,37.10109888888889,242
138.400095,37.10093305555556,241
138.400095,37.100723888888886,242
138.40007,37.10052388888889,244
138.40002,37.10037388888889,245
138.39990805555556,37.100183055555554,248
138.399095,37.099091111111115,255
138.39888305555556,37.098725,258
138.39882,37.09846611111111,260
138.39883305555554,37.09825,261
138.39897,37.09794111111111,264
138.39903305555555,37.09774111111111,265
138.39900805555556,37.097658055555556,266
138.39898305555556,37.09758305555555,264
138.398895,37.09750805555556,266
138.39873305555557,37.0974,264
138.39820805555556,37.09706611111111,262
138.3979961111111,37.09690805555555,261
138.39768305555555,37.09648305555555,256
138.3975961111111,37.09645805555556,254
138.39730805555556,37.096383055555556,254
138.39683305555556,37.096333055555554,253
138.39668305555554,37.096275,252
138.3960461111111,37.095925,251
138.3958461111111,37.095841944444444,247
138.39538305555556,37.09571694444445,243
138.39520805555554,37.09565,244
138.39475805555554,37.095441944444445,244
138.39417111111112,37.095325,236
138.3934711111111,37.095108055555556,236
138.39337111111112,37.095058055555555,235
138.39323305555556,37.094991944444445,236
138.3931211111111,37.09491694444444,234
138.39302111111112,37.0948,235
138.39258388888888,37.094541944444444,236
138.3918461111111,37.09435,238
138.3915088888889,37.09433305555556,242
138.39067111111112,37.094366944444445,245
138.3904961111111,37.09435,248
138.3901338888889,37.09424194444444,252
138.38940888888888,37.094166944444446,253
138.3892338888889,37.094125,252
138.38908388888888,37.09405,251
138.3889338888889,37.09390805555555,252
138.3886961111111,37.093725,254
138.3884711111111,37.09359194444445,255
138.38794611111112,37.093333055555554,254
138.3877711111111,37.093275,255
138.38760888888888,37.09325805555556,254
138.38725888888888,37.093275,253
138.38633388888888,37.09320805555556,252
138.3861588888889,37.09321694444444,250
138.38569694444445,37.093358055555555,247
138.38510888888888,37.093383055555556,249
138.38489694444445,37.09343305555556,250
138.38472194444444,37.093533055555554,251
138.38459694444444,37.093583055555555,252
138.38442194444445,37.09363305555556,254
138.38420888888888,37.09361694444444,253
138.38387194444445,37.09345805555556,253
138.38363388888888,37.09330805555555,255
138.383465,37.093165,254
138.383465,37.093165,254
138.38327194444443,37.093,254
138.38314694444443,37.09285805555555,247
138.38307194444445,37.09271694444445,245
138.38304694444443,37.09255,245
138.3830088888889,37.09236694444444,246
138.38284694444445,37.092225,245
138.38272194444446,37.092175,247
138.38203388888888,37.09213388888889,244
138.38197194444444,37.092125,243
138.38010888888888,37.09178388888889,247
138.3793588888889,37.091775,244
138.37839694444443,37.0919,242
138.37799694444445,37.091991944444445,244
138.37764694444445,37.092108055555556,244
138.37737194444443,37.092225,242
138.37682194444446,37.092675,241
138.376435,37.093066944444445,234
138.37629694444445,37.093183055555556,235
138.37614694444446,37.09324194444444,235
138.375235,37.093475,236
138.37489694444446,37.09354111111111,228
138.37421,37.09363305555556,224
138.37299694444445,37.093775,216
138.37277194444445,37.09381611111111,211
138.372585,37.09386611111111,209
138.37184805555555,37.09408305555556,198
138.37166,37.094125,196
138.371235,37.09421611111111,201
138.370985,37.094225,201
138.37084694444445,37.09421611111111,202
138.37072305555554,37.094175,202
138.37051,37.09404111111111,203
138.37044805555556,37.093941111111114,206
138.37039805555557,37.09384111111111,207
138.37037305555555,37.093675,204
138.37041,37.093533055555554,197
138.37047305555555,37.0934,194
138.37057305555555,37.093275,194
138.37071,37.093175,193
138.37086,37.09311611111111,191
138.37169805555556,37.092958055555556,183
138.37184805555555,37.092908055555554,183
138.37197194444445,37.092825,184
138.37207305555555,37.09275805555556,185
138.372185,37.092616944444444,186
138.37222194444445,37.092466944444446,186
138.37222194444445,37.092325,183
138.37217194444443,37.09215,178
138.37202194444444,37.091883055555556,173
138.37194805555555,37.091683055555556,170
138.37189805555556,37.09148305555556,170
138.371885,37.09131694444444,168
138.37192305555556,37.09115,170
138.37199805555557,37.090983055555554,170
138.37207305555555,37.090741944444446,170
138.37211,37.090525,162
138.37209805555557,37.09039194444444,161
138.37206,37.090291944444445,161
138.37194805555555,37.09016694444445,160
138.37184805555555,37.090116944444446,158
138.371685,37.090066944444445,157
138.37026,37.08978388888889,145
138.370035,37.08973388888889,143
138.36991111111112,37.089675,144
138.36977305555556,37.08955888888889,146
138.36947305555555,37.08913388888889,142
138.36924805555554,37.088633888888886,136
138.3691861111111,37.088475,135
138.3691611111111,37.08792611111111,133
138.3692111111111,37.08781694444444,132
138.36927305555557,37.087741944444446,128
138.3694361111111,37.08765888888889,124
138.36962305555556,37.08760888888889,124
138.3702361111111,37.08750888888889,120
138.37036111111112,37.08743388888889,117
138.3704111111111,37.08734194444445,117
138.3704111111111,37.08720888888889,114
138.3703361111111,37.087066944444445,112
138.3697611111111,37.086376111111115,108
138.36958611111112,37.08607611111111,106
138.3695361111111,37.08593388888889,105
138.3693861111111,37.085393055555556,100
138.36932305555555,37.08526805555555,99
138.36917305555556,37.085143055555555,98
138.36902305555554,37.08503388888889,97
138.3686111111111,37.08490111111111,96
138.36849805555556,37.08477611111111,94
138.3679611111111,37.08486805555555,96
138.36749805555556,37.08490888888889,95
138.36714805555556,37.084983888888885,94
138.3668361111111,37.085076111111114,94
138.3653111111111,37.08565111111111,88
138.3646361111111,37.08600888888889,87
138.36426111111112,37.08620111111111,85
138.3638738888889,37.086376111111115,80
138.36368611111112,37.08645111111111,79
138.36346111111112,37.08651694444445,79
138.3628488888889,37.086641944444445,78
138.36254888888888,37.08675888888889,78
138.3619488888889,37.08730888888889,78
138.36097388888888,37.088425,76
138.36086111111112,37.088525,76
138.3607111111111,37.08860888888889,75
138.3605738888889,37.08865888888889,74
138.36028611111112,37.08870888888889,72
138.3596861111111,37.08883388888889,70
138.3593611111111,37.08890888888889,70
138.3592361111111,37.08895,70
138.3590738888889,37.089,69
138.3587861111111,37.089125,68
138.3584111111111,37.0893,66
138.35789888888888,37.089475,64
138.3577738888889,37.08951694444445,63
138.35748694444445,37.08958305555556,63
138.35688694444445,37.089675,62
138.35654888888888,37.0897,61
138.35622388888888,37.089708055555555,61
138.3559238888889,37.0897,61
138.35532388888888,37.08965,58
138.3546988888889,37.0896,58
138.35438694444446,37.08956694444444,62
138.35324888888888,37.089375,65
138.35303694444445,37.08933305555556,66
138.3526,37.08929194444445,66
138.35218694444444,37.089258055555554,65
138.35,37.08905,58
138.34966194444445,37.08905,59
138.34921194444445,37.08911694444444,59
138.34748805555554,37.08933305555556,58
138.34706305555557,37.089375,58
138.34573805555556,37.0894,56
138.345625,37.08878305555555,57
138.34557611111111,37.088458055555556,59
138.34553805555555,37.088341944444444,60
138.34546305555557,37.08821694444445,62
138.3447261111111,37.087275,62
138.34455111111112,37.08705,63
138.34432611111112,37.086616944444444,65
138.3442761111111,37.086475,66
138.3442511111111,37.086375,66
138.3442261111111,37.08614194444444,68
138.34423805555556,37.086,68
138.34463805555555,37.084516944444445,72
138.34468805555557,37.08415111111111,74
138.34468805555557,37.08381694444444,76
138.34458805555556,37.08350111111111,77
138.34381305555556,37.08170888888889,79
138.34353805555557,37.08107611111111,79
138.3434261111111,37.080643055555555,77
138.34338805555555,37.080466944444446,77
138.34327611111112,37.07998388888889,76
138.34317611111112,37.079526111111115,78
138.3431138888889,37.07921805555556,84
138.3429138888889,37.07926805555555,83
138.34260111111112,37.07926805555555,81
138.34216388888888,37.079208888888886,79
138.34135111111112,37.07933388888889,76
138.3410638888889,37.07938388888889,75
138.3406511111111,37.07942611111111,75
138.33976388888888,37.07945888888889,74
138.33920111111112,37.07955111111111,71
138.33808888888888,37.07989194444445,65
138.33771388888889,37.078741944444445,68
138.33737694444446,37.07779305555555,65
138.3368888888889,37.07678388888889,59
138.33670194444446,37.07632611111111,59
138.33658888888888,37.07599305555556,59
138.33649,37.07556,59
138.33647694444446,37.075293055555555,59
138.33644,37.07461,58
138.33642694444444,37.074435,58
138.33604,37.07341,59
138.33590194444446,37.07316,59
138.335715,37.072918055555554,58
138.33500305555555,37.072485,55
138.334715,37.072293055555555,53
138.33457805555557,37.07214305555556,51
138.33449,37.07201805555555,51
138.33444,37.07194305555556,50
138.33434,37.071735,51
138.333715,37.07029388888889,52
138.33330305555555,37.06939388888889,50
138.3330161111111,37.06874388888889,51
138.33297805555554,37.06866888888889,51
138.3328911111111,37.06853611111111,53
138.33275305555554,37.06836888888889,53
138.33255305555556,37.068218888888886,52
138.33205305555555,37.06793611111111,50
138.33014111111112,37.06684388888889,50
138.32830388888888,37.06579388888889,50
138.3281661111111,37.06567694444445,50
138.32811611111111,37.065626944444446,50
138.3280661111111,37.06556111111111,50
138.32751611111112,37.06485305555555,47
138.3274411111111,37.06476111111111,47
138.3272161111111,37.064568888888886,47
138.3268788888889,37.06439388888889,46
138.32606694444445,37.06406888888889,47
138.32489194444443,37.06366888888889,46
138.32399194444446,37.063276944444446,46
138.32369194444445,37.06310194444445,48
138.32299194444445,37.06254388888889,49
138.32201694444444,37.061728055555555,48
138.32179305555556,37.06154388888889,47
138.321655,37.06145305555555,45
138.321505,37.06138611111111,46
138.32139194444446,37.06137694444445,45
138.32126694444443,37.06141111111111,44
138.32084194444445,37.061503055555555,43
138.320755,37.061503055555555,43
138.32028,37.06144388888889,44
138.31929305555556,37.06122805555555,50
138.31846805555554,37.06109388888889,50
138.3174811111111,37.06104388888889,47
138.3170311111111,37.061011111111114,46
138.31605611111112,37.06092694444445,45
138.31574305555554,37.06092694444445,45
138.31550611111112,37.060943888888886,45
138.31534305555556,37.06096888888889,45
138.31459305555555,37.06111888888889,45
138.3144561111111,37.06113611111111,45
138.31419305555556,37.061168888888886,45
138.3140061111111,37.06118611111111,45
138.31329305555556,37.06121111111111,45
138.31299305555555,37.06122694444444,45
138.31219388888888,37.061236111111114,45
138.3120811111111,37.061236111111114,45
138.31086888888888,37.06124388888889,43
138.3107811111111,37.06124388888889,43
138.3108311111111,37.06068611111111,43
138.3109061111111,37.059851944444446,45
138.3109311111111,37.05959388888889,45
138.31096888888888,37.05931888888889,45
138.3110061111111,37.05882694444445,46
138.3110188888889,37.058728055555555,46
138.31106888888888,37.058478055555554,47
138.3112438888889,37.05806111111111,49
138.3113938888889,37.05776111111111,49
138.3117061111111,37.05714388888889,50
138.3118311111111,37.05687805555556,51
138.31189388888887,37.05665305555556,51
138.31198111111112,37.05636888888889,51
138.31233111111112,37.055145,53
138.3123688888889,37.055011111111114,53
138.31238194444444,37.05497388888889,53
138.31238194444444,37.05497388888889,53
138.31243111111112,37.05483611111111,53
138.3125311111111,37.05466111111111,54
138.31265611111112,37.05451111111111,54
138.3132688888889,37.05372805555555,55
138.31334388888888,37.053628055555556,56
138.31344388888888,37.05352805555555,56
138.3136311111111,37.053311111111114,54
138.3137561111111,37.053145,54
138.3138311111111,37.05298694444444,54
138.3138561111111,37.05277,59
138.3138688888889,37.052703055555554,59
138.31390611111112,37.05236194444444,60
138.3139438888889,37.052078055555555,60
138.31391888888888,37.051836944444446,61
138.31390611111112,37.05176194444444,61
138.3138811111111,37.05168694444444,61
138.3137188888889,37.051228055555555,62
138.3135438888889,37.050795,63
138.31346888888888,37.050561944444446,64
138.31334388888888,37.050145,66
138.31320694444443,37.04958694444444,67
138.3130438888889,37.048811944444445,69
138.3129688888889,37.048561944444444,69
138.3129188888889,37.048428888888886,69
138.31280694444445,37.048228888888886,69
138.31278194444445,37.048186944444446,69
138.31264388888889,37.047961944444445,68
138.31258194444445,37.04785388888889,68
138.31240694444443,37.04758694444445,69
138.31225694444444,37.04734611111111,69
138.3121438888889,37.047136944444446,70
138.31210694444445,37.04703694444444,71
138.31209388888888,37.046928888888885,71
138.31209388888888,37.046821111111115,71
138.31211888888888,37.04628694444445,71
138.31211888888888,37.04622888888889,71
138.3121438888889,37.04587111111111,70
138.31213194444445,37.04572111111111,70
138.31210694444445,37.04562111111111,70
138.3119188888889,37.04506194444444,71
138.31188194444445,37.04484611111111,71
138.31168194444444,37.044021111111114,69
138.31165694444445,37.04385388888889,68
138.310445,37.04292888888889,66
138.30957,37.04225388888889,64
138.30803194444445,37.04104611111111,64
138.307645,37.04074611111111,63
138.30745694444445,37.04058805555555,63
138.307345,37.04044611111111,63
138.306945,37.03990388888889,63
138.306795,37.03972111111111,62
138.306695,37.03964611111111,61
138.30660805555556,37.03957888888889,60
138.30642,37.03948805555556,59
138.30577,37.03925388888889,58
138.304895,37.03894611111111,58
138.30477611111112,37.03890805555555,58
138.30477611111112,37.03890805555555,58
138.30448305555555,37.03881305555556,58
138.3043461111111,37.03879611111111,58
138.3031961111111,37.03874611111111,59
138.30292111111112,37.03861305555556,59
138.3028461111111,37.038088055555555,61
138.3027461111111,37.03737111111111,64
138.3026461111111,37.03720388888889,65
138.30245805555555,37.03702888888889,66
138.3022961111111,37.03691305555556,66
138.3021461111111,37.03687111111111,67
138.30205805555556,37.036838055555556,66
138.30053305555555,37.03687111111111,63
138.29964611111112,37.03692888888889,62
138.2993211111111,37.03697888888889,61
138.2989211111111,37.03711305555556,60
138.29859611111112,37.03720388888889,58
138.2979711111111,37.037303888888886,56
138.29725888888888,37.03736305555555,54
138.2968588888889,37.03738694444444,53
138.2966461111111,37.03737111111111,52
138.2965088888889,37.03731194444445,52
138.2955088888889,37.03662888888889,53
138.2950088888889,37.03628805555555,55
138.2948088888889,37.03622111111111,54
138.29459694444444,37.03620388888889,54
138.2943588888889,37.036228888888886,52
138.29383388888888,37.03627888888889,52
138.29367194444444,37.03631305555555,52
138.2934588888889,37.036363055555555,52
138.2932588888889,37.03637888888889,51
138.2931338888889,37.03637111111111,50
138.2925338888889,37.036363055555555,48
138.2923338888889,37.03635388888889,48
138.29215888888888,37.03632888888889,48
138.2919838888889,37.03628805555555,47
138.29114694444445,37.03582888888889,47
138.2909338888889,37.03569611111111,48
138.29062194444444,37.03549611111111,47
138.2905338888889,37.03542888888889,48
138.29010888888888,37.03516194444445,47
138.289935,37.035046111111114,48
138.28969694444444,37.03496194444445,48
138.28961,37.034953888888886,48
138.289285,37.03494611111111,48
138.288885,37.03497111111111,43
138.28831,37.03502888888889,41
138.28814694444443,37.035046111111114,41
138.28802194444444,37.035063055555554,41
138.28786,37.035063055555554,40
138.28759694444443,37.03505388888889,40
138.28744694444444,37.03503805555555,40
138.28719805555556,37.03497888888889,40
138.28684694444445,37.034886944444445,40
138.286385,37.03473805555556,40
138.28596,37.03461305555555,43
138.285785,37.03460388888889,44
138.28551,37.03460388888889,43
138.28519805555555,37.034686944444445,42
138.284735,37.03497111111111,40
138.284635,37.03507111111111,40
138.28459805555556,37.03512111111111,40
138.28451,37.03523694444444,40
138.28442305555555,37.03538694444445,40
138.284085,37.03605388888889,40
138.283535,37.03584611111111,40
138.28287305555557,37.03557111111111,40
138.28236,37.03535388888889,40
138.2812361111111,37.034886944444445,41
138.28113611111112,37.03484611111111,41
138.2801111111111,37.03441194444444,42
138.27927305555556,37.034061944444446,43
138.27862305555556,37.03380388888889,43
138.27853611111112,37.03377111111111,43
138.27794805555556,37.03352888888889,44
138.2765861111111,37.032961944444445,45
138.2756861111111,37.03259611111111,46
138.27561111111112,37.032561944444446,46
138.2750861111111,37.03234611111111,46
138.27391111111112,37.03185388888889,47
138.27356111111112,37.031711944444446,47
138.2730738888889,37.031511944444446,48
138.2729238888889,37.03145388888889,48
138.27281194444444,37.03140388888889,49
138.27261194444444,37.03132111111111,50
138.27116194444446,37.03071194444444,50
138.2705738888889,37.03047111111111,51
138.2695488888889,37.03005388888889,52
138.26896194444444,37.029803888888885,53
138.2687488888889,37.02972111111111,53
138.26821194444443,37.02949611111111,54
138.267525,37.02921194444444,54
138.267425,37.02917111111111,54
138.26658694444444,37.028911944444445,53
138.2663,37.028861944444444,53
138.266,37.02882888888889,53
138.26596305555555,37.028821111111114,53
138.264675,37.02878694444444,57
138.26463805555557,37.02878694444444,58
138.26403805555555,37.02880388888889,59
138.263925,37.02880388888889,59
138.263425,37.02881194444444,59
138.26268805555554,37.028821111111114,59
138.26211305555555,37.02882888888889,58
138.26191305555557,37.02882888888889,58
138.26155,37.02883694444444,58
138.26121305555554,37.02885388888889,58
138.2607761111111,37.02887888888889,58
138.2602038888889,37.02891,57
138.2602038888889,37.02891,57
138.2598761111111,37.02892888888889,56
138.25968805555556,37.028495,56
138.25950111111112,37.02807888888889,57
138.2589011111111,37.02672888888889,60
138.25876305555556,37.026336944444445,61
138.25870111111112,37.02609611111111,61
138.2586511111111,37.02580388888889,62
138.2586261111111,37.02537888888889,63
138.2586261111111,37.025238055555555,63
138.25866305555556,37.02493805555556,63
138.25883805555554,37.024011944444446,65
138.2588511111111,37.023896111111114,65
138.25898805555556,37.02299611111111,67
138.25901305555556,37.02281305555555,67
138.2590761111111,37.02236305555556,68
138.25913805555555,37.02197888888889,70
138.25931305555557,37.020696111111114,70
138.2593261111111,37.02063,70
138.25937611111112,37.020305,70
138.25944166666667,37.01980666666667,70
138.25944166666667,37.01980666666667,70
138.25950111111112,37.019355,71
138.25956305555556,37.01892111111111,71
138.2595511111111,37.01799694444444,75
138.25948888888888,37.017496944444446,76
138.2594138888889,37.01701305555556,78
138.2591888888889,37.01549694444444,79
138.2591888888889,37.01531388888889,79
138.2592388888889,37.01517194444445,79
138.25950111111112,37.014605,81
138.2597011111111,37.01419694444444,84
138.2597638888889,37.01406388888889,84
138.26016388888888,37.01320611111111,89
138.26028888888888,37.01292194444444,90
138.2603638888889,37.01269694444444,90
138.2605388888889,37.01203888888889,90
138.26106388888888,37.01009805555555,90
138.2614511111111,37.00861388888889,90
138.2614888888889,37.00836388888889,90
138.2614888888889,37.008015,90
138.2614638888889,37.00780611111111,90
138.2614511111111,37.00774,91
138.2614011111111,37.007565,91
138.26130111111112,37.00732305555555,91
138.2612388888889,37.007198055555556,92
138.2611388888889,37.00695611111111,92
138.26106388888888,37.00674,92
138.2609511111111,37.00627305555555,94
138.26065111111112,37.005231944444446,98
138.26132611111112,37.00510694444444,99
138.2615888888889,37.005023055555554,98
138.2618261111111,37.004915,99
138.26188888888888,37.00489,99
138.2621638888889,37.00469805555556,100
138.2624011111111,37.00447305555556,100
138.2626011111111,37.00420694444445,101
138.2629761111111,37.003715,101
138.2633138888889,37.003215,101
138.2634261111111,37.00304888888889,101
138.2641011111111,37.00212388888889,102
138.26423888888888,37.00193194444444,102
138.2647888888889,37.001173888888886,102
138.2648511111111,37.001081944444444,102
138.2648638888889,37.00105694444444,102
138.2648888888889,37.00103194444444,102
138.2654511111111,37.00024888888889,102
138.26753805555555,36.99734111111111,116
138.26761305555556,36.99724111111111,115
138.26836305555557,36.996183055555555,125
138.26900111111112,36.99454194444444,116
138.26903805555557,36.994441944444446,117
138.2692011111111,36.994025,118
138.26943805555555,36.993383055555555,118
138.26973805555556,36.992575,118
138.2703261111111,36.990791944444446,123
138.27061305555554,36.98987611111111,122
138.27070111111112,36.98959194444444,122
138.27073805555557,36.989516944444446,122
138.27128805555554,36.98860888888889,120
138.27133805555556,36.98845111111111,121
138.27161305555555,36.98737611111111,127
138.27173805555555,36.987051111111114,128
138.2718761111111,36.98668388888889,128
138.27193805555555,36.986443055555554,129
138.27216305555555,36.98596805555555,130
138.2722261111111,36.985683888888886,130
138.2722261111111,36.985126111111114,130
138.2721511111111,36.98436805555556,130
138.2717888888889,36.98315111111111,130
138.27175111111112,36.983035,130
138.27130111111111,36.98201,133
138.2710761111111,36.981485,133
138.27046388888888,36.98021,137
138.2704388888889,36.980151944444444,137
138.27025111111112,36.97969305555556,140
138.2702261111111,36.979485,140
138.27036388888888,36.97889388888889,141
138.27048888888888,36.97846888888889,140
138.2708638888889,36.97725194444445,145
138.27005194444445,36.97666888888889,147
138.26968888888888,36.97638611111111,149
138.26962694444444,36.97628611111111,151
138.2695388888889,36.97598611111111,157
138.26947694444445,36.97588611111111,158
138.2691888888889,36.97556111111111,157
138.26902694444445,36.97539388888889,157
138.26891388888887,36.97529388888889,157
138.26856388888888,36.97506111111111,156
138.26845194444445,36.974986111111114,156
138.2683638888889,36.97488611111111,156
138.2682888888889,36.97472694444444,157
138.2679388888889,36.97361111111111,162
138.2679138888889,36.973503055555554,163
138.2679138888889,36.97342694444445,164
138.26794,36.971153055555554,171
138.26794,36.97101888888889,172
138.26790194444445,36.97040305555556,174
138.26789,36.96967,176
138.26784,36.969545,180
138.267715,36.96936111111111,181
138.26737694444444,36.96892,182
138.26704,36.968445,185
138.26682805555555,36.968145,188
138.266765,36.968045,190
138.26675194444445,36.96802,190
138.26652694444445,36.967545,191
138.26640194444445,36.96737805555556,191
138.26605305555555,36.96692,191
138.26592805555555,36.96676194444444,192
138.26564,36.96642,192
138.265065,36.965853055555556,192
138.263865,36.964753888888886,194
138.26337805555556,36.96427,194
138.26285305555555,36.96373694444444,195
138.26275305555555,36.96362888888889,195
138.2625911111111,36.96347,195
138.2621161111111,36.96331194444444,196
138.2619411111111,36.96320388888889,197
138.26161611111112,36.96300388888889,200
138.26112805555556,36.962828888888886,201
138.25992805555555,36.962395,200
138.25971611111112,36.96232,200
138.25957805555555,36.96225388888889,200
138.2591911111111,36.961753888888886,201
138.2587661111111,36.96124611111111,203
138.2587038888889,36.96113694444445,204
138.25867888888888,36.96107888888889,204
138.2586288888889,36.96094611111111,205
138.2581788888889,36.959828888888886,206
138.25801611111112,36.95944611111111,207
138.2579538888889,36.959288055555554,207
138.25776611111112,36.95897111111111,207
138.25769111111111,36.958846111111114,208
138.2576038888889,36.958713055555556,208
138.25745388888888,36.95856194444445,208
138.25666611111112,36.957813055555555,208
138.2565911111111,36.95772111111111,208
138.2564661111111,36.957411944444445,209
138.2563661111111,36.95717111111111,209
138.25621694444445,36.95684611111111,209
138.25599194444445,36.95629611111111,210
138.25595388888888,36.95623805555555,210
138.25569194444444,36.95597111111111,211
138.25559194444443,36.95582111111111,211
138.2555788888889,36.95572111111111,212
138.2555788888889,36.955488055555556,213
138.25556694444444,36.95507111111111,215
138.25556694444444,36.954405,216
138.2555538888889,36.95433,216
138.25540388888888,36.95383805555556,217
138.2553288888889,36.95361305555556,218
138.25529194444445,36.95337111111111,218
138.25524194444444,36.95303805555555,219
138.25517888888888,36.95221305555555,222
138.2552038888889,36.95182194444445,224
138.25521694444444,36.951555,226
138.25489194444444,36.950938055555554,227
138.2546788888889,36.95063,229
138.25459194444446,36.950538055555555,230
138.25444194444444,36.95042194444444,231
138.253605,36.94994694444444,233
138.253405,36.94978,234
138.25321694444443,36.94953,235
138.25294194444444,36.94913,235
138.252855,36.94903,236
138.25276694444443,36.948955,236
138.252555,36.94884694444445,237
138.25198,36.948755,238
138.25186694444446,36.94872194444444,238
138.251505,36.94851388888889,240
138.25128,36.948371944444446,241
138.25086694444445,36.94808,243
138.25076694444445,36.94799694444445,244
138.250355,36.94757194444445,245
138.250205,36.94743888888889,245
138.24993,36.947255,246
138.24959305555555,36.94706388888889,246
138.24944305555556,36.94699694444444,247
138.248605,36.94678888888889,249
138.249505,36.94567194444444,248
138.25043,36.94448888888889,248
138.25096805555555,36.94389694444445,238
138.251655,36.94312305555555,218
138.25204305555556,36.94273111111111,232
138.25243,36.94237305555556,235
138.252605,36.94219805555556,238
138.25274194444444,36.942056111111114,240
138.252855,36.94195611111111,240
138.25303,36.94177305555556,241
138.25323,36.94158111111111,242
138.25338,36.94137305555556,244
138.253655,36.94113111111111,246
138.254105,36.94073888888889,247
138.25508,36.939948055555554,248
138.25594194444446,36.93929,249
138.256505,36.93890611111111,254
138.25671694444443,36.93878194444444,254
138.25726694444444,36.938473055555555,257
138.257805,36.938223055555554,256
138.25798,36.938165,256
138.25834194444445,36.938048055555555,258
138.2588538888889,36.93797305555555,266
138.25916694444444,36.93794805555556,272
138.25967888888889,36.93794805555556,276
138.2600788888889,36.937965,277
138.2606788888889,36.938048055555555,282
138.2611038888889,36.93812305555556,282
138.26144194444444,36.93819805555555,283
138.26169194444444,36.93828194444445,282
138.2619288888889,36.93842305555555,284
138.2621288888889,36.938665,286
138.26251694444446,36.939298055555554,282
138.26271694444443,36.939565,278
138.2628288888889,36.93960694444444,277
138.26299194444445,36.93963194444444,277
138.2631538888889,36.939615,275
138.26354194444446,36.93953194444445,273
138.2636038888889,36.93949805555555,272
138.26371694444444,36.939306944444446,273
138.26384194444444,36.93913194444445,273
138.26424194444445,36.93870694444445,271
138.26436694444445,36.93854,272
138.26441694444443,36.93842388888889,275
138.26441694444443,36.93804,276
138.26444194444446,36.937965,278
138.2647288888889,36.93749,276
138.26486694444444,36.93737388888889,277
138.2654038888889,36.93709888888889,275
138.2659911111111,36.93680694444444,274
138.2663161111111,36.93662388888889,276
138.2664288888889,36.936523888888885,277
138.2665788888889,36.93635694444445,273
138.2666288888889,36.93620694444444,274
138.2666661111111,36.935898888888886,275
138.2666788888889,36.93544888888889,273
138.26674111111112,36.935181944444444,275
138.2667911111111,36.93506611111111,274
138.2668911111111,36.93494888888889,275
138.2671288888889,36.934806944444446,275
138.2674538888889,36.93465694444444,282
138.26761611111112,36.93460694444445,281
138.26782888888889,36.93457388888889,281
138.26831611111112,36.93456611111111,281
138.26852888888888,36.93454888888889,286
138.26866611111112,36.93449888888889,286
138.26876611111112,36.93442388888889,287
138.26885388888888,36.934331944444445,287
138.26901694444445,36.934075,287
138.26901694444445,36.934075,287
138.26909111111112,36.933956944444446,286
138.2692788888889,36.93364888888889,286
138.2695788888889,36.93333194444445,284
138.26967888888888,36.933256944444445,282
138.26979111111112,36.93319888888889,285
138.26990388888888,36.93317388888889,285
138.2700788888889,36.93315805555556,285
138.2702038888889,36.93317388888889,285
138.27057888888888,36.93324111111111,284
138.2707038888889,36.93324888888889,284
138.27091611111112,36.93321611111111,286
138.27102888888888,36.93315805555556,285
138.27126611111112,36.93297388888889,287
138.27135388888888,36.93289111111111,287
138.2714288888889,36.932766111111114,288
138.27145388888889,36.932698888888886,287
138.27160388888888,36.93210805555555,288
138.27169111111112,36.93197388888889,288
138.27180388888888,36.93190805555555,287
138.2726911111111,36.93157388888889,290
138.27287805555557,36.93134888888889,293
138.2728661111111,36.931266111111114,293
138.27270305555555,36.930933055555556,294
138.2726911111111,36.930858055555554,293
138.27272805555555,36.93078305555556,293
138.2730161111111,36.93056611111111,290
138.2731161111111,36.930233055555554,292
138.27316611111112,36.93015,293
138.27327805555555,36.93006611111111,294
138.27370305555556,36.929925,291
138.27380305555556,36.929875,292
138.27392805555556,36.92974111111111,292
138.27395305555555,36.92965805555556,294
138.27399111111112,36.92926611111111,293
138.2740411111111,36.92919111111111,293
138.2741161111111,36.92913305555555,291
138.2742911111111,36.9291,294
138.27505305555556,36.928975,293
138.27527805555556,36.9289,291
138.2758161111111,36.9287,292
138.27617805555556,36.92839194444444,292
138.27652805555556,36.928175,292
138.27667805555555,36.92803305555555,291
138.27667805555555,36.92795805555556,291
138.27662805555556,36.927825,292
138.2764161111111,36.92755,290
138.2763911111111,36.927475,290
138.2763911111111,36.927366944444444,291
138.27667805555555,36.92706694444445,292
138.27679111111112,36.926991944444445,293
138.27737805555554,36.926575,296
138.27755305555556,36.92645888888889,297
138.2778661111111,36.926341944444445,296
138.27824,36.926325,307
138.27852805555557,36.92616694444445,308
138.27857805555556,36.92598388888889,304
138.2782161111111,36.925516944444446,317
138.27800305555556,36.925108888888886,313
138.2779911111111,36.92503388888889,316
138.27797805555556,36.924866944444446,317
138.27800305555556,36.92479194444444,314
138.27842805555557,36.92430888888889,317
138.27852805555557,36.924258888888886,313
138.27902805555556,36.92413388888889,311
138.279115,36.92408388888889,315
138.279215,36.92398388888889,317
138.27922805555556,36.92390888888889,314
138.27919,36.92385111111111,315
138.27912805555556,36.92380111111111,315
138.27879,36.92366694444444,317
138.27872805555555,36.923608888888886,319
138.27865305555557,36.92352611111111,327
138.27862805555554,36.92345888888889,327
138.278615,36.92333388888889,326
138.27864,36.92325888888889,327
138.27894,36.922916944444445,323
138.27897805555557,36.922826111111114,325
138.27897805555557,36.92275111111111,325
138.27894,36.922666944444444,325
138.2786661111111,36.92230888888889,326
138.2786411111111,36.92221694444444,325
138.27865305555557,36.921391944444444,324
138.27862805555554,36.92129194444444,322
138.2784161111111,36.921033888888886,323
138.27839111111112,36.92095111111111,322
138.27839111111112,36.920833888888886,322
138.27840305555554,36.92069194444444,322
138.2785411111111,36.920408888888886,325
138.2786411111111,36.92024305555555,325
138.27865305555557,36.92020111111111,328
138.2786661111111,36.919851111111115,325
138.2786661111111,36.91972611111111,323
138.27871611111112,36.91945888888889,328
138.2786911111111,36.91932611111111,329
138.27865305555557,36.91922611111111,328
138.27829111111112,36.918551111111114,332
138.27822805555556,36.91840111111111,331
138.27817805555554,36.918241944444446,333
138.27815305555555,36.91788388888889,334
138.27810305555556,36.91775888888889,335
138.27805305555555,36.91767611111111,335
138.27797805555556,36.91761805555556,335
138.27739111111111,36.91728388888889,338
138.27735305555555,36.91725111111111,338
138.2772911111111,36.91720111111111,341
138.27725305555555,36.917143055555556,341
138.27722805555555,36.91705888888889,339
138.27714111111112,36.91660888888889,341
138.2771161111111,36.91650111111111,342
138.27705305555557,36.91636805555556,345
138.2769411111111,36.91618388888889,347
138.2766661111111,36.915776111111114,346
138.27650305555557,36.91563388888889,345
138.27635305555555,36.915551111111114,344
138.27612805555555,36.915368055555554,345
138.27600305555555,36.915218055555556,346
138.2758161111111,36.91488388888889,350
138.27572805555556,36.914768055555555,350
138.27560305555556,36.914633888888886,351
138.27530305555555,36.914408888888886,355
138.27517805555556,36.91433388888889,356
138.27440388888888,36.914076111111115,354
138.2742788888889,36.91401,356
138.27420388888888,36.913943055555556,362
138.27399111111112,36.913718055555556,366
138.27395388888888,36.91357611111111,365
138.27397888888888,36.91347611111111,365
138.2740288888889,36.91336,367
138.2743788888889,36.91287611111111,367
138.27454111111112,36.91269305555556,368
138.2746038888889,36.912585,369
138.27464111111112,36.91245111111111,368
138.27465388888888,36.911993055555556,374
138.2746038888889,36.91166,376
138.2743661111111,36.910835,373
138.2741538888889,36.90992694444444,385
138.2741038888889,36.909818055555554,385
138.2740161111111,36.90971805555556,388
138.2738161111111,36.909576944444446,385
138.2736661111111,36.909485,384
138.2735788888889,36.909418055555555,386
138.27354111111111,36.909376944444446,384
138.2734788888889,36.90926805555556,386
138.27330388888888,36.908835,387
138.2732661111111,36.908701944444445,388
138.2732538888889,36.90819388888889,394
138.2732038888889,36.90792694444445,393
138.2730911111111,36.90761,394
138.27307888888888,36.90751888888889,395
138.2731038888889,36.90732694444444,395
138.2733661111111,36.90645194444444,398
138.27340388888888,36.906326944444444,402
138.27341611111112,36.90620194444445,405
138.27339111111112,36.90611111111111,407
138.2732538888889,36.90591888888889,405
138.27307888888888,36.90573611111111,407
138.27271611111112,36.90541888888889,417
138.2726661111111,36.90535194444445,414
138.2726538888889,36.90526111111111,415
138.27272888888888,36.90494388888889,416
138.27292888888888,36.90448611111111,414
138.27296611111112,36.90435194444444,414
138.27295388888888,36.90425194444445,414
138.2728788888889,36.90403611111111,413
138.2728161111111,36.903818888888885,416
138.2728038888889,36.90371888888889,417
138.2728038888889,36.90364388888889,417
138.2728788888889,36.90347805555555,419
138.27305388888888,36.903193888888886,425
138.2731038888889,36.903103055555555,424
138.27315388888888,36.90298611111111,426
138.27319111111112,36.902836111111114,425
138.2732038888889,36.90266888888889,425
138.2730038888889,36.902453055555554,426
138.27292888888888,36.902343888888886,427
138.2728788888889,36.902253055555555,426
138.2728161111111,36.90201111111111,431
138.2728161111111,36.90181111111111,434
138.27285388888887,36.901651944444446,434
138.2729038888889,36.90151888888889,436
138.27296611111112,36.90136888888889,435
138.2734411111111,36.90069388888889,433
138.27360388888889,36.90044388888889,434
138.2736661111111,36.90033611111111,434
138.2736911111111,36.90023611111111,438
138.2736661111111,36.90006888888889,435
138.27317888888888,36.89926888888889,444
138.27307888888888,36.89903611111111,444
138.2725911111111,36.89777,449
138.2723661111111,36.897395,452
138.2723161111111,36.89726111111111,451
138.2723038888889,36.897145,454
138.2723161111111,36.89705305555555,456
138.2723411111111,36.896928055555556,458
138.2724038888889,36.89681111111111,456
138.2725538888889,36.89657,454
138.2726288888889,36.896436944444446,455
138.2726538888889,36.89631194444444,455
138.2726661111111,36.896186944444445,456
138.2726411111111,36.89607,457
138.2725788888889,36.895945,458
138.2723538888889,36.89557805555555,467
138.2723288888889,36.89548694444444,465
138.2723288888889,36.89532805555555,465
138.2723661111111,36.89506194444444,467
138.2726288888889,36.89416194444444,476
138.27271611111112,36.89397888888889,477
138.27295388888888,36.893545,476
138.2730161111111,36.89332888888889,479
138.2730038888889,36.89322888888889,479
138.27292888888888,36.89313694444444,482
138.27249111111112,36.892745,484
138.2724411111111,36.89266194444444,483
138.2724288888889,36.892603888888885,483
138.2724288888889,36.89252,484
138.2724538888889,36.89246194444444,486
138.2726661111111,36.89212111111111,486
138.27271611111112,36.891961944444446,488
138.27271611111112,36.89182888888889,488
138.2725911111111,36.89082888888889,497
138.2725911111111,36.89064611111111,496
138.27260388888888,36.89048694444445,496
138.2726288888889,36.89039611111111,496
138.2727661111111,36.890211944444445,503
138.2728038888889,36.890146111111115,507
138.27284111111112,36.890011944444446,506
138.2728161111111,36.88987888888889,506
138.2726788888889,36.88959611111111,506
138.27266694444444,36.88951194444444,505
138.27269194444443,36.88939611111111,509
138.2728161111111,36.88912111111111,515
138.2729038888889,36.88897111111111,514
138.27296611111112,36.88892888888889,514
138.27305388888888,36.88890388888889,514
138.2731411111111,36.888911944444445,514
138.27341611111112,36.88895388888889,514
138.27352888888888,36.888936944444445,516
138.27364111111112,36.88887888888889,520
138.27375388888888,36.88879611111111,523
138.27384111111112,36.88869611111111,527
138.2739161111111,36.88856194444445,527
138.2740411111111,36.88809611111111,527
138.27409111111112,36.88800388888889,527
138.2741288888889,36.88795388888889,530
138.2742411111111,36.887886944444446,532
138.27500388888888,36.88750388888889,536
138.2753788888889,36.887363055555554,539
138.27544111111112,36.887363055555554,539
138.2754788888889,36.887388055555554,542
138.2754911111111,36.88742888888889,542
138.27545388888888,36.887478888888886,546
138.27524111111111,36.88756305555555,545
138.2750411111111,36.88769611111111,545
138.27485388888888,36.88782888888889,542
138.27477888888887,36.887903888888886,544
138.2747411111111,36.88797888888889,542
138.2747288888889,36.88813694444445,545
138.27475388888888,36.88817888888889,545
138.2748288888889,36.88820388888889,546
138.27499111111112,36.88816194444444,548
138.2751661111111,36.888088055555556,552
138.27566611111112,36.88785388888889,558
138.2759411111111,36.88774611111111,564
138.27601611111112,36.88769611111111,566
138.2761661111111,36.88749611111111,563
138.27622888888888,36.887438055555556,563
138.27632888888888,36.88737888888889,563
138.2764411111111,36.887346111111114,565
138.27679111111112,36.887278888888886,573
138.2769411111111,36.88722888888889,575
138.2771161111111,36.88717111111111,575
138.27722888888889,36.88710388888889,576
138.27745388888889,36.886938055555554,581
138.2777288888889,36.88665388888889,582
138.27780388888888,36.886588055555556,585
138.27804111111112,36.88645388888889,585
138.2782411111111,36.886403888888886,585
138.27845305555556,36.886363055555556,588
138.27862805555554,36.886271111111114,586
138.27874111111112,36.88617111111111,585
138.2787911111111,36.88603805555555,581
138.2787661111111,36.88589611111111,573
138.27860305555555,36.88572111111111,583
138.2784411111111,36.88558805555556,583
138.27827805555555,36.88553,585
138.2775411111111,36.88538,591
138.27747888888888,36.88533805555556,591
138.27745388888889,36.88529611111111,593
138.27745388888889,36.88524611111111,593
138.27746611111112,36.885196111111114,595
138.2775288888889,36.88514611111111,595
138.27805388888888,36.884955,597
138.27826611111112,36.88479611111111,600
138.27830305555557,36.88471305555556,603
138.27830305555557,36.884663055555556,606
138.27827888888888,36.88463,606
138.2782161111111,36.88462111111111,607
138.27792888888888,36.884663055555556,606
138.27769111111112,36.88467111111111,607
138.27760388888888,36.88464611111111,611
138.2775411111111,36.884613055555555,613
138.27749111111112,36.884555,615
138.2774161111111,36.884205,616
138.27741111111112,36.88408388888889,616
138.27741111111112,36.88408388888889,616
138.2774038888889,36.883905,616
138.27745388888889,36.883696944444445,619
138.27747888888888,36.88353,623
138.27746611111112,36.883255,624
138.2774411111111,36.88288,627
138.2774038888889,36.882821944444444,627
138.27736611111112,36.88279694444444,627
138.2772911111111,36.88278,625
138.2768538888889,36.88292194444445,635
138.27677888888888,36.882938055555556,635
138.2767288888889,36.882913055555555,638
138.2767161111111,36.88288,640
138.2767161111111,36.88283805555555,640
138.2768538888889,36.882655,646
138.2772161111111,36.88238805555556,643
138.27726611111112,36.88231305555556,643
138.2773288888889,36.88209694444444,647
138.27737888888888,36.882021944444446,646
138.2775161111111,36.88188805555556,647
138.27759111111112,36.881746944444444,646
138.27761611111112,36.88148,649
138.2776411111111,36.881413888888886,650
138.2778788888889,36.881371944444446,653
138.2783288888889,36.88143,656
138.2784161111111,36.88142194444445,656
138.2784538888889,36.88139694444445,657
138.27849111111112,36.88133,658
138.27847888888888,36.88126388888889,658
138.2783161111111,36.88103888888889,663
138.27827888888888,36.88097194444445,665
138.27827888888888,36.88087194444444,664
138.2783161111111,36.88073888888889,664
138.2783161111111,36.88066388888889,670
138.27827888888888,36.88056388888889,670
138.2779661111111,36.880246944444444,673
138.2777911111111,36.88018,675
138.2773161111111,36.88023888888889,673
138.27714111111112,36.880271944444445,674
138.2769911111111,36.880296944444446,677
138.2768788888889,36.880296944444446,678
138.27679111111112,36.880255,678
138.2767161111111,36.880113888888886,677
138.27667888888888,36.880005,677
138.2766661111111,36.879871944444446,676
138.27667888888888,36.87974694444444,680
138.2767161111111,36.87972194444445,680
138.27681611111112,36.879705,682
138.2770661111111,36.879705,685
138.27726611111112,36.87973,684
138.2776288888889,36.879821944444444,688
138.2778788888889,36.87983888888889,693
138.2785538888889,36.87948111111111,696
138.2787538888889,36.87934694444444,700
138.2789038888889,36.87920611111111,703
138.27922805555556,36.87878888888889,704
138.2793411111111,36.878706111111114,705
138.27939111111112,36.87865611111111,707
138.27955305555557,36.87853888888889,709
138.27960305555555,36.87844694444444,712
138.2795911111111,36.878371944444446,714
138.2795661111111,36.878321944444444,716
138.2794911111111,36.878281111111114,715
138.27941611111112,36.87827194444444,714
138.27927805555555,36.87830611111111,713
138.2788788888889,36.87856388888889,712
138.27870388888888,36.87864694444445,713
138.2783411111111,36.87872194444444,715
138.2779788888889,36.87876388888889,718
138.2777411111111,36.878746944444444,723
138.27759111111112,36.87867194444444,724
138.2775411111111,36.87862194444445,723
138.2775038888889,36.878546944444444,724
138.27747888888888,36.87845611111111,724
138.27747888888888,36.878321944444444,725
138.2775538888889,36.878096944444444,726
138.27760388888888,36.87788888888889,730
138.27760388888888,36.877721944444446,735
138.27770388888888,36.877538888888886,736
138.2778911111111,36.87730611111111,737
138.2781288888889,36.87713888888889,737
138.2782038888889,36.87710611111111,738
138.27825388888888,36.877048055555555,738
138.27827888888888,36.87700611111111,738
138.2783411111111,36.876823055555555,742
138.27839111111112,36.87676388888889,744
138.2784411111111,36.87672305555556,744
138.2785288888889,36.87670611111111,745
138.27860388888888,36.87669694444445,745
138.27872888888888,36.87672305555556,744
138.27896611111112,36.87678888888889,742
138.2792288888889,36.87689694444445,741
138.27977805555557,36.877113888888886,750
138.27987805555554,36.87717305555555,750
138.28005305555556,36.87731388888889,754
138.2801661111111,36.87748111111111,754
138.2803911111111,36.877896944444444,754
138.28054111111112,36.87831388888889,755
138.28055305555554,36.878521944444444,759
138.28057805555557,36.87863111111111,761
138.2806161111111,36.87873111111111,761
138.28082805555556,36.87900611111111,761
138.28092805555556,36.87908888888889,762
138.28109111111112,36.87912194444444,761
138.2811661111111,36.87909694444444,762
138.28122805555554,36.879038888888886,761
138.28131611111112,36.87883111111111,762
138.28135305555554,36.87873111111111,762
138.28137805555556,36.87855611111111,762
138.28135305555554,36.878413888888886,763
138.2812911111111,36.87822194444445,765
138.28127805555556,36.87802194444444,767
138.2812911111111,36.87788888888889,767
138.28144111111112,36.87768111111111,772
138.28150305555556,36.87761388888889,773
138.2815911111111,36.87757194444445,772
138.28167805555555,36.877563888888886,773
138.28177805555555,36.87758888888889,774
138.28185305555556,36.87765611111111,774
138.2819411111111,36.87788111111111,773
138.28200305555555,36.87802194444444,773
138.2820411111111,36.87806388888889,773
138.28215305555557,36.87815611111111,775
138.28222805555555,36.87819694444445,779
138.28234111111112,36.87823111111111,783
138.2823911111111,36.87821388888889,783
138.28246611111112,36.87815611111111,786
138.2824911111111,36.87808111111111,785
138.2824911111111,36.877698055555555,782
138.28246611111112,36.877631111111114,784
138.28240305555556,36.87754694444445,784
138.2823161111111,36.87748888888889,782
138.28169111111112,36.87716388888889,786
138.2808161111111,36.87678888888889,794
138.2807411111111,36.87673888888889,794
138.28070305555556,36.87668111111111,794
138.28070305555556,36.87658111111111,793
138.2808161111111,36.87648111111111,793
138.2809161111111,36.87645611111111,794
138.28099111111112,36.87645611111111,794
138.28131611111112,36.87657305555555,799
138.2814161111111,36.87658888888889,799
138.28180305555554,36.87663111111111,804
138.28195305555556,36.87665611111111,804
138.28230305555556,36.87675611111111,803
138.28315305555554,36.87703888888889,806
138.28324111111112,36.877048055555555,808
138.2832911111111,36.87703111111111,808
138.28335305555555,36.87699694444444,811
138.28336611111112,36.87695611111111,811
138.28336611111112,36.87690611111111,811
138.28332805555556,36.87680611111111,809
138.28316611111111,36.87663111111111,809
138.2831161111111,36.87654805555555,817
138.28300305555555,36.876356111111114,817
138.2828911111111,36.876246944444446,819
138.28245305555555,36.87608111111111,818
138.28197805555556,36.87592305555555,823
138.28167805555555,36.87586388888889,826
138.28127805555556,36.875796944444446,822
138.28115305555556,36.87573111111111,822
138.28110305555555,36.87567305555555,820
138.2809411111111,36.87526388888889,832
138.2810411111111,36.87531388888889,834
138.2812661111111,36.87549805555555,829
138.28135305555554,36.875523055555554,831
138.28147805555557,36.87548888888889,833
138.2818411111111,36.87538111111111,848
138.28195305555556,36.875373055555556,849
138.2821661111111,36.87538111111111,851
138.2826161111111,36.87546388888889,849
138.28285305555556,36.87556388888889,853
138.28292805555554,36.875573055555556,856
138.28302805555555,36.87556388888889,859
138.28314111111112,36.87555611111111,865
138.28322805555555,36.87558111111111,869
138.28332805555556,36.87563111111111,869
138.28375305555556,36.87588888888889,870
138.28385305555557,36.87593888888889,878
138.28391611111113,36.875948055555554,873
138.2839911111111,36.87593888888889,873
138.28404,36.875906111111114,867
138.284165,36.87564805555556,865
138.28419,36.87553888888889,865
138.28417805555554,36.87538888888889,866
138.284115,36.87503111111111,864
138.2841161111111,36.87490611111111,862
138.28414,36.874763888888886,856
138.28414,36.87471388888889,856
138.2840911111111,36.87466388888889,857
138.28394111111112,36.87453111111111,858
138.28390305555556,36.87446388888889,858
138.2838911111111,36.87439805555555,858
138.2838911111111,36.874273055555555,858
138.2839661111111,36.87394,864
138.2840161111111,36.873823055555555,854
138.28420305555557,36.87358111111111,849
138.28422805555556,36.87348111111111,848
138.28427805555555,36.873223055555556,854
138.28429,36.873015,852
138.28427805555555,36.872815,849
138.28425305555555,36.87267305555556,849
138.28426611111112,36.87255611111111,851
138.28432805555556,36.87213111111111,852
138.2843161111111,36.87207305555555,851
138.28417805555554,36.87179,853
138.2841161111111,36.871656944444446,839
138.28404111111112,36.87149,847
138.28397805555556,36.871298055555556,845
138.2839911111111,36.87119805555555,844
138.2841161111111,36.871023055555554,833
138.28410305555556,36.870848055555555,833
138.28406611111112,36.87069805555556,829
138.28404111111112,36.870615,829
138.2840161111111,36.87014,824
138.2839911111111,36.86979,819
138.28404111111112,36.86964,819
138.28410305555556,36.869565,819
138.28404111111112,36.86859888888889,830
138.28406611111112,36.86852388888889,829
138.2841161111111,36.86844,830
138.2842161111111,36.86832388888889,829
138.2844161111111,36.86815694444444,831
138.28447805555555,36.86787388888889,831
138.28452805555557,36.867781944444445,831
138.2846661111111,36.86768194444444,832
138.28489,36.86761611111111,833
138.28507805555554,36.86765694444444,834
138.28519,36.86774,837
138.28527805555555,36.86779,839
138.285365,36.867815,840
138.285615,36.867865,841
138.28602805555556,36.868006944444446,848
138.286365,36.86819,852
138.28662805555555,36.86828194444445,857
138.28675305555555,36.86834888888889,859
138.28707805555555,36.86855694444444,864
138.287265,36.868656944444446,865
138.28744,36.86873194444444,869
138.28760305555556,36.86877388888889,867
138.28769,36.86877388888889,867
138.28775305555556,36.86874888888889,867
138.287865,36.86864888888889,871
138.28792694444445,36.86864888888889,874
138.28805194444445,36.868698888888886,877
138.28810305555555,36.86875694444444,877
138.28815194444445,36.869015,879
138.28824,36.86918194444444,882
138.28832805555555,36.86924888888889,881
138.28847694444445,36.86924888888889,885
138.28880305555555,36.86920694444444,888
138.28887805555556,36.86918194444444,888
138.288915,36.86914888888889,888
138.289115,36.86894,893
138.28925194444443,36.868831944444445,895
138.28942694444444,36.86872388888889,893
138.28950194444445,36.868606944444444,891
138.28949,36.868406944444445,891
138.289615,36.86821611111111,886
138.289715,36.86783194444445,889
138.28985194444445,36.86714888888889,901
138.28990194444444,36.86705694444444,901
138.29017694444445,36.86679888888889,904
138.29032694444444,36.86671611111111,908
138.29077694444445,36.86647388888889,911
138.29089,36.86640694444444,911
138.29100194444445,36.866323888888886,913
138.29152694444446,36.865831944444444,921
138.29159,36.86578305555555,921
138.29185194444443,36.86564888888889,923
138.29186388888888,36.865631944444445,923
138.29184,36.86554888888889,925
138.29174,36.86537388888889,927
138.29170194444444,36.86524111111111,929
138.29170194444444,36.865006944444445,930
138.29175194444446,36.86474888888889,931
138.2920388888889,36.86416611111111,927
138.29208888888888,36.86407388888889,924
138.2922638888889,36.863933055555556,926
138.2924138888889,36.863841111111114,927
138.2925888888889,36.86379111111111,925
138.2926138888889,36.86354111111111,926
138.2927388888889,36.86319888888889,925
138.29275194444443,36.86310805555556,927
138.2928138888889,36.86304111111111,926
138.29295194444444,36.86302388888889,925
138.29313888888888,36.86299888888889,928
138.29330194444444,36.86290805555556,930
138.29337694444445,36.86281611111111,931
138.2934138888889,36.86244111111111,932
138.29350194444444,36.86233305555555,931
138.29382694444445,36.86204111111111,924
138.29430194444444,36.86194111111111,930
138.29437694444445,36.86188305555556,931
138.29449,36.86167,931
138.29449,36.86167,931
138.29471388888888,36.86125,933
138.29481388888888,36.86118305555556,935
138.29526388888888,36.861,937
138.2953138888889,36.86095,937
138.2954138888889,36.860733055555556,940
138.29548888888888,36.86049111111111,941
138.29551388888888,36.86034111111111,943
138.29550194444445,36.8599,946
138.29551388888888,36.85986694444444,948
138.29555194444444,36.859766944444445,950
138.29575194444445,36.85955,953
138.29596388888888,36.85933305555555,955
138.2960388888889,36.859233055555556,957
138.29615194444443,36.85905805555556,958
138.29637694444443,36.85868305555555,962
138.29655194444445,36.8584,965
138.2965638888889,36.858308055555554,964
138.29653888888888,36.8582,966
138.29632694444444,36.857841944444445,970
138.29630194444445,36.85774194444444,971
138.2963638888889,36.85671694444444,973
138.29638888888888,36.85624194444444,970
138.29637694444443,36.856175,969
138.29622694444444,36.85545,967
138.29615194444443,36.855316944444446,966
138.2960138888889,36.855091944444446,964
138.29583888888888,36.85501694444444,964
138.29583,36.85501472222222,964
138.29583,36.85501472222222,964
138.29520194444444,36.85485111111111,969
138.29495194444445,36.85476694444444,971
138.2946638888889,36.85469194444445,973
138.29382694444445,36.85447611111111,979
138.29321388888889,36.85430888888889,986
138.29244,36.85410111111111,985
138.292165,36.85402611111111,988
138.292015,36.85397611111111,988
138.291965,36.85393388888889,991
138.29194,36.853901111111114,991
138.29194,36.85380111111111,987
138.29199,36.85369194444444,986
138.29224,36.85340111111111,982
138.29230194444443,36.85324194444444,983
138.29232694444445,36.853141944444445,984
138.292415,36.85280111111111,986
138.292415,36.85245888888889,989
138.29235194444445,36.852268055555555,991
138.292265,36.85208388888889,993
138.292115,36.85187611111111,994
138.29194,36.85170111111111,997
138.291815,36.85180111111111,996
138.29172694444443,36.851866944444446,997
138.29119,36.85235111111111,996
138.291115,36.85241805555555,996
138.29092694444444,36.85257611111111,996
138.290815,36.85268388888889,996
138.290665,36.85285888888889,997
138.29059,36.85302611111111,993
138.29054,36.85313388888889,992
138.29039,36.85346694444444,986
138.29015305555555,36.853991944444445,983
138.29010305555556,36.85411694444444,981
138.290065,36.854326111111114,979
138.28999,36.854683888888886,977
138.289965,36.85511694444445,977
138.28997805555557,36.85521694444444,977
138.29009,36.85559194444444,977
138.29025305555555,36.85584194444444,975
138.290265,36.855958888888885,973
138.29025305555555,36.85599194444445,973
138.29024,36.856025,971
138.29019,36.85608388888889,969
138.290065,36.85615,969
138.289365,36.856325,959
138.289265,36.856375,957
138.289165,36.85645,958
138.28915305555554,36.85649194444444,958
138.28917694444445,36.85689194444444,956
138.28917694444445,36.85695888888889,956
138.28915305555554,36.85704194444445,956
138.289015,36.85714194444444,952
138.28884,36.85715805555556,946
138.288415,36.857083055555556,946
138.28775305555556,36.85695805555556,941
138.287615,36.856925,939
138.28750305555556,36.85686694444444,938
138.287415,36.85675888888889,938
138.287215,36.85641694444445,934
138.28685305555555,36.85604194444444,933
138.286665,36.85581694444444,924
138.28657805555557,36.855558888888886,929
138.28652805555555,36.85535,927
138.28657805555557,36.8551,925
138.28680305555557,36.85469194444445,928
138.286865,36.85456694444444,928
138.286865,36.85447611111111,926
138.28680305555557,36.85438388888889,925
138.28669,36.85431694444444,921
138.286415,36.85430111111111,917
138.2856661111111,36.85449194444445,916
138.28557805555556,36.85450111111111,916
138.28542805555554,36.85449194444445,917
138.28530305555554,36.85440888888889,917
138.28440305555554,36.85335111111111,911
138.28439111111112,36.85320888888889,911
138.2844411111111,36.85300111111111,910
138.2844411111111,36.852891944444444,909
138.28442805555557,36.85281694444444,908
138.2843661111111,36.85275111111111,907
138.28429111111112,36.852716944444445,906
138.2841911111111,36.85270888888889,906
138.28406611111112,36.85270888888889,908
138.2839661111111,36.852758888888886,909
138.28357805555555,36.853116944444444,906
138.28340305555557,36.85325111111111,910
138.28322805555555,36.85326694444444,911
138.28310305555556,36.85325111111111,912
138.28242805555556,36.852941944444446,911
138.28189111111112,36.85285888888889,916
138.2816038888889,36.85277611111111,919
138.28120388888888,36.85258388888889,921
138.2810661111111,36.852558888888886,922
138.2809038888889,36.85257611111111,924
138.28076611111112,36.852626111111114,928
138.2806911111111,36.85268388888889,929
138.28017888888888,36.85310111111111,934
138.2800288888889,36.85328388888889,932
138.27997888888888,36.85343388888889,933
138.27997888888888,36.85353388888889,931
138.2800161111111,36.853608888888886,928
138.28052888888888,36.854616944444444,919
138.28077888888888,36.854975,908
138.2811661111111,36.855516944444446,902
138.28122888888888,36.85570888888889,900
138.2811911111111,36.85624194444444,907
138.2812538888889,36.856375,906
138.2821911111111,36.857625,916
138.28220305555556,36.857708055555555,919
138.28217805555556,36.85778305555556,919
138.28202805555554,36.857883055555554,918
138.28189111111112,36.857908055555555,916
138.2817411111111,36.85785,916
138.28167805555555,36.85775,919
138.28154111111112,36.85754194444444,922
138.28144111111112,36.857483055555555,923
138.2809411111111,36.857416944444445,927
138.2807288888889,36.85735805555556,929
138.2801161111111,36.857025,937
138.2797161111111,36.85693305555556,940
138.27951611111112,36.85691694444444,940
138.2792288888889,36.85694194444444,940
138.27894111111112,36.857033055555554,939
138.2786788888889,36.8572,939
138.27849111111112,36.857283055555556,939
138.27829111111112,36.85733305555556,946
138.27806611111112,36.857391944444444,941
138.27794111111112,36.857475,940
138.27771611111112,36.857775,941
138.27749111111112,36.8579,941
138.2772161111111,36.85795805555556,942
138.27696694444444,36.857908055555555,936
138.2767538888889,36.8578,928
138.27657888888888,36.85753305555556,943
138.27635388888888,36.85743305555555,937
138.27611694444445,36.857416944444445,934
138.27581694444444,36.857483055555555,927
138.2754038888889,36.8577,922
138.2751288888889,36.85775,925
138.27494194444444,36.857725,923
138.27469194444444,36.85760805555555,916
138.27446694444444,36.85754111111111,916
138.27386694444445,36.85751611111111,909
138.2737038888889,36.85759111111111,909
138.27361694444446,36.85775805555556,914
138.2735788888889,36.858266111111114,909
138.27364194444445,36.85869111111111,906
138.27372888888888,36.85913305555555,904
138.2737038888889,36.85930805555556,905
138.2735788888889,36.85951611111111,901
138.27356694444444,36.85967388888889,904
138.27369194444444,36.859991111111114,904
138.27371694444443,36.86024111111111,904
138.2736538888889,36.86043305555555,907
138.27350388888888,36.86052388888889,905
138.27307888888888,36.86055805555556,899
138.27260388888888,36.86053305555556,899
138.27228,36.86044111111111,898
138.27091694444445,36.85979888888889,905
138.270155,36.85941611111111,907
138.269955,36.85924888888889,908
138.26988,36.859141111111114,908
138.26981805555556,36.858983055555555,907
138.26974305555555,36.858716111111114,908
138.26969194444445,36.85845805555556,907
138.26964194444443,36.85825805555555,906
138.26954305555554,36.85804111111111,906
138.26948,36.85795,905
138.26931694444445,36.857733055555556,906
138.26923,36.85766611111111,906
138.26904305555556,36.85759111111111,906
138.268955,36.85758305555556,905
138.26886694444445,36.85760805555555,904
138.268205,36.85795,897
138.268055,36.85799111111111,895
138.26774305555554,36.85805,896
138.26756805555556,36.85811611111111,895
138.267455,36.858175,890
138.26703,36.85846611111111,884
138.26653,36.85869111111111,876
138.26634305555555,36.85870805555555,876
138.266205,36.85869111111111,878
138.2638311111111,36.85814888888889,856
138.2637061111111,36.85809888888889,852
138.26361805555555,36.85804111111111,849
138.26331805555554,36.85774888888889,846
138.26291805555556,36.857483055555555,842
138.26289305555557,36.85743305555555,839
138.26291805555556,36.85735805555556,839
138.2630311111111,36.857283055555556,837
138.2632561111111,36.857233055555554,836
138.2633311111111,36.85718305555555,834
138.2633561111111,36.85713305555556,833
138.26334305555557,36.857033055555554,831
138.2632811111111,36.85694111111111,830
138.26320611111112,36.8569,830
138.26299305555557,36.856825,828
138.26264305555554,36.856775,826
138.2615561111111,36.85654111111111,813
138.2607688888889,36.85625,812
138.2603938888889,36.85611611111111,812
138.2583688888889,36.85531611111111,797
138.2578061111111,36.85503305555556,795
138.2576811111111,36.85496611111111,793
138.2563561111111,36.8543,786
138.2548688888889,36.853525,785
138.2547188888889,36.853366944444446,785
138.25459388888888,36.85305805555556,778
138.25435694444445,36.852466944444444,783
138.25424388888888,36.85223305555556,789
138.25350694444444,36.85109194444444,781
138.25338194444444,36.85093388888889,778
138.25293194444444,36.85053388888889,772
138.2527438888889,36.850425,765
138.25254388888888,36.850366944444445,763
138.2523938888889,36.85035888888889,763
138.25170694444444,36.850341944444445,759
138.2515688888889,36.850316944444444,756
138.2513438888889,36.85024194444444,753
138.25094388888888,36.84999194444445,755
138.25084388888888,36.849941944444446,754
138.25051888888888,36.84985888888889,756
138.25020694444444,36.849666944444444,752
138.2498688888889,36.8494,750
138.24970694444445,36.84930888888889,747
138.24938194444445,36.84918388888889,747
138.24902,36.849075,746
138.24885694444444,36.84899194444444,743
138.24882,36.84891694444445,743
138.24882,36.848841944444445,743
138.24883194444445,36.848575,744
138.248945,36.84845888888889,744
138.24900694444443,36.84845,742
138.24914388888888,36.848466944444446,740
138.24935694444446,36.84865888888889,733
138.24950694444445,36.848725,736
138.24993194444446,36.84873388888889,736
138.2503188888889,36.848775,734
138.25049388888888,36.84879194444444,738
138.2506938888889,36.84878388888889,739
138.2508938888889,36.84875888888889,736
138.25176888888888,36.84852611111111,724
138.2519438888889,36.84845111111111,726
138.2520188888889,36.848391944444444,725
138.25208194444446,36.84832611111111,724
138.25208194444446,36.84827611111111,724
138.2520438888889,36.84820111111111,726
138.25195694444446,36.848126111111114,725
138.25138194444443,36.84780888888889,721
138.25123194444444,36.84768388888889,719
138.25110694444444,36.847541944444444,717
138.2510438888889,36.84744194444445,716
138.25096888888888,36.84726694444444,715
138.2508188888889,36.84684194444444,716
138.25074388888888,36.84673388888889,714
138.25065694444444,36.84665888888889,710
138.25053194444445,36.84663388888889,708
138.25040694444445,36.84665888888889,707
138.25028194444445,36.84672611111111,706
138.24988194444444,36.84695111111111,702
138.24978194444444,36.846966944444446,702
138.2495438888889,36.846941944444445,698
138.248595,36.846426111111114,688
138.24855694444443,36.84640888888889,688
138.24817,36.84622611111111,686
138.24788194444446,36.84615888888889,685
138.24745694444445,36.84615111111111,683
138.24687,36.84623388888889,675
138.24658194444444,36.84620888888889,675
138.246195,36.84612611111111,671
138.246045,36.84605888888889,673
138.24603194444444,36.84690111111111,668
138.24597,36.84764194444445,666
138.24573305555555,36.84845,662
138.24560805555555,36.84905888888889,663
138.24552,36.84928388888889,663
138.24537,36.84944194444444,663
138.24513305555556,36.8496,663
138.24488305555556,36.849741944444446,662
138.24452,36.84985805555556,661
138.24422,36.8499,662
138.24403305555555,36.8499,662
138.24383194444445,36.849916944444445,661
138.24370694444445,36.84990805555555,660
138.24335805555555,36.849891944444444,659
138.243145,36.84986694444444,659
138.24287,36.84985805555556,659
138.24272,36.849891944444444,659
138.24253305555555,36.849983055555555,659
138.24218305555556,36.85019194444445,659
138.24183305555556,36.85035,659
138.241695,36.8504,659
138.24150805555556,36.850425,659
138.24117,36.850316944444444,659
138.24098305555555,36.8502,659
138.24082,36.85010805555556,659
138.24035805555556,36.84985805555556,658
138.23975805555557,36.84970805555555,658
138.23904611111112,36.84956694444445,658
138.23860805555555,36.849533055555554,657
138.23828305555554,36.8496,657
138.2379461111111,36.84970805555555,657
138.23780805555555,36.84976694444445,657
138.2376211111111,36.8499,657
138.23738305555557,36.850116944444444,657
138.2372961111111,36.850225,657
138.2372211111111,36.850408055555555,657
138.2371961111111,36.85055,657
138.2369711111111,36.850633055555555,657
138.23678305555555,36.85065,657
138.23660805555556,36.85061611111111,656
138.23608305555555,36.85035805555555,654
138.2354711111111,36.850125,653
138.23499611111112,36.85001611111111,652
138.23485805555555,36.849958055555554,653
138.23460805555555,36.84970805555555,656
138.23455805555557,36.849575,656
138.2345961111111,36.849316944444446,656
138.23455805555557,36.84920805555556,656
138.2342711111111,36.848875,657
138.2336711111111,36.848458055555554,664
138.2332338888889,36.84815,670
138.2328838888889,36.84778305555555,676
138.23272111111112,36.84764194444445,673
138.23249611111112,36.847541944444444,673
138.2318461111111,36.847316944444444,682
138.2312588888889,36.84705,685
138.2310961111111,36.846983055555555,686
138.2308461111111,36.84683305555556,691
138.2307461111111,36.84675,693
138.23065888888888,36.84665,694
138.23045888888888,36.84628388888889,694
138.2303588888889,36.84618388888889,698
138.23020888888888,36.84616694444444,701
138.2300461111111,36.8462,704
138.2299711111111,36.846275,706
138.22988388888888,36.846575,705
138.22975888888888,36.846758055555554,705
138.2295711111111,36.846891944444444,709
138.2293838888889,36.84695,712
138.22908388888888,36.84695,714
138.2289088888889,36.84690805555555,714
138.22873388888888,36.84681694444444,715
138.2285838888889,36.84664194444444,718
138.2281461111111,36.845641944444445,731
138.2281211111111,36.8455,731
138.22815888888888,36.84500888888889,734
138.2282338888889,36.84486694444445,735
138.2291088888889,36.84386694444444,742
138.2291338888889,36.843758888888885,740
138.22908388888888,36.84365888888889,742
138.22897111111112,36.84360888888889,744
138.22884611111112,36.84363388888889,746
138.22874611111112,36.84373388888889,748
138.2284838888889,36.84424194444444,742
138.2283461111111,36.8444,742
138.22764,36.84496,756
138.22764,36.84496,756
138.22748388888888,36.84508388888889,759
138.2273338888889,36.84520888888889,762
138.22709694444444,36.845283888888886,766
138.22699694444444,36.84530888888889,768
138.22694694444445,36.845308055555556,768
138.22674694444444,36.845258055555554,768
138.22667194444443,36.845216944444445,766
138.22659694444445,36.84514194444444,764
138.22645888888889,36.844833888888886,756
138.22638388888888,36.84466694444444,754
138.22635888888888,36.84441694444445,756
138.2264088888889,36.84425,756
138.22648388888888,36.844166944444446,756
138.22657194444446,36.844116944444444,758
138.2267588888889,36.844075,756
138.22709694444444,36.84400888888889,758
138.22719694444444,36.84395,758
138.2272088888889,36.84383388888889,757
138.22719694444444,36.843783888888886,757
138.22714694444446,36.8437,757
138.22703388888888,36.84353388888889,757
138.2266588888889,36.84305,755
138.22649694444445,36.84294194444445,756
138.22632194444444,36.84291694444445,754
138.22594694444444,36.84278388888889,753
138.22568388888888,36.842616944444444,755
138.22559694444445,36.842575,754
138.22545888888888,36.84258388888889,754
138.2254088888889,36.84259194444444,756
138.22509694444443,36.84285,754
138.22492194444445,36.84296694444444,752
138.2243588888889,36.8433,745
138.22424694444445,36.84335,744
138.22417194444444,36.843358888888886,746
138.2239338888889,36.843333888888885,750
138.22382194444444,36.84328388888889,751
138.2237838888889,36.84323388888889,751
138.22375888888888,36.84315,750
138.2237838888889,36.84295888888889,750
138.22399694444445,36.84265,743
138.22442194444446,36.842241944444446,736
138.22445888888888,36.842126111111114,737
138.22437194444444,36.84200888888889,735
138.2242838888889,36.841991944444445,738
138.22410888888888,36.842016944444445,731
138.22387194444445,36.842041944444446,730
138.22367194444445,36.84205,730
138.22347194444444,36.842016944444445,730
138.22337194444444,36.842,727
138.22327194444443,36.84194194444444,728
138.22314694444444,36.841825,723
138.2229338888889,36.84164194444445,724
138.22275888888888,36.84155888888889,720
138.2226838888889,36.84155111111111,724
138.22157194444443,36.84153388888889,714
138.22121,36.84145888888889,712
138.221135,36.84145888888889,712
138.22089694444443,36.8415,712
138.21982194444445,36.84171694444444,710
138.219735,36.841725,707
138.21954694444443,36.8417,702
138.21936,36.84158388888889,702
138.21929694444444,36.84145,702
138.21926,36.84125888888889,705
138.21924694444445,36.84113388888889,705
138.21924694444445,36.840983888888886,707
138.219285,36.84059194444445,707
138.21927194444444,36.840541944444446,707
138.21916,36.84040111111111,706
138.21899694444446,36.840316944444446,704
138.218685,36.84019194444444,702
138.218635,36.84016694444445,703
138.218535,36.84005888888889,699
138.21841,36.83985888888889,693
138.218335,36.83973388888889,691
138.218235,36.83970111111111,693
138.21817194444444,36.839708888888886,693
138.21807305555555,36.839801111111115,693
138.21801,36.83994194444445,695
138.21796,36.84001694444444,697
138.217885,36.84007611111111,695
138.21782305555556,36.840091944444445,695
138.217635,36.840091944444445,693
138.217585,36.840075,693
138.21739805555555,36.83998388888889,684
138.217335,36.839925,684
138.217185,36.83975111111111,676
138.21696,36.83955888888889,676
138.21644805555556,36.83943388888889,674
138.21607194444445,36.839376111111115,675
138.21599694444444,36.839351111111114,675
138.21584694444445,36.83926694444445,670
138.21571,36.839151111111114,668
138.215335,36.83866694444445,667
138.21459805555557,36.83786694444444,662
138.21449805555557,36.83770888888889,660
138.21436,36.83714194444445,658
138.21399805555555,36.83715888888889,658
138.21374805555556,36.83710888888889,658
138.21336,36.83699194444444,658
138.21302305555557,36.83688388888889,658
138.21299194444444,36.83688138888889,658
138.21299194444444,36.83688138888889,658
138.21272305555556,36.83685888888889,658
138.21186111111112,36.836908888888885,659
138.2118361111111,36.83697611111111,659
138.21179805555556,36.837116944444446,660
138.21179805555556,36.83724194444444,662
138.21192305555556,36.837983888888886,673
138.21194805555555,36.83810888888889,674
138.21194805555555,36.83824611111111,676
</coordinates>
</LineString>
</Placemark>
</Document>
</kml>
