<?xml version="1.0" encoding="UTF-8"?>
<kml xmlns="http://www.opengis.net/kml/2.2" xmlns:atom="http://www.w3.org/2005/Atom">
<Document>
<name>WCC 53rd Spring Day7</name>
<atom:author>
<atom:name>TakeshiKim</atom:name>
</atom:author> 
<atom:link href="https://latlonglab.yahoo.co.jp/route/watch?id=840ae01d1bf55a7569ffa67ee2936f8a" />
<description><![CDATA[Day7
Category:Intermediate-Hard
72.9km/1000up

スタート地：かもめ公園

寺山公園
http://www.sakurajima.gr.jp/tourism/001477.html

ゴール地：祇園之洲公園
http://www.pref.kagoshima.jp/suisui/pc/area/k-hokubu/22912/]]></description>
<tags><![CDATA[WCC53rd Spring]]></tags>  
<Placemark>
<Style>
<LineStyle>
<color>99ff0000</color>
<width>6</width>
</LineStyle>
</Style>
<LineString>
<coordinates>
130.2611061111111,31.717448055555554,2
130.26115305555555,31.71661888888889,1
130.2611761111111,31.716615,1
130.2611761111111,31.716615,1
130.26157805555556,31.71654388888889,1
130.26182805555555,31.716493888888888,1
130.26212805555556,31.71643611111111,1
130.262365,31.71638611111111,1
130.26264,31.716326944444443,1
130.26292805555556,31.716278055555556,1
130.26320305555555,31.71623611111111,1
130.26360305555556,31.716178055555556,1
130.263665,31.71614388888889,1
130.26372805555556,31.715936111111112,1
130.263715,31.71588611111111,1
130.2638388888889,31.715821944444443,1
130.2638388888889,31.715821944444443,1
130.26387805555555,31.715803055555554,1
130.264215,31.71591888888889,3
130.26452805555556,31.71606111111111,4
130.26482694444445,31.71619388888889,6
130.26519,31.71634388888889,11
130.26542805555556,31.71644388888889,12
130.265515,31.716476944444445,12
130.26607694444445,31.716561111111112,9
130.26639,31.716593888888887,9
130.26650305555555,31.71661888888889,9
130.267065,31.716853055555557,9
130.267615,31.717076944444443,8
130.26855194444445,31.717468888888888,8
130.26905194444444,31.717668888888888,8
130.26912694444445,31.71761888888889,9
130.26919,31.71759388888889,9
130.26929,31.717601944444443,9
130.269365,31.717626944444444,9
130.26942694444443,31.717668888888888,9
130.26995194444444,31.71756111111111,11
130.2710888888889,31.717336111111113,14
130.27180194444443,31.717201944444444,14
130.27242694444445,31.717076944444443,15
130.27302694444444,31.716951944444446,16
130.2731138888889,31.716876944444444,16
130.27318305555556,31.71691,16
130.27318305555556,31.71691,16
130.27363888888888,31.717128055555555,17
130.27412694444445,31.71736888888889,19
130.27478888888888,31.71769388888889,20
130.27482694444444,31.71771111111111,20
130.2749638888889,31.71778611111111,20
130.27500194444445,31.717793888888888,20
130.2753138888889,31.717951944444444,21
130.2755138888889,31.718051944444444,21
130.2758388888889,31.71821111111111,21
130.2762138888889,31.718401944444444,22
130.27660111111112,31.718576944444443,22
130.2767511111111,31.71866888888889,22
130.2769638888889,31.718836111111113,22
130.2772511111111,31.719126944444444,23
130.27736388888889,31.71928611111111,23
130.27760111111112,31.719751944444443,22
130.2777011111111,31.71994388888889,21
130.2781138888889,31.720761111111113,20
130.27851388888888,31.72156888888889,19
130.27875111111112,31.722035,18
130.27885111111112,31.722168888888888,18
130.2790388888889,31.722393888888888,17
130.2798261111111,31.723118888888887,8
130.2798511111111,31.723143888888888,8
130.28032611111112,31.72359388888889,7
130.28068888888887,31.72394388888889,8
130.2810761111111,31.724301944444445,12
130.28168805555555,31.724876944444443,13
130.2819761111111,31.724793055555555,11
130.28208805555556,31.72476,13
130.2822011111111,31.724701944444444,11
130.28293805555555,31.724235,10
130.2834261111111,31.72391,15
130.28391305555556,31.723551944444445,19
130.2840261111111,31.723476944444446,19
130.2842511111111,31.72339388888889,17
130.28451305555555,31.72331,15
130.28462611111112,31.72329388888889,14
130.28523805555557,31.723126944444445,18
130.2864011111111,31.722793888888887,18
130.28651305555556,31.72276888888889,18
130.28701305555555,31.722635,19
130.2873261111111,31.722551944444444,19
130.28841305555557,31.722261111111113,19
130.289175,31.72206111111111,19
130.2894,31.722001944444443,19
130.290025,31.72183611111111,19
130.290075,31.72198611111111,19
130.29011305555557,31.722026944444444,19
130.29063805555555,31.722261111111113,20
130.29075,31.72231888888889,21
130.291,31.72241888888889,21
130.291225,31.722501944444446,23
130.2918,31.72261111111111,26
130.29186305555555,31.72261888888889,26
130.29196194444444,31.722626944444446,26
130.292275,31.722701944444445,28
130.2924,31.722726944444446,27
130.29306194444445,31.72291111111111,29
130.2932,31.72293611111111,28
130.29373694444445,31.722951944444443,29
130.294325,31.722918888888888,37
130.29458694444443,31.72289388888889,37
130.294825,31.722876944444444,34
130.29488694444444,31.72284388888889,34
130.29516194444443,31.722661111111112,37
130.29571194444443,31.72221111111111,46
130.29591194444444,31.722101944444443,45
130.296125,31.722026944444444,45
130.2962361111111,31.72200388888889,47
130.2962361111111,31.72200388888889,47
130.29628694444443,31.72199388888889,48
130.2965,31.721976944444446,48
130.29755,31.721951944444445,55
130.29918694444444,31.721926944444444,56
130.30093694444443,31.72188611111111,49
130.30113694444444,31.721853055555556,47
130.30129888888888,31.72179388888889,46
130.30221194444445,31.721286111111112,44
130.30232388888888,31.721161111111112,45
130.30241194444446,31.721203055555556,44
130.30251194444443,31.72124388888889,41
130.30287388888888,31.72146111111111,31
130.30306194444444,31.721618888888887,31
130.30321194444446,31.72176888888889,31
130.30346194444445,31.722053055555556,32
130.3035988888889,31.722261111111113,29
130.3038488888889,31.72261888888889,27
130.30402388888888,31.722851944444443,27
130.30414888888888,31.722976944444444,26
130.30434888888888,31.723118888888887,23
130.3046488888889,31.72329388888889,23
130.30491111111112,31.723401944444444,24
130.3054111111111,31.72349388888889,23
130.3056238888889,31.723536111111112,24
130.3065611111111,31.72366111111111,22
130.30696111111112,31.723736111111112,21
130.3070988888889,31.723768888888888,21
130.3072361111111,31.723801944444446,21
130.30833611111112,31.72436888888889,27
130.3087238888889,31.724551944444446,27
130.3095361111111,31.724976944444446,27
130.30959805555557,31.725001944444443,26
130.30989805555555,31.72514388888889,26
130.3102861111111,31.725351944444444,26
130.3113111111111,31.72576888888889,29
130.31154805555556,31.72591111111111,32
130.31171111111112,31.726018888888888,36
130.31194805555555,31.72626888888889,36
130.31227305555555,31.72661888888889,29
130.3129111111111,31.727186111111113,26
130.31318611111112,31.72733611111111,27
130.31339805555555,31.72736111111111,27
130.3136861111111,31.727351944444443,28
130.31437305555556,31.72721888888889,29
130.3147361111111,31.727186111111113,29
130.31498611111112,31.72721111111111,29
130.31533611111112,31.727226944444446,29
130.315635,31.727251944444443,30
130.31652305555556,31.727151944444444,32
130.316835,31.727101944444446,33
130.317085,31.72701888888889,35
130.31739805555554,31.726836111111112,35
130.31766,31.726651944444445,35
130.317935,31.726436111111113,37
130.31844805555556,31.725876944444444,43
130.31909805555554,31.72528611111111,43
130.31941,31.725026944444444,43
130.31969805555556,31.72488611111111,42
130.32001,31.724803055555554,44
130.32039805555556,31.724778055555557,44
130.321585,31.72483611111111,56
130.32246,31.72488611111111,53
130.32284694444445,31.72489388888889,56
130.32321,31.72479388888889,54
130.323435,31.724778055555557,52
130.324335,31.72496111111111,54
130.324685,31.725036111111113,55
130.32497194444446,31.725153055555555,56
130.32581,31.72561111111111,56
130.326135,31.72576111111111,54
130.3271588888889,31.726076944444443,55
130.3276338888889,31.726228055555556,58
130.32838388888888,31.726501944444443,55
130.32927194444446,31.726868888888887,57
130.32937194444443,31.72688611111111,57
130.3298838888889,31.726826944444444,58
130.33005888888889,31.72684388888889,62
130.33099694444445,31.727026944444443,64
130.33190888888888,31.72721111111111,68
130.3320838888889,31.727276944444444,66
130.33227194444444,31.72736111111111,66
130.33279694444445,31.727851944444446,73
130.33297194444444,31.72798611111111,73
130.3331588888889,31.728036111111113,73
130.3337338888889,31.728143888888887,73
130.33393388888888,31.72821888888889,75
130.3340838888889,31.728326944444444,75
130.3344588888889,31.728726944444446,77
130.3346461111111,31.72886888888889,77
130.33483388888888,31.72896888888889,77
130.33708388888888,31.729885,85
130.3390588888889,31.730685,100
130.3393338888889,31.730801944444444,101
130.34052111111112,31.731268888888888,104
130.34084611111112,31.73144388888889,105
130.34105805555555,31.731626944444443,106
130.34120805555557,31.731776944444444,108
130.3413711111111,31.732001944444445,108
130.3414711111111,31.73226,109
130.34190805555556,31.733526944444446,116
130.34222111111112,31.734035,112
130.34263305555555,31.734576944444445,112
130.34298305555555,31.735035,113
130.34370805555557,31.735918055555555,114
130.34402111111112,31.73617611111111,114
130.3448961111111,31.73675111111111,115
130.34547,31.737093055555555,114
130.34582,31.73726,112
130.34622,31.73736,112
130.34667,31.73740111111111,115
130.347245,31.737485,114
130.34797,31.737618055555554,114
130.34820805555555,31.73770111111111,113
130.34852,31.737893055555556,113
130.348545,31.73791,113
130.348745,31.738068055555555,114
130.34913194444445,31.738493055555555,114
130.34940805555556,31.73886,114
130.349645,31.739085,115
130.34988305555555,31.739226111111112,113
130.35013305555555,31.73930111111111,114
130.352345,31.73941,114
130.352695,31.73941,116
130.352945,31.73946,115
130.35363194444443,31.73971,117
130.354095,31.739876111111112,118
130.35485694444444,31.740118055555556,117
130.3551938888889,31.74015111111111,117
130.35569388888888,31.74017611111111,118
130.3563438888889,31.74025111111111,118
130.35685694444444,31.740368055555557,118
130.35730694444445,31.74050111111111,118
130.3576438888889,31.740643055555555,118
130.3578188888889,31.74076,118
130.35803194444443,31.74097611111111,118
130.35813194444444,31.741268055555555,118
130.35833194444444,31.74200888888889,119
130.35848194444443,31.74218388888889,120
130.35868194444444,31.74240111111111,123
130.35900694444445,31.742668055555555,126
130.35944388888888,31.742943055555557,121
130.35975694444446,31.743143055555556,122
130.36003194444444,31.74328388888889,121
130.3606188888889,31.743468055555557,123
130.36224388888888,31.74395888888889,128
130.3627688888889,31.744151111111112,128
130.36305611111112,31.744293055555556,128
130.3632061111111,31.74440111111111,128
130.3640061111111,31.745168055555556,129
130.36420611111112,31.74528388888889,129
130.36443111111112,31.745326111111112,129
130.3658561111111,31.74540111111111,136
130.36806805555557,31.74550888888889,137
130.3687561111111,31.74560888888889,147
130.36931805555557,31.74575111111111,142
130.36984305555555,31.745908888888888,146
130.36994305555555,31.74595888888889,145
130.37024305555556,31.746108888888887,145
130.37044305555557,31.74625888888889,146
130.37064305555555,31.746533888888887,145
130.37079305555557,31.74675111111111,146
130.3709561111111,31.747091944444445,152
130.37104305555556,31.747733888888888,157
130.37109305555555,31.747966944444446,157
130.37123111111111,31.748216944444444,156
130.37171805555556,31.74862611111111,164
130.37259305555557,31.74917611111111,167
130.37273,31.749268055555557,167
130.37306805555556,31.749568055555557,174
130.37338,31.74990888888889,175
130.373705,31.750276111111113,175
130.37474194444445,31.75153388888889,185
130.375455,31.75215111111111,193
130.375755,31.752316944444445,193
130.37609194444445,31.752391944444444,196
130.37641694444446,31.75240888888889,196
130.376755,31.75242611111111,195
130.37703,31.752466944444443,196
130.377305,31.75258388888889,200
130.37753,31.75270888888889,205
130.37764194444443,31.752826111111112,205
130.37769194444445,31.752941944444444,205
130.37781694444445,31.753283888888888,214
130.377955,31.753466944444444,215
130.37949194444445,31.75440111111111,217
130.37956694444443,31.754451111111113,222
130.38037888888888,31.754591944444446,225
130.38054194444445,31.75465888888889,223
130.3806538888889,31.754776111111113,223
130.3808788888889,31.755266944444443,228
130.38101694444444,31.75538388888889,234
130.38131694444445,31.755516944444445,235
130.3821288888889,31.755791944444443,239
130.38232888888888,31.755826111111112,242
130.38249194444444,31.755891944444443,245
130.3828038888889,31.75612611111111,246
130.38286694444446,31.75620888888889,246
130.38287888888888,31.75630111111111,245
130.38286694444446,31.756351111111112,246
130.38276694444446,31.756466944444444,246
130.38239194444444,31.75678388888889,246
130.3823788888889,31.7569,246
130.38241694444446,31.75700888888889,248
130.38249194444444,31.757066944444443,246
130.38256694444445,31.7571,247
130.38304194444444,31.757225,247
130.38329194444444,31.75730888888889,243
130.38349194444444,31.757425,238
130.38401611111112,31.75785888888889,235
130.38425388888888,31.75803388888889,235
130.3845411111111,31.758175,235
130.38460388888888,31.7582,232
130.3847911111111,31.758266944444443,230
130.38516611111112,31.758366944444443,225
130.3855538888889,31.758408888888887,225
130.38592888888888,31.758401111111112,225
130.38629111111112,31.75825111111111,224
130.38661611111112,31.758091944444445,218
130.3874538888889,31.757541944444444,212
130.3876911111111,31.757416944444444,205
130.3880161111111,31.75735111111111,204
130.38842888888888,31.757416944444444,204
130.38879111111112,31.757558888888887,195
130.3891788888889,31.75760111111111,196
130.38979111111112,31.757591944444446,187
130.39069111111112,31.757451111111113,182
130.39097805555556,31.75747611111111,182
130.39117805555554,31.75765888888889,182
130.3912161111111,31.757893055555556,183
130.39122805555556,31.75825111111111,176
130.39125305555555,31.758566944444443,174
130.3914411111111,31.758916944444444,172
130.3919161111111,31.75955111111111,164
130.39275305555554,31.760516944444444,165
130.39292305555554,31.760648888888888,162
130.39292305555554,31.760648888888888,162
130.3933661111111,31.760991944444445,155
130.39370305555556,31.76112611111111,155
130.39420305555555,31.76120111111111,158
130.39470305555557,31.76125111111111,147
130.39505305555556,31.761341944444446,147
130.39535305555555,31.761501111111112,160
130.39554,31.76165888888889,160
130.39569,31.761866944444446,151
130.39580305555555,31.76223388888889,133
130.395865,31.76262611111111,126
130.39599,31.76372611111111,125
130.39647805555555,31.76315111111111,125
130.39679,31.76278388888889,124
130.39687805555556,31.762666944444444,125
130.39697805555556,31.762516944444446,124
130.397015,31.76240111111111,124
130.39702805555555,31.76232611111111,124
130.39704,31.761926111111112,119
130.39710305555556,31.761726111111113,120
130.39725305555555,31.76155111111111,121
130.397415,31.76145888888889,120
130.39757805555556,31.761401111111113,120
130.39775305555557,31.761393055555555,114
130.39795305555555,31.761401111111113,109
130.39822805555556,31.761466944444443,116
130.39925194444444,31.76185111111111,108
130.40005305555556,31.762151111111113,97
130.40067805555555,31.76250888888889,94
130.40102694444445,31.762643055555557,91
130.401115,31.762393055555556,90
130.401565,31.761826111111112,93
130.40202805555555,31.76128388888889,94
130.40292694444443,31.76070111111111,96
130.40444694444443,31.759513055555555,102
130.40444694444443,31.759513055555555,102
130.40489,31.759168055555556,104
130.40542694444446,31.75878388888889,105
130.405615,31.758601111111112,106
130.40565194444446,31.758543055555556,108
130.405715,31.75845111111111,106
130.40575194444443,31.758076111111112,116
130.40580194444445,31.757983888888887,114
130.40582694444444,31.757968055555555,114
130.40594,31.757893055555556,111
130.40649,31.757668055555555,109
130.40695194444444,31.757485,113
130.40758888888888,31.75716,114
130.40837694444446,31.75676,115
130.40877694444444,31.75651,115
130.40953888888887,31.75585111111111,117
130.4099138888889,31.755543055555556,117
130.41018888888888,31.755251944444446,119
130.4103388888889,31.754985,126
130.41043888888888,31.754718055555557,128
130.41050194444443,31.754293055555557,127
130.41053888888888,31.754018055555555,127
130.41062694444443,31.75381,125
130.41076388888888,31.753468055555555,126
130.4107888888889,31.753185,131
130.41086388888888,31.752968055555556,133
130.4110138888889,31.75266,133
130.4110138888889,31.752485,133
130.41092694444444,31.752126944444445,134
130.41090194444445,31.751885,132
130.41090194444445,31.751393888888888,135
130.41105194444444,31.750435,135
130.41108888888888,31.750176944444444,135
130.41107694444443,31.74996,134
130.4110138888889,31.749776944444445,133
130.41017694444446,31.748751944444443,145
130.410115,31.74861888888889,143
130.41007694444446,31.748461111111112,145
130.41014,31.747411111111113,141
130.41014,31.747286111111112,141
130.41009,31.74713611111111,144
130.41002694444444,31.74701111111111,144
130.409915,31.746893888888888,145
130.40940194444445,31.74651111111111,145
130.40929,31.74639388888889,145
130.409215,31.74619388888889,145
130.409165,31.745876944444444,144
130.409065,31.744301944444445,153
130.40910194444444,31.744178055555555,156
130.40929,31.743976944444444,155
130.40964,31.743701944444446,156
130.409715,31.743578055555556,157
130.40970305555555,31.74346111111111,158
130.40945194444444,31.74296888888889,157
130.409415,31.742818888888888,156
130.409415,31.74266888888889,155
130.40949,31.742486111111113,151
130.409665,31.74201888888889,157
130.41152805555555,31.73742,178
130.41190194444445,31.736403055555556,174
130.41204,31.73622,173
130.412165,31.736128055555554,172
130.41242805555555,31.736045,173
130.412915,31.735945,174
130.413065,31.735903055555557,174
130.41325194444445,31.735853055555555,176
130.41360194444445,31.735678055555557,178
130.41444,31.735311944444444,186
130.41490194444444,31.735078055555554,184
130.41542694444445,31.734628055555557,185
130.41569,31.734395,185
130.415965,31.73407,188
130.41615194444444,31.73372,193
130.416315,31.733336944444446,194
130.41639,31.733236944444446,194
130.41655194444445,31.73317,193
130.41670194444444,31.733136944444446,194
130.417065,31.733045,195
130.417215,31.73297,196
130.41735194444445,31.732861944444444,196
130.41764,31.732353888888888,203
130.41779,31.732136944444445,202
130.41794,31.731986944444444,204
130.41849,31.731611944444445,204
130.418615,31.731503888888888,203
130.41867694444446,31.731411944444446,203
130.41887694444443,31.73109611111111,205
130.41912694444446,31.73082888888889,204
130.41929,31.730653888888888,201
130.41935194444446,31.730496111111112,204
130.41935194444446,31.73005388888889,205
130.419315,31.729486944444446,203
130.41930194444444,31.729353888888888,203
130.41920194444444,31.729121111111112,205
130.41885194444444,31.728571111111112,212
130.41854,31.72790388888889,214
130.41825194444445,31.727653888888888,225
130.41809,31.72744611111111,222
130.418065,31.727296111111112,224
130.418165,31.72697888888889,214
130.41817805555556,31.726646111111112,214
130.41805305555556,31.726253888888888,215
130.41772694444444,31.725763055555557,213
130.41747694444445,31.72539611111111,216
130.41637805555555,31.72345388888889,233
130.41625305555556,31.72304611111111,235
130.41625305555556,31.72182888888889,243
130.41614,31.721653888888888,243
130.416015,31.721463055555557,243
130.41589,31.720988055555555,244
130.41587805555557,31.72039611111111,243
130.41584,31.71962111111111,249
130.41570305555555,31.71923,252
130.41551611111112,31.719046111111112,251
130.41522805555556,31.71888,255
130.41461611111112,31.718688055555557,263
130.41385305555556,31.718455,263
130.41355305555555,31.718305,266
130.4132161111111,31.718013055555556,267
130.41307805555556,31.717796944444444,267
130.4130411111111,31.717555,262
130.41302805555554,31.717455,262
130.4129661111111,31.716813055555555,254
130.41292805555557,31.71628,255
130.4129411111111,31.71528888888889,255
130.41300305555555,31.715046944444445,256
130.41312805555555,31.714838888888888,248
130.4132661111111,31.71476388888889,245
130.4134161111111,31.71473888888889,245
130.4136161111111,31.714771944444443,244
130.41440305555557,31.71508888888889,236
130.4151161111111,31.71533,228
130.4153411111111,31.71533888888889,235
130.41547805555555,31.71528,229
130.41562805555554,31.71511388888889,227
130.4156661111111,31.714971944444443,224
130.41565305555557,31.714855,222
130.4155911111111,31.714755,224
130.41525305555555,31.71433888888889,223
130.41507805555557,31.71403888888889,217
130.4149911111111,31.713855,216
130.41500305555556,31.71371388888889,218
130.4151161111111,31.71356388888889,214
130.41527805555555,31.71351388888889,212
130.4154411111111,31.713505,211
130.4160411111111,31.713571944444446,206
130.41625305555556,31.71353,204
130.41652805555555,31.71343111111111,203
130.41677805555557,31.71325611111111,205
130.4169411111111,31.71308888888889,204
130.41730305555555,31.712346944444445,203
130.41757805555557,31.71201388888889,203
130.41780305555557,31.711938888888888,206
130.418065,31.71188111111111,205
130.41907805555556,31.711806111111112,205
130.42009,31.711596944444445,204
130.42025305555555,31.711571944444444,205
130.42055305555556,31.711548055555557,201
130.42182805555555,31.71160611111111,213
130.42225305555556,31.711646944444446,212
130.422465,31.711748055555557,218
130.42264,31.71185611111111,225
130.42274,31.71198888888889,225
130.422815,31.71218111111111,226
130.42285305555555,31.71235611111111,231
130.42290194444445,31.712446944444444,233
130.42300194444445,31.712521944444443,231
130.42339,31.712596944444446,235
130.42357694444445,31.712696944444446,241
130.425115,31.71433888888889,256
130.4252038888889,31.71442111111111,256
130.4252038888889,31.71442111111111,256
130.42560194444445,31.71478888888889,256
130.426165,31.71528888888889,263
130.42637694444446,31.715471944444445,265
130.42725194444444,31.716246944444446,266
130.42744,31.716438888888888,265
130.42795194444443,31.71726388888889,256
130.42817694444443,31.717546944444443,256
130.42832694444445,31.717646944444443,256
130.42847694444444,31.71768888888889,253
130.4287138888889,31.717721944444445,251
130.42912694444445,31.71776388888889,247
130.42932694444445,31.71778,244
130.42952694444443,31.71776388888889,244
130.4297388888889,31.71766388888889,244
130.43012694444445,31.717321944444443,245
130.4304388888889,31.71713888888889,239
130.43067694444446,31.71703888888889,237
130.43100194444443,31.717031111111112,237
130.43168888888889,31.717096944444446,235
130.43190194444443,31.717088888888888,234
130.43203888888888,31.717021944444443,233
130.43283888888888,31.716281111111112,224
130.43302694444444,31.716096944444445,225
130.43350194444446,31.71573888888889,223
130.43363888888888,31.71558111111111,222
130.43386388888888,31.71518111111111,217
130.4343638888889,31.71456388888889,207
130.43450194444443,31.714481111111112,206
130.4346888888889,31.714446944444443,205
130.43610194444443,31.714498055555556,205
130.43627694444444,31.71446388888889,203
130.43645194444446,31.71433888888889,202
130.43668888888888,31.714123055555557,203
130.43730194444444,31.713738888888887,205
130.43817694444445,31.713306111111113,205
130.4385638888889,31.713113888888888,202
130.43862694444445,31.71303888888889,203
130.43861388888888,31.712773055555555,199
130.43837694444446,31.711806111111112,198
130.4387638888889,31.71188888888889,198
130.43905194444446,31.712023055555555,196
130.43930194444445,31.712173055555557,195
130.4396638888889,31.71263888888889,193
130.43976388888888,31.71276388888889,193
130.44017694444443,31.713113888888888,197
130.4402638888889,31.713313888888887,198
130.44030194444446,31.713631111111113,200
130.4403888888889,31.713823055555554,200
130.44050194444443,31.713973055555556,199
130.44078888888887,31.71430611111111,205
130.4409638888889,31.71450611111111,206
130.44100111111112,31.71463111111111,208
130.44112611111112,31.71488888888889,208
130.44112611111112,31.715131111111113,208
130.44112611111112,31.71516388888889,208
130.4411511111111,31.715321944444444,208
130.4413011111111,31.715646944444444,207
130.4413638888889,31.715981111111113,205
130.44133888888888,31.716248055555557,216
130.4413011111111,31.716373055555554,223
130.44111388888888,31.716748055555556,223
130.4410511111111,31.71711388888889,223
130.4410761111111,31.71736388888889,223
130.44112611111112,31.717488888888887,225
130.44123888888888,31.71768888888889,225
130.4414138888889,31.717946944444446,228
130.44183694444445,31.71837,234
130.44183694444445,31.71837,234
130.44188888888888,31.718421944444444,235
130.44211388888888,31.718521944444444,236
130.4426511111111,31.718688888888888,244
130.4429888888889,31.71886388888889,241
130.44326388888888,31.719046944444443,241
130.4435138888889,31.719346944444446,250
130.4435261111111,31.719438888888888,250
130.4435138888889,31.719631111111113,252
130.4433261111111,31.719971944444445,256
130.44327611111112,31.72013111111111,256
130.4433011111111,31.72033111111111,257
130.44346388888889,31.720621944444446,255
130.44347611111112,31.720646944444443,255
130.4436638888889,31.720921944444445,258
130.44381388888888,31.72108111111111,256
130.4439011111111,31.721096944444444,254
130.4440888888889,31.721146944444445,256
130.4442388888889,31.72126388888889,255
130.4443761111111,31.72143888888889,255
130.44452611111112,31.721771944444445,258
130.4445638888889,31.721871944444445,257
130.4447011111111,31.721996944444445,258
130.4447761111111,31.72200611111111,259
130.44493888888888,31.72203111111111,262
130.4452511111111,31.72206388888889,266
130.44540111111112,31.72205611111111,268
130.44552611111112,31.72203111111111,271
130.4456011111111,31.72193888888889,274
130.44581305555556,31.722181111111112,277
130.44586305555555,31.722371944444443,277
130.4458011111111,31.72248111111111,279
130.44562611111112,31.72258,283
130.44533805555557,31.722696944444444,284
130.4452511111111,31.72278888888889,283
130.4452261111111,31.72293888888889,285
130.44520111111112,31.72343888888889,291
130.44516305555555,31.72351388888889,294
130.44503805555556,31.723588888888887,297
130.44462611111112,31.723721944444446,300
130.44443805555557,31.723821944444445,302
130.44438805555555,31.723896944444444,305
130.44440111111112,31.724005,309
130.44453805555557,31.72408,309
130.4447761111111,31.724146944444445,312
130.44493805555555,31.724238888888888,314
130.44498805555557,31.72428888888889,314
130.44511305555557,31.724405,321
130.44521305555554,31.724405,321
130.44588805555554,31.72431388888889,327
130.44603805555556,31.724346944444445,331
130.4460761111111,31.72443888888889,331
130.4460511111111,31.724505,334
130.44593805555556,31.72458888888889,337
130.44555111111112,31.724746944444444,340
130.44536305555556,31.72488,341
130.44532611111111,31.724996944444445,343
130.44536305555556,31.725071944444444,348
130.44546305555556,31.725121944444446,351
130.44562611111112,31.72513,351
130.44620111111112,31.72503888888889,355
130.4465011111111,31.725046944444443,361
130.44671305555556,31.72513888888889,368
130.4468011111111,31.725271944444444,371
130.44688805555555,31.725621944444445,374
130.4471511111111,31.726121944444444,381
130.4472011111111,31.726405,382
130.44725111111111,31.72663,381
130.44743805555555,31.72688,382
130.44770111111112,31.727088055555555,385
130.4478761111111,31.727121944444445,387
130.44811305555555,31.727088055555555,386
130.4483011111111,31.727088055555555,387
130.44836305555555,31.727146944444446,389
130.44835111111112,31.727246944444445,391
130.44826305555554,31.727346944444445,392
130.4480511111111,31.727488055555554,394
130.44801305555555,31.727596944444443,397
130.44806305555556,31.727696944444446,402
130.4481761111111,31.727763055555556,401
130.44838805555557,31.727796944444446,403
130.44858805555555,31.727746944444444,402
130.44873805555557,31.727605,403
130.4489011111111,31.727421944444444,409
130.44901305555555,31.727388055555554,411
130.44913805555555,31.727405,412
130.44936305555555,31.727555,414
130.44968805555555,31.72783,420
130.4502261111111,31.727996944444445,419
130.45103805555556,31.728105,420
130.4513,31.72808,421
130.45153805555555,31.728005,422
130.451825,31.72793888888889,422
130.45196305555555,31.727946944444444,423
130.45213805555557,31.72803888888889,423
130.45236305555557,31.728255,423
130.45256305555554,31.728538888888888,423
130.452625,31.72868,424
130.45263805555555,31.72883,424
130.45263805555555,31.729396944444446,423
130.45266305555555,31.729805,425
130.45273805555556,31.730021944444445,424
130.45278805555554,31.730171944444443,422
130.45293805555556,31.730338055555556,422
130.45313805555554,31.730446944444445,419
130.453925,31.730563055555557,419
130.454275,31.730655,417
130.4548,31.730813055555554,413
130.45566305555556,31.73123,408
130.45605,31.731388055555556,406
130.45666194444445,31.731455,409
130.45718805555555,31.731396944444445,408
130.45838694444444,31.731196944444445,405
130.45906194444444,31.730996944444446,403
130.45955,31.73071388888889,405
130.45998694444444,31.73038888888889,404
130.46043694444444,31.730046944444446,400
130.460625,31.729813888888888,391
130.46066194444444,31.72931388888889,392
130.46068694444443,31.72900611111111,395
130.46086194444445,31.72878888888889,395
130.46115,31.728721944444445,395
130.4618,31.72873111111111,393
130.46233694444444,31.728831111111113,394
130.4628,31.728831111111113,395
130.4637,31.728671944444443,397
130.46428694444444,31.72858888888889,397
130.46448694444445,31.728481111111112,396
130.46455,31.72828888888889,397
130.46448694444445,31.728021944444443,403
130.46445,31.727763888888887,412
130.4645,31.727521944444444,412
130.46495,31.72698888888889,411
130.465575,31.726446944444444,418
130.46598694444444,31.726163888888887,416
130.4663,31.726071944444445,415
130.46678694444444,31.726031111111112,417
130.46753694444445,31.72598111111111,411
130.46861194444443,31.725998055555557,423
130.46942388888888,31.72608888888889,428
130.46971194444444,31.726163888888887,427
130.46986194444443,31.726198055555557,425
130.47011194444445,31.726388888888888,418
130.47033694444445,31.726588888888887,415
130.47058694444445,31.72673111111111,412
130.47092388888888,31.72693111111111,406
130.47102388888888,31.72708888888889,407
130.4710738888889,31.72725611111111,407
130.4710488888889,31.727548055555555,405
130.47106194444444,31.72801388888889,405
130.47116194444445,31.72833888888889,404
130.4714488888889,31.728596944444444,403
130.4717738888889,31.72871388888889,407
130.47174194444443,31.728788055555555,407
130.47174194444443,31.728788055555555,407
130.4717738888889,31.72871388888889,407
130.47188694444444,31.728523055555556,401
130.4719988888889,31.72838888888889,395
130.47231194444444,31.728056111111112,394
130.47246194444443,31.727923055555557,396
130.47373694444445,31.72718111111111,387
130.47454888888888,31.726523055555557,378
130.47464888888888,31.726388888888888,377
130.4749488888889,31.72653111111111,374
130.47528694444443,31.726673055555555,377
130.4756238888889,31.72673111111111,376
130.4757988888889,31.726698055555556,375
130.47593694444444,31.72661388888889,369
130.47608694444443,31.726473055555555,358
130.47631194444443,31.726063888888888,362
130.4766238888889,31.72536388888889,354
130.47691194444445,31.72464,383
130.47721194444443,31.723965,383
130.4774988888889,31.723698055555555,385
130.47813694444446,31.72333111111111,385
130.47841194444445,31.723173055555556,385
130.4786738888889,31.72305611111111,386
130.4789988888889,31.723031111111112,385
130.4792611111111,31.72304,379
130.47953611111112,31.72310611111111,375
130.4798861111111,31.72329,375
130.48053611111112,31.723698055555555,375
130.4809238888889,31.724023055555556,377
130.4809611111111,31.72413111111111,377
130.4809361111111,31.724373055555557,371
130.48076111111112,31.724856111111112,366
130.4802861111111,31.725381111111112,357
130.4801111111111,31.72563111111111,354
130.4801238888889,31.725873055555557,351
130.4801611111111,31.726023055555554,357
130.4802488888889,31.726098055555557,355
130.48041111111112,31.72610611111111,355
130.4807361111111,31.726065,356
130.4812488888889,31.72608111111111,356
130.48144888888888,31.72610611111111,356
130.48164888888888,31.72618111111111,357
130.4819738888889,31.72623111111111,357
130.4821611111111,31.726173055555556,353
130.4823738888889,31.726065,354
130.4825238888889,31.726031111111112,355
130.48291111111112,31.725865,352
130.4831111111111,31.725806111111112,347
130.48338611111112,31.72584,344
130.48359888888888,31.72585611111111,344
130.4837488888889,31.725798055555554,345
130.4840111111111,31.725615,342
130.4843238888889,31.725465,338
130.48472388888888,31.72534,333
130.4848988888889,31.72534,329
130.4850111111111,31.725398055555555,326
130.4851361111111,31.72553111111111,325
130.48527388888888,31.725673055555557,325
130.4854861111111,31.725698055555554,326
130.48564888888887,31.72565611111111,326
130.48584888888888,31.725465,327
130.48598611111112,31.725406111111113,327
130.48617388888889,31.725415,328
130.4864488888889,31.725498055555555,327
130.48672305555556,31.725498055555555,322
130.48712305555554,31.72544,322
130.48817305555556,31.725165,321
130.48842305555556,31.725065,321
130.48872305555557,31.724923055555557,321
130.4888611111111,31.724756944444444,321
130.4889861111111,31.72439,321
130.48897305555556,31.72399,321
130.48899805555556,31.723873055555554,321
130.48917305555557,31.72364,321
130.48919805555556,31.723448055555554,321
130.4892361111111,31.723306944444445,321
130.4893111111111,31.723215,320
130.4895611111111,31.723048055555555,320
130.4894038888889,31.722763055555557,320
130.4894038888889,31.722763055555557,320
130.48932305555556,31.722615,320
130.48899805555556,31.721906944444445,314
130.48892305555555,31.721806944444445,311
130.4888361111111,31.721731944444443,308
130.48858611111112,31.721556944444444,307
130.48844888888888,31.721481944444445,305
130.4882988888889,31.721456944444444,307
130.48813611111112,31.721456944444444,306
130.4880611111111,31.721506944444446,305
130.4878238888889,31.721823055555557,302
130.4877361111111,31.721856944444443,300
130.48756111111112,31.721823055555557,298
130.4871861111111,31.721556944444444,297
130.48711111111112,31.721481944444445,297
130.4870738888889,31.721415,294
130.4869361111111,31.72069888888889,285
130.4868238888889,31.72032388888889,282
130.4867361111111,31.72012388888889,283
130.48653611111112,31.719881944444445,276
130.4863611111111,31.719815,276
130.4861238888889,31.719806944444443,276
130.4858238888889,31.71989888888889,276
130.4855488888889,31.72004,274
130.48528611111112,31.720156944444444,273
130.4852111111111,31.720181944444445,271
130.48517388888888,31.720156944444444,271
130.48518611111112,31.720065,268
130.48528611111112,31.719773888888888,265
130.48562388888888,31.71919888888889,257
130.4856861111111,31.719131944444445,257
130.4858238888889,31.719065,255
130.48609888888888,31.719065,254
130.48629888888888,31.719115,254
130.48664888888888,31.719215,248
130.48687388888888,31.719265,246
130.48697388888888,31.719223888888887,246
130.4870238888889,31.71914888888889,243
130.48699888888888,31.71907388888889,241
130.48656111111111,31.718831944444446,234
130.48633611111111,31.71862388888889,232
130.4861611111111,31.718506944444446,232
130.4856988888889,31.71832388888889,225
130.4854861111111,31.71822388888889,227
130.4853738888889,31.718215,226
130.48527388888888,31.71822388888889,226
130.48517388888888,31.718256944444445,224
130.4850988888889,31.718331944444444,222
130.4849861111111,31.71842388888889,223
130.4848988888889,31.718473888888887,226
130.4844361111111,31.718606944444446,223
130.48437388888888,31.71864888888889,223
130.4843238888889,31.718706944444445,222
130.4842238888889,31.718923888888888,226
130.48417388888888,31.71897388888889,222
130.4840988888889,31.71899888888889,220
130.48403611111112,31.71899,220
130.4839738888889,31.718956944444443,221
130.48392388888888,31.718881944444444,220
130.4838861111111,31.71879,222
130.4838861111111,31.718681944444445,218
130.48392388888888,31.71844888888889,217
130.48394888888888,31.718365,217
130.4839861111111,31.718315,218
130.48417388888888,31.71814,212
130.4842361111111,31.718031944444444,210
130.4843111111111,31.717906944444444,209
130.48438611111112,31.717623888888888,207
130.48439888888888,31.71717388888889,206
130.48438611111112,31.717098888888888,205
130.4840861111111,31.71634111111111,204
130.4840111111111,31.71626611111111,203
130.4837488888889,31.716106944444444,205
130.48369888888888,31.716056944444443,205
130.4836238888889,31.71594111111111,205
130.4835111111111,31.715556944444444,198
130.4835111111111,31.715341111111112,190
130.4834988888889,31.71501611111111,186
130.48347388888888,31.71489888888889,187
130.48337388888888,31.714656944444446,188
130.48324888888888,31.71434888888889,188
130.4830611111111,31.713766111111113,185
130.4829988888889,31.71351611111111,182
130.4829988888889,31.71337388888889,182
130.48301111111113,31.713306944444444,184
130.4832738888889,31.712856944444443,176
130.4834111111111,31.712681944444444,176
130.48358611111112,31.71252388888889,173
130.48379888888888,31.712398888888888,173
130.4839861111111,31.71231611111111,172
130.4846988888889,31.712083055555556,169
130.48506111111112,31.711941111111113,169
130.48552388888888,31.711758055555556,169
130.4863861111111,31.71146611111111,167
130.48666111111112,31.71134111111111,167
130.48677388888888,31.71126611111111,167
130.48687388888888,31.711166111111112,168
130.4869361111111,31.71104888888889,168
130.48697388888888,31.710898888888888,169
130.48698611111112,31.710758055555555,169
130.4869488888889,31.71009888888889,169
130.4869488888889,31.70997388888889,169
130.4870611111111,31.70971611111111,169
130.48732388888888,31.70944111111111,170
130.4875238888889,31.709273888888887,166
130.48809888888889,31.70891611111111,165
130.49047388888889,31.7074,157
130.4910361111111,31.70706611111111,155
130.4912361111111,31.706933055555556,156
130.4913611111111,31.706833055555556,156
130.4920238888889,31.70619111111111,156
130.49231111111112,31.70595,155
130.4928488888889,31.705558055555557,156
130.4932861111111,31.70526611111111,156
130.49342388888888,31.705183055555555,155
130.4936361111111,31.705066111111112,155
130.4938111111111,31.705033055555557,156
130.4939738888889,31.705008055555556,156
130.4947238888889,31.705,153
130.4949488888889,31.704966944444443,155
130.4951738888889,31.704875,155
130.49534888888888,31.704775,153
130.4955111111111,31.704433055555555,152
130.4956238888889,31.704091944444443,147
130.4956861111111,31.7039,148
130.49581111111112,31.703783055555554,147
130.49651111111112,31.703741944444445,145
130.4967861111111,31.703666944444443,146
130.4968988888889,31.7036,145
130.4970988888889,31.70345,146
130.49772388888888,31.702775,142
130.4981488888889,31.702341944444445,146
130.49856111111112,31.701875,144
130.4989611111111,31.7015,143
130.4992988888889,31.701283888888888,144
130.49968611111112,31.701066944444445,138
130.4998361111111,31.700966944444446,137
130.4999361111111,31.700841944444445,138
130.50001111111112,31.7007,138
130.50009888888889,31.70023388888889,139
130.5002111111111,31.699816944444443,139
130.50046111111112,31.698866944444443,139
130.50057388888888,31.69855111111111,143
130.5008861111111,31.69785111111111,144
130.5011111111111,31.697301111111113,147
130.50116111111112,31.696226111111113,146
130.5014488888889,31.694093055555555,138
130.50136111111112,31.692443055555554,138
130.5013111111111,31.69155888888889,135
130.50127388888887,31.691308888888887,136
130.50116194444445,31.69090111111111,136
130.50103694444445,31.69047611111111,134
130.50068805555554,31.689666944444443,135
130.50068805555554,31.689666944444443,135
130.5005988888889,31.68946,135
130.50223694444443,31.68942611111111,139
130.5029988888889,31.68940111111111,146
130.50316194444446,31.68940111111111,146
130.50351111111112,31.689443055555557,146
130.50372388888889,31.68951,146
130.5037861111111,31.689535,147
130.5039988888889,31.689618055555556,145
130.5042611111111,31.689793055555555,147
130.5043861111111,31.68992611111111,147
130.50454888888888,31.690085,146
130.5048111111111,31.690385,149
130.5051361111111,31.690793055555556,156
130.50543611111112,31.691093055555555,157
130.50577388888888,31.69135111111111,169
130.50591111111112,31.69142611111111,167
130.50611111111112,31.69150888888889,165
130.5064111111111,31.691593055555554,166
130.5067238888889,31.691601111111112,167
130.5075611111111,31.69157611111111,180
130.50817388888888,31.69156,180
130.50839888888888,31.69155111111111,192
130.5088738888889,31.69156,191
130.5093361111111,31.691635,202
130.5096738888889,31.69171,206
130.5101238888889,31.69190111111111,209
130.5104738888889,31.692051111111113,211
130.51074888888888,31.692218055555557,207
130.5109361111111,31.692376111111113,204
130.5111611111111,31.69260111111111,202
130.5112861111111,31.692793055555555,201
130.51139805555556,31.69302611111111,202
130.51146111111112,31.69330888888889,203
130.51147305555557,31.69360111111111,205
130.51147305555557,31.69375888888889,207
130.51146111111112,31.694218055555556,203
130.51149805555556,31.69445888888889,205
130.51154805555555,31.694618055555555,206
130.51162305555556,31.69477611111111,207
130.5117111111111,31.69487611111111,208
130.51187305555555,31.695068055555556,209
130.51199805555555,31.695183888888888,209
130.51234805555555,31.69540888888889,209
130.5127611111111,31.695668055555554,213
130.5131861111111,31.695908888888887,209
130.51338611111112,31.696043055555556,209
130.5134611111111,31.69608388888889,209
130.51372305555554,31.69625111111111,216
130.51407305555554,31.696466944444445,218
130.51437305555555,31.696751111111112,213
130.51461111111112,31.69713388888889,213
130.51482305555555,31.697443055555556,213
130.5150361111111,31.697666944444446,212
130.5152361111111,31.69780888888889,213
130.51537305555556,31.69787611111111,215
130.51559805555556,31.697966944444445,216
130.51586,31.698041944444444,218
130.51609805555555,31.69807611111111,218
130.51647305555556,31.698058888888887,218
130.516885,31.69797611111111,218
130.51746,31.697826111111112,222
130.51862305555557,31.69755111111111,230
130.519185,31.697408888888887,236
130.51962305555554,31.697308888888887,240
130.51992305555555,31.69728388888889,241
130.520435,31.697276111111112,242
130.52071,31.697276111111112,244
130.52131,31.697276111111112,247
130.52266,31.697243055555557,256
130.52296,31.69722611111111,253
130.52306,31.697218055555556,253
130.523935,31.69708388888889,254
130.52412305555555,31.69705888888889,256
130.52464805555556,31.69695888888889,248
130.52479805555555,31.69695111111111,244
130.52499694444444,31.69695888888889,239
130.525185,31.696983888888887,238
130.52547194444443,31.697076111111112,237
130.52574694444445,31.697176111111112,235
130.52591,31.697276111111112,230
130.52602194444444,31.69738388888889,228
130.52622194444444,31.69765111111111,227
130.52631,31.69780111111111,227
130.52644694444444,31.69810111111111,234
130.5270588888889,31.69945111111111,229
130.52729694444446,31.69993388888889,222
130.52739694444443,31.700118055555556,223
130.52765888888888,31.700408888888887,221
130.52777194444445,31.70050888888889,211
130.5280338888889,31.700666944444446,207
130.5282838888889,31.70080111111111,204
130.5283838888889,31.700893055555557,203
130.5287588888889,31.701383888888888,202
130.52907194444444,31.701791944444444,207
130.52917194444444,31.702033888888888,210
130.5291838888889,31.702133888888888,208
130.52912194444446,31.702326111111113,207
130.52913388888888,31.70250888888889,203
130.52919694444444,31.702626111111112,203
130.52935888888888,31.70292611111111,199
130.52944694444443,31.70302611111111,198
130.5297588888889,31.703443055555557,197
130.52984694444444,31.703591944444444,196
130.53014694444445,31.70413388888889,194
130.53029694444444,31.70442611111111,188
130.53042194444444,31.70473388888889,185
130.53050888888887,31.705033888888888,184
130.5306461111111,31.70590888888889,176
130.5306711111111,31.706116944444446,175
130.5307838888889,31.706826111111113,173
130.5312211111111,31.707616944444446,173
130.53161,31.708191111111113,177
130.53161,31.708191111111113,177
130.53174611111112,31.708391944444443,178
130.5319961111111,31.708201111111112,177
130.5322461111111,31.70798388888889,175
130.5323461111111,31.70788388888889,174
130.53252111111112,31.707666944444444,174
130.53277111111112,31.70737611111111,176
130.53312111111111,31.706958888888888,176
130.53333388888888,31.706716944444445,176
130.53344611111112,31.70662611111111,175
130.5334711111111,31.706601111111112,175
130.5335838888889,31.706533888888888,172
130.5336961111111,31.70647611111111,169
130.53400888888888,31.70635111111111,169
130.5341338888889,31.706291944444445,168
130.5343211111111,31.706183888888887,168
130.53444611111112,31.706091944444445,168
130.53467111111112,31.705891944444446,168
130.5348711111111,31.70573388888889,167
130.5349588888889,31.705666944444445,168
130.5352211111111,31.705526111111112,167
130.53559611111112,31.70537611111111,166
130.5358338888889,31.70527611111111,165
130.5360088888889,31.70517611111111,164
130.5361838888889,31.70505888888889,164
130.53648388888888,31.70482611111111,163
130.5366461111111,31.704708888888888,163
130.5367961111111,31.704618055555557,162
130.5368838888889,31.704566944444444,162
130.5370088888889,31.704518055555557,162
130.5371088888889,31.704483888888888,162
130.53740888888888,31.70443388888889,163
130.53762111111112,31.704416944444443,163
130.53784611111112,31.70440111111111,163
130.5382461111111,31.70432611111111,163
130.5383461111111,31.704293055555556,163
130.53848305555556,31.704241944444444,164
130.53880805555556,31.70408388888889,161
130.53909611111112,31.703958888888888,159
130.53919611111112,31.703926111111112,159
130.5393961111111,31.70387611111111,159
130.53960805555556,31.70385111111111,159
130.5398211111111,31.703843055555556,159
130.54057111111112,31.703826111111113,159
130.54085805555556,31.70377611111111,158
130.54105805555557,31.703701111111112,158
130.5412211111111,31.70360888888889,157
130.54135805555555,31.70348388888889,157
130.54145805555555,31.703376111111112,156
130.54149611111112,31.703318055555556,156
130.54160805555554,31.70303388888889,157
130.5417961111111,31.70243388888889,164
130.54239611111112,31.70165111111111,176
130.5431211111111,31.700793055555554,188
130.54320805555557,31.70070888888889,187
130.54335805555556,31.700501111111112,186
130.54352111111112,31.700235,182
130.54364611111112,31.69991,169
130.5437961111111,31.69970111111111,169
130.54397111111112,31.699568055555556,168
130.5441711111111,31.69946,168
130.54443305555554,31.699193055555554,168
130.5444961111111,31.699093055555554,169
130.54453305555555,31.69896,169
130.54453305555555,31.698801111111113,169
130.54448305555556,31.698618055555556,176
130.54443305555554,31.698451111111112,176
130.54438305555556,31.696976944444444,196
130.54438305555556,31.696793055555556,196
130.54428305555555,31.695976944444446,206
130.54428305555555,31.695901944444444,206
130.5442711111111,31.695793055555555,209
130.5442711111111,31.695535,215
130.54430805555555,31.695443055555554,218
130.54440805555555,31.695351944444443,220
130.54455805555557,31.695293055555556,228
130.5447211111111,31.695226944444446,228
130.54497111111112,31.695185,227
130.54543305555555,31.695143055555555,234
130.54579611111112,31.695076944444445,241
130.5459711111111,31.695026944444443,242
130.5462711111111,31.694851944444444,241
130.54653305555556,31.694635,241
130.54680805555554,31.694351944444445,242
130.5468711111111,31.694251944444446,241
130.54712111111112,31.69376888888889,241
130.54734611111112,31.693285,241
130.5475211111111,31.69296,243
130.54770805555555,31.69271,243
130.54792111111112,31.692435,241
130.54835805555555,31.691893888888888,238
130.5488961111111,31.691243888888888,239
130.54903305555555,31.691101944444444,239
130.54964611111112,31.69058611111111,237
130.54984611111112,31.690426944444443,236
130.55055805555557,31.689826944444444,234
130.55128305555556,31.68934388888889,234
130.55140805555556,31.68924388888889,234
130.5514711111111,31.689178055555555,234
130.55153305555555,31.68911888888889,234
130.55180805555557,31.688803055555557,230
130.5520961111111,31.688468888888888,231
130.55224611111112,31.68828611111111,232
130.55258305555554,31.68786111111111,232
130.55292111111112,31.68751888888889,233
130.55373305555557,31.686703055555554,234
130.55385805555557,31.68656111111111,234
130.55397,31.686353055555557,234
130.55458305555555,31.685153055555556,234
130.555345,31.683603055555555,230
130.55560805555555,31.683086111111113,229
130.55592,31.682453055555555,227
130.556095,31.682028055555556,226
130.55617,31.681778055555554,226
130.55642,31.680903055555557,224
130.55647,31.680753055555556,223
130.556595,31.680511944444444,220
130.557145,31.67977,213
130.55725805555556,31.67962,213
130.557345,31.67952,214
130.557495,31.679386944444445,215
130.55770805555557,31.679245,215
130.55812,31.679011944444444,213
130.55888305555555,31.678636944444445,216
130.559045,31.67857888888889,208
130.559195,31.678528888888888,207
130.55938305555554,31.678486944444444,206
130.55957,31.67847888888889,206
130.560345,31.678511944444445,198
130.560545,31.67850388888889,198
130.56072,31.67847888888889,197
130.56088305555556,31.67844611111111,196
130.56112,31.67837888888889,196
130.56157,31.678236944444443,192
130.561795,31.678186944444445,189
130.562185,31.67817888888889,188
130.562185,31.67817888888889,188
130.56220694444445,31.67817888888889,188
130.56242,31.678186944444445,187
130.562945,31.678271111111112,182
130.56298305555555,31.67814611111111,181
130.563095,31.677936944444443,182
130.56318194444444,31.67782888888889,182
130.56328305555556,31.67772888888889,183
130.56342,31.677611944444443,180
130.56360694444444,31.67744611111111,177
130.56367,31.67737888888889,177
130.563745,31.677286944444443,177
130.56382,31.67717888888889,177
130.56413194444445,31.676561944444444,176
130.56417,31.676478888888887,175
130.56433305555555,31.67617111111111,177
130.56438194444445,31.676036944444444,175
130.56442,31.67590388888889,176
130.564445,31.67574611111111,176
130.564445,31.675563055555557,176
130.564395,31.675413055555556,175
130.56432,31.67527888888889,174
130.564195,31.675138055555557,175
130.56403194444445,31.674971111111113,174
130.56330805555555,31.67427888888889,184
130.56310805555555,31.674063055555557,186
130.562945,31.67387888888889,184
130.56285805555555,31.67374611111111,185
130.56278305555554,31.673603888888888,184
130.56272,31.67342111111111,183
130.56265805555554,31.673246111111112,186
130.562545,31.67287888888889,177
130.56218305555555,31.671638055555555,169
130.56202,31.671063055555557,165
130.56198305555554,31.670913055555555,163
130.56233305555557,31.670763055555554,161
130.562445,31.67072111111111,160
130.56288305555555,31.67062111111111,159
130.563245,31.67054611111111,159
130.56332,31.67053,159
130.56367,31.670438055555554,159
130.56382,31.670388055555556,159
130.56420805555555,31.67029611111111,160
130.564395,31.670255,160
130.56477,31.67019611111111,162
130.56478305555555,31.670146111111112,162
130.56482,31.669913055555554,161
130.564845,31.66978,162
130.56490805555555,31.669655,164
130.56500805555555,31.669538055555556,163
130.565145,31.66942111111111,164
130.56530805555556,31.66932111111111,165
130.56552,31.669255,161
130.56618194444445,31.66914611111111,169
130.56642,31.669088055555555,172
130.56687,31.66893,175
130.56718305555555,31.66878,174
130.56783305555555,31.66843,173
130.56832,31.668146944444445,173
130.56860694444444,31.667921944444444,185
130.568745,31.66778,186
130.56883305555556,31.66763,188
130.568895,31.667496944444444,186
130.56893194444444,31.667355,186
130.56893194444444,31.66723,186
130.56890694444445,31.667105,195
130.56877,31.666863055555556,197
130.56857,31.666588055555554,198
130.56840805555555,31.66643,200
130.568295,31.666296944444444,201
130.56822,31.666163055555554,202
130.56813305555556,31.665913055555556,203
130.56812,31.665763055555555,205
130.568145,31.665621944444446,206
130.56817,31.665538055555555,207
130.56822,31.66543888888889,208
130.56828305555555,31.665346944444444,209
130.568695,31.664838888888887,217
130.56880694444445,31.664638888888888,218
130.568845,31.664513888888887,218
130.56887,31.664396944444444,218
130.56887,31.664155,218
130.56885805555555,31.663971944444445,218
130.56882,31.663805,218
130.56887,31.663805,218
130.568945,31.663821944444443,219
130.56900805555554,31.663871944444445,219
130.569245,31.664046944444443,220
130.56933305555555,31.66406388888889,220
130.56943305555555,31.664046944444443,221
130.56958194444445,31.664005,222
130.56988305555555,31.66393,223
130.57027,31.66386388888889,224
130.57033305555555,31.66383888888889,224
130.57042,31.663755,224
130.57052,31.663621944444444,224
130.57060694444445,31.663563888888888,224
130.57068305555555,31.663555,225
130.57098194444444,31.66361388888889,226
130.57115694444445,31.663646944444444,227
130.57123305555555,31.663646944444444,227
130.571545,31.66361388888889,228
130.571845,31.663605,229
130.57208194444445,31.663605,232
130.57250805555555,31.66358,235
130.57283305555555,31.66358888888889,237
130.57295805555555,31.663621944444444,238
130.57328305555555,31.66363888888889,242
130.57363194444446,31.66368888888889,246
130.57372,31.663705,247
130.57382,31.663696944444446,248
130.573895,31.663671944444445,248
130.57398194444445,31.66363,247
130.574145,31.663463888888888,248
130.57428194444444,31.663221944444444,244
130.57433194444445,31.663171944444443,244
130.57445694444445,31.66311388888889,247
130.57462,31.663046944444446,246
130.57505694444444,31.66283111111111,246
130.575145,31.66280611111111,247
130.57523194444445,31.66280611111111,248
130.575445,31.66286388888889,250
130.575595,31.66285611111111,252
130.575645,31.662821944444445,252
130.57573194444444,31.66268888888889,254
130.57575694444444,31.66250611111111,253
130.57578194444446,31.66243111111111,254
130.575845,31.66233111111111,252
130.57590694444445,31.662271944444445,254
130.575995,31.66221388888889,251
130.57608194444444,31.66220611111111,252
130.57627,31.66220611111111,253
130.576595,31.66223888888889,256
130.57687,31.66220611111111,254
130.57742,31.66203888888889,255
130.57748194444446,31.66200611111111,253
130.57813194444444,31.661213888888888,270
130.57832,31.66110611111111,271
130.57882,31.660846944444444,274
130.579095,31.660721944444443,275
130.57918194444446,31.66070611111111,275
130.57927,31.66071388888889,274
130.57978194444445,31.660763888888887,271
130.5800188888889,31.660821944444443,274
130.5801688888889,31.660856111111112,278
130.58031888888888,31.660921944444443,280
130.58054388888888,31.661071944444444,280
130.5809438888889,31.66146388888889,280
130.58101888888888,31.661513888888887,281
130.58118194444444,31.66158111111111,281
130.5815188888889,31.661596944444444,283
130.5816438888889,31.66158111111111,283
130.58211888888889,31.661421944444445,286
130.58258194444446,31.661313888888888,287
130.58295694444445,31.661198055555555,290
130.5831188888889,31.661123055555557,291
130.58336888888888,31.660988888888888,294
130.58359388888888,31.66083111111111,297
130.5838688888889,31.66055611111111,298
130.5839188888889,31.66050611111111,299
130.58398194444445,31.660463888888888,299
130.58410694444444,31.660421944444444,298
130.5844438888889,31.660373055555556,298
130.58486888888888,31.660321944444444,299
130.58530694444445,31.66058111111111,301
130.58558194444444,31.660696944444446,301
130.58574388888889,31.66071388888889,302
130.58589388888888,31.66070611111111,301
130.58605694444444,31.660673055555556,301
130.5864188888889,31.660546944444445,303
130.58653194444443,31.660521944444444,303
130.58665694444446,31.66051388888889,303
130.58685694444443,31.660521944444444,303
130.58734388888888,31.660623055555554,302
130.58748111111112,31.66061388888889,302
130.5876561111111,31.66058888888889,302
130.5879688888889,31.66051388888889,305
130.5880938888889,31.66048111111111,306
130.5884311111111,31.66035611111111,307
130.5886811111111,31.66025611111111,307
130.5893438888889,31.660023055555556,314
130.5897061111111,31.659896944444444,319
130.5901311111111,31.65975611111111,321
130.59030611111112,31.65973888888889,321
130.59039388888888,31.659748055555557,322
130.59050611111113,31.65976388888889,323
130.5907938888889,31.65988888888889,327
130.59084388888888,31.659923055555556,327
130.5908938888889,31.65996388888889,327
130.5911311111111,31.660421944444444,330
130.59130611111112,31.660663888888887,333
130.5914061111111,31.66073888888889,333
130.59151888888888,31.660788888888888,332
130.5916311111111,31.66083111111111,332
130.59176888888888,31.66086388888889,332
130.59186888888888,31.66086388888889,333
130.59196888888889,31.660846944444444,333
130.5920811111111,31.66081388888889,333
130.5923938888889,31.66063888888889,336
130.5925188888889,31.660598055555557,337
130.5926438888889,31.660598055555557,338
130.5933311111111,31.66071388888889,342
130.5934311111111,31.66073111111111,343
130.5935438888889,31.660748055555555,343
130.5942311111111,31.660898055555556,349
130.59448111111112,31.66093888888889,352
130.5946811111111,31.660956111111112,353
130.59505611111112,31.66093888888889,360
130.5952311111111,31.66090611111111,360
130.59560611111112,31.660773055555556,361
130.5961311111111,31.66061388888889,362
130.5962311111111,31.66060611111111,363
130.59634305555556,31.66061388888889,363
130.5964811111111,31.660663888888887,363
130.59685611111112,31.66083111111111,365
130.59701805555557,31.66090611111111,366
130.5973561111111,31.661071944444444,366
130.59743111111112,31.66110611111111,366
130.59756805555554,31.66113888888889,366
130.59766805555554,31.661171944444444,367
130.5984311111111,31.66143888888889,370
130.59854305555555,31.66148888888889,371
130.5986061111111,31.661538888888888,371
130.5989561111111,31.66180611111111,368
130.59939305555557,31.662221944444443,372
130.5995061111111,31.66233888888889,373
130.59981805555555,31.66263888888889,374
130.59993111111112,31.66273111111111,374
130.60001805555555,31.662796944444445,375
130.6002311111111,31.662881111111112,372
130.60089305555556,31.663096944444444,382
130.601005,31.66316388888889,385
130.601155,31.663431111111112,391
130.60166805555556,31.66403888888889,398
130.60173,31.664123055555557,400
130.60179305555556,31.66428888888889,400
130.60179305555556,31.664346944444443,401
130.601705,31.664748055555556,403
130.601655,31.665071944444446,407
130.60163,31.66543111111111,410
130.60163,31.665671944444444,413
130.601655,31.665798055555555,413
130.60173,31.665913888888888,415
130.601955,31.66608888888889,418
130.60208,31.66616388888889,420
130.602355,31.66626388888889,424
130.60246694444444,31.666271944444443,424
130.60258,31.666246944444445,425
130.60293,31.666106111111112,422
130.60331805555555,31.66596388888889,425
130.60343,31.665946944444446,427
130.60351805555555,31.665981111111112,429
130.60359194444445,31.66606388888889,432
130.60366805555554,31.66616388888889,432
130.60376805555555,31.666331111111113,433
130.60408,31.666571944444446,433
130.604505,31.66690611111111,433
130.60486694444444,31.667196944444445,432
130.60491694444445,31.667213888888888,430
130.605005,31.667188888888887,428
130.60534194444443,31.666771944444445,424
130.605355,31.666696944444446,424
130.60536694444446,31.66648888888889,422
130.60541694444444,31.66623111111111,423
130.60559194444446,31.66563888888889,423
130.60573,31.665346944444444,424
130.60579305555555,31.665288888888888,425
130.60588,31.66523888888889,425
130.60619194444445,31.665096944444443,430
130.60626694444446,31.66505611111111,431
130.60631694444444,31.66500611111111,431
130.60638,31.66485611111111,433
130.60639194444445,31.66453111111111,434
130.60629194444445,31.664281111111112,433
130.60618,31.664171944444444,433
130.60583,31.66388111111111,434
130.60579305555555,31.66383111111111,434
130.60576805555556,31.66370611111111,433
130.60578,31.663623055555554,432
130.605805,31.66358888888889,432
130.60584194444445,31.663563888888888,432
130.60604305555555,31.66355611111111,434
130.606155,31.66353888888889,433
130.606255,31.663498055555557,434
130.60633,31.663438888888887,432
130.60638,31.663338888888887,435
130.60639194444445,31.663238888888888,434
130.606355,31.663138888888888,433
130.60626805555555,31.66303111111111,429
130.60604305555555,31.66285611111111,430
130.60561694444445,31.662488888888888,433
130.60554194444444,31.66243888888889,433
130.605305,31.66233888888889,431
130.605105,31.662221944444443,427
130.60496694444444,31.66208888888889,426
130.604905,31.662021944444444,426
130.60488,31.66195611111111,424
130.60489305555555,31.66188888888889,426
130.60501805555555,31.66176388888889,425
130.605055,31.66171388888889,425
130.60509305555556,31.66158111111111,424
130.60508,31.661413888888887,422
130.605105,31.661313888888888,422
130.605155,31.661413888888887,423
130.60523,31.66148888888889,426
130.60529194444445,31.661506111111112,426
130.605355,31.661506111111112,428
130.60543,31.66148111111111,428
130.60563,31.661381111111112,431
130.605755,31.66128888888889,432
130.60584194444445,31.661213888888888,432
130.60589305555555,31.661123055555557,431
130.605955,31.66093888888889,430
130.60601805555555,31.660748055555555,427
130.60663,31.65996388888889,421
130.60676694444444,31.65985611111111,420
130.606855,31.65983111111111,418
130.60687194444444,31.659828055555554,418
130.6068711111111,31.659828055555554,418
130.606855,31.65983111111111,418
130.60676694444444,31.65985611111111,420
130.60663,31.65996388888889,421
130.60601805555555,31.660748055555555,427
130.605955,31.66093888888889,430
130.60589305555555,31.661123055555557,431
130.60584194444445,31.661213888888888,432
130.605755,31.66128888888889,432
130.60563,31.661381111111112,431
130.60543,31.66148111111111,428
130.605355,31.661506111111112,428
130.60529194444445,31.661506111111112,426
130.60523,31.66148888888889,426
130.605155,31.661413888888887,423
130.605105,31.661313888888888,422
130.60508,31.66118888888889,421
130.60509305555556,31.66100611111111,421
130.60511805555555,31.66086388888889,421
130.60518,31.660698055555557,419
130.60539305555557,31.66021388888889,414
130.60549305555554,31.65998111111111,413
130.60559305555554,31.659813888888888,412
130.60561805555557,31.65973111111111,410
130.605605,31.659673055555555,410
130.605555,31.659623055555556,406
130.605455,31.659581111111113,406
130.60533,31.65955611111111,406
130.60519305555556,31.659581111111113,405
130.60494305555557,31.659681111111112,405
130.60479305555555,31.659798055555555,404
130.60446805555554,31.66011388888889,403
130.60426805555556,31.660338888888887,403
130.604155,31.66050611111111,402
130.60401805555554,31.660756111111112,398
130.60399305555555,31.660823055555557,394
130.60396805555555,31.66093888888889,393
130.603905,31.661023055555557,392
130.603805,31.66105611111111,391
130.603705,31.661048055555554,388
130.60363,31.660998055555556,386
130.60351805555555,31.660848055555554,384
130.603505,31.660773055555556,384
130.60356805555554,31.660598055555557,385
130.60366805555554,31.66048888888889,386
130.60371805555556,31.660431111111112,383
130.60371805555556,31.660323055555555,380
130.60373,31.66021388888889,377
130.603705,31.660013888888887,376
130.60369305555557,31.65960611111111,378
130.60359305555556,31.659448055555554,376
130.60341805555555,31.65931388888889,371
130.60311805555557,31.659198055555557,368
130.60311805555557,31.659148055555555,368
130.6031561111111,31.659023055555554,366
130.60324305555557,31.65861388888889,363
130.60326805555556,31.65853111111111,362
130.60329305555555,31.658473055555554,362
130.60336805555556,31.658281111111112,358
130.60345611111111,31.658088888888887,355
130.60359305555556,31.65776388888889,353
130.60371805555556,31.657498055555557,352
130.60376805555555,31.65738111111111,351
130.60378111111112,31.65728888888889,351
130.60375611111112,31.65716388888889,349
130.60366805555554,31.657106111111112,349
130.6030061111111,31.65675611111111,342
130.6029061111111,31.65665611111111,340
130.60288111111112,31.65660611111111,340
130.60285611111112,31.656473055555555,338
130.60284305555555,31.656148055555555,338
130.60276805555554,31.65600611111111,337
130.60244305555557,31.65543111111111,331
130.6023811111111,31.655298055555555,330
130.60230611111112,31.655098055555555,329
130.60219305555555,31.654598055555557,325
130.6021561111111,31.654398055555557,324
130.60201805555556,31.65394,321
130.60185611111112,31.65340611111111,314
130.60183111111112,31.653348055555554,314
130.6017061111111,31.653173055555555,311
130.6016811111111,31.653098055555557,311
130.6016811111111,31.65298111111111,312
130.60174305555554,31.65288111111111,312
130.60194305555555,31.65248111111111,311
130.6020061111111,31.652323055555556,311
130.6020061111111,31.65210611111111,310
130.60198111111112,31.65193111111111,311
130.6019188888889,31.651798055555556,310
130.60171888888888,31.651473055555556,313
130.6016561111111,31.65125611111111,312
130.6016561111111,31.650973055555557,311
130.6015811111111,31.65064,307
130.60149388888888,31.650381111111113,304
130.6014311111111,31.650198055555556,301
130.60138111111112,31.65010611111111,300
130.6013061111111,31.650015,301
130.6012061111111,31.64994,301
130.6010188888889,31.649823055555554,301
130.6008811111111,31.649773055555556,303
130.60071888888888,31.64975611111111,303
130.6005561111111,31.649715,303
130.60048111111112,31.64965611111111,302
130.60014388888888,31.649206111111113,297
130.6000061111111,31.64905611111111,294
130.59993111111112,31.648998055555555,292
130.59981888888888,31.64893111111111,293
130.59935611111112,31.648723055555557,292
130.5988811111111,31.648465,292
130.5986188888889,31.64829,290
130.59844388888888,31.64815611111111,290
130.59838194444444,31.64808111111111,288
130.59831888888888,31.64798111111111,286
130.59825694444444,31.64783111111111,284
130.5981688888889,31.64740611111111,283
130.5981688888889,31.64729,283
130.5982438888889,31.646715,282
130.5982938888889,31.64624,282
130.59830694444443,31.646048055555557,281
130.5982438888889,31.645848055555554,280
130.59820694444446,31.64574,281
130.59815694444444,31.645623055555557,280
130.59810694444445,31.645515,280
130.59799388888888,31.645373055555556,281
130.59785694444443,31.645206944444446,280
130.59774388888889,31.645131944444444,280
130.5976188888889,31.645023055555555,280
130.5974688888889,31.644873055555557,278
130.59703194444444,31.644365,273
130.59693194444444,31.644273055555555,273
130.59683194444443,31.644215,272
130.5965938888889,31.644106944444445,271
130.59615694444443,31.64389,270
130.59578194444444,31.643706944444446,270
130.5956938888889,31.643665,268
130.59553194444445,31.64359,268
130.595395,31.643548055555556,268
130.59490694444443,31.643473055555557,266
130.594545,31.643406944444443,263
130.594095,31.643273055555557,262
130.593745,31.643123055555556,262
130.59338194444445,31.642965,258
130.59287,31.642748055555554,257
130.592495,31.642548055555554,257
130.592195,31.642373055555556,256
130.59207,31.642323055555554,255
130.591795,31.642281944444445,253
130.591545,31.642281944444445,252
130.59140805555555,31.642273055555556,252
130.59103305555556,31.642215,254
130.59052,31.642056944444445,255
130.59038305555555,31.642056944444445,254
130.59000805555556,31.642181944444445,255
130.589895,31.642181944444445,254
130.589795,31.642131944444444,254
130.58930694444444,31.641656944444446,245
130.58925805555555,31.641615,245
130.58855805555555,31.641065,241
130.58832,31.640556944444445,237
130.588145,31.64017388888889,234
130.588145,31.640165,234
130.58802,31.64009888888889,233
130.58767,31.640056944444446,232
130.58737,31.640015,231
130.58715805555556,31.63997388888889,229
130.58698305555555,31.63989888888889,228
130.58685805555555,31.639815,228
130.58670805555556,31.63969888888889,227
130.58647,31.63947388888889,225
130.58632,31.639406944444445,222
130.586145,31.63939111111111,221
130.58582,31.63944111111111,218
130.58575805555554,31.639431944444443,217
130.58568305555556,31.63942388888889,217
130.58525805555556,31.639298888888888,216
130.58513305555556,31.639256944444444,216
130.584595,31.639073888888888,207
130.58443305555556,31.63901611111111,203
130.58435805555555,31.639006944444443,203
130.58423305555556,31.63899111111111,202
130.58407111111111,31.63901611111111,198
130.58359611111112,31.639266111111112,199
130.58355805555556,31.639281944444445,199
130.58338305555554,31.63934888888889,202
130.58313305555555,31.639398888888888,205
130.5830711111111,31.639398888888888,205
130.58293305555554,31.63939111111111,206
130.5826211111111,31.63932388888889,208
130.58247111111112,31.639273888888887,209
130.58243305555555,31.63922388888889,209
130.5823961111111,31.639173888888887,208
130.58237111111112,31.639056944444444,207
130.58238305555557,31.63867388888889,204
130.5823961111111,31.63849888888889,203
130.5823961111111,31.63834111111111,203
130.58237111111112,31.63824111111111,203
130.58223305555555,31.63804111111111,203
130.5818211111111,31.638156944444443,205
130.5816961111111,31.63814888888889,206
130.58155805555555,31.638091111111112,206
130.58150805555556,31.638031944444446,206
130.5814211111111,31.637906944444445,206
130.5813711111111,31.637866111111112,205
130.58118305555556,31.63779111111111,206
130.58067111111112,31.63769111111111,206
130.58058305555556,31.637681944444445,206
130.58045805555557,31.63769111111111,206
130.5803711111111,31.63774111111111,207
130.5802461111111,31.637881944444445,208
130.5801461111111,31.638006944444445,209
130.58009611111112,31.63804888888889,210
130.58005805555555,31.63806611111111,210
130.5800211111111,31.63807388888889,210
130.5799461111111,31.638091111111112,212
130.5797961111111,31.63807388888889,213
130.5797711111111,31.63806611111111,214
130.57968305555556,31.638006944444445,214
130.57958305555556,31.637856944444444,213
130.5794711111111,31.637756944444444,212
130.57929611111112,31.63784111111111,210
130.57882111111113,31.638123888888888,207
130.5786711111111,31.638191111111112,206
130.5784211111111,31.63826611111111,204
130.57829611111111,31.638291111111112,203
130.57808305555557,31.63834888888889,200
130.5778961111111,31.638423888888887,199
130.57782111111112,31.63846611111111,198
130.57755805555556,31.638648888888888,195
130.57714611111112,31.63886611111111,192
130.5767211111111,31.63904888888889,184
130.57648305555554,31.63911611111111,189
130.57644611111112,31.63911611111111,189
130.57624611111112,31.63911611111111,192
130.57613305555554,31.63909111111111,192
130.57578305555555,31.639031944444444,193
130.5756961111111,31.63902388888889,193
130.57558305555557,31.639031944444444,194
130.5754711111111,31.63906611111111,194
130.5750711111111,31.639281944444445,198
130.57487111111112,31.63939111111111,198
130.57463305555555,31.63956611111111,197
130.5744961111111,31.639631944444446,198
130.57430805555555,31.639681944444444,199
130.57423305555557,31.639681944444444,199
130.5741711111111,31.63966611111111,198
130.57398305555554,31.63957388888889,199
130.57375805555554,31.639491111111113,199
130.57360805555555,31.639456944444444,199
130.57343305555557,31.63942388888889,199
130.57335805555556,31.639406944444445,199
130.57329611111112,31.639406944444445,199
130.57323305555556,31.639406944444445,199
130.57308305555554,31.639456944444444,200
130.57293305555555,31.63954111111111,201
130.57284611111112,31.639598888888887,202
130.57275805555557,31.639631944444446,203
130.5726588888889,31.63964888888889,203
130.5721211111111,31.63971611111111,204
130.5719838888889,31.63974888888889,203
130.5718838888889,31.639781944444444,204
130.57180888888888,31.639806944444445,204
130.57158388888888,31.639881944444443,204
130.57148388888888,31.639906944444444,204
130.57137111111112,31.639923888888887,203
130.57100888888888,31.63994111111111,203
130.57090888888888,31.639906944444444,203
130.57082111111112,31.639881944444443,203
130.5705338888889,31.63976611111111,203
130.5703938888889,31.639736111111112,203
130.5703938888889,31.639736111111112,203
130.57033388888888,31.639723888888888,203
130.5701711111111,31.63971611111111,203
130.57020888888889,31.64004111111111,206
130.5702588888889,31.640281944444446,208
130.5703211111111,31.64054888888889,210
130.57035888888888,31.64079111111111,212
130.5703838888889,31.640991111111113,211
130.57037111111111,31.64129888888889,212
130.57035888888888,31.64162388888889,212
130.57035888888888,31.641816111111112,213
130.5703961111111,31.641981944444446,214
130.57043388888889,31.64212388888889,214
130.57045888888888,31.64222388888889,214
130.57047111111112,31.64232388888889,214
130.57045888888888,31.642781944444444,213
130.57045805555555,31.643115,212
130.57043305555555,31.643931944444443,210
130.5704211111111,31.644456944444446,212
130.57040805555556,31.64469888888889,213
130.57040805555556,31.644806944444444,213
130.57040805555556,31.644906944444443,214
130.57040805555556,31.64524,216
130.57040805555556,31.64534,216
130.5703961111111,31.645815,218
130.57033305555555,31.646806944444446,218
130.5703211111111,31.647731944444445,218
130.57030805555556,31.64784,218
130.56973305555556,31.647765,216
130.56844611111111,31.647615,211
130.5673338888889,31.647456944444443,204
130.56615888888888,31.64729,203
130.5657588888889,31.647231944444446,201
130.56535888888888,31.647181944444444,199
130.56459611111111,31.647256944444443,198
130.5642588888889,31.647281944444444,197
130.5636461111111,31.647356944444443,197
130.5635088888889,31.647365,195
130.5632711111111,31.647356944444443,191
130.56319611111113,31.647348055555554,190
130.56274611111112,31.647198055555556,186
130.5626211111111,31.647165,185
130.5621461111111,31.647015,184
130.5616711111111,31.646865,182
130.5614338888889,31.646781944444445,181
130.5613211111111,31.646731944444443,179
130.56115888888888,31.646648055555556,177
130.5609838888889,31.646523055555555,178
130.56083388888888,31.64639888888889,177
130.5604711111111,31.646031944444445,175
130.56015888888888,31.645706944444445,170
130.55983388888887,31.64539,165
130.55972111111112,31.645265,163
130.5592088888889,31.644715,162
130.55890888888888,31.644456944444446,157
130.55867194444446,31.64427388888889,157
130.5584088888889,31.644115,158
130.55820888888888,31.644015,157
130.55689694444445,31.64359111111111,149
130.55674694444446,31.643531944444444,149
130.55665888888888,31.64349888888889,149
130.55659694444444,31.643448888888887,149
130.55649694444443,31.643348888888887,148
130.55642194444445,31.64324111111111,148
130.55634694444444,31.643081944444443,148
130.55630888888888,31.642981944444443,147
130.55624694444444,31.64264111111111,147
130.55622194444445,31.64224888888889,147
130.55617194444446,31.64204888888889,146
130.5561338888889,31.641956944444445,143
130.55602194444444,31.64179888888889,143
130.5559088888889,31.64167388888889,139
130.55574694444445,31.641556944444446,138
130.55560888888888,31.64149111111111,137
130.5553338888889,31.64139888888889,137
130.5552088888889,31.641391111111112,136
130.5550088888889,31.64137388888889,136
130.55452194444445,31.64137388888889,132
130.55437194444445,31.64137388888889,132
130.55427194444445,31.64137388888889,132
130.55413388888888,31.641356944444443,132
130.55403388888888,31.641323888888888,130
130.55393388888888,31.641281944444444,130
130.55377194444443,31.64119888888889,129
130.55325888888888,31.640866111111112,127
130.55307194444444,31.64074888888889,128
130.552885,31.64069111111111,129
130.55274694444444,31.640673888888887,129
130.551885,31.64072388888889,127
130.55177194444445,31.64071611111111,127
130.551535,31.640656944444444,125
130.55147194444444,31.640631944444443,125
130.551435,31.640606944444446,122
130.55122194444445,31.64049111111111,121
130.55116,31.64046611111111,121
130.55072194444443,31.640231944444444,124
130.55019694444445,31.63994111111111,131
130.55055611111112,31.63949,134
130.55055611111112,31.63949,134
130.55094694444443,31.63899888888889,136
130.55176,31.638008055555556,136
130.55184694444443,31.637933055555557,136
130.552035,31.637833055555557,135
130.552885,31.637508055555557,137
130.552985,31.637458055555555,135
130.553085,31.63739888888889,135
130.55327194444445,31.63726611111111,134
130.55341,31.63709111111111,136
130.55349694444445,31.636948888888888,140
130.55354694444443,31.63679888888889,142
130.55356,31.636708055555555,142
130.55356,31.63661611111111,142
130.55352194444444,31.636466111111112,144
130.55347194444445,31.636358055555554,143
130.55341,31.636258055555555,144
130.553335,31.63614888888889,143
130.552335,31.63479111111111,152
130.552085,31.634458055555555,151
130.552035,31.63439111111111,151
130.55186,31.634016111111112,156
130.55181,31.633808055555555,160
130.551785,31.6336,161
130.55177194444445,31.633508055555556,161
130.551785,31.633425,162
130.55181,31.63334111111111,162
130.55191,31.6332,162
130.55197305555555,31.63314111111111,162
130.55206,31.633083055555556,162
130.55244694444445,31.632941111111112,165
130.55251,31.63289111111111,165
130.55256,31.632833055555555,166
130.552635,31.63271611111111,168
130.55277305555555,31.63245,170
130.55282194444445,31.63239111111111,170
130.55297305555555,31.632258055555557,171
130.55309805555555,31.63216611111111,171
130.55324694444445,31.632058055555557,172
130.55332305555555,31.631966944444443,173
130.55346,31.631766944444443,174
130.55362194444444,31.631525,175
130.553685,31.63135,174
130.55367305555555,31.631008055555554,176
130.55372194444445,31.630775,177
130.55379805555555,31.630591944444443,177
130.55401,31.630158055555555,181
130.554085,31.630008055555557,182
130.554135,31.629941944444443,182
130.554185,31.629891944444445,182
130.55437194444445,31.629783055555556,181
130.55454805555556,31.62965,182
130.55461,31.629583055555557,182
130.55477194444444,31.629391944444443,182
130.554835,31.629291944444443,181
130.55496,31.629125,181
130.55511,31.628875,182
130.55521,31.62868388888889,183
130.55531,31.628516944444446,182
130.55537194444443,31.628416944444446,181
130.55541,31.62835,181
130.555485,31.628175,180
130.55552194444445,31.628041944444444,181
130.55556,31.627841944444445,180
130.555585,31.627675,179
130.55567305555556,31.626541944444444,164
130.55567305555556,31.626425,163
130.55564805555557,31.626258888888888,162
130.55559805555555,31.62618388888889,162
130.55521,31.625741944444446,161
130.55501,31.62552611111111,162
130.55476,31.62522611111111,156
130.554585,31.624991944444446,149
130.55441,31.624816944444444,148
130.554335,31.624766944444445,152
130.55424805555555,31.624741944444445,149
130.55416,31.624726111111112,148
130.55407194444444,31.62473388888889,148
130.55392194444445,31.62480888888889,148
130.55377305555555,31.624951111111113,147
130.55371,31.62500888888889,145
130.55361,31.62507611111111,145
130.553535,31.62510111111111,146
130.55347194444445,31.62512611111111,143
130.55339805555556,31.62512611111111,144
130.55331,31.62510111111111,147
130.55322305555555,31.625051111111112,147
130.55309805555555,31.62490888888889,145
130.553035,31.624791944444443,143
130.55294694444444,31.624591944444443,138
130.55286,31.624333888888888,133
130.552785,31.624008888888888,135
130.552785,31.623941944444443,132
130.552785,31.62373388888889,129
130.55281,31.62357611111111,129
130.552885,31.62310888888889,128
130.55289805555554,31.622901111111112,129
130.55287305555555,31.622276111111113,125
130.55287305555555,31.62210111111111,124
130.55287305555555,31.621868055555556,124
130.55287305555555,31.62177611111111,123
130.55287305555555,31.621693055555557,123
130.552885,31.621543055555556,122
130.55289805555554,31.621416944444444,120
130.55294805555556,31.621133888888888,119
130.55296,31.62105888888889,119
130.55302305555554,31.620841944444443,119
130.55307305555556,31.620666944444444,119
130.55312305555555,31.620551111111112,118
130.553135,31.620493055555556,118
130.55347305555554,31.61953388888889,112
130.553585,31.61923388888889,108
130.553685,31.618983888888888,106
130.55391,31.61845111111111,103
130.55397305555556,31.618318055555555,102
130.554235,31.617783888888887,97
130.554485,31.617268055555556,93
130.55452305555556,31.617185,92
130.55477305555556,31.616618055555556,89
130.55486,31.61635111111111,88
130.55492305555555,31.616193055555556,87
130.555185,31.61546,84
130.55522305555556,31.615326111111113,80
130.55531,31.615093055555555,76
130.55537305555555,31.614935,76
130.55547305555555,31.61465111111111,75
130.555485,31.614618055555557,75
130.55551,31.61456,75
130.55561,31.61441,69
130.555735,31.614268055555556,69
130.55606,31.614018055555555,67
130.55624805555556,31.613826944444444,65
130.55632305555557,31.61371,63
130.55642305555557,31.613493055555555,60
130.55642305555557,31.613393055555555,59
130.55642305555557,31.613301944444444,59
130.55641,31.613176944444444,59
130.556335,31.612968055555555,59
130.556235,31.612801944444445,59
130.55617305555555,31.612743055555555,58
130.55586,31.612526944444443,57
130.55579805555556,31.612468055555556,57
130.55556,31.612226944444444,56
130.55547305555555,31.61216,55
130.55527305555555,31.612018055555556,54
130.55516,31.611951944444446,54
130.55509805555556,31.611893055555555,56
130.55489805555555,31.611585,56
130.5547361111111,31.611376944444444,55
130.5546611111111,31.61126888888889,53
130.5546361111111,31.61121,52
130.5546611111111,31.611068888888887,54
130.55472305555554,31.610968888888888,54
130.5548861111111,31.61079388888889,54
130.5550861111111,31.610476944444443,54
130.5552111111111,31.610285,49
130.5555861111111,31.609826944444446,46
130.55571111111112,31.60971888888889,46
130.55617305555555,31.60931,41
130.55641111111112,31.609126944444444,39
130.55657305555556,31.609026944444444,38
130.55714805555556,31.60866888888889,36
130.5573861111111,31.60843611111111,36
130.55744805555557,31.60836888888889,34
130.557785,31.608076944444445,33
130.557885,31.60794388888889,35
130.55794805555556,31.607851944444445,33
130.55799805555554,31.60774388888889,35
130.55804805555556,31.607551944444445,34
130.55814805555556,31.607376944444443,32
130.5582611111111,31.60719388888889,27
130.5583611111111,31.607086111111112,26
130.55844805555554,31.60701111111111,24
130.55857305555554,31.60693611111111,24
130.55884805555556,31.606793888888888,24
130.559185,31.606676944444445,19
130.55929805555556,31.606626944444443,19
130.55981,31.606376944444445,18
130.55989805555555,31.606351944444445,17
130.56002305555555,31.60634388888889,17
130.56027305555557,31.60634388888889,16
130.560835,31.606326944444444,14
130.560935,31.606303055555557,14
130.56086305555556,31.60547,14
130.56086305555556,31.60547,14
130.56086,31.60543611111111,14
130.56139805555554,31.60546111111111,13
130.56174805555557,31.605476944444444,12
130.562035,31.60549388888889,11
130.56224805555556,31.605503055555555,11
130.56366,31.60556111111111,10
130.56442305555555,31.60559388888889,10
130.56479694444445,31.605611111111113,10
130.56506,31.605626944444445,10
130.56566,31.605653055555557,7
130.56616,31.60566888888889,5
130.56631388888889,31.60565111111111,6
130.56631388888889,31.60565111111111,6
130.56644694444444,31.60563611111111,6
130.56654805555556,31.605611111111113,6
130.567135,31.606136111111113,6
130.56751,31.605828055555556,8
130.56787194444445,31.605751944444446,8
130.56791,31.605743888888888,9
130.56812194444444,31.60569388888889,9
130.568835,31.605518888888888,9
130.56902194444444,31.60546888888889,9
130.56919694444446,31.60543611111111,8
130.56932194444445,31.605428055555556,8
130.569435,31.605418888888888,9
130.56977194444445,31.60543611111111,9
130.569935,31.60544388888889,8
130.57026,31.60549388888889,9
130.57042194444443,31.605528055555556,8
130.57082194444445,31.605618888888888,8
130.57122194444443,31.605718888888887,9
130.57129694444444,31.605751944444446,9
130.57144694444443,31.605828055555556,8
130.57177194444444,31.606026944444444,9
130.57182194444445,31.60606888888889,8
130.57183388888888,31.606076944444446,8
130.57190888888888,31.606153055555556,8
130.5722188888889,31.606496944444444,8
130.5722188888889,31.606496944444444,8
130.57224694444446,31.606526944444443,8
130.5723338888889,31.606478055555556,8
130.57277194444444,31.606236111111112,6
130.57282194444446,31.60621111111111,6
130.5728588888889,31.60616111111111,6
130.57284694444445,31.60611111111111,5
130.5728088888889,31.60606111111111,5
130.5727588888889,31.606011111111112,6
130.57282194444446,31.60588611111111,5
130.57225888888888,31.605003055555557,4
130.57194694444445,31.604536111111113,4
130.57199305555557,31.60451388888889,4
</coordinates>
</LineString>
</Placemark>
</Document>
</kml>
