<?xml version="1.0" encoding="UTF-8"?>
<kml xmlns="http://www.opengis.net/kml/2.2" xmlns:atom="http://www.w3.org/2005/Atom">
<Document>
<name>WCC 53rd Summer Day9</name>
<atom:author>
<atom:name>TakeshiKim</atom:name>
</atom:author> 
<atom:link href="https://latlonglab.yahoo.co.jp/route/watch?id=17ebb995376fbebe7ce4f2a45a6863fd" />
<description><![CDATA[Summer Camp Day9
Category:Hard

Starts at 諏訪中央公園

杖突峠
http://www.jalan.net/kankou/spt_20214ab2080160411/

Buys at 食彩館

分杭峠
http://inashi-kankoukyoukai.jp/cms2/archives/4411

Stays at 大池高原キャンプ場

76.9km・1900up]]></description>
<tags><![CDATA[wcc53rd]]></tags>  
<Placemark>
<Style>
<LineStyle>
<color>99ff0000</color>
<width>6</width>
</LineStyle>
</Style>
<LineString>
<coordinates>
138.09226388888888,36.03446611111111,759
138.09174611111112,36.034708055555555,759
138.09162111111112,36.03476611111111,759
138.0906711111111,36.03520805555556,759
138.09025888888888,36.035383055555556,759
138.09003388888888,36.03539888888889,759
138.0899711111111,36.035423888888886,759
138.0897711111111,36.03547388888889,759
138.0895711111111,36.035558055555555,759
138.08948388888888,36.03532388888889,759
138.0894338888889,36.03519111111111,759
138.08937111111112,36.03491611111111,759
138.08937111111112,36.034883055555554,760
138.0893088888889,36.03456611111111,760
138.08923388888888,36.03439111111111,760
138.0891711111111,36.03429888888889,760
138.0890588888889,36.03414111111111,760
138.08878388888888,36.03389111111111,760
138.0887338888889,36.03384888888889,760
138.08855888888888,36.03373305555556,759
138.08824611111112,36.03354111111111,759
138.08798388888889,36.033425,759
138.0877338888889,36.03335,759
138.0874088888889,36.03330805555556,759
138.08708388888888,36.03330805555556,759
138.0868461111111,36.03334111111111,760
138.0864961111111,36.033408055555554,760
138.08620888888888,36.033458055555556,760
138.08599694444445,36.03350805555556,760
138.08585888888888,36.03351611111111,760
138.08575888888888,36.03351611111111,760
138.08527194444446,36.03348305555556,760
138.08497194444445,36.03341611111111,760
138.0846588888889,36.03328305555556,759
138.08449694444445,36.0332,759
138.08438388888888,36.033141111111114,759
138.08393388888888,36.032825,759
138.0835088888889,36.03249111111111,759
138.0831588888889,36.032175,759
138.08289694444446,36.031883055555554,759
138.0827088888889,36.031625,759
138.08245888888888,36.03113305555556,759
138.0820838888889,36.030608055555554,759
138.08161,36.03004194444444,759
138.08142194444446,36.02985805555556,759
138.081185,36.02963305555556,759
138.08077194444445,36.029266944444444,759
138.08046,36.02903305555556,759
138.08039694444443,36.02898305555556,759
138.080085,36.02876694444444,759
138.07971,36.02854194444444,759
138.07944805555556,36.0284,760
138.07937305555555,36.02835888888889,760
138.07917194444445,36.02823388888889,762
138.07942194444445,36.02803388888889,761
138.079535,36.027966944444444,761
138.07966,36.027925,760
138.07981,36.0279,759
138.080085,36.02791694444444,759
138.08064694444445,36.02794194444444,759
138.080785,36.02795,759
138.08086,36.02795,759
138.08106,36.02794194444444,759
138.08116,36.027925,760
138.081335,36.0279,760
138.08156,36.027858888888886,760
138.08181,36.027775,760
138.08204694444444,36.027675,760
138.082235,36.027575,760
138.0832088888889,36.02702611111111,760
138.08444694444444,36.02630888888889,760
138.08515888888888,36.025908888888885,760
138.0855588888889,36.02567611111111,760
138.08672194444443,36.02502611111111,760
138.08737194444444,36.02464194444445,760
138.0876338888889,36.02445111111111,760
138.08779694444445,36.024301111111114,760
138.08789694444445,36.02418388888889,760
138.08798388888889,36.02406694444444,760
138.0882088888889,36.02375888888889,760
138.0889588888889,36.02269305555556,760
138.08903388888888,36.02260111111111,760
138.08948388888888,36.02197611111111,760
138.08997194444444,36.02132611111111,760
138.08937194444445,36.02126,759
138.08927194444445,36.02124305555556,759
138.08919694444444,36.02121,759
138.08897194444444,36.02109305555555,759
138.0886088888889,36.020893055555554,760
138.08790888888888,36.02050111111111,763
138.0880588888889,36.02035111111111,763
138.08858388888888,36.01981,763
138.0889588888889,36.01942694444445,763
138.08899694444443,36.019393055555554,763
138.08912194444446,36.01926805555556,763
138.0892838888889,36.019126944444444,763
138.08935888888888,36.019085,763
138.0894088888889,36.01905194444444,763
138.09003388888888,36.018726944444445,763
138.09014694444446,36.01866805555556,763
138.09037194444446,36.01856,763
138.09054694444444,36.01846805555556,763
138.0906588888889,36.01836,763
138.09072194444445,36.018285,763
138.09082194444446,36.01815194444445,763
138.0911088888889,36.01777694444444,764
138.09119694444445,36.01766,764
138.09127194444446,36.01750194444445,764
138.09128388888888,36.01747694444445,764
138.09129694444445,36.01705194444445,764
138.09132194444445,36.01696888888889,764
138.09134694444444,36.016935,764
138.09138388888888,36.01686,764
138.09140888888888,36.016801944444445,764
138.09169694444444,36.01626888888889,764
138.09175888888888,36.01614388888889,764
138.09192194444444,36.01584388888889,764
138.0921088888889,36.015476944444444,764
138.09239694444443,36.014918888888886,764
138.09249694444443,36.01480194444444,764
138.09265888888888,36.01464388888889,764
138.09300888888887,36.014378055555554,764
138.0931588888889,36.01426111111111,764
138.09323388888888,36.014201944444444,764
138.0935838888889,36.01394388888889,764
138.09404694444444,36.01358611111111,764
138.09442194444443,36.01329388888889,764
138.0950838888889,36.01277805555556,764
138.0953338888889,36.01258611111111,765
138.09560888888888,36.01240305555555,766
138.0962338888889,36.01200305555555,766
138.09637111111113,36.01191111111111,766
138.0966711111111,36.011718888888886,766
138.0966961111111,36.01170305555556,766
138.0972588888889,36.01133611111111,766
138.0974588888889,36.011178055555554,767
138.0974961111111,36.011136111111114,767
138.0979461111111,36.01076111111111,768
138.09795888888888,36.010745,768
138.09844611111112,36.010345,768
138.0986088888889,36.01021111111111,768
138.0988461111111,36.01002,768
138.09900888888887,36.009861111111114,767
138.09909611111112,36.009795,767
138.09944611111112,36.00951194444445,768
138.1000461111111,36.009011944444445,767
138.10023388888888,36.00886194444445,768
138.1005088888889,36.008645,767
138.10078388888888,36.00847,766
138.10125888888888,36.00822,766
138.1017838888889,36.00797,767
138.1021211111111,36.00781194444444,767
138.1023088888889,36.00772,768
138.10252111111112,36.00762,768
138.1025711111111,36.007595,767
138.10273388888888,36.007511944444445,766
138.1031211111111,36.00732,763
138.10338388888889,36.007195,762
138.1038211111111,36.00697888888889,763
138.1038338888889,36.00697888888889,763
138.10444611111112,36.00667888888889,762
138.1044838888889,36.006661944444446,763
138.10522111111112,36.00630388888889,764
138.1054211111111,36.006211944444445,764
138.1062711111111,36.00579611111111,764
138.10688305555556,36.00551194444444,764
138.1069461111111,36.00547888888889,764
138.10749611111112,36.00521194444445,765
138.1075461111111,36.005186944444446,765
138.10784611111112,36.00505388888889,762
138.10792111111112,36.00502111111111,761
138.1083211111111,36.00482888888889,762
138.10893305555555,36.00454611111111,762
138.10920805555557,36.00441305555555,763
138.1097211111111,36.00417111111111,763
138.11022111111112,36.00393694444445,764
138.11054611111112,36.00377888888889,765
138.11058305555557,36.00376305555555,765
138.1106961111111,36.00371305555556,765
138.11112111111112,36.003503888888886,766
138.11144611111112,36.00333805555555,766
138.1116211111111,36.00325388888889,767
138.11180805555554,36.003163055555554,768
138.11189611111112,36.00312111111111,767
138.11208305555556,36.00302111111111,768
138.1127711111111,36.00267111111111,767
138.11350805555554,36.00228805555555,769
138.1135711111111,36.00226305555555,769
138.11370805555555,36.00218805555556,769
138.11438305555555,36.001855,769
138.11452,36.00178805555556,769
138.114795,36.001663055555554,768
138.11487,36.00163805555555,768
138.11498305555557,36.00158,768
138.11513305555556,36.00153,767
138.11602,36.00128,767
138.11627,36.00121305555555,767
138.11768305555555,36.000821944444446,767
138.11780805555554,36.00078805555555,767
138.119345,36.000355,767
138.11967,36.00026305555556,767
138.11992,36.000188055555554,767
138.12005805555555,36.000146944444445,767
138.12088194444445,35.99991305555555,767
138.12120694444445,35.999813055555556,767
138.12135805555556,35.999746944444446,767
138.121495,35.99964694444444,767
138.121695,35.999455,767
138.12190694444445,35.99923,767
138.12247,35.998688888888886,765
138.122695,35.99846388888889,765
138.12293194444445,35.998221944444445,765
138.12322,35.99793888888889,765
138.12402,35.997146944444445,765
138.12425694444445,35.996921944444445,767
138.12438194444445,35.99683111111111,769
138.124495,35.996763888888886,771
138.12468194444443,35.99664694444444,773
138.12482,35.99658888888889,773
138.12497,35.99653111111111,775
138.12503194444446,35.99651388888889,774
138.12512,35.99648888888889,774
138.12530694444445,35.99644694444444,774
138.12552,35.99641388888889,775
138.12582,35.99638888888889,774
138.1264438888889,35.99638888888889,773
138.1267938888889,35.99641388888889,774
138.12738194444444,35.99648111111111,772
138.1274938888889,35.996496944444445,772
138.1278438888889,35.996471944444444,772
138.12800694444445,35.99643888888889,773
138.1281938888889,35.99636388888889,773
138.12869388888888,35.99618111111111,775
138.1288688888889,35.996113888888885,775
138.1298688888889,35.99573111111111,775
138.13018194444444,35.995581111111115,775
138.13040694444445,35.995488888888886,775
138.13088194444444,35.99525611111111,774
138.13133194444444,35.995021944444446,774
138.13251888888888,35.99440611111111,768
138.1328188888889,35.99424805555556,768
138.1331188888889,35.994098055555554,769
138.1335811111111,35.993873055555554,769
138.13365611111112,35.99383111111111,769
138.1341688888889,35.99357305555556,769
138.1350688888889,35.99312305555556,769
138.1363061111111,35.99248111111111,769
138.1375438888889,35.99184,769
138.1378188888889,35.99169805555555,769
138.1383438888889,35.991415,769
138.13835111111112,35.99141111111111,769
138.13835111111112,35.99141111111111,769
138.1383438888889,35.991415,769
138.1376061111111,35.990448055555554,772
138.13753111111112,35.99032305555556,775
138.13750611111112,35.990206944444445,775
138.13749388888888,35.990031944444446,776
138.13751888888888,35.989865,777
138.1375561111111,35.98972305555556,776
138.1376438888889,35.989556944444445,777
138.13796888888888,35.988956944444446,786
138.13863111111112,35.987765,794
138.13876888888888,35.987515,798
138.1398061111111,35.98562388888889,817
138.1400438888889,35.98519888888889,818
138.1402061111111,35.98495694444444,818
138.1402688888889,35.984881944444446,818
138.14046888888888,35.984698888888886,816
138.1406438888889,35.98455694444444,817
138.14079388888888,35.98446611111111,818
138.14123111111113,35.98424888888889,818
138.1417188888889,35.98401611111111,818
138.1427561111111,35.98354111111111,819
138.1433438888889,35.98325805555555,822
138.1437938888889,35.98304111111111,825
138.14396888888888,35.98294888888889,826
138.1440438888889,35.982883055555554,826
138.1442188888889,35.98266611111111,827
138.14431888888888,35.98249888888889,827
138.1444811111111,35.98214888888889,831
138.1445688888889,35.98201611111111,832
138.14475611111112,35.98187388888889,842
138.14564388888888,35.981433055555556,841
138.1457188888889,35.98135805555555,841
138.1458061111111,35.98121611111111,844
138.14578111111112,35.98112388888889,844
138.1457438888889,35.98105805555556,846
138.14564388888888,35.980983055555555,848
138.1455061111111,35.98094888888889,848
138.1453688888889,35.98094888888889,848
138.1450688888889,35.98103305555556,849
138.1442811111111,35.98124888888889,856
138.1441311111111,35.98125805555556,856
138.1440188888889,35.981233055555556,855
138.1439311111111,35.98117388888889,856
138.14361888888888,35.98079888888889,857
138.14351888888888,35.980716111111114,857
138.1433688888889,35.98064888888889,858
138.14304388888888,35.98054111111111,866
138.1427811111111,35.98045805555556,863
138.1425688888889,35.980423888888886,863
138.1424438888889,35.980423888888886,867
138.1423311111111,35.98046611111111,867
138.1422061111111,35.98057388888889,868
138.14191888888888,35.98104111111111,865
138.14179388888888,35.98119888888889,867
138.1416438888889,35.98129111111111,872
138.1414938888889,35.98133305555555,877
138.14136888888888,35.981341111111114,878
138.14123111111113,35.98130805555556,879
138.1410688888889,35.981208055555555,883
138.1408561111111,35.981141111111114,883
138.1406061111111,35.98109888888889,886
138.14040694444444,35.98113305555555,882
138.1402688888889,35.98119111111111,882
138.1401938888889,35.98124111111111,883
138.14015694444444,35.98130805555556,883
138.14010694444445,35.98145805555556,884
138.14005694444444,35.981566111111114,883
138.1399688888889,35.98164888888889,885
138.13988194444445,35.98169111111111,887
138.13968194444445,35.98174111111111,891
138.1395188888889,35.98172388888889,895
138.1392688888889,35.981658055555556,902
138.13886888888888,35.98157388888889,903
138.13863194444446,35.98159111111111,903
138.1384688888889,35.98155805555555,902
138.13825694444444,35.98148305555556,904
138.13800694444444,35.98134888888889,904
138.13775694444445,35.981273888888886,904
138.13751888888888,35.98124888888889,903
138.13710694444444,35.98124111111111,904
138.13693194444446,35.98121611111111,908
138.13678194444444,35.98117388888889,910
138.13671888888888,35.981073888888886,914
138.13673194444445,35.98099111111111,914
138.13691888888889,35.98083305555556,913
138.1370938888889,35.980758055555555,914
138.13725694444443,35.980758055555555,915
138.1375938888889,35.98087388888889,918
138.1379188888889,35.98096611111111,925
138.13831888888888,35.98112388888889,923
138.1384938888889,35.981183055555555,925
138.1386938888889,35.98121611111111,927
138.1390688888889,35.981208055555555,934
138.1391438888889,35.98116611111111,934
138.13918194444443,35.981048888888886,937
138.13910694444445,35.98081611111111,945
138.13909388888888,35.98069111111111,945
138.1391438888889,35.980558055555555,943
138.1392438888889,35.98037388888889,943
138.1392688888889,35.98029888888889,944
138.1392938888889,35.98004888888889,945
138.13935694444444,35.97992388888889,943
138.13945694444445,35.97984888888889,945
138.13980694444444,35.97975805555556,946
138.14008194444443,35.97972388888889,945
138.14021888888888,35.979733055555556,945
138.14031888888888,35.97975805555556,946
138.14048194444445,35.97983305555555,945
138.1406188888889,35.979883055555554,945
138.14066888888888,35.97989888888889,944
138.1407188888889,35.979883055555554,945
138.14075694444443,35.97984888888889,945
138.14078194444446,35.97980805555556,942
138.1407188888889,35.979416111111114,944
138.14066888888888,35.979258055555555,946
138.14058194444445,35.97906611111111,953
138.14053194444443,35.978883055555556,956
138.14053194444443,35.97881611111111,956
138.1406188888889,35.97870805555556,955
138.1408438888889,35.97855805555555,953
138.14091888888888,35.97848305555556,954
138.14098194444443,35.978375,956
138.1410438888889,35.978225,955
138.14103194444445,35.978125,958
138.1409438888889,35.978008055555556,964
138.14073194444444,35.977716111111114,966
138.1406188888889,35.977525,966
138.14054388888889,35.97728305555555,975
138.1405188888889,35.977133055555555,975
138.14048194444445,35.97703305555556,975
138.1403938888889,35.9769,976
138.14028194444444,35.9768,977
138.14009388888888,35.97665805555555,976
138.13999388888888,35.97655,976
138.13988194444445,35.97638305555556,978
138.1396938888889,35.975991944444445,984
138.13966888888888,35.97594194444444,984
138.13953194444446,35.975575,986
138.13943194444445,35.975408055555555,985
138.13918194444443,35.97509194444444,985
138.13855694444445,35.97454194444445,996
138.13852,35.974466944444444,999
138.13847,35.97428388888889,997
138.13848194444444,35.974175,995
138.138545,35.9741,994
138.13865694444445,35.974041944444444,994
138.13877,35.974025,994
138.13895694444443,35.97405888888889,996
138.1400438888889,35.97444194444444,1006
138.14018194444444,35.974466944444444,1003
138.14028194444444,35.97445888888889,1006
138.14045694444445,35.97441694444444,1015
138.14056888888888,35.974325,1015
138.14066888888888,35.974225,1013
138.14075694444443,35.97403388888889,1015
138.14085694444444,35.9738,1015
138.14098194444443,35.973425,1024
138.14105694444444,35.97315,1023
138.14111888888888,35.972775,1024
138.14114388888888,35.97269194444444,1024
138.14113194444445,35.97253388888889,1025
138.1409938888889,35.97188388888889,1036
138.1409938888889,35.971716944444445,1036
138.14105694444444,35.97160888888889,1035
138.14118194444444,35.97148388888889,1034
138.1412938888889,35.971426111111114,1035
138.14143194444443,35.97136694444445,1034
138.14155694444443,35.97134194444445,1034
138.14165694444443,35.971358888888886,1034
138.14193194444445,35.97143388888889,1036
138.14243194444444,35.97164194444444,1042
138.14259388888888,35.971716944444445,1045
138.14283194444445,35.97192611111111,1043
138.1429188888889,35.971983888888886,1044
138.1430188888889,35.97200888888889,1043
138.14315694444446,35.971966944444446,1043
138.1432188888889,35.97190888888889,1043
138.14325694444443,35.97185888888889,1044
138.14328194444445,35.97177611111111,1044
138.14320694444444,35.97140888888889,1047
138.1431438888889,35.971241944444444,1051
138.1429188888889,35.97080111111111,1054
138.14285694444445,35.97072611111111,1055
138.14275694444444,35.97063388888889,1054
138.1426438888889,35.97060111111111,1054
138.1424438888889,35.970616944444444,1055
138.14230694444444,35.97058388888889,1058
138.14218194444445,35.97051694444445,1063
138.1418438888889,35.97023388888889,1066
138.14158194444445,35.97000111111111,1072
138.14120694444443,35.96971805555555,1077
138.14107,35.96966694444444,1079
138.14092,35.96965888888889,1080
138.14080694444445,35.96973388888889,1083
138.14060694444444,35.969926111111114,1084
138.140295,35.97033388888889,1091
138.14017,35.97042611111111,1092
138.14005694444444,35.97045888888889,1093
138.13997,35.970466944444446,1092
138.13990694444445,35.97045111111111,1092
138.13968194444445,35.970351111111114,1093
138.139595,35.97033388888889,1093
138.13950694444443,35.97036694444444,1093
138.13943194444445,35.97042611111111,1093
138.13937,35.970551111111114,1094
138.13935694444444,35.97067611111111,1095
138.139395,35.97083388888889,1095
138.139495,35.97108388888889,1094
138.13965694444445,35.97140111111111,1096
138.13985694444443,35.97170888888889,1097
138.139895,35.97179194444445,1095
138.139895,35.97186694444444,1095
138.13985694444443,35.971966944444446,1097
138.13975694444446,35.97210888888889,1097
138.13950694444443,35.97226694444444,1097
138.139345,35.972341944444445,1097
138.13922,35.972366944444445,1097
138.139045,35.97238388888889,1095
138.13893194444444,35.97235,1095
138.13877,35.97229194444444,1101
138.13863194444446,35.97221694444445,1104
138.138145,35.97186694444444,1108
138.137645,35.97152611111111,1114
138.13750694444445,35.97140111111111,1113
138.13745694444444,35.971291944444445,1115
138.13742,35.97114194444445,1114
138.13742,35.97063388888889,1116
138.137395,35.97054194444444,1116
138.13733194444444,35.97026694444445,1117
138.13732,35.96998388888889,1126
138.13732,35.969858888888886,1126
138.13730694444445,35.96977611111111,1126
138.13728194444445,35.96973388888889,1126
138.13717,35.969633888888886,1125
138.137095,35.96960111111111,1124
138.13698305555556,35.96960888888889,1123
138.13683194444445,35.96965111111111,1125
138.136695,35.96973388888889,1125
138.13647,35.97003388888889,1126
138.13640694444445,35.97023388888889,1126
138.13638194444445,35.970551111111114,1125
138.13635805555555,35.97063388888889,1133
138.136145,35.97088388888889,1137
138.136045,35.97095888888889,1137
138.135895,35.97115111111111,1136
138.135845,35.971291944444445,1137
138.13582,35.97145888888889,1143
138.13578305555555,35.971575,1143
138.13572,35.971625,1146
138.135645,35.97165,1148
138.13530694444444,35.97175,1147
138.13523305555555,35.97179194444445,1144
138.13515694444445,35.9719,1144
138.13502,35.97205,1144
138.134895,35.972116944444444,1142
138.13472,35.972141944444445,1144
138.13460805555556,35.97223388888889,1144
138.13457,35.97229194444444,1144
138.13457,35.972408888888886,1143
138.134595,35.97260888888889,1145
138.134695,35.972975,1146
138.13468194444445,35.9731,1146
138.134645,35.97320888888889,1148
138.134495,35.97334194444444,1146
138.13437,35.973425,1148
138.133945,35.97354194444444,1156
138.133745,35.97360805555556,1155
138.13363305555555,35.973666944444446,1153
138.13347,35.973775,1155
138.13335805555556,35.973891944444446,1159
138.133195,35.97411694444445,1163
138.13307,35.97421694444444,1164
138.13253194444445,35.97450805555555,1165
138.13230805555557,35.974675,1169
138.13222,35.97479194444445,1174
138.13220805555557,35.9749,1175
138.132195,35.97499194444445,1175
138.13223305555556,35.97524194444444,1173
138.13223305555556,35.975341944444445,1172
138.13220694444445,35.975408055555555,1174
138.13218194444445,35.97548305555556,1174
138.13210805555556,35.975575,1174
138.131945,35.97574111111111,1174
138.131695,35.97590805555556,1177
138.13150805555554,35.976,1181
138.131295,35.97604111111111,1185
138.131145,35.97604111111111,1185
138.131045,35.976025,1184
138.13055805555555,35.97594111111111,1187
138.13038305555557,35.97595,1187
138.13027,35.97598305555555,1188
138.13017,35.976058055555555,1187
138.130095,35.97613305555556,1187
138.129995,35.976325,1187
138.12983305555557,35.976483055555555,1185
138.129695,35.976508055555556,1186
138.12958305555554,35.97649111111111,1186
138.12947,35.976425,1187
138.12938305555556,35.97631611111111,1186
138.12928305555556,35.97615805555556,1185
138.129195,35.975991111111114,1186
138.12890805555554,35.97544111111111,1198
138.128795,35.975375,1197
138.12870805555556,35.97535805555555,1195
138.12799611111112,35.97533305555555,1198
138.12785805555555,35.975325,1197
138.12770805555556,35.97525805555556,1196
138.12760805555556,35.975183055555554,1197
138.12730805555555,35.97479194444445,1196
138.12710805555557,35.974583055555556,1201
138.12693305555555,35.97445,1203
138.1267711111111,35.97435,1207
138.1265961111111,35.9743,1208
138.12604611111112,35.97414194444445,1205
138.1257961111111,35.974041944444444,1208
138.1255711111111,35.973891944444446,1214
138.12539611111112,35.97375,1214
138.12524611111112,35.97360805555556,1212
138.12518305555557,35.973525,1212
138.1250961111111,35.97338305555556,1213
138.12504611111112,35.973175,1215
138.1249961111111,35.97246694444444,1219
138.12498305555556,35.972275,1221
138.12494611111111,35.972166944444446,1223
138.1248711111111,35.972025,1224
138.12469611111112,35.9718,1227
138.12451388888888,35.97159805555555,1227
138.12451388888888,35.97159805555555,1227
138.12450805555557,35.97159194444444,1228
138.12433388888888,35.9714,1230
138.12389611111112,35.970225,1236
138.12377111111113,35.969991944444445,1236
138.1232961111111,35.969525,1237
138.1227338888889,35.96900111111111,1236
138.1219088888889,35.96834194444445,1235
138.12175888888888,35.96825888888889,1234
138.12150888888888,35.96810888888889,1230
138.12074611111112,35.967666944444446,1227
138.11989694444443,35.96711694444444,1218
138.11949694444445,35.966816944444446,1216
138.1191838888889,35.96657611111111,1214
138.11894694444445,35.96635111111111,1209
138.11848388888887,35.96582611111111,1206
138.11819694444443,35.96540888888889,1198
138.11788388888888,35.96505888888889,1195
138.11768388888888,35.96489305555556,1189
138.11749694444444,35.96479305555555,1187
138.1171588888889,35.96465111111111,1182
138.11677194444445,35.96445888888889,1179
138.11657194444444,35.96430111111111,1178
138.1164588888889,35.96418388888889,1178
138.11630888888888,35.96386694444445,1178
138.1160588888889,35.96325888888889,1169
138.11582194444443,35.96275888888889,1163
138.1156088888889,35.96240111111111,1163
138.11538388888889,35.96208388888889,1157
138.11504694444446,35.96168388888889,1155
138.11481,35.96146805555556,1154
138.11459694444446,35.96133388888889,1151
138.114385,35.961243055555556,1148
138.11401,35.961151111111114,1147
138.113735,35.961083888888886,1146
138.113585,35.96100888888889,1147
138.11347194444446,35.96088388888889,1146
138.11336,35.960768055555555,1145
138.11312194444446,35.960318055555554,1137
138.11296,35.96001805555556,1136
138.11279694444445,35.959835,1135
138.11262194444444,35.959651111111114,1135
138.11241,35.959451111111115,1137
138.112285,35.959318055555556,1133
138.112235,35.95920111111111,1130
138.11224694444445,35.95877611111111,1122
138.112235,35.95842611111111,1123
138.11219805555555,35.95820194444445,1123
138.11152194444443,35.956851944444445,1105
138.11121,35.95631,1097
138.11097305555555,35.95596805555556,1094
138.110735,35.95571,1089
138.11064694444445,35.955601944444446,1088
138.11049805555555,35.95544388888889,1087
138.110235,35.95516,1085
138.10947305555555,35.95449388888889,1082
138.10916,35.95422694444444,1077
138.108935,35.95396,1075
138.10879805555555,35.95375194444444,1075
138.10832305555556,35.95296888888889,1075
138.10806,35.95253611111111,1068
138.10787305555556,35.95211888888889,1067
138.10778611111112,35.95168611111111,1062
138.10734805555555,35.94894388888889,1043
138.1073111111111,35.94876111111111,1044
138.10722305555555,35.94858611111111,1043
138.1071611111111,35.94848611111111,1043
138.10684805555556,35.948211111111114,1036
138.10637305555557,35.94795194444445,1035
138.1059361111111,35.94773611111111,1030
138.1056861111111,35.94757805555555,1028
138.1052611111111,35.94723611111111,1028
138.10499805555557,35.94690305555556,1027
138.1048861111111,35.946736111111115,1025
138.1048111111111,35.946511111111114,1022
138.10479805555556,35.94641111111111,1020
138.1048111111111,35.946286111111114,1019
138.1048111111111,35.94622805555556,1019
138.10486111111112,35.94591888888889,1016
138.10487305555554,35.94580305555556,1015
138.10489805555557,35.94565305555555,1015
138.10489805555557,35.94542805555555,1016
138.10487305555554,35.94518611111111,1017
138.1048361111111,35.94507,1017
138.1046861111111,35.94470305555556,1016
138.1044611111111,35.944195,1014
138.10427388888888,35.943795,1013
138.1041361111111,35.943511111111114,1013
138.1040238888889,35.943353055555555,1012
138.10382388888888,35.94312,1008
138.1035861111111,35.942845,1003
138.10348611111112,35.942745,1001
138.1033361111111,35.942611944444444,1000
138.10317388888888,35.942528055555556,1000
138.1029738888889,35.942411944444444,1000
138.10236111111112,35.942078055555555,1000
138.10223611111113,35.94200305555555,999
138.1021111111111,35.94191194444444,998
138.10203611111112,35.941828055555554,998
138.1018488888889,35.94152,997
138.1015988888889,35.940778055555555,996
138.10157388888888,35.94063694444444,999
138.10156111111112,35.94042,1000
138.1015988888889,35.94016194444445,997
138.1015988888889,35.939836944444444,997
138.1015238888889,35.939595,998
138.10147388888888,35.939503888888886,998
138.1013111111111,35.93925388888889,992
138.1007488888889,35.938495,992
138.1006361111111,35.93837,988
138.1005361111111,35.93826194444444,983
138.10021194444445,35.938003888888886,981
138.10009888888888,35.93790388888889,981
138.1000238888889,35.93781194444445,982
138.0999238888889,35.93765388888889,981
138.0998988888889,35.937578888888886,981
138.09946194444444,35.93610388888889,977
138.0993488888889,35.93572888888889,978
138.09932388888888,35.93564611111111,978
138.09909888888888,35.935363055555555,977
138.09894888888888,35.93522111111111,978
138.09866194444444,35.93499611111111,975
138.09841194444445,35.93483805555555,973
138.09804888888888,35.93463694444444,972
138.09793694444446,35.93454611111111,972
138.09783694444445,35.934446111111114,971
138.09776194444444,35.934311944444445,973
138.09772388888888,35.93419611111111,973
138.09773694444445,35.93403694444444,972
138.09782388888888,35.93387111111111,973
138.09831194444445,35.93315388888889,973
138.09841194444445,35.932946111111114,971
138.09846194444444,35.932721111111114,966
138.0984738888889,35.93248805555555,962
138.09846194444444,35.93223805555556,959
138.0984488888889,35.93195388888889,959
138.09841194444445,35.931688055555554,959
138.09829888888888,35.93143805555555,958
138.09811194444444,35.931153888888886,958
138.09776194444444,35.93073805555556,956
138.09773694444445,35.930663055555556,956
138.09769888888889,35.93052111111111,956
138.09773694444445,35.93029611111111,955
138.0977988888889,35.93007111111111,956
138.09796194444445,35.92983805555556,955
138.0981238888889,35.92958,956
138.0982238888889,35.92943,953
138.09827388888888,35.92928805555555,952
138.09829888888888,35.929105,951
138.09831194444445,35.928396944444444,947
138.09836194444443,35.926755,945
138.0984,35.92628888888889,944
138.09835,35.92608,944
138.09821194444444,35.92582194444444,942
138.09798694444444,35.92541388888889,940
138.09756194444444,35.92476388888889,938
138.097525,35.924706111111114,937
138.09731194444444,35.92436388888889,936
138.09701194444443,35.92377194444445,935
138.0968,35.92328888888889,935
138.0966,35.922713888888886,934
138.09645,35.92233111111111,934
138.096375,35.92210611111111,933
138.0963,35.92172305555555,933
138.096225,35.92151388888889,935
138.09611194444443,35.921323055555554,937
138.09593694444445,35.92115611111111,935
138.0958,35.92104805555555,934
138.09566305555555,35.92087194444444,934
138.09553805555555,35.920698055555555,933
138.09513805555557,35.91983888888889,935
138.09495,35.919248055555556,936
138.09488805555554,35.91913111111111,935
138.094675,35.91865611111111,936
138.094475,35.91811388888889,934
138.09443805555554,35.917988888888885,932
138.094425,35.91793111111111,932
138.09435,35.91703111111111,933
138.09431305555555,35.91695611111111,933
138.094275,35.91689,933
138.09401305555556,35.91648111111111,934
138.09393805555555,35.91634805555555,933
138.0939011111111,35.916248055555556,933
138.09387611111111,35.91609805555556,931
138.09381305555556,35.91552305555555,926
138.0938011111111,35.91529,925
138.0938011111111,35.915148055555555,925
138.09381305555556,35.91509805555555,925
138.0939011111111,35.914915,926
138.09393805555555,35.91479805555556,926
138.09396305555555,35.914606944444444,924
138.09396305555555,35.91434805555556,924
138.0939261111111,35.914048055555554,924
138.09381305555556,35.91359805555555,920
138.0938011111111,35.91349805555556,918
138.09378805555556,35.913398055555554,917
138.09381305555556,35.91327305555556,917
138.09383805555555,35.913181944444446,916
138.09395111111112,35.912956944444446,916
138.09398805555554,35.91285694444444,916
138.09401305555556,35.912515,914
138.09407611111112,35.91239,913
138.09420111111112,35.91222388888889,914
138.09440111111113,35.91202388888889,916
138.0944761111111,35.91193194444445,916
138.09456305555557,35.91182388888889,917
138.09461305555556,35.91174,916
138.09466305555554,35.91162388888889,915
138.09466305555554,35.911498888888886,914
138.09461305555556,35.911073888888886,906
138.0945761111111,35.910848888888886,905
138.0945761111111,35.91065694444445,904
138.09458805555556,35.91048194444444,903
138.09461305555556,35.91039888888889,902
138.09486305555555,35.91012388888889,899
138.0950761111111,35.909906944444444,898
138.09541305555555,35.90969111111111,898
138.09568805555554,35.90951611111111,898
138.09580111111111,35.90939888888889,898
138.09591305555554,35.90927388888889,898
138.0959761111111,35.90915694444445,897
138.0960511111111,35.90898305555555,897
138.09608805555555,35.908791111111114,897
138.09616305555556,35.90852388888889,896
138.09621305555555,35.90839111111111,895
138.09626305555557,35.90824888888889,895
138.09645111111112,35.907941111111114,894
138.0965511111111,35.90776611111111,892
138.0968511111111,35.90743305555556,892
138.09702611111112,35.90724111111111,893
138.09708805555556,35.90717388888889,892
138.09718805555556,35.90707388888889,893
138.0973261111111,35.90694888888889,893
138.09743805555556,35.90680805555556,893
138.09770111111112,35.906483055555555,892
138.09792611111112,35.90616611111111,892
138.09803805555555,35.906016111111114,893
138.09813805555555,35.905833055555554,893
138.09818805555557,35.905675,892
138.09826305555555,35.90545,894
138.09826305555555,35.905141111111114,893
138.0983261111111,35.904775,891
138.09841305555557,35.904091944444446,884
138.0984511111111,35.90395,883
138.09846305555556,35.90388305555555,882
138.09858805555555,35.903508055555555,881
138.09860111111112,35.903466944444446,881
138.09905111111112,35.90189194444444,881
138.09928805555555,35.90112611111111,881
138.0993261111111,35.90096694444444,881
138.0993511111111,35.90087611111111,881
138.09940111111112,35.900708888888886,881
138.09940111111112,35.90049194444445,881
138.09930111111112,35.90000111111111,881
138.09926305555555,35.89977611111111,879
138.0992511111111,35.899408888888885,878
138.09928805555555,35.89904305555556,876
138.09942611111111,35.89855111111111,873
138.0994761111111,35.89841805555555,874
138.09968805555556,35.89790888888889,874
138.09976305555554,35.89770111111111,872
138.10013805555556,35.896793055555555,871
138.10041305555555,35.89609305555555,871
138.10043805555554,35.89602611111111,871
138.10046305555557,35.895943055555556,871
138.10043805555554,35.89576,867
138.1002511111111,35.89535111111111,868
138.10010111111112,35.895135,867
138.09973805555555,35.89475111111111,866
138.09943805555557,35.89447611111111,863
138.0991511111111,35.89426805555556,862
138.0987011111111,35.89396,861
138.09853805555557,35.89384305555556,862
138.09806305555554,35.893435,864
138.09795111111112,35.89331,864
138.09791305555555,35.893251944444444,864
138.0978511111111,35.89312694444445,864
138.09783805555554,35.89256,862
138.09781305555555,35.892435,861
138.0977511111111,35.892318055555556,862
138.0976388888889,35.89210194444444,862
138.0976261111111,35.89192694444444,863
138.0976388888889,35.891785,863
138.0976511111111,35.89169305555556,863
138.09770111111112,35.891601944444446,862
138.09772611111111,35.891485,862
138.09772611111111,35.891418055555555,861
138.09768888888888,35.891285,861
138.09757611111112,35.89106,861
138.0972138888889,35.89060194444444,858
138.0968388888889,35.89021,857
138.0967261111111,35.890076944444445,856
138.0966261111111,35.889935,856
138.0965138888889,35.88972694444445,854
138.0962761111111,35.889285,853
138.09623888888888,35.88915194444444,853
138.09623888888888,35.88891888888889,852
138.0962761111111,35.888711111111114,849
138.09632611111113,35.88852694444444,849
138.09646388888888,35.888151944444445,848
138.0965011111111,35.88796111111111,848
138.0965138888889,35.88761888888889,847
138.09647611111112,35.88741111111111,847
138.09643888888888,35.88726888888889,847
138.09632611111113,35.88703611111111,847
138.0961388888889,35.886786111111114,846
138.0959138888889,35.886586111111114,846
138.09588888888888,35.88655305555555,846
138.09587611111112,35.88651111111111,846
138.0959261111111,35.886293888888886,846
138.0959638888889,35.88611888888889,846
138.09598888888888,35.885843888888886,847
138.09598888888888,35.885776944444444,847
138.0960388888889,35.88530194444444,846
138.0960888888889,35.88514388888889,846
138.0961511111111,35.88502694444445,845
138.0962638888889,35.88488611111111,845
138.0963138888889,35.88481111111111,845
138.09646388888888,35.88455305555556,844
138.0966011111111,35.88441888888889,844
138.0967261111111,35.884211111111114,844
138.0967761111111,35.88406111111111,843
138.09678888888888,35.883878055555556,844
138.0968138888889,35.883493888888886,844
138.09680111111112,35.88331111111111,845
138.0967388888889,35.883028055555556,845
138.09667611111112,35.882803055555556,845
138.0966388888889,35.88270305555555,843
138.0966138888889,35.882528055555554,843
138.0965138888889,35.88113611111111,842
138.0964261111111,35.880428055555555,843
138.0963011111111,35.88023611111111,842
138.09505194444444,35.878686944444446,838
138.0943388888889,35.877811944444446,838
138.09422694444444,35.877645,837
138.0941388888889,35.877495,837
138.0940388888889,35.877245,837
138.0939888888889,35.87706194444444,837
138.09393888888889,35.87682,837
138.09393888888889,35.876645,837
138.09395194444446,35.87642888888889,836
138.09400194444444,35.876128888888886,837
138.0941388888889,35.87496194444444,834
138.09417694444446,35.87446194444444,833
138.09418888888888,35.87435388888889,832
138.09420194444445,35.87422111111111,832
138.09417694444446,35.87398694444445,831
138.0941388888889,35.873778888888886,831
138.09407694444445,35.87358694444445,832
138.09377694444444,35.87310388888889,832
138.09342694444445,35.87264611111111,826
138.09335194444444,35.87248694444445,827
138.0932388888889,35.872211944444444,827
138.09310194444444,35.87184611111111,825
138.0930138888889,35.87168805555556,826
138.0927638888889,35.87128805555555,826
138.09245194444443,35.87077111111111,828
138.09238888888888,35.87067111111111,826
138.0923388888889,35.87041305555555,825
138.0923138888889,35.870221111111114,823
138.0922138888889,35.86890388888889,822
138.09210194444444,35.86869611111111,821
138.09200194444443,35.868588055555556,820
138.09177694444443,35.86839611111111,815
138.09162694444444,35.86824611111111,814
138.0915388888889,35.868113055555554,812
138.0915138888889,35.86803805555556,813
138.09150194444445,35.86774611111111,815
138.09157694444445,35.86682111111111,815
138.09157694444445,35.86667888888889,814
138.09156388888889,35.86656305555555,814
138.09152694444444,35.866413055555554,813
138.09142694444444,35.866213055555555,812
138.09117694444444,35.86578,811
138.090865,35.86528805555555,808
138.09067694444445,35.86473,809
138.09044,35.86401305555555,806
138.09022694444445,35.86336305555555,806
138.09019,35.86323,806
138.09004,35.862746944444446,808
138.089965,35.862555,808
138.08987694444446,35.862388055555556,807
138.08979,35.86228805555555,809
138.08960194444444,35.862155,808
138.08939,35.86203,807
138.08765194444445,35.86113805555556,803
138.08727694444445,35.86094694444444,803
138.08702805555555,35.86078805555555,802
138.08667694444443,35.860555,802
138.08645305555555,35.860355,802
138.08622805555555,35.86011388888889,802
138.08619,35.86007194444444,801
138.085915,35.85968888888889,801
138.08514,35.858605,798
138.08480194444445,35.85812194444444,798
138.08469,35.85796388888889,798
138.08419,35.857306111111114,796
138.08395305555555,35.856971944444446,795
138.083715,35.856771944444446,794
138.08352805555555,35.85664694444444,793
138.08322805555557,35.856521944444445,792
138.08310305555557,35.85648888888889,794
138.08277805555556,35.85638888888889,792
138.082465,35.85633111111111,791
138.0816911111111,35.85621388888889,789
138.08050305555557,35.85610611111111,786
138.07945305555555,35.85597194444444,783
138.07934111111112,35.85595611111111,782
138.0790411111111,35.855806111111114,781
138.07887805555555,35.85572194444445,782
138.07867805555554,35.855621944444444,783
138.0785911111111,35.85555611111111,783
138.07831611111112,35.855221944444445,785
138.0776911111111,35.85444694444445,786
138.0773411111111,35.85395611111111,785
138.07727805555555,35.85382194444445,784
138.07722805555557,35.85362305555556,784
138.07722805555557,35.85353111111111,784
138.0772161111111,35.85341388888889,782
138.07715305555556,35.852823055555554,785
138.07706611111112,35.852381111111114,783
138.0770038888889,35.85221388888889,785
138.0768788888889,35.85194805555555,781
138.07671611111112,35.85169805555556,777
138.0764288888889,35.85129805555555,775
138.07626611111112,35.85108888888889,777
138.07584111111112,35.85055611111111,777
138.07580388888888,35.850456111111114,777
138.07581611111112,35.850165,776
138.0758538888889,35.849581111111114,776
138.07581611111112,35.84935611111111,776
138.0756538888889,35.84894805555555,771
138.07557888888888,35.848665,769
138.0754161111111,35.84824805555556,766
138.07537888888888,35.84818194444444,767
138.0753161111111,35.848123055555554,765
138.0750161111111,35.84787305555555,764
138.07481611111112,35.84773194444445,765
138.07435388888888,35.847481944444446,766
138.07401611111112,35.84719,767
138.0737038888889,35.846615,767
138.0733788888889,35.846165,764
138.07322888888888,35.84594,764
138.0731288888889,35.845773055555554,764
138.0730788888889,35.84554,766
138.0730788888889,35.84544888888889,766
138.0730661111111,35.845365,766
138.07310388888888,35.84514,766
138.07311611111112,35.84482388888889,766
138.07320388888888,35.84459888888889,767
138.0733911111111,35.844256944444446,764
138.07355388888888,35.84397388888889,759
138.07365388888888,35.84377388888889,759
138.07369111111112,35.84362388888889,759
138.07369111111112,35.84341611111111,759
138.07365388888888,35.843223888888886,759
138.0735288888889,35.84299111111111,759
138.0729538888889,35.84234111111111,761
138.07255388888888,35.841923888888886,759
138.0723788888889,35.84174111111111,757
138.0719288888889,35.84124888888889,757
138.0706538888889,35.83987388888889,767
138.06995388888888,35.83906611111111,771
138.06939194444445,35.838366111111114,777
138.06899194444443,35.837873888888886,778
138.06859194444445,35.83754111111111,780
138.06829194444444,35.83736611111111,777
138.067305,35.83684111111111,771
138.06719194444443,35.83678305555556,769
138.06704194444444,35.83671611111111,767
138.06681694444444,35.83659888888889,765
138.06664194444446,35.83651611111111,763
138.06614194444444,35.836258055555554,759
138.06578,35.83607388888889,751
138.06509194444445,35.83573305555556,743
138.064805,35.835591111111114,741
138.064605,35.83551611111111,740
138.06434305555555,35.83546611111111,739
138.064155,35.83547388888889,739
138.06396694444445,35.83550805555556,740
138.06381694444445,35.83554888888889,742
138.063405,35.835723888888886,741
138.06306805555556,35.835858055555555,741
138.06248,35.836106944444445,739
138.062255,35.83618194444445,740
138.062005,35.83624888888889,741
138.06183,35.83629111111111,743
138.06154305555555,35.836308055555556,746
138.06133,35.83629111111111,745
138.06109305555555,35.836241111111114,743
138.06094305555555,35.83618194444445,744
138.060855,35.83614111111111,740
138.06059305555556,35.83600805555555,745
138.06038,35.835881944444445,748
138.0602561111111,35.835791111111114,744
138.0600061111111,35.83558194444444,743
138.0595561111111,35.835231944444445,742
138.05941805555557,35.83511611111111,742
138.05919305555557,35.83490694444444,742
138.05905611111112,35.83473305555555,743
138.05895611111112,35.83459111111111,742
138.05886805555556,35.83443305555556,730
138.05873111111111,35.83420805555556,726
138.05839305555557,35.83369888888889,730
138.05779305555555,35.83289111111111,750
138.05759305555554,35.83261611111111,756
138.0575311111111,35.83254111111111,759
138.05735611111112,35.83229111111111,761
138.05724305555555,35.83213305555556,762
138.0570811111111,35.83199888888889,763
138.05691805555554,35.83189111111111,763
138.05679305555554,35.831833055555556,763
138.05654305555555,35.831783055555555,762
138.0563561111111,35.83176611111111,762
138.05611805555554,35.831758055555554,761
138.05566805555554,35.83174888888889,758
138.05509388888888,35.831741111111114,755
138.0546688888889,35.83172388888889,755
138.0538688888889,35.83169888888889,758
138.05385611111112,35.83169888888889,758
138.053545,35.83169111111111,759
138.053545,35.83169111111111,759
138.05385611111112,35.83169888888889,758
138.0538688888889,35.83169888888889,758
138.0546688888889,35.83172388888889,755
138.05509388888888,35.831741111111114,755
138.05566805555554,35.83174888888889,758
138.05611805555554,35.831758055555554,761
138.0563561111111,35.83176611111111,762
138.05654305555555,35.831783055555555,762
138.05679305555554,35.831833055555556,763
138.05691805555554,35.83189111111111,763
138.0570811111111,35.83199888888889,763
138.05724305555555,35.83213305555556,762
138.05735611111112,35.83229111111111,761
138.0575311111111,35.83254111111111,759
138.05759305555554,35.83261611111111,756
138.05779305555555,35.83289111111111,750
138.05839305555557,35.83369888888889,730
138.05873111111111,35.83420805555556,726
138.05886805555556,35.83443305555556,730
138.05895611111112,35.83459111111111,742
138.05905611111112,35.83473305555555,743
138.05918111111112,35.83465805555556,745
138.0596811111111,35.834358055555555,752
138.0603561111111,35.83391611111111,758
138.0606061111111,35.833733055555555,770
138.06104305555556,35.83329111111111,775
138.06133,35.83311611111111,776
138.06136805555556,35.83303305555555,776
138.0613561111111,35.832683055555556,775
138.06181805555556,35.832391111111114,776
138.06189305555554,35.83231611111111,778
138.06191805555557,35.83221611111111,777
138.061905,35.831625,775
138.06194305555556,35.831541111111115,773
138.06209305555555,35.831325,773
138.06219305555555,35.831133055555554,776
138.06228,35.83101611111111,777
138.06244305555555,35.83091611111111,776
138.06276805555555,35.83079111111111,776
138.06309305555556,35.83074194444445,776
138.06344305555555,35.83074194444445,776
138.06371805555557,35.830725,775
138.06468,35.8306,775
138.065055,35.83054194444444,773
138.06529305555554,35.83049194444445,776
138.06539305555555,35.830425,774
138.06551805555554,35.83029194444445,773
138.065605,35.830241944444445,774
138.06579305555556,35.830191944444444,771
138.06618,35.83018305555556,772
138.066355,35.83020805555556,771
138.06649194444444,35.830258055555554,774
138.066605,35.830266944444446,773
138.066855,35.83025,775
138.066955,35.83020805555556,776
138.066955,35.83015805555556,776
138.06678,35.82995,776
138.06666805555557,35.82975,772
138.06666805555557,35.82964194444445,768
138.06683,35.82930888888889,765
138.06686805555555,35.829208888888886,764
138.06686805555555,35.829075,763
138.06689194444445,35.82899194444445,765
138.06694305555556,35.828925,765
138.067055,35.828783888888886,766
138.06709305555555,35.82866694444444,764
138.06716805555556,35.82845888888889,765
138.06751694444444,35.82800888888889,765
138.067655,35.82771694444445,761
138.06773,35.82745,764
138.067805,35.82733388888889,765
138.06798,35.82713388888889,764
138.06816805555556,35.826766944444444,764
138.068255,35.82665111111111,764
138.068405,35.826566944444444,767
138.068505,35.82649194444444,765
138.068505,35.82635888888889,765
138.06851694444444,35.82618388888889,763
138.06866805555555,35.82595888888889,767
138.0687838888889,35.82572611111111,766
138.0687838888889,35.82572611111111,766
138.06914194444445,35.82500888888889,765
138.06938,35.824491944444446,765
138.06966805555555,35.82348388888889,768
138.069855,35.82300111111111,766
138.06999194444444,35.82275111111111,772
138.070255,35.82243388888889,774
138.070455,35.82228388888889,774
138.07081805555555,35.82210111111111,774
138.071805,35.82153388888889,775
138.07243,35.821193055555554,773
138.07266694444445,35.82086,772
138.07453,35.82012611111111,766
138.07468,35.82007611111111,764
138.075505,35.819943055555555,765
138.07584194444445,35.819835,763
138.07608,35.81980194444444,765
138.07640388888888,35.81980194444444,766
138.07656694444444,35.81977694444444,764
138.0767538888889,35.819685,766
138.07691694444443,35.81956805555556,766
138.07717888888888,35.81932694444444,764
138.07741694444445,35.81901805555555,763
138.07742888888887,35.81887694444445,753
138.07739194444446,35.818685,757
138.0773288888889,35.81845194444445,761
138.07746694444444,35.81832694444444,760
138.07772888888888,35.818018888888886,763
138.07784194444446,35.817926944444444,768
138.0780288888889,35.817835,774
138.07834194444445,35.81771,776
138.07914194444444,35.81744388888889,773
138.07946694444445,35.81731888888889,781
138.07959194444445,35.81725194444444,783
138.07976694444446,35.81716888888889,783
138.0798288888889,35.81711888888889,784
138.07994194444444,35.817035,783
138.08011694444446,35.81686,785
138.08034194444446,35.81654388888889,792
138.08049194444445,35.816276944444446,798
138.0806038888889,35.81611111111111,801
138.08106694444444,35.81571888888889,802
138.08135388888888,35.81545194444445,805
138.08156694444443,35.81525194444445,807
138.08172888888888,35.81501111111111,808
138.0819038888889,35.81461888888889,806
138.08201694444443,35.81419388888889,812
138.0821038888889,35.81371111111111,817
138.0822038888889,35.81331888888889,819
138.08227888888888,35.81314388888889,819
138.08241694444445,35.81289388888889,819
138.0825288888889,35.81274388888889,819
138.08262888888888,35.81263611111111,819
138.08271694444446,35.812551944444444,820
138.0829788888889,35.81229388888889,823
138.08314194444444,35.812086111111114,824
138.08326694444443,35.811903055555554,824
138.0833538888889,35.81171111111111,824
138.0833788888889,35.81156111111111,824
138.0833788888889,35.81134388888889,825
138.0833538888889,35.81117805555556,827
138.08334194444444,35.811053055555554,827
138.08329194444445,35.81086888888889,827
138.0832538888889,35.81076111111111,827
138.0832038888889,35.81035305555555,826
138.0832038888889,35.81001111111111,825
138.08321694444444,35.80969388888889,824
138.08327888888888,35.80943611111111,825
138.0835538888889,35.80891111111111,828
138.08369194444444,35.80842,829
138.08369194444444,35.808103055555556,829
138.08366694444445,35.807695,828
138.08359194444444,35.80741111111111,828
138.08350388888888,35.80723611111111,827
138.08324194444444,35.80675305555555,827
138.08311694444444,35.806403055555556,827
138.08307888888888,35.80621194444444,827
138.08296694444445,35.80562,826
138.0829038888889,35.80528694444445,826
138.08289194444444,35.804903055555556,825
138.08294194444446,35.80462,822
138.08305388888888,35.80431194444444,821
138.0831288888889,35.80417805555555,821
138.08327888888888,35.803986944444446,821
138.08354194444445,35.803695,820
138.08381694444444,35.80337,819
138.08399194444445,35.80312,819
138.08410388888888,35.80285388888889,818
138.08417888888889,35.80267,819
138.0842538888889,35.80247,819
138.08432888888888,35.802303888888886,819
138.08442888888888,35.802045,819
138.08455388888888,35.80182,819
138.08484194444443,35.80144611111111,819
138.08489194444445,35.80127111111111,819
138.0852538888889,35.80007111111111,819
138.08529194444444,35.79983694444444,819
138.08534194444445,35.79955388888889,819
138.08536694444444,35.79916305555555,815
138.0854038888889,35.79860388888889,818
138.08539194444444,35.79814611111111,827
138.08529194444444,35.79782111111111,826
138.0852538888889,35.79759611111111,825
138.08526694444444,35.79730388888889,824
138.08531694444446,35.79681305555555,823
138.0853038888889,35.796503888888886,823
138.08528,35.79628805555556,824
138.085155,35.79586305555556,825
138.085055,35.795588055555555,822
138.08503,35.79534611111111,821
138.08493,35.79457111111111,821
138.08488,35.794113055555556,832
138.08483,35.793888055555556,832
138.08473,35.79364611111111,832
138.08459194444444,35.79343,834
138.08453,35.793355,833
138.08449194444444,35.79331305555556,834
138.08443,35.79322111111111,834
138.083805,35.79248805555556,832
138.083755,35.792355,832
138.08374194444445,35.79223,832
138.083755,35.79204611111111,832
138.08386694444445,35.791713055555554,833
138.084005,35.791405,832
138.08419305555555,35.791088055555555,824
138.08444194444445,35.79081305555555,825
138.084855,35.790455,827
138.08518,35.79008805555556,825
138.08538,35.78978,826
138.08569194444445,35.78938,825
138.08619194444444,35.788905,826
138.08639194444444,35.788646944444444,825
138.086605,35.78833,824
138.08678,35.787996944444444,824
138.08684194444444,35.78783,825
138.08703,35.78699694444445,825
138.08699194444443,35.78635611111111,823
138.086955,35.78610611111111,825
138.08686694444444,35.78570611111111,824
138.08674194444444,35.78533888888889,824
138.08653,35.784846944444446,825
138.08631805555555,35.784506111111114,824
138.085855,35.783813888888886,824
138.08579194444445,35.783723055555555,824
138.08578,35.78356388888889,825
138.08579194444445,35.78340611111111,826
138.08589194444446,35.78324694444444,826
138.08596805555555,35.78313888888889,824
138.086055,35.782921944444446,824
138.086105,35.78274694444445,826
138.08613,35.78259805555555,827
138.08613,35.78243888888889,827
138.08608,35.78213111111111,825
138.08601694444445,35.78192305555555,827
138.08593,35.78178111111111,825
138.08578,35.78155611111111,824
138.08561694444444,35.78132305555555,823
138.08549305555556,35.78103888888889,823
138.08529305555555,35.78058111111111,822
138.08518,35.78031388888889,823
138.08503,35.78006388888889,823
138.08454305555554,35.77945611111111,821
138.08428,35.779181111111114,822
138.08396805555554,35.77893111111111,820
138.0837811111111,35.77880611111111,821
138.08221805555556,35.778106111111114,822
138.0819561111111,35.77796388888889,823
138.08181805555554,35.77787305555555,824
138.08164305555556,35.77775611111111,823
138.08149305555557,35.77765611111111,823
138.08066805555555,35.77699,822
138.08049305555556,35.77679,821
138.08035611111112,35.77643111111111,823
138.08026805555556,35.776198055555554,824
138.0799561111111,35.77590611111111,821
138.07989388888888,35.77584,822
138.0798438888889,35.77574805555555,820
138.0798561111111,35.77560611111111,820
138.07988111111112,35.77554,820
138.0799311111111,35.77548111111111,822
138.0800561111111,35.775315,824
138.0800811111111,35.77524805555556,824
138.0801438888889,35.77507305555555,825
138.08010611111112,35.774923055555554,823
138.0800311111111,35.774698055555554,825
138.0799561111111,35.77458194444444,823
138.0798438888889,35.774415,825
138.07888111111112,35.77334805555556,821
138.0787061111111,35.773131944444444,823
138.0785938888889,35.77299,825
138.0782188888889,35.772515,824
138.07808111111112,35.772365,824
138.07784388888888,35.77215694444445,824
138.07760611111112,35.77194,824
138.0772938888889,35.771665,825
138.07648194444445,35.77098194444444,825
138.0761688888889,35.770765,825
138.07604388888888,35.770673888888886,823
138.07565694444443,35.77037388888889,823
138.0753688888889,35.770165,824
138.07498194444443,35.76980694444445,823
138.0746938888889,35.76949888888889,825
138.07430694444446,35.768915,824
138.07421888888888,35.76878194444444,822
138.0741438888889,35.76864111111111,819
138.0740438888889,35.76841611111111,819
138.07390694444445,35.76808194444445,823
138.07389388888888,35.76798194444444,828
138.07393194444444,35.767741111111114,835
138.07400694444445,35.76750694444444,839
138.07410694444445,35.76734888888889,838
138.07470694444444,35.76658194444445,833
138.0748188888889,35.76642388888889,835
138.07489388888888,35.76619111111111,836
138.0748688888889,35.766016111111114,838
138.07456888888888,35.765433055555555,836
138.074345,35.76501611111111,839
138.07433194444445,35.764741111111114,839
138.07440694444443,35.76419888888889,838
138.07440694444443,35.76404111111111,838
138.07437,35.76384111111111,837
138.074295,35.76359111111111,837
138.074045,35.762816111111114,837
138.073995,35.76249888888889,838
138.07398194444445,35.76236611111111,838
138.07402,35.76192388888889,839
138.074095,35.76130805555555,843
138.07418194444443,35.760933055555554,844
138.07457,35.759566944444444,842
138.07477,35.759125,843
138.07538194444444,35.758116944444446,844
138.07557,35.75781694444444,843
138.07577,35.757491944444446,847
138.07588194444443,35.757266944444446,848
138.07597,35.75710888888889,846
138.075995,35.75696694444444,847
138.07602,35.756725,843
138.07602,35.755566944444446,847
138.07605694444445,35.755316944444445,848
138.07613194444446,35.75507611111111,848
138.07625694444445,35.75477611111111,848
138.076795,35.75335888888889,844
138.07690805555555,35.753191944444445,845
138.07697,35.753118055555554,845
138.07707,35.752991944444446,846
138.077295,35.75278388888889,846
138.07760694444445,35.75255888888889,848
138.07835694444444,35.751958888888886,850
138.07858194444444,35.75175111111111,850
138.07872,35.751601111111114,850
138.07882,35.75142611111111,850
138.07898194444445,35.75103388888889,850
138.07902,35.75089305555556,850
138.07908194444445,35.75055888888889,850
138.07910694444445,35.75035888888889,850
138.07912,35.750233888888886,850
138.07923305555556,35.74922611111111,851
138.07930694444445,35.748693055555556,852
138.07940805555555,35.74811,853
138.079595,35.74746,853
138.079795,35.746918055555554,854
138.079895,35.74666805555555,854
138.08028305555555,35.74555194444444,857
138.08048305555556,35.74481,860
138.080695,35.74426888888889,860
138.08098305555555,35.74363611111111,861
138.08103194444445,35.74349388888889,861
138.081295,35.742801944444444,861
138.081395,35.742576944444444,860
138.081695,35.74211888888889,860
138.08193194444445,35.741686111111115,860
138.08205694444445,35.74139388888889,861
138.08212,35.74109388888889,862
138.082145,35.74069388888889,866
138.082095,35.74041111111111,872
138.08198305555555,35.74011111111111,875
138.081795,35.73981111111111,876
138.08153305555555,35.73954388888889,877
138.08120805555555,35.73921888888889,876
138.08073305555556,35.73889388888889,879
138.08052,35.73877805555556,879
138.07960805555555,35.73820305555556,883
138.07923305555556,35.73797805555556,884
138.07853305555557,35.73772805555556,896
138.07838305555555,35.737628055555554,896
138.07820805555556,35.73746888888889,897
138.07793305555555,35.73716888888889,896
138.0777711111111,35.737003055555554,898
138.0773211111111,35.73666111111111,905
138.07703305555555,35.736403055555556,905
138.07693305555554,35.73626111111111,906
138.07679611111112,35.73604388888889,905
138.07668305555555,35.73579388888889,905
138.07653305555556,35.735245,906
138.07644611111112,35.73473611111111,906
138.07635888888888,35.73440305555555,906
138.07624611111112,35.73413611111111,907
138.07620888888889,35.73395305555555,909
138.0761961111111,35.73385305555556,908
138.0761961111111,35.733353055555554,909
138.0760711111111,35.73290305555555,911
138.0760461111111,35.73272,914
138.0760588888889,35.732395,918
138.07620888888889,35.73202805555555,918
138.07624611111112,35.73191194444444,917
138.07624611111112,35.731795,917
138.07620888888889,35.731678055555555,920
138.07614611111111,35.731595,921
138.0758211111111,35.73131194444444,923
138.0757088888889,35.73117805555555,924
138.0756461111111,35.73107805555556,925
138.0756211111111,35.73077,925
138.07554611111112,35.73047805555556,931
138.07544611111112,35.73017,932
138.0753711111111,35.729995,930
138.0751961111111,35.72982,934
138.0748338888889,35.729636944444444,943
138.07454611111112,35.729261944444445,946
138.0742588888889,35.728836944444446,946
138.07384611111112,35.728195,955
138.07334694444444,35.72737,956
138.07294694444445,35.726596111111114,965
138.07289694444444,35.72647111111111,964
138.07282194444446,35.726261944444445,965
138.0726838888889,35.72592111111111,964
138.07254694444444,35.72572111111111,968
138.0724088888889,35.725521111111114,968
138.07202194444446,35.72507111111111,970
138.0718588888889,35.72484611111111,975
138.0717838888889,35.72472888888889,976
138.07158388888888,35.724378888888886,982
138.07154694444444,35.72427888888889,985
138.07149694444445,35.72412111111111,984
138.07137194444445,35.72347888888889,987
138.07132194444443,35.72336305555555,989
138.07125888888888,35.72322111111111,993
138.0709588888889,35.72286305555556,996
138.07012194444445,35.72221305555556,1005
138.06994694444444,35.72203694444445,1007
138.06981,35.72187888888889,1007
138.06969694444444,35.72172111111111,1008
138.069535,35.72138694444445,1016
138.069435,35.72105388888889,1016
138.06942194444446,35.72074611111111,1017
138.069435,35.72062888888889,1017
138.06947194444444,35.719971111111114,1025
138.06947194444444,35.71991305555556,1025
138.06944694444445,35.71984611111111,1026
138.069235,35.71947888888889,1028
138.06856,35.718538055555555,1043
138.06851,35.71843805555555,1045
138.06847305555556,35.718271111111115,1044
138.068385,35.717688055555556,1054
138.06831,35.717463055555555,1058
138.06826,35.71733805555556,1061
138.06816,35.71720388888889,1064
138.06756,35.71669611111111,1067
138.06747305555555,35.716605,1068
138.067285,35.716355,1070
138.06719805555556,35.71606305555556,1077
138.06701,35.71509611111111,1085
138.06691,35.714438055555554,1096
138.06686,35.713955,1099
138.066885,35.71368805555556,1105
138.06692305555555,35.713555,1105
138.06732305555556,35.712763055555556,1115
138.067435,35.71243,1120
138.06744805555556,35.712288055555554,1120
138.067435,35.71208,1127
138.06737305555555,35.711796944444444,1127
138.06737305555555,35.711555,1133
138.0674611111111,35.711355,1131
138.0675361111111,35.711055,1137
138.06752305555557,35.71093,1138
138.0674361111111,35.71067194444444,1143
138.06734805555556,35.710496944444444,1145
138.06722305555556,35.71028,1146
138.0670861111111,35.710096944444444,1153
138.06679805555555,35.70976388888889,1159
138.06667305555555,35.70958888888889,1163
138.06661111111111,35.70941388888889,1165
138.0665611111111,35.70913,1166
138.06646111111112,35.70913888888889,1169
138.06639805555557,35.70918,1174
138.06634805555555,35.70928,1179
138.06636111111112,35.709671944444445,1184
138.06638611111111,35.70982194444444,1185
138.06642305555556,35.709938888888885,1187
138.0667361111111,35.71053888888889,1185
138.06681111111112,35.710721944444444,1184
138.06682305555555,35.71086388888889,1184
138.06681111111112,35.71092194444444,1183
138.06672305555554,35.71111388888889,1190
138.06661111111111,35.71128,1194
138.06658611111112,35.71134694444444,1194
138.06657305555555,35.71144694444445,1194
138.06654805555556,35.711705,1195
138.0665361111111,35.71178805555556,1193
138.06646111111112,35.711846944444446,1193
138.06619805555556,35.711955,1200
138.06574805555556,35.71212194444445,1210
138.06562305555556,35.712205,1215
138.06557305555555,35.71226305555555,1211
138.06554805555555,35.71233,1216
138.06549805555557,35.71259694444444,1211
138.06539805555556,35.712655,1215
138.06533611111112,35.71266305555555,1215
138.06523611111112,35.712705,1215
138.0651611111111,35.71277194444444,1218
138.06507305555556,35.71288805555555,1226
138.06502305555554,35.71303805555556,1222
138.06504805555556,35.71322111111111,1222
138.0650861111111,35.71348,1222
138.06504805555556,35.713588055555554,1221
138.06499805555555,35.713655,1224
138.0648361111111,35.71373805555555,1224
138.06477305555555,35.713755,1225
138.06469805555557,35.71376305555555,1225
138.0646361111111,35.713755,1227
138.0646111111111,35.71373,1227
138.06456111111112,35.713655,1230
138.06457305555554,35.713546111111114,1233
138.06467305555555,35.713388055555555,1232
138.06468611111111,35.71333,1234
138.06468611111111,35.71326305555556,1234
138.0646361111111,35.71302111111111,1244
138.06464805555555,35.71291305555555,1245
138.06468611111111,35.71281305555556,1243
138.06477305555555,35.712671944444445,1245
138.06491111111112,35.71253,1243
138.06497305555555,35.71243,1246
138.06498611111112,35.712313055555555,1249
138.0649611111111,35.71212194444445,1255
138.0649611111111,35.711996944444444,1257
138.06498611111112,35.711913055555556,1257
138.06502305555554,35.711855,1257
138.0655111111111,35.711455,1262
138.06559805555557,35.71131305555556,1263
138.06559805555557,35.710855,1265
138.06558611111112,35.71066388888889,1263
138.06507305555556,35.70986388888889,1282
138.06494805555556,35.709871944444444,1284
138.06491111111112,35.70991388888889,1284
138.06491111111112,35.71001388888889,1288
138.0649611111111,35.71028888888889,1295
138.06519805555556,35.710788055555554,1293
138.06521111111113,35.71088,1293
138.0650611111111,35.71108805555556,1295
138.0649361111111,35.711213055555554,1295
138.06482305555556,35.71124694444445,1294
138.06478611111112,35.711213055555554,1297
138.06476111111112,35.711105,1303
138.06474805555555,35.71087194444444,1304
138.06469805555557,35.71067194444444,1304
138.06439805555556,35.71013,1316
138.06434805555554,35.70998,1316
138.0643611111111,35.70979694444444,1317
138.06439805555556,35.709405,1315
138.06434805555554,35.70871388888889,1324
138.06434805555554,35.70843888888889,1325
138.06446111111111,35.70787194444444,1333
138.06447305555557,35.707746944444445,1333
138.06443611111112,35.70738111111111,1338
138.06443611111112,35.70715611111111,1344
138.06444805555554,35.70704694444444,1342
138.06447305555557,35.70697194444445,1343
138.0646111111111,35.70679694444444,1338
138.06474805555555,35.70670611111111,1333
138.06497305555555,35.70662194444444,1335
138.06511111111112,35.706538888888886,1344
138.06527305555556,35.70626388888889,1344
138.0652861111111,35.70610611111111,1354
138.0652611111111,35.70596388888889,1358
138.06513611111112,35.70570611111111,1364
138.0650861111111,35.70532305555555,1366
138.06504805555556,35.705238888888886,1366
138.06499805555555,35.70518111111111,1367
138.06491111111112,35.70512194444444,1367
138.06453611111112,35.704996944444446,1366
138.06443611111112,35.704923055555554,1370
138.0643988888889,35.70483888888889,1366
138.0643738888889,35.704771944444445,1365
138.0644111111111,35.70459805555556,1366
138.06453611111112,35.70447305555555,1369
138.0647488888889,35.70428888888889,1374
138.06478611111112,35.70419694444445,1373
138.0648238888889,35.70378888888889,1372
138.06488611111112,35.70371388888889,1375
138.06498611111112,35.70368888888889,1373
138.06536111111112,35.70368111111111,1381
138.06549805555557,35.70363888888889,1387
138.06556111111112,35.70359805555555,1391
138.06558611111112,35.70357194444444,1391
138.06558611111112,35.70339805555555,1393
138.06557305555555,35.70313111111111,1390
138.0655988888889,35.70301388888889,1385
138.0656488888889,35.70291388888889,1387
138.0657111111111,35.70283888888889,1387
138.0660861111111,35.70261388888889,1395
138.0662111111111,35.70251388888889,1397
138.06632305555556,35.70236388888889,1396
138.06637305555554,35.70224805555556,1394
138.06639805555557,35.70215611111111,1395
138.06639805555557,35.70204805555556,1395
138.06638611111111,35.701906111111114,1395
138.06629805555556,35.70163111111111,1396
138.06626111111112,35.70144805555555,1400
138.06626111111112,35.70133888888889,1404
138.0662738888889,35.70120611111111,1405
138.0664361111111,35.700465,1407
138.0665238888889,35.70030611111111,1407
138.06669888888888,35.70015611111111,1405
138.0669861111111,35.70004,1405
138.0670738888889,35.69997305555555,1406
138.0671238888889,35.69989,1404
138.0671238888889,35.69970611111111,1406
138.0670738888889,35.699465,1407
138.06700111111113,35.69938805555555,1411
138.06700111111113,35.69938805555555,1411
138.0669488888889,35.699331111111114,1414
138.06683611111112,35.69924,1411
138.0667361111111,35.699173055555555,1411
138.0666238888889,35.699115,1410
138.0663238888889,35.699106111111114,1403
138.0660988888889,35.69912305555555,1406
138.0656361111111,35.69920611111111,1404
138.0655238888889,35.69920611111111,1404
138.0654738888889,35.69919,1404
138.0654238888889,35.699131111111114,1404
138.0654111111111,35.699065,1403
138.0654361111111,35.699015,1403
138.06556111111112,35.698915,1400
138.0657488888889,35.698865,1398
138.0664238888889,35.69878194444444,1389
138.0665361111111,35.69875694444445,1388
138.06661111111111,35.698706944444446,1388
138.06668611111112,35.69863194444444,1388
138.0667488888889,35.69854,1387
138.06679888888888,35.69835694444444,1387
138.06681111111112,35.698256944444445,1386
138.06682388888888,35.69794805555556,1384
138.0667488888889,35.69739,1376
138.06658611111112,35.69669805555556,1374
138.0664361111111,35.69642388888889,1368
138.06613611111112,35.69609,1367
138.06602388888888,35.69587388888889,1365
138.0659361111111,35.69558194444444,1358
138.0658738888889,35.695465,1357
138.06579888888888,35.695365,1357
138.06568611111112,35.69524888888889,1356
138.0654111111111,35.69502388888889,1353
138.0652738888889,35.69495694444444,1349
138.0647361111111,35.694715,1347
138.0643738888889,35.69454888888889,1348
138.06433611111112,35.69454,1348
138.0642738888889,35.69453194444444,1347
138.06421111111112,35.69455694444444,1344
138.0640611111111,35.69470694444444,1340
138.0640111111111,35.69470694444444,1340
138.06388611111112,35.69462388888889,1340
138.0638111111111,35.69454888888889,1343
138.0635861111111,35.69417388888889,1335
138.06348694444443,35.69399888888889,1332
138.06342388888888,35.693765,1331
138.06328694444446,35.69303194444444,1325
138.06326194444443,35.692931944444446,1325
138.06321194444445,35.692816111111114,1322
138.0629238888889,35.69236611111111,1320
138.06286194444445,35.69221611111111,1320
138.06284888888888,35.69210694444445,1321
138.06283694444446,35.69199888888889,1321
138.06286194444445,35.69189111111111,1321
138.06298694444445,35.69156611111111,1316
138.0631238888889,35.69124111111111,1316
138.0632738888889,35.69104111111111,1312
138.06341194444445,35.69079111111111,1312
138.0636988888889,35.69018305555556,1310
138.0637238888889,35.689908055555556,1306
138.06381194444444,35.688248888888886,1296
138.06378694444444,35.687958055555555,1295
138.06376194444445,35.687823888888886,1291
138.06368694444444,35.68767388888889,1292
138.06333694444444,35.68719111111111,1284
138.06323694444444,35.68699111111111,1285
138.0631238888889,35.68657388888889,1284
138.06311194444444,35.68638305555555,1284
138.06313694444444,35.685633055555556,1274
138.06311194444444,35.68544111111111,1274
138.06297388888888,35.68504111111111,1272
138.06296194444445,35.684508055555554,1265
138.06294888888888,35.68436611111111,1265
138.06291194444444,35.68420805555556,1265
138.062725,35.6837,1260
138.06261194444446,35.683283055555556,1254
138.06263694444445,35.68301694444445,1254
138.06278694444444,35.682025,1248
138.0629,35.68159194444444,1249
138.063,35.68125,1244
138.06308694444445,35.680866944444446,1233
138.06308694444445,35.680725,1232
138.063,35.679991944444446,1227
138.06296194444445,35.67965,1224
138.0629,35.67919194444445,1226
138.062925,35.67870888888889,1224
138.06311194444444,35.67839194444444,1225
138.06336194444444,35.67815111111111,1220
138.06358694444444,35.67793388888889,1213
138.06391194444444,35.67776694444444,1213
138.064175,35.67770111111111,1216
138.06428694444443,35.67767611111111,1217
138.06468694444445,35.677641944444446,1209
138.0649,35.67754194444444,1207
138.06496194444443,35.67747611111111,1207
138.06501194444445,35.677391944444445,1207
138.0651,35.67718388888889,1204
138.06536194444445,35.67620111111111,1195
138.06538694444444,35.67603388888889,1194
138.065375,35.67584305555555,1194
138.065325,35.67565888888889,1192
138.06511194444445,35.67515111111111,1188
138.06503694444444,35.674976111111114,1186
138.065,35.674841944444445,1184
138.064975,35.67465111111111,1184
138.06496194444443,35.67405111111111,1184
138.06491305555556,35.67390888888889,1184
138.06476305555555,35.67369305555555,1181
138.06455,35.673408888888886,1180
138.06446194444445,35.67322611111111,1181
138.064425,35.67304305555555,1165
138.064425,35.672868055555554,1164
138.06451305555555,35.67257611111111,1165
138.06465,35.672268055555556,1164
138.06471194444444,35.672043055555555,1168
138.06471194444444,35.67181,1170
138.06468694444445,35.671593055555554,1168
138.064675,35.671393055555555,1163
138.06471194444444,35.671235,1160
138.0651,35.670251111111114,1155
138.06513805555556,35.670035,1151
138.06515,35.669868055555554,1145
138.065175,35.66936,1144
138.065175,35.669151944444444,1142
138.06515,35.668976944444445,1137
138.06481194444444,35.66696,1122
138.06475,35.666785,1121
138.064625,35.66661,1123
138.0645,35.66655194444444,1121
138.0641,35.666576944444444,1118
138.063975,35.66655194444444,1117
138.06388805555557,35.66651,1121
138.06375,35.666401944444445,1122
138.06351305555555,35.666035,1117
138.06351305555555,35.66586888888889,1116
138.06355,35.66569388888889,1115
138.06366305555557,35.665385,1114
138.06371305555555,35.665151944444446,1114
138.06383805555555,35.66435194444445,1107
138.06391305555556,35.66347694444445,1096
138.063925,35.663243888888886,1095
138.0639,35.66307694444444,1093
138.063825,35.662978055555556,1092
138.063525,35.662686111111114,1089
138.06343805555557,35.66256111111111,1088
138.06338805555555,35.66241111111111,1081
138.0633761111111,35.66227694444444,1077
138.06348805555555,35.66179388888889,1074
138.06350111111112,35.66166111111111,1075
138.0634761111111,35.66155194444445,1076
138.06326305555555,35.66123611111111,1074
138.06311305555556,35.66101888888889,1074
138.06317611111112,35.66052805555555,1072
138.06315111111113,35.660243888888886,1071
138.06301305555556,35.659953055555555,1067
138.06218805555557,35.65886111111111,1059
138.06196305555557,35.658653055555554,1058
138.0617511111111,35.65851111111111,1058
138.06123805555555,35.65831111111111,1057
138.06113805555555,35.65823611111111,1053
138.06083805555556,35.65761111111111,1048
138.06081305555554,35.65752,1048
138.0608261111111,35.657445,1048
138.06133805555555,35.65718611111111,1046
138.06153805555556,35.65706111111111,1045
138.06171305555554,35.65690305555555,1045
138.06193805555554,35.65663611111111,1036
138.0620761111111,35.65642805555556,1030
138.06215111111112,35.656236944444444,1026
138.0621761111111,35.656011944444444,1026
138.06216305555554,35.655836944444445,1027
138.06201305555555,35.655445,1025
138.06148805555554,35.65438694444445,1014
138.0614261111111,35.65421194444444,1012
138.06143805555556,35.65355388888889,1011
138.0614011111111,35.65336194444444,1012
138.06126305555554,35.65302888888889,1013
138.06108805555556,35.65271194444444,1012
138.06086305555556,35.65247,1011
138.06066305555555,35.65232888888889,1012
138.0602511111111,35.65210388888889,1012
138.0599761111111,35.652045,1003
138.0595888888889,35.65203694444445,1005
138.05945111111112,35.65197,1007
138.0593638888889,35.65148694444444,1005
138.0593761111111,35.65125388888889,1003
138.05943888888888,35.65098694444445,1001
138.05942611111112,35.650886944444444,1002
138.05931388888888,35.65077888888889,1000
138.0591261111111,35.65067111111111,1000
138.05886388888888,35.65050388888889,1003
138.0586011111111,35.65042888888889,1004
138.0584511111111,35.65035388888889,1002
138.0583261111111,35.65024611111111,999
138.0582388888889,35.65002888888889,1003
138.05818888888888,35.64980388888889,995
138.0581388888889,35.648938055555554,987
138.05785111111112,35.64807111111111,978
138.0578261111111,35.64790388888889,979
138.0578261111111,35.64774611111111,978
138.0578888888889,35.64752111111111,976
138.05818888888888,35.647013055555554,976
138.0582761111111,35.64668805555556,974
138.0583511111111,35.64623805555556,975
138.0583511111111,35.64597111111111,974
138.05831388888888,35.64572111111111,971
138.0582511111111,35.64537111111111,974
138.0582261111111,35.64509611111111,970
138.05820111111112,35.64453,971
138.0582388888889,35.64404611111111,966
138.05830111111112,35.64348805555556,961
138.0582761111111,35.643213055555556,955
138.0577761111111,35.64128,946
138.05761388888888,35.640721944444444,943
138.05752611111112,35.64024694444444,940
138.05752611111112,35.639755,934
138.0576011111111,35.63942194444444,931
138.0578138888889,35.63906388888889,930
138.05816388888888,35.63867194444445,927
138.0583761111111,35.63838111111111,926
138.0587138888889,35.63793111111111,925
138.0587888888889,35.637706111111115,922
138.05886388888888,35.63730611111111,920
138.05886388888888,35.63698888888889,920
138.0588261111111,35.63673111111111,921
138.0587011111111,35.63638111111111,920
138.05831388888888,35.635421944444445,919
138.05822694444444,35.63532305555555,919
138.05780194444444,35.63508888888889,919
138.05770194444443,35.63498111111111,919
138.05755194444444,35.63466388888889,920
138.05751694444444,35.63457888888889,919
138.05751694444444,35.63457888888889,919
138.061275,35.6325025,951
138.061275,35.6325025,951
138.06196166666666,35.63149083333333,970
138.06196166666666,35.63149083333333,970
138.06509444444444,35.630514166666664,1006
138.06509444444444,35.630514166666664,1006
138.06608166666666,35.629084166666665,1031
138.06608166666666,35.629084166666665,1031
138.06612444444445,35.63054916666667,1065
138.06612444444445,35.63054916666667,1065
138.06693972222223,35.6295375,1069
138.06693972222223,35.6295375,1069
138.06822722222222,35.6295375,1087
138.06822722222222,35.6295375,1087
138.06728305555555,35.630723333333336,1107
138.06728305555555,35.630723333333336,1107
138.0666825,35.63218833333333,1123
138.0666825,35.63218833333333,1123
138.0678838888889,35.6310025,1145
138.0678838888889,35.6310025,1145
138.06878527777778,35.63079333333334,1170
138.06878527777778,35.63079333333334,1170
138.06921444444444,35.630305,1167
138.06921444444444,35.630305,1167
138.0696436111111,35.630095555555556,1177
138.0696436111111,35.630095555555556,1177
138.07067361111112,35.6295725,1189
138.07067361111112,35.6295725,1189
138.07140305555555,35.62995611111111,1191
138.07140305555555,35.62995611111111,1191
138.07226138888888,35.6295375,1210
138.07226138888888,35.6295375,1210
138.07230416666667,35.62915388888889,1210
138.07230416666667,35.62915388888889,1210
138.073935,35.62866555555556,1210
138.073935,35.62866555555556,1210
138.0762525,35.629014166666664,1251
138.0762525,35.629014166666664,1251
138.0773252777778,35.62985138888889,1261
138.0773252777778,35.62985138888889,1261
138.07801194444446,35.62992111111111,1262
138.07801194444446,35.62992111111111,1262
138.07861277777778,35.63086305555556,1282
138.07861277777778,35.63086305555556,1282
138.07771166666666,35.63054916666667,1292
138.07771166666666,35.63054916666667,1292
138.07822666666667,35.63142111111111,1303
138.07822666666667,35.63142111111111,1303
138.0788275,35.63204888888889,1312
138.0788275,35.63204888888889,1312
138.0793852777778,35.63281638888889,1338
138.0793852777778,35.63281638888889,1338
138.07865583333333,35.63274666666667,1338
138.07865583333333,35.63274666666667,1338
138.078055,35.63288611111111,1342
138.078055,35.63288611111111,1342
138.07865583333333,35.633165,1352
138.07865583333333,35.633165,1352
138.07775444444445,35.63351388888889,1358
138.07775444444445,35.63351388888889,1358
138.07693916666668,35.632955833333334,1358
138.07693916666668,35.632955833333334,1358
138.07681027777778,35.63204888888889,1355
138.07681027777778,35.63204888888889,1355
138.07590916666666,35.63086305555556,1361
138.07590916666666,35.63086305555556,1361
138.07487916666668,35.63047916666667,1396
138.07487916666668,35.63047916666667,1396
138.07526555555555,35.63156055555555,1426
138.07526555555555,35.63156055555555,1426
138.07445,35.63225833333333,1442
138.07445,35.63225833333333,1442
138.07423555555556,35.63330472222222,1449
138.07423555555556,35.63330472222222,1449
138.07342,35.634037222222226,1443
138.07342,35.634037222222226,1443
138.07337722222223,35.634525555555555,1450
138.07337722222223,35.634525555555555,1450
138.07384916666666,35.63407194444444,1455
138.07384916666666,35.63407194444444,1455
138.07479333333333,35.63351388888889,1453
138.07479333333333,35.63351388888889,1453
138.07543722222223,35.63435111111111,1466
138.07561,35.63427111111111,1459
138.076075,35.63494,1466
138.0766,35.635515,1483
138.07698805555555,35.635798055555554,1489
138.0773,35.63589,1499
138.07768805555557,35.63585611111111,1495
138.07811305555555,35.63563111111111,1491
138.078325,35.63565611111111,1491
138.07863805555556,35.63574805555555,1500
138.07908694444444,35.635598055555555,1503
138.079475,35.635598055555555,1503
138.079825,35.63589,1517
138.08031194444445,35.63609,1514
138.08066305555556,35.636406111111114,1518
138.080875,35.63703111111111,1528
138.08101194444444,35.63746388888889,1534
138.08118694444445,35.63768888888889,1538
138.081475,35.63780611111111,1544
138.0821,35.637948055555555,1544
138.08238694444444,35.63823111111111,1547
138.082525,35.63843111111111,1547
138.0826,35.63880611111111,1546
138.08256194444445,35.63912305555556,1549
138.08235,35.63932305555556,1554
138.08221194444445,35.63932305555556,1556
138.0821,35.63928888888889,1557
138.08196194444446,35.63900611111111,1556
138.08178694444445,35.63886388888889,1555
138.08101194444444,35.63840611111111,1557
138.080875,35.63840611111111,1558
138.08083694444446,35.63848888888889,1561
138.08083694444446,35.638573055555554,1565
138.0814,35.63894805555555,1564
138.08143694444445,35.63908888888889,1567
138.0814,35.639181111111114,1570
138.08126194444444,35.63920611111111,1571
138.08116194444443,35.63920611111111,1573
138.080525,35.63886388888889,1576
138.080425,35.63883111111111,1578
138.08031194444445,35.63892305555556,1582
138.08028694444445,35.63908888888889,1584
138.080425,35.63972305555556,1588
138.080525,35.64008888888889,1588
138.08066194444444,35.64020611111111,1589
138.08081194444443,35.64026388888889,1595
138.082425,35.64031388888889,1605
138.082825,35.64028111111111,1614
138.0832988888889,35.64008888888889,1622
138.0833988888889,35.640056111111114,1623
138.0838238888889,35.639923055555556,1629
138.08424888888888,35.63981388888889,1635
138.08527388888888,35.63965611111111,1643
138.08571194444445,35.63963888888889,1651
138.08613694444443,35.63968111111111,1655
138.08662388888888,35.63991388888889,1658
138.08671194444443,35.63991388888889,1658
138.08717388888888,35.639648055555554,1653
138.08741194444445,35.63956388888889,1657
138.08762388888888,35.63956388888889,1657
138.08853694444446,35.63988111111111,1652
138.08934888888888,35.640188888888886,1665
138.08971111111111,35.640348055555556,1667
138.0901738888889,35.640573055555556,1669
138.0903988888889,35.640573055555556,1666
138.0905111111111,35.640456111111114,1665
138.0906861111111,35.640098055555555,1654
138.0906611111111,35.63955611111111,1644
138.09057388888888,35.63904,1665
138.0902861111111,35.63832305555555,1674
138.0900988888889,35.63764805555556,1685
138.0900488888889,35.63713194444444,1698
138.0905361111111,35.636815,1715
138.09069888888888,35.636615,1715
138.09079888888888,35.63634,1716
138.09083305555555,35.63613111111111,1715
138.09083194444443,35.63613111111111,1715
138.0909488888889,35.635415,1715
138.09092388888888,35.635015,1714
138.0907861111111,35.634315,1717
138.0905488888889,35.633656944444446,1712
138.0905488888889,35.63334111111111,1712
138.0907238888889,35.632823888888886,1713
138.09093611111112,35.63262388888889,1715
138.0912111111111,35.63254111111111,1715
138.0913611111111,35.63242388888889,1714
138.09138611111112,35.631658055555555,1726
138.0915361111111,35.631481944444445,1726
138.09206111111112,35.631058055555556,1726
138.0926861111111,35.630856944444446,1725
138.09377388888888,35.63062388888889,1727
138.0940611111111,35.63070694444445,1727
138.0944111111111,35.63088194444445,1727
138.0947611111111,35.63088194444445,1726
138.09499888888888,35.63079888888889,1728
138.0950738888889,35.63068305555556,1727
138.0950738888889,35.63059888888889,1724
138.0950361111111,35.63050805555555,1725
138.09454888888888,35.63008305555555,1723
138.09443611111112,35.62990805555555,1721
138.09443611111112,35.62962388888889,1723
138.09454888888888,35.62942388888889,1731
138.0947988888889,35.62922388888889,1736
138.0952111111111,35.62904888888889,1733
138.0952861111111,35.62899111111111,1732
138.0952861111111,35.628908055555556,1732
138.09524888888888,35.62882388888889,1733
138.09477388888888,35.62835805555556,1732
138.09468611111112,35.628283055555556,1734
138.0946111111111,35.627766111111114,1734
138.09419888888888,35.62641694444444,1740
138.09423611111112,35.626133055555556,1742
138.09433611111112,35.62575805555556,1742
138.0943738888889,35.62545,1744
138.0942988888889,35.625216944444446,1744
138.0942988888889,35.62505,1744
138.0943738888889,35.62493305555556,1746
138.0945111111111,35.624875,1746
138.0951488888889,35.62493305555556,1748
138.0955238888889,35.6247,1744
138.0958738888889,35.6243,1741
138.09591111111112,35.62393388888889,1745
138.09647388888888,35.623533888888886,1744
138.0967861111111,35.62333388888889,1747
138.09682388888888,35.62315888888889,1737
138.0967238888889,35.623016944444444,1731
138.09637388888888,35.6229,1727
138.0962988888889,35.62275888888889,1728
138.0962988888889,35.62255888888889,1729
138.0963361111111,35.62192611111111,1725
138.0961988888889,35.62178388888889,1723
138.09591111111112,35.62178388888889,1724
138.0955988888889,35.62198388888889,1725
138.09532388888888,35.622216944444446,1715
138.0945861111111,35.62227611111111,1711
138.09443611111112,35.62213388888889,1708
138.09433611111112,35.62178388888889,1708
138.0940611111111,35.62164194444444,1707
138.0936738888889,35.62172611111111,1704
138.0933861111111,35.62172611111111,1702
138.0928988888889,35.62152611111111,1694
138.0925488888889,35.621158888888885,1687
138.09207388888888,35.62038388888889,1693
138.09208694444445,35.62023388888889,1694
138.09216194444446,35.62010111111111,1694
138.09291194444444,35.619233888888886,1678
138.0928988888889,35.619143055555554,1677
138.09272388888888,35.61905111111111,1675
138.0923488888889,35.61900888888889,1671
138.0921238888889,35.618941944444444,1673
138.09123694444443,35.618493055555554,1673
138.09058694444445,35.61807611111111,1675
138.0902738888889,35.61781694444444,1681
138.0899738888889,35.61750111111111,1682
138.08956194444445,35.61696805555555,1686
138.0888488888889,35.61647611111111,1682
138.08853694444446,35.61615888888889,1682
138.0883988888889,35.616101111111114,1685
138.088075,35.61605888888889,1685
138.08771194444444,35.61604305555556,1688
138.087575,35.61597611111111,1695
138.08708694444445,35.615676111111114,1691
138.08685,35.615493055555554,1693
138.08666194444444,35.61523388888889,1690
138.08635,35.61503388888889,1684
138.086,35.614893055555555,1681
138.085475,35.614893055555555,1673
138.08505,35.61500888888889,1670
138.08406194444444,35.615068055555554,1672
138.08386194444444,35.61497611111111,1677
138.08351305555556,35.61471805555556,1665
138.08291194444445,35.61460888888889,1669
138.08256194444445,35.61389305555556,1663
138.08256305555557,35.613635,1655
138.08248805555556,35.61337611111111,1656
138.082075,35.61266,1646
138.08175,35.61237611111111,1639
138.0814,35.61197611111111,1629
138.08133805555556,35.61194305555556,1629
138.08118805555554,35.61194305555556,1626
138.08105,35.612035,1626
138.08046305555555,35.612543055555555,1625
138.08028805555554,35.612635,1625
138.08011305555556,35.612635,1624
138.07947611111112,35.61257611111111,1615
138.07856305555555,35.61295111111111,1610
138.07811305555555,35.61329305555556,1604
138.0780761111111,35.61371805555556,1599
138.07803805555557,35.61383388888889,1599
138.07796305555556,35.61385888888889,1597
138.07790111111112,35.61385888888889,1597
138.07778805555554,35.61383388888889,1594
138.0777261111111,35.61371805555556,1591
138.07761305555556,35.61289305555555,1587
138.07741305555555,35.612493055555554,1585
138.0769511111111,35.611918055555556,1580
138.07688805555554,35.611835,1578
138.07681305555556,35.61180111111111,1578
138.07642611111112,35.61174305555556,1573
138.07632611111111,35.611693055555556,1571
138.0762511111111,35.61160111111111,1571
138.0762511111111,35.61154305555556,1571
138.07632611111111,35.611485,1571
138.07642611111112,35.61146,1572
138.0770261111111,35.61146,1569
138.07755111111112,35.611035,1568
138.07793805555556,35.610976111111114,1566
138.07803805555557,35.61091805555556,1564
138.0780761111111,35.610835,1565
138.0780761111111,35.61034305555555,1563
138.07796305555556,35.610143055555554,1564
138.07803805555557,35.60906,1553
138.07790111111112,35.608601944444445,1545
138.07776305555555,35.60826,1545
138.0774761111111,35.60796888888889,1543
138.07743805555555,35.60745194444444,1535
138.07734194444444,35.607351111111115,1533
138.07734194444444,35.607351111111115,1533
138.07720111111112,35.60720194444445,1531
138.07652611111112,35.607085,1526
138.07597611111112,35.60691,1528
138.07527611111112,35.60656888888889,1518
138.07527611111112,35.60634388888889,1511
138.0753761111111,35.606051944444445,1506
138.0753761111111,35.605851944444446,1505
138.07485111111112,35.60496888888889,1505
138.0746761111111,35.60479388888889,1505
138.0738388888889,35.60425194444444,1504
138.07380111111112,35.60411111111111,1502
138.0738388888889,35.603876944444444,1501
138.07378888888888,35.60326888888889,1496
138.0737511111111,35.60303611111111,1495
138.0736261111111,35.60291111111111,1495
138.0734138888889,35.60281888888889,1495
138.0726011111111,35.60259388888889,1491
138.07232611111112,35.60245194444445,1486
138.0720761111111,35.60219388888889,1488
138.0718038888889,35.60209,1482
</coordinates>
</LineString>
</Placemark>
</Document>
</kml>
