<?xml version="1.0" encoding="UTF-8"?>
<kml xmlns="http://www.opengis.net/kml/2.2" xmlns:atom="http://www.w3.org/2005/Atom">
<Document>
<name>wcc12月貴志川</name>
<atom:author>
<atom:name>にも</atom:name>
</atom:author> 
<atom:link href="https://latlonglab.yahoo.co.jp/route/watch?id=a4277f5267e8a8f590c9ac5a30d068c5" />
<description><![CDATA[]]></description>
<tags><![CDATA[]]></tags>  
<Placemark>
<Style>
<LineStyle>
<color>99ff0000</color>
<width>6</width>
</LineStyle>
</Style>
<LineString>
<coordinates>
135.18871,34.187846111111114,4
135.18882694444446,34.18818,4
135.18902694444444,34.18883805555556,4
135.1892138888889,34.189405,4
135.1892638888889,34.189588055555554,4
135.18942611111112,34.190088055555556,4
135.1894388888889,34.190221111111114,4
135.1894638888889,34.19041305555555,4
135.1894761111111,34.190605,4
135.1894888888889,34.190663055555554,4
135.1894638888889,34.19082888888889,4
135.1894638888889,34.190871111111115,4
135.1894511111111,34.19109611111111,4
135.1894388888889,34.191138055555555,4
135.1894388888889,34.19122888888889,4
135.18941388888888,34.19138805555556,4
135.18940111111112,34.191496111111114,4
135.18938888888889,34.191628888888886,4
135.1893761111111,34.191721111111114,4
135.1893761111111,34.19177111111111,4
135.1893638888889,34.19184611111111,4
135.1893511111111,34.191988055555555,4
135.18932611111111,34.192188055555555,3
135.18931388888888,34.19232888888889,3
135.18930111111112,34.19253805555555,3
135.18928888888888,34.19282888888889,3
135.18928888888888,34.19289611111111,3
135.18928888888888,34.19320388888889,3
135.18928888888888,34.193353888888886,2
135.18931388888888,34.19347888888889,2
135.18932611111111,34.19357111111111,2
135.1893511111111,34.19362111111111,2
135.18941388888888,34.193778888888886,2
135.1894638888889,34.193911944444444,2
135.18953888888888,34.19405388888889,2
135.1896761111111,34.19434611111111,2
135.18973888888888,34.19454611111111,1
135.18973888888888,34.19459611111111,1
135.18973888888888,34.19463694444445,1
135.18963888888888,34.19497888888889,1
135.18963888888888,34.19529611111111,1
135.1896638888889,34.195571111111114,1
135.18973888888888,34.19587111111111,1
135.1898011111111,34.196128888888886,3
135.1899138888889,34.19657111111111,3
135.18998888888888,34.19692888888889,3
135.19000111111112,34.196978888888886,3
135.1900261111111,34.19710388888889,3
135.1900511111111,34.19723694444444,4
135.1900388888889,34.19732888888889,4
135.1900388888889,34.19739611111111,4
135.18987611111112,34.19802,4
135.1898261111111,34.19820388888889,4
135.1897888888889,34.198278888888886,4
135.18940111111112,34.19877888888889,3
135.1892638888889,34.19893694444445,2
135.1890261111111,34.19925388888889,2
135.1889011111111,34.199395,2
135.1886011111111,34.19978694444445,2
135.1888888888889,34.19998694444445,3
135.1889888888889,34.200045,3
135.18908888888888,34.20007888888889,3
135.18917611111112,34.200095,4
135.1894888888889,34.20007888888889,5
135.1896761111111,34.20005388888889,5
135.18975111111112,34.20003694444444,5
135.18986388888888,34.19998694444445,5
135.19020111111112,34.199795,5
135.1904761111111,34.199695,5
135.19063888888888,34.19967,4
135.1909761111111,34.19963694444444,4
135.1923138888889,34.19957,4
135.1923888888889,34.19956194444445,4
135.19247611111112,34.19957888888889,4
135.19260111111112,34.19958694444444,4
135.19268888888888,34.19962,4
135.19268305555556,34.19959111111111,4
135.19268305555556,34.19959111111111,4
135.19268888888888,34.19962,4
135.1927761111111,34.19967888888889,4
135.19326388888888,34.200136944444445,4
135.19403805555555,34.200853055555555,4
135.19413805555556,34.20091194444444,4
135.1944511111111,34.200961944444444,4
135.1945761111111,34.20102,4
135.19476305555557,34.20128694444445,4
135.19776305555555,34.201461944444446,4
135.19866305555556,34.20151194444445,4
135.1987761111111,34.20152,4
135.19995111111112,34.20157888888889,4
135.20017611111112,34.20158694444444,4
135.20091305555556,34.20162888888889,5
135.20091305555556,34.20172888888889,5
135.2011261111111,34.20173694444444,13
135.20338805555556,34.201836944444445,4
135.20445,34.20185388888889,4
135.204925,34.201861944444445,4
135.2051,34.201861944444445,4
135.20523805555555,34.20187,4
135.206075,34.201845,4
135.2072,34.201845,4
135.209175,34.20185388888889,4
135.2104,34.20187111111111,3
135.21037388888888,34.20198305555556,3
135.21037388888888,34.20198305555556,3
135.21023694444443,34.202595,3
135.21006194444445,34.203536944444444,3
135.20996194444444,34.20400388888889,3
135.2099,34.20436194444444,4
135.20978694444443,34.204953055555556,4
135.20918694444444,34.20791111111111,7
135.20913694444445,34.20807,7
135.20895,34.20901888888889,8
135.208825,34.20964388888889,8
135.20871194444445,34.210228055555554,9
135.20868694444445,34.21033611111111,9
135.208475,34.21140194444445,8
135.20836194444445,34.211978055555555,7
135.20815,34.21301888888889,6
135.208125,34.21317694444444,6
135.20803694444444,34.21359388888889,5
135.2079,34.21425194444444,4
135.20783694444444,34.214576944444445,4
135.20778694444445,34.21482694444445,4
135.207725,34.21514388888889,4
135.20758694444444,34.215876944444446,4
135.20748694444444,34.216335,4
135.20741194444443,34.21661888888889,4
135.2074,34.21669388888889,4
135.20735,34.21747694444444,4
135.20723694444445,34.219535,4
135.2072,34.22042611111111,4
135.207125,34.22171,5
135.2071,34.22202611111111,5
135.207075,34.222276111111114,5
135.207025,34.222768055555555,4
135.20701194444445,34.223258888888886,4
135.20698694444445,34.22360111111111,4
135.20698694444445,34.223868055555556,4
135.207,34.22398388888889,4
135.20703694444444,34.22476805555556,4
135.2070488888889,34.22503388888889,4
135.20709888888888,34.22591805555555,4
135.20709888888888,34.22598388888889,4
135.2071488888889,34.22695111111111,5
135.2071488888889,34.22710111111111,5
135.2071738888889,34.22760888888889,5
135.2071738888889,34.22783388888889,5
135.20719888888888,34.22866694444444,5
135.20726194444444,34.22988388888889,5
135.20732388888888,34.22996694444444,5
135.20720194444445,34.22996388888889,5
135.20720194444445,34.22996388888889,5
135.20732388888888,34.22996694444444,5
135.2078238888889,34.229976111111114,5
135.2082988888889,34.230001111111115,5
135.20848694444445,34.23001694444444,5
135.20867388888888,34.23005888888889,5
135.20916194444445,34.23021694444444,5
135.2093988888889,34.230333888888886,5
135.20956194444443,34.23040888888889,5
135.20979888888888,34.23054194444445,5
135.2098738888889,34.23068388888889,5
135.2099738888889,34.230941944444446,5
135.2099988888889,34.23102611111111,5
135.21001194444443,34.23122611111111,5
135.21004888888888,34.23162611111111,5
135.21003694444445,34.23170888888889,5
135.21003694444445,34.23184194444445,5
135.21002388888888,34.23200888888889,5
135.20993694444445,34.23294194444444,5
135.20991194444446,34.2332,5
135.20991194444446,34.233225,5
135.20991194444446,34.23356694444445,5
135.20986194444444,34.23385,5
135.20986194444444,34.233941944444446,5
135.20986194444444,34.23401694444444,5
135.20986194444444,34.23424194444444,5
135.20986194444444,34.23443388888889,5
135.20993694444445,34.23490805555556,5
135.2099488888889,34.235016944444446,5
135.20998694444444,34.23525,5
135.20998694444444,34.235283055555556,5
135.20998694444444,34.23531694444444,5
135.21002388888888,34.235525,5
135.2101238888889,34.23595,5
135.21018694444444,34.236075,5
135.21015888888888,34.23612305555555,5
135.21015888888888,34.23612305555555,5
135.21018694444444,34.236075,5
135.21023694444443,34.236108055555555,5
135.21047388888888,34.23623305555556,5
135.21086194444445,34.236516944444446,5
135.21113694444443,34.236733055555554,5
135.2113738888889,34.23696694444445,5
135.2116861111111,34.2372,5
135.21218611111112,34.237525,7
135.21207388888888,34.2381,6
135.21197388888888,34.23865,6
135.21196111111112,34.23878305555556,6
135.21197388888888,34.23891611111111,6
135.2120611111111,34.23924111111111,6
135.21218611111112,34.239558055555555,6
135.21219888888888,34.23966611111111,6
135.2121488888889,34.23975,6
135.2119361111111,34.23999111111111,5
135.21186111111112,34.2401,5
135.2117988888889,34.24025805555556,5
135.2117861111111,34.240383055555554,5
135.2117861111111,34.2406,5
135.2118111111111,34.24065,5
135.21196111111112,34.240925,5
135.21208611111112,34.24105,5
135.2123611111111,34.24126611111111,5
135.2126738888889,34.241483055555555,5
135.21276111111112,34.24155805555556,5
135.21286111111112,34.241675,5
135.21297388888888,34.241841111111114,5
135.2131361111111,34.24223305555556,5
135.2131488888889,34.242275,5
135.2131738888889,34.24234111111111,5
135.2132488888889,34.24260805555556,5
135.2132861111111,34.24283305555556,5
135.2133488888889,34.243273888888886,5
135.21342388888888,34.24365805555556,5
135.2137488888889,34.24368305555556,5
135.21377388888888,34.24369111111111,5
135.2141861111111,34.244008055555554,5
135.21436111111112,34.24415805555556,5
135.2145988888889,34.24430805555556,5
135.2148738888889,34.24449888888889,5
135.2148861111111,34.24455805555556,5
135.21491111111112,34.24462388888889,5
135.21493611111111,34.244708055555556,5
135.21536111111112,34.245066111111115,5
135.2154111111111,34.24512388888889,5
135.2156861111111,34.24547388888889,5
135.2157238888889,34.24553888888889,5
135.2157238888889,34.24553888888889,5
135.2156861111111,34.24547388888889,5
135.2154111111111,34.24512388888889,5
135.21637388888888,34.24512388888889,5
135.2170238888889,34.24514111111111,5
135.21749888888888,34.245173888888885,5
135.2178111111111,34.24515805555556,5
135.21787305555554,34.24515805555556,5
135.2179111111111,34.24515805555556,5
135.21802305555556,34.24515805555556,5
135.21814805555556,34.24516611111111,5
135.21818611111112,34.24516611111111,5
135.2182361111111,34.24516611111111,5
135.2198111111111,34.24525805555555,5
135.22272305555555,34.245358055555556,8
135.22357305555556,34.24539111111111,9
135.22442305555555,34.245425,10
135.22509805555555,34.24541611111111,10
135.22511111111112,34.245508055555554,9
135.22589805555555,34.24834888888889,8
135.226035,34.24884111111111,9
135.22607305555556,34.248933055555554,10
135.22626,34.24914888888889,10
135.226535,34.24944888888889,11
135.22661,34.249541111111114,11
135.22679805555555,34.24969111111111,14
135.226935,34.24981611111111,13
135.22709805555556,34.25004111111111,11
135.22761,34.25079111111111,10
135.227785,34.25109111111111,10
135.22782305555555,34.25116611111111,10
135.22807194444445,34.251691111111114,9
135.228135,34.251823888888886,9
135.22824805555555,34.25217388888889,9
135.22836,34.25259888888889,10
135.228385,34.25271611111111,10
135.228535,34.25268305555556,10
135.22917194444443,34.25255805555555,10
135.22952305555555,34.25251611111111,10
135.23009694444445,34.252473888888886,10
135.23062305555555,34.25245805555556,10
135.23103194444445,34.25243611111111,10
135.23103194444445,34.25243611111111,10
135.23097944444444,34.25242444444444,10
135.23092694444443,34.2524125,10
135.2308747222222,34.25240083333333,10
135.23082222222223,34.25238916666667,10
135.23076972222222,34.2523775,10
135.2307172222222,34.252365555555556,10
135.23066472222223,34.25235388888889,10
135.23061222222222,34.252342222222225,10
135.23056,34.25233055555555,9
135.2305075,34.252318611111114,9
135.230455,34.25230694444444,9
135.2304025,34.252295277777776,9
135.23035,34.25228361111111,9
135.2302975,34.252271666666665,9
135.23024527777778,34.25226,9
135.23019277777777,34.252248333333334,9
135.23014027777776,34.25223666666667,9
135.23008777777778,34.25222472222222,9
135.23003527777777,34.25221305555556,9
135.22998305555555,34.25220138888889,9
135.22993055555557,34.25218944444445,9
135.22987805555556,34.252177777777774,9
135.22982555555555,34.25216611111111,9
135.22977305555557,34.25215444444444,9
135.22972055555556,34.2521425,9
135.22966833333334,34.25213083333333,9
135.22961583333333,34.25211916666667,9
135.22961333333333,34.25211861111111,9
135.22961333333333,34.25211861111111,9
135.22966416666668,34.25210222222222,9
135.2297147222222,34.25208583333333,9
135.22976527777777,34.252069444444444,9
135.22981583333333,34.252053333333336,9
135.2298663888889,34.25203694444444,9
135.2299172222222,34.25202055555555,9
135.22996777777777,34.252004166666666,9
135.23001833333333,34.25198777777778,9
135.2300688888889,34.25197138888889,9
135.23009888888888,34.251961944444446,9
135.23009888888888,34.251961944444446,9
135.23015916666665,34.25196416666667,9
135.23021916666667,34.25196666666667,9
135.23027916666666,34.25196916666667,9
135.23033944444444,34.25197166666667,9
135.23039944444446,34.25197416666666,9
135.23045972222224,34.251976666666664,9
135.23051972222223,34.251979166666665,9
135.23057972222222,34.251981666666666,9
135.23064,34.25198416666667,9
135.2307,34.25198666666667,9
135.23076,34.25198916666667,9
135.23082027777778,34.25199138888889,9
135.23088027777777,34.25199388888889,9
135.2309402777778,34.25199638888889,9
135.23100055555557,34.25199888888889,9
135.23106055555556,34.252001388888885,9
135.23112055555555,34.252003888888886,9
135.23118083333333,34.25200638888889,9
135.23124083333335,34.25200888888889,9
135.23130111111112,34.25201138888889,9
135.2313611111111,34.25201388888889,9
135.2314211111111,34.25201638888889,9
135.23148138888888,34.25201861111111,9
135.2315413888889,34.25202111111111,9
135.2316013888889,34.25202361111111,9
135.23166166666667,34.252026111111114,9
135.23172166666666,34.25202861111111,9
135.23178166666668,34.25203111111111,9
135.23184194444445,34.25203361111111,9
135.23190194444445,34.25203611111111,9
135.23196194444444,34.25203861111111,9
135.2320222222222,34.25204111111111,10
135.23208222222223,34.25204361111111,10
135.2321425,34.252045833333334,10
135.2322025,34.252048333333335,10
135.2322625,34.252050833333335,10
135.23232277777777,34.252053333333336,10
135.2323827777778,34.25205583333333,10
135.2323827777778,34.25205583333333,10
135.2324188888889,34.2520225,10
135.23245527777777,34.25198888888889,10
135.2324913888889,34.251955555555554,10
135.2325277777778,34.25192194444445,10
135.23256388888888,34.25188833333333,10
135.2326,34.251855,10
135.2326363888889,34.25182138888889,10
135.2326725,34.25178805555556,10
135.23270888888888,34.251754444444444,10
135.232745,34.25172111111111,10
135.2327811111111,34.2516875,10
135.2328175,34.25165416666667,9
135.23285361111112,34.251620555555554,9
135.23289,34.25158722222222,10
135.2329261111111,34.25155361111111,9
135.23296222222223,34.25152027777778,9
135.2329986111111,34.251486666666665,9
135.23303472222221,34.25145333333333,10
135.23307111111112,34.251419722222224,10
135.23310722222223,34.25138638888889,10
135.23314333333335,34.251352777777775,10
135.23317972222222,34.25131916666667,10
135.23321583333333,34.251285833333334,10
135.23325222222223,34.25125222222222,10
135.23328833333332,34.251218888888886,10
135.23332472222222,34.25118527777778,10
135.2333463888889,34.25116527777778,10
135.2333463888889,34.25116527777778,10
135.23339916666666,34.251154722222225,10
135.23345194444445,34.25114388888889,10
135.23350472222222,34.251133333333335,10
135.2335575,34.2511225,10
135.23361027777779,34.25111166666667,10
135.23366305555555,34.25110111111111,10
135.23371583333332,34.25109027777778,10
135.23376861111112,34.25107972222222,10
135.23382138888888,34.25106888888889,10
135.23387416666668,34.25105833333333,10
135.23392694444445,34.2510475,10
135.23397972222222,34.251036944444444,10
135.23403222222223,34.25102611111111,10
135.234085,34.251015555555554,10
135.2341377777778,34.25100472222222,10
135.23419055555556,34.250994166666665,9
135.23424333333332,34.25098333333333,10
135.23429611111112,34.250972777777775,10
135.2343488888889,34.25096194444444,10
135.23440166666666,34.250951111111114,10
135.23445444444445,34.25094055555556,10
135.23450722222222,34.250929722222224,10
135.23456,34.25091916666667,10
135.23458305555556,34.25091444444445,10
135.23458305555556,34.25091444444445,10
135.2346836111111,34.25091972222222,10
135.23478416666666,34.25092472222222,10
135.234885,34.250929722222224,10
135.23498555555557,34.250935,10
135.23508611111112,34.25094,10
135.23518694444445,34.25094527777778,10
135.2352875,34.250950277777775,10
135.23538805555555,34.25095527777778,10
135.23548861111112,34.25096055555556,9
135.23558944444446,34.25096555555555,9
135.23569,34.250970833333334,9
135.23579055555555,34.250975833333335,9
135.2358911111111,34.25098111111111,9
135.23599194444444,34.25098611111111,9
135.2360925,34.25099111111111,9
135.23619305555556,34.250996388888886,9
135.2362936111111,34.25100138888889,10
135.23639444444444,34.25100666666667,10
135.236495,34.25101166666666,10
135.23659555555557,34.251016944444444,10
135.2366963888889,34.251021944444446,10
135.23679694444445,34.25102694444445,10
135.2368975,34.25103222222222,10
135.23699805555555,34.25103722222222,10
135.23709888888888,34.2510425,9
135.23719944444446,34.2510475,9
135.2373,34.2510525,9
135.23740055555555,34.25105777777778,9
135.2375013888889,34.251062777777776,9
135.23760194444444,34.25106805555556,9
135.2377025,34.25107305555556,9
135.23780333333335,34.25107833333333,9
135.2379038888889,34.251083333333334,9
135.23800444444444,34.251088333333335,9
135.238105,34.25109361111111,9
135.23820583333332,34.25109861111111,9
135.2383063888889,34.25110388888889,9
135.23840694444445,34.251108888888886,9
135.23840694444445,34.251108888888886,9
135.23846777777777,34.25109,9
135.23852833333333,34.25107138888889,9
135.23858916666666,34.2510525,10
135.23864972222222,34.25103361111111,10
135.23871055555554,34.25101472222222,10
135.2387711111111,34.250996111111114,9
135.23883194444446,34.250977222222225,9
135.2388925,34.25095833333334,10
135.23895333333334,34.25093972222222,10
135.23901388888888,34.25092083333333,10
135.23907472222223,34.25090194444444,10
135.2391352777778,34.250883055555555,9
135.2391961111111,34.250864444444446,9
135.23925666666668,34.25084555555556,9
135.2393175,34.25082666666667,9
135.23937833333332,34.25080777777778,10
135.23943888888888,34.250789166666664,10
135.23949972222223,34.250770277777775,9
135.23956027777777,34.25075138888889,9
135.23962111111112,34.2507325,9
135.23968166666666,34.25071388888889,10
135.2397425,34.250695,10
135.23980305555557,34.25067611111111,10
135.2398638888889,34.2506575,9
135.23992444444445,34.250638611111114,9
135.23998527777778,34.250619722222226,9
135.24004583333334,34.25060083333333,10
135.24010666666666,34.25058222222222,10
135.24016722222223,34.25056333333333,10
135.24022805555555,34.250544444444444,9
135.2402886111111,34.250525555555555,9
135.24034944444443,34.250506944444446,9
135.24041,34.25048805555556,9
135.24047083333335,34.25046916666667,10
135.24053138888888,34.25045027777778,10
135.24059222222223,34.250431666666664,9
135.24065305555555,34.250412777777775,9
135.24071361111112,34.25039388888889,9
135.24071361111112,34.25039388888889,9
135.24071361111112,34.25039388888889,9
135.24086527777777,34.25039861111111,10
135.2410172222222,34.25040333333333,10
135.2411688888889,34.25040777777778,10
135.24132055555555,34.2504125,10
135.24147222222223,34.250416944444446,10
135.24162416666667,34.25042166666667,9
135.24177583333332,34.25042638888889,9
135.2419275,34.25043083333333,9
135.24207916666666,34.250435555555555,9
135.24223111111112,34.25044027777778,9
135.24238277777778,34.25044472222222,10
135.24253444444443,34.25044944444444,10
135.2426863888889,34.25045388888889,10
135.24283805555555,34.250458611111114,10
135.24298972222223,34.250463333333336,10
135.2431413888889,34.25046777777778,10
135.24329333333333,34.2504725,10
135.243445,34.25047722222222,10
135.24359666666666,34.250481666666666,10
135.2437486111111,34.25048638888889,10
135.24390027777778,34.25049111111111,10
135.24405194444444,34.25049555555555,10
135.24420361111112,34.250500277777775,10
135.24435555555556,34.250504722222225,10
135.2445072222222,34.25050944444445,10
135.2446588888889,34.25051416666667,10
135.24481055555555,34.25051861111111,10
135.2449625,34.250523333333334,10
135.24511416666667,34.250528055555556,10
135.24526583333332,34.2505325,10
135.2454177777778,34.25053722222222,10
135.24556944444444,34.25054166666666,10
135.24572111111112,34.250546388888885,10
135.24587277777778,34.25055111111111,10
135.24602472222222,34.25055555555556,10
135.2461763888889,34.25056027777778,10
135.24632805555555,34.250565,10
135.24647972222223,34.250569444444444,10
135.24647972222223,34.250569444444444,10
135.24647972222223,34.250569444444444,10
135.2465427777778,34.25057722222222,10
135.24660555555556,34.25058472222222,10
135.24666861111112,34.250592222222224,10
135.2467313888889,34.2506,10
135.24679444444445,34.2506075,10
135.24685722222222,34.250615,10
135.24692,34.25062277777778,10
135.24698305555555,34.25063027777778,10
135.24704583333335,34.250637777777776,10
135.2471088888889,34.25064555555556,10
135.24717166666667,34.25065305555555,10
135.24723472222223,34.250660555555555,9
135.2472975,34.25066833333333,10
135.24736027777777,34.25067583333333,10
135.24742333333333,34.250683333333335,10
135.2474861111111,34.25069111111111,10
135.24754916666666,34.25069861111111,10
135.24761194444446,34.250706111111114,10
135.247675,34.25071388888889,10
135.2477377777778,34.25072138888889,10
135.24780055555556,34.25072888888889,10
135.24786361111111,34.25073666666667,10
135.24792638888889,34.250744166666664,10
135.24798944444444,34.250751666666666,10
135.2480522222222,34.25075944444445,9
135.248115,34.25076694444444,9
135.24817805555554,34.250774444444446,9
135.24824083333334,34.25078194444445,10
135.2483038888889,34.25078972222222,10
135.24836666666667,34.250797222222225,10
135.24842972222223,34.25080472222222,10
135.2484925,34.2508125,10
135.24855527777777,34.25082,10
135.24861833333333,34.2508275,9
135.24868111111113,34.250835277777774,9
135.24874416666665,34.25084277777778,9
135.24880694444445,34.25085027777778,9
135.24887,34.250858055555554,9
135.24887,34.250858055555554,9
135.24887,34.250858055555554,9
135.2489838888889,34.250885277777776,9
135.2490977777778,34.2509125,9
135.24921194444445,34.25093972222222,9
135.24932583333333,34.25096694444444,9
135.24944,34.250994166666665,9
135.2495538888889,34.25102138888889,9
135.24966805555556,34.25104861111111,9
135.24978194444444,34.25107583333333,9
135.24989583333334,34.251103055555554,9
135.25001,34.251130277777776,9
135.25012388888888,34.2511575,9
135.25023805555554,34.25118472222222,9
135.25035194444445,34.25121194444444,9
135.2504661111111,34.251239166666664,9
135.25058,34.25126638888889,9
135.2506938888889,34.25129361111111,9
135.25080805555555,34.25132083333333,9
135.25092194444446,34.25134833333333,9
135.25103611111112,34.251375555555555,9
135.25115,34.25140277777778,9
135.25126416666666,34.25143,9
135.25137805555556,34.25145722222222,9
135.25149194444444,34.25148444444444,9
135.2516061111111,34.251511666666666,9
135.25172,34.25153888888889,9
135.25183416666667,34.25156611111111,9
135.25194805555554,34.25159333333333,9
135.25206222222224,34.251620555555554,9
135.2521761111111,34.25164777777778,9
135.25229,34.251675,9
135.25240416666668,34.25170222222222,9
135.25251805555556,34.25172944444444,9
135.25263222222222,34.251756666666665,9
135.25274611111112,34.25178388888889,9
135.25286027777778,34.25181111111111,9
135.25297416666666,34.25183833333333,9
135.25308805555557,34.251865555555554,9
135.25320222222223,34.251892777777776,10
135.25320222222223,34.251892777777776,10
135.25320222222223,34.251892777777776,10
135.25325527777778,34.25190222222222,10
135.25330833333334,34.251911666666665,10
135.25336166666668,34.25192111111111,9
135.25341472222223,34.25193055555555,9
135.2534677777778,34.25194,9
135.2535211111111,34.25194916666667,9
135.25357416666668,34.251958611111114,9
135.25362722222224,34.25196805555556,9
135.25368055555555,34.2519775,9
135.2537336111111,34.25198694444445,9
135.25378666666666,34.25199638888889,9
135.2538397222222,34.252005555555556,10
135.25389305555555,34.252015,10
135.2539461111111,34.252024444444444,10
135.25399916666666,34.25203388888889,10
135.2540525,34.25204333333333,10
135.25410555555555,34.25205277777778,10
135.2541586111111,34.25206194444444,9
135.25421166666666,34.252071388888886,9
135.254265,34.25208083333333,9
135.25431805555556,34.252090277777775,9
135.2543711111111,34.25209972222222,9
135.25442444444445,34.25210916666666,9
135.2544775,34.252118333333335,10
135.25453055555556,34.25212777777778,10
135.25458361111112,34.252137222222224,10
135.25463694444446,34.25214666666667,10
135.25469,34.25215611111111,9
135.25474305555556,34.25216555555556,9
135.25479638888888,34.25217472222222,9
135.25484944444443,34.252184166666666,9
135.2549025,34.25219361111111,9
135.25495583333333,34.252203055555555,9
135.25500888888888,34.2522125,9
135.25506194444444,34.25222194444444,9
135.255115,34.25223111111111,9
135.25515222222222,34.25223777777778,9
135.25515222222222,34.25223777777778,9
135.25528444444444,34.25228583333333,9
135.25541694444445,34.25233388888889,10
135.25554916666667,34.252381944444444,10
135.25568166666667,34.252429722222224,9
135.2558138888889,34.25247777777778,10
135.2559463888889,34.25252583333333,10
135.25607888888888,34.25257388888889,10
135.2562111111111,34.25262194444444,10
135.2563436111111,34.25267,10
135.25647583333333,34.252718055555555,10
135.25660833333333,34.252766111111114,10
135.25674055555555,34.25281416666667,10
135.25687305555556,34.25286194444445,10
135.25700527777778,34.25291,10
135.25713777777779,34.25295805555555,10
135.25727027777776,34.25300611111111,10
135.2574025,34.253054166666665,10
135.257535,34.253102222222225,10
135.2576672222222,34.25315027777778,10
135.25779972222222,34.25319833333333,10
135.25793194444444,34.25324638888889,10
135.25806444444444,34.25329416666667,10
135.25819666666666,34.25334222222222,10
135.25832916666667,34.253390277777775,10
135.25846166666668,34.253438333333335,10
135.2585938888889,34.25348638888889,10
135.2587263888889,34.25353444444445,10
135.25885861111112,34.2535825,10
135.2589911111111,34.25363055555555,10
135.25912333333332,34.25367861111111,10
135.25925583333333,34.253726388888886,10
135.25938805555555,34.253774444444446,10
135.25952055555555,34.2538225,10
135.25965305555556,34.25387055555556,10
135.25978527777778,34.25391861111111,10
135.2599177777778,34.25396666666666,10
135.26005,34.25401472222222,10
135.2601825,34.254062777777776,10
135.2601825,34.254062777777776,10
135.2602411111111,34.25407055555556,10
135.26029972222221,34.25407861111111,10
135.26035861111112,34.25408638888889,10
135.26041722222223,34.25409444444445,10
135.26047583333335,34.25410222222222,10
135.26053472222222,34.25411027777778,10
135.26059333333333,34.25411805555556,10
135.26065194444445,34.25412611111111,10
135.26071083333332,34.25413388888889,10
135.26076944444443,34.25414194444444,10
135.26082805555555,34.25414972222222,10
135.26088694444445,34.25415777777778,10
135.26094555555557,34.25416555555555,10
135.26100416666668,34.25417361111111,10
135.26106305555555,34.25418138888889,10
135.26112166666667,34.25418944444444,10
135.26118027777778,34.254197222222224,10
135.26123916666666,34.25420527777778,10
135.26129777777777,34.25421305555555,10
135.26135638888888,34.254221111111114,10
135.2614152777778,34.25422916666667,10
135.2614738888889,34.25423694444444,10
135.2615325,34.254245,10
135.2615913888889,34.25425277777778,10
135.26165,34.25426083333333,10
135.26170861111112,34.25426861111111,10
135.2617675,34.25427666666667,10
135.2618261111111,34.254284444444444,10
135.26188472222222,34.2542925,10
135.26194333333333,34.25430027777778,10
135.26200222222224,34.254308333333334,10
135.26206083333332,34.25431611111111,10
135.26211944444444,34.25432416666666,10
135.26217833333334,34.254331944444445,10
135.26223694444445,34.25434,10
135.26229555555557,34.25434777777778,10
135.26235444444444,34.254355833333335,10
135.26241305555556,34.25436361111111,10
135.26241305555556,34.25436361111111,10
135.26246166666667,34.25438388888889,10
135.26251027777778,34.25440388888889,10
135.2625588888889,34.25442388888889,10
135.2626075,34.254444166666666,10
135.2626561111111,34.254464166666665,11
135.26270472222222,34.254484166666664,11
135.26275333333334,34.25450444444444,11
135.26280194444445,34.25452444444444,11
135.26285055555556,34.25454444444444,11
135.26289916666667,34.25456444444445,11
135.26294777777778,34.25458472222222,11
135.2629963888889,34.254604722222226,11
135.263045,34.254624722222225,11
135.26309361111112,34.254645,11
135.26312638888888,34.25465833333333,11
135.263125,34.25466111111111,11
135.26257,34.254533055555555,11
135.26242,34.25451611111111,11
135.26252,34.25458305555556,11
135.263095,34.254825,11
135.26313194444444,34.25488305555555,11
135.26317,34.254933055555554,11
135.26320694444445,34.255,11
135.26348194444444,34.25528305555556,11
135.26362,34.25545805555556,11
135.26377,34.25568305555556,11
135.264045,34.256025,11
135.26407,34.25606611111111,11
135.26418194444443,34.256175,11
135.26420694444445,34.2562,11
135.2644688888889,34.25656611111111,12
135.26453194444446,34.25667388888889,12
135.2645688888889,34.25675805555556,12
135.26458194444444,34.25683305555555,12
135.26459888888888,34.256835,12
135.26459888888888,34.256835,12
135.26465694444445,34.256841111111115,12
135.2649688888889,34.25686611111111,12
135.26511888888888,34.256883055555555,12
135.2651688888889,34.25709888888889,12
135.26528194444444,34.25729111111111,12
135.26540694444444,34.257558055555556,12
135.26556888888888,34.25801611111111,12
135.26558194444445,34.25804111111111,12
135.26560694444444,34.25812388888889,12
135.26568194444445,34.258316111111114,13
135.2657188888889,34.25843305555556,13
135.2658188888889,34.25866611111111,13
135.26593194444445,34.25892388888889,13
135.26595694444444,34.25894888888889,13
135.2661688888889,34.25926611111111,13
135.26628194444444,34.259408055555554,13
135.26640694444444,34.25959888888889,13
135.2665438888889,34.25984111111111,13
135.2665438888889,34.25989111111111,13
135.26656888888888,34.260041111111114,13
135.2666438888889,34.26012388888889,13
135.2667438888889,34.260266111111115,13
135.26680694444445,34.260398888888886,13
135.26700694444443,34.26084111111111,13
135.26720694444444,34.26126611111111,13
135.26723194444443,34.26134888888889,13
135.26728194444445,34.26144111111111,13
135.26743194444444,34.26177388888889,13
135.26794388888888,34.26286611111111,14
135.26798194444444,34.263016111111114,14
135.2679938888889,34.26314111111111,14
135.267965,34.26312611111111,13
135.267965,34.26312611111111,13
135.2679938888889,34.26314111111111,14
135.26818194444445,34.26320694444444,14
135.26855694444444,34.263356944444446,14
135.26890694444444,34.263466111111114,14
135.26925694444444,34.26356611111111,14
135.2696688888889,34.26367388888889,14
135.2700438888889,34.26374111111111,14
135.27054388888888,34.26380694444445,14
135.2709811111111,34.26384111111111,14
135.2714188888889,34.26386611111111,14
135.2721938888889,34.26388194444444,14
135.2744561111111,34.26389888888889,14
135.2764938888889,34.26390694444444,14
135.2776061111111,34.26394111111111,14
135.27816805555557,34.263956944444445,14
135.27916805555554,34.264006944444446,14
135.28050611111112,34.26410694444444,15
135.28139305555555,34.26413194444444,15
135.2820311111111,34.26414111111111,15
135.28214305555557,34.26414111111111,15
135.28318,34.264116111111115,16
135.28376805555556,34.26406611111111,16
135.285105,34.26394888888889,16
135.285905,34.26384888888889,16
135.28638,34.26376611111111,16
135.28741805555555,34.26354888888889,16
135.28809305555555,34.26339888888889,16
135.28834194444445,34.26334111111111,16
135.289355,34.26305694444444,17
135.29271694444444,34.261966111111114,17
135.29270694444443,34.261945,17
135.29270694444443,34.261945,17
135.29271694444444,34.261966111111114,17
135.29322888888888,34.261806944444444,17
135.29671611111112,34.26068305555555,18
135.2989661111111,34.25997388888889,18
135.2996288888889,34.25978305555556,18
135.30014111111112,34.25964111111111,18
135.30056611111112,34.25954111111111,18
135.30127805555554,34.25939888888889,19
135.3018911111111,34.259298888888885,19
135.3025411111111,34.25921611111111,19
135.30282805555555,34.25919888888889,19
135.30282805555555,34.25915388888889,19
135.30282805555555,34.25915388888889,19
135.30282805555555,34.259098888888886,19
135.30282805555555,34.25894888888889,19
135.30286611111111,34.25891611111111,19
135.3029161111111,34.258898888888886,19
135.30297805555554,34.25890805555556,19
135.30316611111112,34.258983055555554,19
135.30341611111112,34.258966111111114,19
135.30362805555555,34.25895805555555,19
135.3041661111111,34.25894888888889,20
135.3043411111111,34.25894111111111,20
135.3053661111111,34.25864111111111,20
135.30566611111112,34.258541111111114,20
135.30639,34.25830805555555,19
135.30679,34.258158055555555,19
135.30724,34.25799111111111,20
135.307815,34.25779111111111,22
135.308115,34.257691111111114,20
135.30804,34.25762388888889,20
135.307765,34.25744111111111,20
135.30752805555557,34.25732388888889,20
135.3074938888889,34.25731305555556,20
135.3074938888889,34.25731305555556,20
135.30742805555556,34.25729111111111,20
135.30742805555556,34.25722388888889,20
135.30744,34.25687388888889,20
135.30749,34.256858055555554,20
135.30767805555556,34.25678305555556,19
135.30785305555557,34.25669111111111,18
135.30800305555556,34.25659111111111,18
135.308065,34.25655,18
135.30814,34.25653305555556,18
135.30834,34.256575,18
135.30842805555557,34.25658305555555,18
135.308465,34.256575,18
135.30850305555555,34.25655,18
135.30877805555556,34.25636611111111,17
135.308815,34.256208055555554,17
135.30882805555555,34.256058055555556,16
135.30884,34.25570805555556,16
135.30885305555555,34.25569111111111,16
135.30902805555556,34.25565,16
135.309215,34.255625,16
135.30940305555555,34.255583055555554,17
135.30950305555555,34.25555,17
135.309715,34.25550805555555,17
135.309765,34.2555,17
135.30994,34.255475,17
135.310165,34.255408055555556,17
135.310415,34.255325,17
135.310565,34.25525,18
135.31079,34.255133055555554,18
135.31087805555555,34.25506611111111,18
135.310915,34.254983055555556,18
135.31089,34.254875,18
135.31080194444445,34.254675,18
135.31079,34.25463305555556,18
135.31080194444445,34.2546,18
135.310865,34.254533055555555,18
135.31109,34.25445,18
135.31120305555555,34.25439111111111,18
135.311265,34.25434111111111,18
135.311515,34.25415805555556,19
135.31163,34.254065,19
135.31163,34.254065,19
135.31169,34.254016944444444,19
135.31180194444445,34.253925,19
135.31187694444444,34.253883055555555,19
135.31240194444445,34.253683055555555,20
135.31255194444444,34.253633055555554,20
135.31270305555555,34.253588055555554,20
135.31270305555555,34.253588055555554,20
135.31267583333334,34.253549166666666,20
135.31264861111111,34.25351027777778,20
135.31262138888889,34.25347138888889,20
135.31259416666666,34.2534325,20
135.31256694444446,34.253393611111115,20
135.31254,34.25335472222222,20
135.31251277777778,34.25331583333333,20
135.31248555555555,34.253276944444444,20
135.31245833333332,34.253238055555556,20
135.31243111111112,34.25319916666667,20
135.3124038888889,34.25316027777778,20
135.31237666666667,34.253121388888886,20
135.31234944444444,34.2530825,20
135.31232222222224,34.25304361111111,20
135.312295,34.25300472222222,20
135.31226805555556,34.252965833333334,19
135.31224083333333,34.25292694444445,19
135.3122136111111,34.25288805555556,19
135.31218638888888,34.252849166666664,19
135.31215916666667,34.252810277777776,19
135.31215722222223,34.2528075,19
135.31215,34.25279694444444,19
135.31319,34.252341944444446,20
135.31327694444445,34.25230805555555,20
135.31337694444446,34.25225805555556,20
135.31457694444444,34.251733055555555,20
135.31497694444445,34.25156694444444,20
135.3158388888889,34.25119194444444,20
135.31590194444445,34.25116694444444,20
135.3166388888889,34.250883888888886,20
135.31685194444444,34.25080888888889,20
135.31701388888888,34.25074194444444,20
135.31752694444444,34.25055888888889,21
135.31775194444444,34.250475,23
135.31826388888888,34.25034194444444,21
135.31858888888888,34.25028388888889,20
135.31865194444444,34.25028388888889,20
135.3187388888889,34.25031694444444,20
135.31888194444446,34.250321944444444,20
135.31888194444446,34.250321944444444,20
135.31897694444444,34.250325,20
135.31907694444445,34.25035,20
135.31922694444444,34.250425,19
135.31940194444445,34.250575,20
135.31986388888888,34.25105,20
135.32041388888888,34.2516,20
135.32051388888888,34.2517,20
135.3209388888889,34.25208305555556,20
135.3209611111111,34.25210194444445,20
135.3209611111111,34.25210194444445,20
135.32099805555555,34.252068888888886,20
135.321035,34.25203611111111,20
135.32107194444444,34.252003055555555,20
135.3211088888889,34.25197027777778,20
135.32114583333333,34.251937222222224,20
135.32118277777778,34.25190444444444,20
135.32122,34.25187138888889,20
135.32125694444446,34.25183861111111,20
135.3212938888889,34.251805555555556,20
135.32133083333332,34.25177277777778,20
135.32133777777779,34.25176666666667,20
135.32133777777779,34.25176666666667,20
135.32130138888888,34.251733055555555,20
135.321265,34.25169972222222,20
135.3212286111111,34.251666388888886,20
135.3211925,34.25163305555556,20
135.32115611111112,34.251599444444444,20
135.32111972222222,34.25156611111111,20
135.32108333333332,34.251532777777776,20
135.32104722222223,34.25149944444444,20
135.32101083333333,34.251465833333334,20
135.32097444444443,34.2514325,20
135.32093805555556,34.251399166666666,20
135.32090194444444,34.25136583333333,20
135.32086555555554,34.251332222222224,20
135.32082916666667,34.25129888888889,20
135.32079277777777,34.251265555555555,20
135.3207563888889,34.25123194444444,20
135.32072027777778,34.251198611111114,20
135.32068388888888,34.25116527777778,20
135.3206475,34.251131944444445,20
135.3206111111111,34.25109833333333,20
135.320575,34.251065,20
135.32053861111112,34.25103166666667,20
135.32050222222222,34.250998333333335,20
135.32046583333334,34.25096472222222,20
135.32042972222223,34.25093138888889,20
135.32039333333333,34.25089805555555,20
135.32035694444446,34.250864722222225,20
135.32032055555555,34.25083111111111,20
135.32028444444444,34.25079777777778,20
135.32026027777778,34.250775555555556,20
135.32026027777778,34.250775555555556,20
135.32029444444444,34.25074055555555,20
135.3203286111111,34.250705833333335,20
135.32036277777777,34.25067083333333,20
135.32039694444444,34.250635833333334,20
135.3204311111111,34.25060083333333,20
135.320465,34.25056611111111,20
135.32049916666668,34.25053111111111,20
135.32053333333334,34.25049611111111,20
135.3205675,34.250461111111115,20
135.3205788888889,34.25044944444444,20
135.3205788888889,34.25044944444444,20
135.32072944444445,34.250439166666666,19
135.32088,34.25042916666666,19
135.32103055555555,34.25041888888889,20
135.32118111111112,34.25040861111111,20
135.32133166666668,34.25039833333334,20
135.32148222222222,34.250388055555554,20
135.32163277777778,34.25037777777778,20
135.32178333333334,34.2503675,20
135.32193388888888,34.2503575,20
135.32208444444444,34.250347222222224,20
135.322235,34.25033694444444,20
135.32238555555554,34.250326666666666,20
135.3225361111111,34.25031638888889,20
135.32268666666667,34.25030611111111,20
135.32283722222223,34.25029611111111,20
135.32298777777777,34.250285833333336,20
135.32313833333333,34.250275555555554,20
135.3232888888889,34.25026527777778,20
135.32343944444443,34.250255,20
135.32359,34.25024472222222,20
135.32374055555556,34.250234722222224,20
135.32389111111112,34.25022444444444,20
135.32404166666666,34.250214166666666,20
135.32419222222222,34.25020388888889,20
135.3243425,34.25019361111111,20
135.32449305555556,34.25018333333333,20
135.3246436111111,34.25017305555556,20
135.32479416666666,34.250163055555554,20
135.32494472222223,34.25015277777778,20
135.3250952777778,34.2501425,20
135.32524583333333,34.25013222222222,20
135.3253963888889,34.250121944444444,20
135.32554694444445,34.25011166666667,20
135.3256975,34.250101666666666,20
135.32584805555555,34.25009138888889,20
135.32599861111112,34.25008111111111,20
135.32614916666665,34.25007083333333,20
135.32629972222222,34.25006055555556,20
135.32629972222222,34.25006055555556,20
135.32629972222222,34.25006055555556,20
135.3263961111111,34.250054444444444,20
135.3264922222222,34.25004805555555,20
135.3265886111111,34.25004194444445,20
135.3266847222222,34.250035555555556,20
135.32678083333334,34.250029166666664,20
135.3268772222222,34.25002305555556,20
135.32697333333334,34.25001666666667,20
135.32706972222223,34.250010555555555,20
135.32716583333334,34.25000416666666,20
135.32726222222223,34.24999805555556,20
135.32735833333334,34.249991666666666,20
135.32745472222223,34.249985277777775,20
135.32755083333333,34.24997916666667,20
135.32764722222223,34.24997277777778,20
135.32774333333333,34.249966666666666,20
135.32783972222222,34.24996027777778,20
135.32793583333333,34.24995416666667,20
135.32803222222222,34.24994777777778,20
135.32812833333332,34.249941666666665,20
135.32822444444446,34.24993527777778,20
135.32832083333332,34.24992888888889,20
135.32841694444446,34.249922777777776,20
135.32851333333332,34.24991638888889,20
135.32860944444445,34.24991027777778,20
135.32870583333334,34.24990388888889,20
135.32880194444445,34.249897777777775,20
135.32889833333334,34.24989138888889,20
135.32899444444445,34.249885,20
135.32909083333334,34.24987888888889,20
135.32918694444444,34.2498725,20
135.32928333333334,34.24986638888889,20
135.32937944444444,34.24986,20
135.32947583333333,34.249853888888886,20
135.32957194444444,34.2498475,20
135.32966805555554,34.24984138888889,20
135.32976444444444,34.249835,20
135.32986055555557,34.24982861111111,20
135.32995694444443,34.2498225,20
135.32995694444443,34.2498225,20
135.32995694444443,34.2498225,20
135.33008416666667,34.24983638888889,20
135.33021166666666,34.249850277777774,20
135.33033916666668,34.24986416666667,20
135.33046638888888,34.249878055555556,20
135.3305938888889,34.24989166666667,20
135.3307211111111,34.24990555555556,20
135.33084861111112,34.249919444444444,20
135.3309761111111,34.24993333333333,20
135.33110333333335,34.249947222222225,20
135.33123083333334,34.24996111111111,20
135.33135805555557,34.249975,20
135.33148555555556,34.249988888888886,20
135.33161277777776,34.25000277777778,20
135.33174027777778,34.25001666666667,20
135.33186777777777,34.250030277777775,20
135.331995,34.25004416666667,20
135.3321225,34.250058055555556,20
135.33224972222223,34.25007194444444,20
135.33237722222222,34.25008583333333,20
135.3325047222222,34.250099722222224,20
135.33263194444444,34.25011361111111,20
135.33275944444443,34.2501275,20
135.33288666666667,34.25014138888889,20
135.33301416666666,34.25015527777778,20
135.33314166666668,34.250169166666666,20
135.33326888888888,34.25018277777778,20
135.3333963888889,34.25019666666667,20
135.3335236111111,34.250210555555554,20
135.33365111111112,34.25022444444444,20
135.33377833333333,34.250238333333336,20
135.33390583333335,34.25025222222222,20
135.33403333333334,34.25026611111111,20
135.33416055555554,34.25028,20
135.33428805555556,34.25029388888889,20
135.33441527777777,34.25030777777778,20
135.33454277777778,34.25032138888889,20
135.33467027777778,34.25033527777778,20
135.3347975,34.250349166666666,20
135.3347975,34.250349166666666,20
135.3347975,34.250349166666666,20
135.33492527777778,34.250390277777775,20
135.33505305555556,34.25043111111111,20
135.33518083333334,34.25047194444444,20
135.33530861111112,34.25051305555556,20
135.3354363888889,34.25055388888889,20
135.33556416666667,34.250594722222225,20
135.33569194444445,34.250635833333334,20
135.33581972222223,34.25067666666666,20
135.3359475,34.2507175,20
135.33607527777778,34.25075861111111,20
135.33620305555556,34.250799444444446,20
135.33633083333334,34.250840555555556,20
135.3364586111111,34.25088138888889,20
135.3365863888889,34.25092222222222,20
135.33671444444445,34.25096333333333,20
135.33684222222223,34.25100416666667,20
135.33697,34.251045,20
135.33709777777779,34.251086111111114,20
135.33722555555556,34.251126944444444,20
135.33735333333334,34.25116777777778,20
135.33748111111112,34.25120888888889,20
135.3376088888889,34.25124972222222,20
135.33773666666667,34.251290555555556,20
135.33786444444445,34.251331666666665,20
135.33799222222223,34.2513725,20
135.33812,34.25141333333333,20
135.33824777777778,34.25145444444444,20
135.33837555555556,34.25149527777778,20
135.33850333333334,34.25153611111111,20
135.3386311111111,34.251577222222224,20
135.3387588888889,34.251618055555554,20
135.33888666666667,34.25165916666667,20
135.33901444444444,34.2517,20
135.33914222222222,34.251740833333336,20
135.33927,34.251781944444446,20
135.33939777777778,34.251822777777775,20
135.33952555555555,34.25186361111111,20
135.33965333333333,34.25190472222222,20
135.33965333333333,34.25190472222222,20
135.33964805555556,34.25190305555556,20
135.3396488888889,34.25190111111111,20
135.33966194444446,34.25188388888889,20
135.34168694444443,34.24893388888889,23
135.3418738888889,34.24865111111111,23
135.3420988888889,34.24833388888889,24
135.3423488888889,34.248441944444444,24
135.3424738888889,34.24848388888889,24
135.34258694444443,34.248491944444446,24
135.3426988888889,34.248491944444446,24
135.3440611111111,34.24828388888889,24
135.34429111111112,34.248235,24
135.34429111111112,34.248235,24
135.3444861111111,34.248193055555554,24
135.3448488888889,34.24809305555556,24
135.3449611111111,34.24805888888889,24
135.34534888888888,34.24790888888889,24
135.34603611111112,34.247683888888886,24
135.3460861111111,34.247658888888886,24
135.3461988888889,34.247551111111115,24
135.3463361111111,34.24730111111111,24
135.34648611111112,34.246993055555556,24
135.3465238888889,34.24681805555556,24
135.3465361111111,34.246768055555556,24
135.3464988888889,34.24655888888889,24
135.34647388888888,34.246285,24
135.34648611111112,34.24601,24
135.3465111111111,34.245935,24
135.3465488888889,34.24586,24
135.3467488888889,34.24554305555556,24
135.3468738888889,34.24532611111111,24
135.3469861111111,34.24522611111111,24
135.34702388888888,34.24515111111111,24
135.34703,34.245108055555555,24
135.34703,34.245108055555555,24
135.34703611111112,34.245068055555556,25
135.34702388888888,34.244935,25
135.3469861111111,34.24466,25
135.3468988888889,34.244326111111114,25
135.34683611111112,34.24380194444444,25
135.3467861111111,34.24361805555556,25
135.3466861111111,34.243285,25
135.3466238888889,34.24294305555556,25
135.3464988888889,34.242585,25
135.34648611111112,34.242468055555555,25
135.3464111111111,34.241635,25
135.34646111111113,34.241368888888886,25
135.34658611111112,34.24101,25
135.3466361111111,34.240876944444445,25
135.3466738888889,34.24069388888889,25
135.34671111111112,34.240635,25
135.3467861111111,34.24026888888889,25
135.34692388888888,34.23976888888889,25
135.3468961111111,34.239761944444446,24
135.3468961111111,34.239761944444446,24
135.34692388888888,34.23976888888889,25
135.34704888888888,34.23979388888889,25
135.34751111111112,34.23991,25
135.34796111111112,34.23999388888889,25
135.3482488888889,34.240035,25
135.34831111111112,34.24004388888889,25
135.3488861111111,34.24004388888889,25
135.3489238888889,34.24004388888889,25
135.3489561111111,34.24004388888889,25
135.3489561111111,34.24004388888889,25
135.3489238888889,34.24004388888889,25
135.3488361111111,34.239668888888886,25
135.3488111111111,34.23965194444445,25
135.3487861111111,34.23961888888889,25
135.34873611111112,34.23947694444445,25
135.3486611111111,34.23938611111111,25
135.3485488888889,34.23932694444444,25
135.34849888888888,34.23931888888889,25
135.3483488888889,34.23927694444444,25
135.3483361111111,34.23926111111111,25
135.3482238888889,34.23902694444445,25
135.3481238888889,34.23876888888889,25
135.3479988888889,34.23840194444445,24
135.3477488888889,34.23779388888889,24
135.34771111111112,34.23766888888889,24
135.34773611111112,34.237611111111114,25
135.34769194444445,34.23760611111111,24
135.34769194444445,34.23760611111111,24
135.34773611111112,34.237611111111114,25
135.34784888888888,34.23746888888889,25
135.3478988888889,34.23737694444444,25
135.3479861111111,34.23706888888889,25
135.34773611111112,34.23695305555555,24
135.3477988888889,34.23690194444445,25
135.34794888888888,34.23661888888889,25
135.34799388888888,34.23655888888889,25
135.34799388888888,34.23655888888889,25
135.3479988888889,34.23655194444444,25
135.34806111111112,34.23650305555555,25
135.3481111111111,34.23648611111111,25
135.3482111111111,34.23649388888889,25
135.34884888888888,34.23655194444444,25
135.3490238888889,34.23654388888889,25
135.34997388888888,34.23647694444445,26
135.35046111111112,34.236468888888886,26
135.35104805555557,34.23647694444445,26
135.35105305555555,34.23645305555556,26
135.35105305555555,34.23645305555556,26
135.3510611111111,34.23641888888889,26
135.35104805555557,34.23616888888889,26
135.35102305555554,34.23580194444445,27
135.35097305555556,34.235478055555554,26
135.35092305555557,34.23502805555555,26
135.35092305555557,34.23491888888889,26
135.3509361111111,34.23471111111111,26
135.3509611111111,34.23457805555555,26
135.3510861111111,34.23386111111111,27
135.35127305555557,34.23280305555556,28
135.35129805555556,34.23260305555556,28
135.35149805555557,34.23231111111111,28
135.3516611111111,34.232045,29
135.35209805555556,34.231295,31
135.35224805555555,34.23102,31
135.35227305555554,34.23090305555556,31
135.3523111111111,34.230828055555556,31
135.35234194444445,34.230828055555556,31
135.35234194444445,34.230828055555556,31
135.35349805555555,34.230828055555556,37
135.35349805555555,34.230828055555556,37
135.3523111111111,34.230828055555556,31
135.35227305555554,34.23090305555556,31
135.35181111111112,34.23088694444444,29
135.3515111111111,34.230853055555556,29
135.3512861111111,34.230778055555554,29
135.35111111111112,34.23072805555555,29
135.3509861111111,34.23068694444444,28
135.35089888888888,34.23063694444444,29
135.3507988888889,34.23061194444445,28
135.3504988888889,34.23062,28
135.35033611111112,34.23063694444444,28
135.3502488888889,34.23066194444444,28
135.3501238888889,34.23075305555555,28
135.3498238888889,34.231145,27
135.34975805555555,34.23117805555555,27
135.34975805555555,34.23117805555555,27
135.3497238888889,34.231195,27
135.34976111111112,34.231278055555556,27
135.34978611111111,34.231411111111115,27
135.3497988888889,34.23146111111111,26
135.34987388888888,34.231695,26
135.3499361111111,34.23182,26
135.35031111111113,34.23253611111111,26
135.3503488888889,34.23262,26
135.3503611111111,34.232686111111114,26
135.3503988888889,34.232978055555556,26
135.3503861111111,34.23313611111111,26
135.35032388888888,34.23338611111111,26
135.3502738888889,34.23348611111111,26
135.3501861111111,34.23365305555556,25
135.3501238888889,34.23375305555555,25
135.3497238888889,34.23428611111111,25
135.34962388888889,34.234386111111114,25
135.34941111111112,34.23463611111111,25
135.3492861111111,34.23479388888889,25
135.34918611111112,34.23486888888889,25
135.34896111111112,34.23500305555555,25
135.3488238888889,34.235036111111114,25
135.3486738888889,34.23506888888889,25
135.34853611111112,34.23509388888889,24
135.34838611111113,34.23509388888889,24
135.34818611111112,34.235078055555554,24
135.34769888888889,34.235036111111114,24
135.3472438888889,34.235036111111114,24
135.3472438888889,34.235036111111114,24
135.3472361111111,34.235036111111114,24
135.3467238888889,34.23506111111111,24
135.3464488888889,34.23508611111111,24
135.34623611111112,34.23509388888889,24
135.3447988888889,34.235151944444446,24
135.34311194444444,34.235128055555556,24
135.34283694444446,34.23511111111111,23
135.34241194444445,34.235103055555555,23
135.3420238888889,34.235036111111114,23
135.3416738888889,34.23496111111111,23
135.34073694444444,34.23473611111111,23
135.34037388888888,34.234676944444445,23
135.34016194444445,34.234651944444444,23
135.33973694444444,34.23460305555555,23
135.3392,34.23456111111111,23
135.33868694444445,34.234518888888886,23
135.338575,34.23452694444445,23
135.33841194444443,34.23453611111111,23
135.33825,34.23452694444445,23
135.33813694444444,34.23453611111111,23
135.33801194444445,34.23456888888889,22
135.3379,34.234611111111114,22
135.3378,34.23466111111111,22
135.33766194444445,34.23475194444445,22
135.33755,34.23482805555555,22
135.33750194444445,34.234856111111114,22
135.33750194444445,34.234856111111114,22
135.33755,34.23482805555555,22
135.3372,34.23440194444444,22
135.337175,34.23436888888889,22
135.33691305555556,34.234543888888886,22
135.33686194444445,34.23456111111111,22
135.336825,34.234543888888886,22
135.3367,34.234386111111114,22
135.336475,34.23410194444445,22
135.33601305555555,34.23351111111111,23
135.33590611111111,34.23338388888889,23
135.33590611111111,34.23338388888889,23
135.33561194444445,34.23303611111111,23
135.33541305555556,34.232818888888886,23
135.33505,34.23245305555555,23
135.334675,34.23211111111111,23
135.334475,34.23193611111111,23
135.33403805555557,34.23159388888889,23
135.33368805555557,34.23135305555556,23
135.33068805555556,34.229353055555556,23
135.33058888888888,34.22919111111111,23
135.33058888888888,34.22919111111111,23
135.3305761111111,34.22917,23
135.33021305555556,34.228878055555555,23
135.3298761111111,34.22857,23
135.32971305555554,34.228395,23
135.32951305555557,34.22812805555556,23
135.3294011111111,34.22807,23
135.3293261111111,34.228028055555555,23
135.3292011111111,34.22787,23
135.3290761111111,34.22767,23
135.3289761111111,34.227403055555556,23
135.32890111111112,34.22727805555556,23
135.32877611111113,34.22703611111111,24
135.32877611111113,34.22697388888889,24
135.32877611111113,34.22697388888889,24
135.32874333333334,34.22693805555556,24
135.3287102777778,34.2269025,24
135.3286775,34.226866666666666,24
135.32864444444445,34.22683083333333,24
135.32861166666666,34.226795277777775,24
135.32860472222222,34.22678777777778,24
135.32860472222222,34.22678777777778,24
135.32859333333334,34.22674388888889,24
135.32858166666668,34.2267,24
135.32857027777777,34.22665611111111,24
135.3285588888889,34.22661194444444,24
135.32854722222223,34.22656805555555,24
135.32853583333332,34.226524166666664,24
135.32852444444444,34.226480277777775,24
135.32851277777777,34.22643638888889,24
135.3285013888889,34.2263925,24
135.32849,34.22634861111111,24
135.32847833333332,34.226304722222224,24
135.32846694444444,34.226260833333335,24
135.32845527777778,34.226216944444445,24
135.3284438888889,34.226173055555556,24
135.3284325,34.22612916666667,24
135.32842083333333,34.22608527777778,24
135.32840944444445,34.22604138888889,24
135.32839805555557,34.2259975,24
135.3283863888889,34.22595361111111,24
135.328375,34.22590972222222,24
135.32836361111112,34.22586583333333,24
135.32835194444445,34.22582194444445,24
135.32834055555554,34.22577805555556,24
135.32832916666666,34.22573416666667,24
135.3283175,34.22569027777778,24
135.32830611111112,34.22564638888889,24
135.3282947222222,34.2256025,24
135.32828305555554,34.22555861111111,24
135.32827166666667,34.22551444444444,24
135.32826333333333,34.22548277777778,24
135.32826333333333,34.22548277777778,24
135.32826166666666,34.225410555555555,24
135.32826,34.22533861111111,24
135.32825861111112,34.22526638888889,24
135.32825694444443,34.22519416666667,24
135.32825527777777,34.225122222222225,24
135.3282536111111,34.22505,24
135.32825222222223,34.22497777777778,24
135.32825055555554,34.22490555555556,24
135.32824888888888,34.22483361111111,24
135.32824722222222,34.224761388888886,24
135.32824583333334,34.224689166666664,24
135.32824416666668,34.22461722222222,24
135.3282425,34.224545,24
135.32824083333333,34.22447277777778,24
135.32823944444445,34.224400555555555,24
135.3282377777778,34.22432861111111,24
135.32823611111112,34.22425638888889,24
135.32823444444443,34.22418416666667,24
135.32823305555556,34.224111944444445,24
135.3282313888889,34.22404,24
135.32822972222223,34.22396777777778,24
135.32822805555554,34.22389555555556,24
135.32822666666667,34.22382361111111,24
135.328225,34.223751388888886,24
135.32822333333334,34.22367916666666,24
135.32822166666668,34.22360694444444,24
135.32822027777777,34.223535,24
135.3282186111111,34.223462777777776,24
135.32821694444445,34.223390555555554,24
135.3282152777778,34.22331861111111,24
135.32821388888888,34.22324638888889,24
135.32821222222222,34.22317416666667,25
135.32821055555556,34.223101944444444,25
135.3282088888889,34.22303,25
135.3282075,34.22295777777778,25
135.32820583333333,34.22288555555556,25
135.32820416666667,34.222813333333335,25
135.3282025,34.22274138888889,25
135.3282025,34.22274138888889,25
135.3282025,34.22274138888889,25
135.32819694444444,34.22267388888889,25
135.32819138888888,34.222606666666664,25
135.32818583333332,34.222539166666664,25
135.3281802777778,34.22247194444444,25
135.32817472222223,34.22240444444444,25
135.32816916666667,34.22233722222222,25
135.32816333333332,34.22226972222222,25
135.3281577777778,34.2222025,25
135.32815222222223,34.222135,25
135.32814666666667,34.22206777777778,25
135.3281411111111,34.22200027777778,25
135.32813555555555,34.22193305555555,25
135.32813,34.22186555555555,25
135.32812444444446,34.22179833333333,25
135.3281186111111,34.22173083333333,25
135.32811305555555,34.22166361111111,25
135.3281075,34.22159611111111,25
135.32810194444446,34.22152888888889,25
135.3280963888889,34.22146138888889,25
135.32809083333333,34.22139416666667,25
135.32808527777777,34.22132666666667,25
135.32807944444446,34.22125944444444,25
135.3280738888889,34.22119194444444,25
135.32806833333333,34.22112472222222,25
135.32806277777777,34.22105722222222,25
135.3280572222222,34.22099,25
135.32805166666665,34.2209225,25
135.32804611111112,34.22085527777778,25
135.32804055555556,34.22078805555556,25
135.3280347222222,34.22072055555556,25
135.32802916666665,34.22065333333333,25
135.32802361111112,34.22058583333333,25
135.32801805555556,34.22051861111111,25
135.3280125,34.22045111111111,25
135.32800694444444,34.22038388888889,25
135.32800138888888,34.22031638888889,25
135.32799583333335,34.22024916666667,25
135.32799,34.22018166666667,25
135.32799,34.22018166666667,25
135.32796944444445,34.220103333333334,25
135.3279488888889,34.22002527777778,25
135.32792833333335,34.219946944444445,25
135.32790777777777,34.21986861111111,25
135.32788722222222,34.219790277777776,25
135.32786666666667,34.21971222222222,25
135.3278461111111,34.219633888888886,25
135.32782555555556,34.21955555555556,25
135.327805,34.219477222222224,25
135.32778444444443,34.21939916666667,25
135.32776388888888,34.219320833333335,25
135.32774333333333,34.2192425,25
135.32772277777778,34.219164444444445,25
135.32770222222223,34.21908611111111,25
135.32768166666668,34.219007777777776,25
135.3276611111111,34.21892944444444,26
135.32764055555555,34.218851388888886,26
135.32762,34.21877305555556,26
135.32759944444444,34.218694722222224,26
135.3275788888889,34.21861638888889,25
135.32755833333334,34.218538333333335,25
135.3275377777778,34.21846,26
135.3275172222222,34.218381666666666,26
135.32749666666666,34.21830333333333,25
135.3274761111111,34.218225277777776,25
135.32745555555556,34.21814694444444,25
135.327435,34.218068611111114,25
135.32741444444446,34.21799055555555,25
135.32739388888888,34.217912222222225,25
135.32737333333333,34.21783388888889,25
135.3273525,34.217755555555556,25
135.32733194444444,34.2176775,25
135.3273113888889,34.217599166666666,25
135.32729083333334,34.21752083333333,25
135.32727027777779,34.2174425,25
135.32724972222223,34.21736444444444,25
135.32722916666665,34.217286111111115,25
135.3272086111111,34.21720777777778,25
135.3272086111111,34.21720777777778,25
135.3271836111111,34.217150555555556,25
135.32715833333333,34.21709333333333,25
135.32713333333334,34.217035833333334,25
135.32710805555556,34.21697861111111,25
135.32708277777778,34.21692138888889,25
135.32705777777778,34.21686416666667,25
135.3270325,34.21680666666666,25
135.3270075,34.216749444444446,25
135.32698222222223,34.21669222222222,25
135.32695722222223,34.216635,25
135.32693194444445,34.2165775,25
135.32690666666667,34.216520277777775,25
135.32688166666668,34.21646305555556,25
135.3268563888889,34.21640583333333,25
135.32683138888888,34.216348333333336,25
135.32680611111113,34.21629111111111,25
135.3267811111111,34.21623388888889,25
135.32675583333332,34.21617666666667,26
135.32673055555554,34.216119166666665,26
135.32670555555555,34.21606194444445,26
135.32668027777777,34.21600472222222,26
135.32665527777777,34.2159475,26
135.32663,34.21589,26
135.326605,34.21583277777778,26
135.32657972222222,34.21577555555555,26
135.32655444444444,34.215718333333335,26
135.32652944444445,34.21566083333333,26
135.32650416666667,34.21560361111111,26
135.32647916666667,34.21554638888889,26
135.3264538888889,34.215489166666664,26
135.3264288888889,34.21543166666667,26
135.32640361111112,34.21537444444444,26
135.32637833333334,34.215317222222225,26
135.32635333333334,34.21526,26
135.32632805555556,34.2152025,26
135.32630305555554,34.21514527777778,26
135.3262777777778,34.215088055555555,26
135.32625277777777,34.21503083333333,26
135.32625277777777,34.21503083333333,26
135.32622583333332,34.21499166666667,26
135.32619916666667,34.2149525,26
135.32617222222223,34.21491361111111,26
135.32614555555554,34.21487444444445,26
135.3261186111111,34.21483527777778,26
135.32609194444444,34.21479638888889,26
135.3260652777778,34.214757222222225,26
135.32603833333334,34.21471805555556,26
135.32601166666666,34.21467916666667,26
135.32598472222222,34.21464,26
135.32595805555556,34.214600833333336,26
135.32593111111112,34.21456194444445,26
135.32590444444443,34.21452277777778,26
135.32587777777778,34.21448361111111,26
135.32585083333333,34.214444722222225,26
135.32582416666668,34.21440555555556,26
135.32579722222223,34.21436638888889,26
135.32577055555555,34.2143275,26
135.3257436111111,34.214288333333336,26
135.32571694444445,34.21424916666667,26
135.32569027777777,34.21421027777778,26
135.32566333333332,34.21417111111111,26
135.32563666666667,34.214131944444446,26
135.32560972222223,34.21409305555556,26
135.32558305555557,34.21405388888889,26
135.3255561111111,34.214014722222224,26
135.32552944444444,34.213975833333336,26
135.32550277777779,34.21393666666667,26
135.32547583333334,34.2138975,26
135.32544916666666,34.213858611111114,26
135.32542222222222,34.21381944444445,26
135.32539555555556,34.21378027777778,26
135.32536861111112,34.21374138888889,26
135.32534194444443,34.213702222222224,26
135.32531944444443,34.21366916666667,26
135.3253288888889,34.21368611111111,26
135.32325194444445,34.214555,26
135.32320194444443,34.21457111111111,26
135.3227388888889,34.21473805555556,26
135.32250194444444,34.21481305555555,26
135.32232694444446,34.214855,26
135.32154,34.215046111111114,26
135.32104,34.21517111111111,26
135.32082694444443,34.21522888888889,26
135.32049,34.21542888888889,27
135.320365,34.21554611111111,27
135.32012694444444,34.21581305555556,27
135.31974,34.216253888888886,26
135.319215,34.21686305555556,26
135.31909,34.21697888888889,26
135.31895305555557,34.21707888888889,26
135.31874,34.21718805555555,26
135.318565,34.217238055555555,27
135.31790305555555,34.21736305555556,27
135.31717694444444,34.217511944444446,27
135.31442805555557,34.21815388888889,28
135.31442,34.21812194444445,28
135.31442,34.21812194444445,28
135.31437805555555,34.217953888888886,28
135.31415305555555,34.21685388888889,28
135.3140161111111,34.21620388888889,28
135.3139661111111,34.21588805555555,28
135.31395305555554,34.215828888888886,28
135.31397805555557,34.21574611111111,28
135.3139661111111,34.21539611111111,28
135.31395305555554,34.21502111111111,29
135.31392805555555,34.21467111111111,29
135.31392805555555,34.21425305555555,30
135.31392805555555,34.21425305555555,30
135.31392805555555,34.21422111111111,31
135.31394111111112,34.21409611111111,31
135.31394111111112,34.21404611111111,31
135.31394111111112,34.21391305555556,31
135.3139161111111,34.213655,31
135.31395305555554,34.21353,31
135.3139661111111,34.21348805555556,31
135.31400305555556,34.21331305555555,31
135.31407805555557,34.213138055555554,31
135.31407805555557,34.21308,31
135.31405305555555,34.212938055555554,32
135.31402805555555,34.21279611111111,32
135.31394111111112,34.21237111111111,32
135.3137911111111,34.21174611111111,32
135.31375305555557,34.21151305555556,33
135.31371611111112,34.211155,33
135.31370305555555,34.21082194444445,33
135.31370305555555,34.210755,33
135.3136911111111,34.21008805555556,31
135.3136911111111,34.209921944444446,31
135.3136911111111,34.20988,31
135.3136411111111,34.209655,31
135.31357805555555,34.209296944444446,31
135.31350305555554,34.20897194444444,31
135.31340305555557,34.20863,33
135.3132338888889,34.2082,32
135.3132338888889,34.2082,32
135.31292805555555,34.20742194444444,31
135.31281611111112,34.207163888888886,30
135.31285305555556,34.20713111111111,30
135.31269111111112,34.20690611111111,32
135.31265305555556,34.20683888888889,33
135.31260305555554,34.20671388888889,33
135.3125411111111,34.206446944444444,36
135.31250305555557,34.20626388888889,39
135.3124411111111,34.206113888888886,42
135.31232805555555,34.20591388888889,45
135.3122161111111,34.20577194444444,45
135.31207805555556,34.20557194444444,47
135.3120411111111,34.205446944444446,44
135.31201611111112,34.20538888888889,41
135.31191611111112,34.20524694444445,42
135.31179111111112,34.20513888888889,45
135.3117661111111,34.20509694444444,48
135.3117161111111,34.20492194444444,46
135.31165305555555,34.20463888888889,42
135.31160305555557,34.20438111111111,45
135.31155388888888,34.204256111111114,49
135.3115411111111,34.20423111111111,49
135.31139305555556,34.20422194444444,50
135.31139305555556,34.20422194444444,50
135.3115411111111,34.20423111111111,49
135.31155388888888,34.204256111111114,49
135.31160305555557,34.20438111111111,45
135.31165305555555,34.20463888888889,42
135.3117161111111,34.20492194444444,46
135.3117661111111,34.20509694444444,48
135.31179111111112,34.20513888888889,45
135.31191611111112,34.20524694444445,42
135.31201611111112,34.20538888888889,41
135.3120411111111,34.205446944444446,44
135.31207805555556,34.20557194444444,47
135.3122161111111,34.20577194444444,45
135.31232805555555,34.20591388888889,45
135.3124411111111,34.206113888888886,42
135.31250305555557,34.20626388888889,39
135.3125411111111,34.206446944444444,36
135.31260305555554,34.20671388888889,33
135.31265305555556,34.20683888888889,33
135.31269111111112,34.20690611111111,32
135.31285305555556,34.20713111111111,30
135.31281611111112,34.207163888888886,30
135.31269111111112,34.207255,31
135.31262805555556,34.207321944444445,32
135.31257194444444,34.20740388888889,32
135.31257194444444,34.20740388888889,32
135.31256611111112,34.20741388888889,32
135.3125411111111,34.20747194444444,33
135.31234111111112,34.207455,35
135.31237805555557,34.207946944444444,35
135.31237805555557,34.20812194444444,35
135.31237805555557,34.208196944444445,35
135.3122911111111,34.20834694444444,35
135.3122911111111,34.208405,35
135.31227805555557,34.20863888888889,35
135.31226611111111,34.20878888888889,35
135.31222805555555,34.20918888888889,36
135.31222805555555,34.20943805555556,36
135.312215,34.209448888888886,36
135.312215,34.209448888888886,36
135.31222805555555,34.20943805555556,36
135.31222805555555,34.20918888888889,36
135.31226611111111,34.20878888888889,35
135.31227805555557,34.20863888888889,35
135.31201611111112,34.208596944444444,36
135.3119661111111,34.20856388888889,37
135.31191611111112,34.20853,37
135.31179111111112,34.20828888888889,37
135.31162805555556,34.20791388888889,38
135.31159805555555,34.207858055555555,38
135.31159805555555,34.207858055555555,38
135.3115411111111,34.207755,38
135.31145305555555,34.20763888888889,38
135.3113161111111,34.20756388888889,39
135.3111661111111,34.20749694444444,39
135.31112805555554,34.20741388888889,38
135.3107411111111,34.20739694444445,50
135.31010388888888,34.207371944444446,51
135.3093788888889,34.20736388888889,52
135.3085538888889,34.207371944444446,53
135.30782888888888,34.20738,53
135.30760388888888,34.207371944444446,54
135.307355,34.207346944444446,54
135.307355,34.207346944444446,54
135.3071038888889,34.207321944444445,55
135.30657888888888,34.20723888888889,56
135.30622888888888,34.20723,56
135.3060911111111,34.207255,56
135.3059411111111,34.207305,56
135.30576694444446,34.20738,55
135.30541694444443,34.207605,55
135.30497888888888,34.20783,55
135.30466694444445,34.20798,54
135.30386694444445,34.208263055555555,53
135.30356694444444,34.208355,52
135.30336694444443,34.20841305555555,53
135.3029038888889,34.208555,53
135.30184194444445,34.20892194444444,53
135.3013038888889,34.20912194444445,53
135.3009538888889,34.209288055555554,53
135.30059194444445,34.20953,53
135.30022888888888,34.209805,54
135.30024194444445,34.20981611111111,53
135.30024111111112,34.20981611111111,53
135.30066694444446,34.210213055555556,53
135.3006038888889,34.210455,54
135.30054194444443,34.21062111111111,54
135.3005288888889,34.210705,54
135.30055388888889,34.211055,54
135.30056694444445,34.21154611111111,54
135.30053194444446,34.21164805555556,54
135.30053194444446,34.21164805555556,54
135.3005038888889,34.21173,54
135.30034194444445,34.21201305555556,53
135.30025388888888,34.21207111111111,53
135.30014194444445,34.21201305555556,53
135.29948,34.21247888888889,52
135.29939194444444,34.21254611111111,52
135.29933,34.21261305555556,52
135.298855,34.21279611111111,53
135.298755,34.21285388888889,53
135.29861694444443,34.21299611111111,52
135.29851694444446,34.21295388888889,52
135.29844194444445,34.21294611111111,52
135.2983888888889,34.21295194444444,52
135.2983888888889,34.21295194444444,52
135.29828,34.212963055555555,52
135.298155,34.21292888888889,51
135.297805,34.21272111111111,52
135.29738,34.21248805555555,52
135.29711694444444,34.21232111111111,53
135.296955,34.21220388888889,52
135.296755,34.212046111111114,52
135.29658,34.211888055555555,53
135.29631805555556,34.211638055555554,53
135.29611694444444,34.21142888888889,55
135.296055,34.21137111111111,55
135.29594194444445,34.21127111111111,56
135.29531805555555,34.21071305555556,56
135.294955,34.21039611111111,57
135.29486694444444,34.21033805555555,56
135.294705,34.21028805555556,56
135.29409305555555,34.21014611111111,52
135.29396805555555,34.210121111111114,52
135.29381805555556,34.21008805555556,52
135.29361805555556,34.21003,51
135.293355,34.20987111111111,52
135.29273,34.20948,53
135.29260888888888,34.209406944444446,53
135.29260888888888,34.209406111111115,53
135.29204305555555,34.20906305555555,54
135.29198,34.20902111111111,55
135.29173111111112,34.208863055555554,55
135.29159305555555,34.208755,55
135.29150611111112,34.208663055555554,55
135.29131805555556,34.208396111111114,56
135.29116805555554,34.20818,57
135.29083111111112,34.207721944444444,59
135.2907811111111,34.20767194444444,59
135.2907311111111,34.207638055555556,59
135.2903311111111,34.20749694444444,58
135.2899561111111,34.207355,57
135.2898561111111,34.207305,58
135.28964305555556,34.20713,59
135.28955611111112,34.20698,59
135.28945611111112,34.206755,59
135.2890811111111,34.20684694444444,59
135.2888561111111,34.20691305555555,59
135.2887561111111,34.20693,59
135.28859305555557,34.20697194444445,59
135.28844305555555,34.206988055555556,59
135.2883811111111,34.206988055555556,59
135.28829305555556,34.20698,59
135.28821805555555,34.206988055555556,59
135.28816805555556,34.206921944444446,59
135.28814305555557,34.20684694444444,59
135.28811805555554,34.206721944444446,59
135.2880311111111,34.206538055555555,59
135.28776805555555,34.20628,59
135.28766805555554,34.20616305555556,59
135.2875811111111,34.20601305555556,59
135.28740611111112,34.20558805555556,59
135.2873561111111,34.20547194444445,59
135.28719305555555,34.20533,59
135.28689305555557,34.205146944444444,59
135.28684305555555,34.20513805555556,58
135.2863688888889,34.20512194444444,60
135.28583111111112,34.20508,59
135.2852311111111,34.205038055555555,59
135.28515611111112,34.20503,59
135.28494388888888,34.205005,59
135.28481888888888,34.20498805555555,59
135.2845561111111,34.20498805555555,59
135.2843188888889,34.205013055555554,59
135.2842061111111,34.20503,59
135.28412,34.205061111111114,59
135.28412,34.205061111111114,59
135.2840688888889,34.20508,59
135.28393111111112,34.20518805555555,59
135.2838311111111,34.205305,59
135.2837438888889,34.20538,59
135.28356888888888,34.205455,60
135.28334388888888,34.205505,60
135.2832811111111,34.20549694444444,60
135.2832061111111,34.20538805555555,57
135.2831438888889,34.20513805555556,58
135.28313111111112,34.204955,59
135.28311888888888,34.20487194444444,59
135.28303111111111,34.204721944444444,59
135.28290611111112,34.204588055555554,59
135.2828061111111,34.20456305555555,59
135.28268111111112,34.204605,59
135.28264388888888,34.204638055555556,59
135.2826061111111,34.20473805555555,59
135.28255611111112,34.204955,58
135.2825311111111,34.205013055555554,58
135.2824811111111,34.20504694444445,58
135.28243111111112,34.205038055555555,57
135.2823938888889,34.205005,57
135.2823561111111,34.20491305555556,57
135.2823061111111,34.204796944444446,56
135.2822438888889,34.20476305555555,57
135.2821561111111,34.204746944444445,56
135.28199388888888,34.204746944444445,57
135.2817938888889,34.20482194444445,59
135.28174388888888,34.20482194444445,59
135.2816938888889,34.204788055555554,59
135.28164388888888,34.20482194444445,59
135.2813438888889,34.20488,57
135.2811311111111,34.20493,56
135.28103194444444,34.204946944444444,57
135.28096888888888,34.204946944444444,57
135.2808938888889,34.20492194444444,57
135.28084388888888,34.204863055555556,56
135.28083194444446,34.204796944444446,56
135.28084388888888,34.204746944444445,57
135.28087305555556,34.204715,57
135.28087305555556,34.204715,57
135.28088194444445,34.204705,57
135.28116888888889,34.20446305555556,56
135.28110694444445,34.204363055555554,55
135.28108194444445,34.204305,56
135.2806938888889,34.203655,59
135.2805688888889,34.203455,59
135.28038194444446,34.203271944444445,64
135.2802188888889,34.203205,58
135.28004388888888,34.20317194444444,56
135.2799688888889,34.20317194444444,53
135.27848194444445,34.203513055555554,47
135.27768194444445,34.203696944444445,39
135.27743194444446,34.203763055555555,39
135.2772688888889,34.20381305555556,39
135.27708194444443,34.203905,39
135.27693194444444,34.20399694444444,39
135.27663194444443,34.20423805555556,37
135.2763688888889,34.20442194444445,38
135.2762688888889,34.20448,37
135.27615694444444,34.20453,38
135.27535694444444,34.20478,37
135.27480694444444,34.20498805555555,38
135.27462,34.20508805555556,39
135.27443194444444,34.205238055555554,37
135.27428194444445,34.205355,37
135.27378194444444,34.205938055555556,32
135.27360694444445,34.20609611111111,32
135.27347,34.206138055555556,32
135.272595,34.20617111111111,30
135.27232,34.206155,29
135.27213194444445,34.206113055555555,29
135.271795,34.206046111111114,29
135.27162,34.20603,29
135.27137,34.206046111111114,29
135.27095694444444,34.20612111111111,28
135.27080694444444,34.206138055555556,28
135.27072,34.206138055555556,28
135.270445,34.20612888888889,28
135.26972,34.20600388888889,29
135.2695961111111,34.20601305555556,29
135.2695961111111,34.20601305555556,29
135.26948305555555,34.20602111111111,29
135.26928305555555,34.20609611111111,29
135.26913305555556,34.20617111111111,28
135.26895805555554,34.206313055555555,28
135.26877,34.20646305555555,27
135.26860805555555,34.20654611111111,27
135.268495,34.20657888888889,26
135.26838305555555,34.20659611111111,26
135.26820805555556,34.206603888888885,26
135.26767,34.20658805555556,24
135.26752,34.20657888888889,23
135.267095,34.20655388888889,22
135.26682,34.20654611111111,22
135.26585805555555,34.20652111111111,20
135.2654711111111,34.20650388888889,20
135.26493305555556,34.20646305555555,19
135.2644961111111,34.20642888888889,19
135.26263305555557,34.206271111111114,19
135.26204611111112,34.20622888888889,19
135.26183305555554,34.20622111111111,19
135.26160805555557,34.20617111111111,19
135.26149611111111,34.20612888888889,19
135.26032111111112,34.20578805555556,18
135.25975888888888,34.20564611111111,16
135.25955888888888,34.20561305555555,16
135.2593461111111,34.20558805555556,15
135.2591461111111,34.20559611111111,15
135.25795888888888,34.20561305555555,16
135.2567961111111,34.20561305555555,14
135.2560838888889,34.20560388888889,11
135.25594611111111,34.20559611111111,11
135.25534611111112,34.20557888888889,10
135.25488388888888,34.20557111111111,10
135.2543588888889,34.20557888888889,10
135.25317194444443,34.20562805555556,9
135.25317194444443,34.20562805555556,9
135.2531461111111,34.20562888888889,9
135.25202194444444,34.20567111111111,9
135.2518838888889,34.20567888888889,10
135.25164694444445,34.20567888888889,10
135.2513338888889,34.205661944444444,10
135.2510088888889,34.20562888888889,9
135.2510111111111,34.20561305555555,9
135.2510111111111,34.20561305555555,9
135.25103388888888,34.20540388888889,9
135.2509838888889,34.20479611111111,9
135.2509838888889,34.20462888888889,9
135.25102194444443,34.20430388888889,10
135.25104694444445,34.20417888888889,10
135.25103388888888,34.20412888888889,10
135.25099694444444,34.20375388888889,10
135.25099694444444,34.203696111111114,10
135.25105888888888,34.20367888888889,10
135.25137194444446,34.20368805555555,10
135.25157194444444,34.203696111111114,10
135.25159694444446,34.20392888888889,10
135.2516288888889,34.20394611111111,10
135.2516288888889,34.20394611111111,10
135.25159694444446,34.20392888888889,10
135.25157194444444,34.203696111111114,10
135.25137194444446,34.20368805555555,10
135.25105888888888,34.20367888888889,10
135.25099694444444,34.203696111111114,10
135.25093388888888,34.20299611111111,10
135.25093388888888,34.202646111111115,11
135.25077694444445,34.20264,11
135.25077694444445,34.20264,11
135.25072194444445,34.20263805555555,11
135.2500838888889,34.202688055555555,9
135.24999694444443,34.20267888888889,9
135.24969694444445,34.20267111111111,9
135.24919694444444,34.20267888888889,9
135.24879694444445,34.202688055555555,9
135.24722194444445,34.20270388888889,9
135.2468338888889,34.202713055555556,9
135.24674694444445,34.20292888888889,9
135.24669694444444,34.20302111111111,9
135.24657194444444,34.20316305555556,9
135.24640888888888,34.20327888888889,9
135.24557194444444,34.20358805555556,15
135.24544694444444,34.20361305555556,15
135.244935,34.20362111111111,16
135.24441,34.20372888888889,17
135.243935,34.20375388888889,17
135.24341,34.20367888888889,16
135.24127194444443,34.20319611111111,7
135.24111,34.203178888888885,6
135.24081,34.20315388888889,5
135.24042194444445,34.203136944444445,5
135.24042194444445,34.20316388888889,5
135.24042194444445,34.20316388888889,5
135.24042194444445,34.203136944444445,5
135.24042194444445,34.20300388888889,5
135.24039805555554,34.20292111111111,5
135.24037305555555,34.20282888888889,5
135.240285,34.20263805555555,5
135.24019805555557,34.202513055555556,5
135.24009694444445,34.20239611111111,5
135.24002194444444,34.20232111111111,5
135.239935,34.20224611111111,5
135.23986,34.20220388888889,6
135.239735,34.20214611111111,6
135.23952194444445,34.202063055555556,6
135.23937305555555,34.20202888888889,6
135.23927194444445,34.202013055555554,6
135.23912305555555,34.20200388888889,6
135.23907305555556,34.201996111111114,6
135.238135,34.20202888888889,6
135.237785,34.20204611111111,6
135.23706,34.20210388888889,7
135.23692111111112,34.20210388888889,7
135.23692111111112,34.20210388888889,7
135.23687305555555,34.20210388888889,7
135.23637305555556,34.20212111111111,6
135.23629805555555,34.20211305555556,6
135.23612305555557,34.20210388888889,6
135.23534805555556,34.202036944444444,5
135.2352111111111,34.20201194444444,5
135.23418611111111,34.20189611111111,7
135.23299805555556,34.20176194444444,8
135.23274805555556,34.20174611111111,8
135.23246111111112,34.20174611111111,8
135.2323111111111,34.20176194444444,8
135.23212305555555,34.20179611111111,8
135.2319861111111,34.20184611111111,9
135.23164805555555,34.20198805555555,9
135.2310611111111,34.20224611111111,8
135.23072305555556,34.20237888888889,8
135.23063611111112,34.20239611111111,8
135.23059388888888,34.20240388888889,8
135.23059388888888,34.20240388888889,8
135.2302861111111,34.202463055555555,8
135.22997305555555,34.20249611111111,7
135.2294361111111,34.20253694444445,5
135.22892305555555,34.20259611111111,5
135.2286861111111,34.20263694444444,5
135.22854805555556,34.20265388888889,4
135.2282361111111,34.202713055555556,4
135.2262111111111,34.20299611111111,4
135.22611111111112,34.20302111111111,4
135.2259738888889,34.203046111111114,4
135.22589888888888,34.20305388888889,4
135.22564888888888,34.20307888888889,4
135.2251361111111,34.20317111111111,4
135.2236111111111,34.20343694444445,4
135.2231988888889,34.203496111111114,4
135.2228738888889,34.20352888888889,4
135.2225361111111,34.20355388888889,4
135.2218988888889,34.20355388888889,4
135.22161111111112,34.20352888888889,4
135.22102388888888,34.20343694444445,4
135.22093305555555,34.203451944444446,4
135.22093305555555,34.203451944444446,4
135.2208738888889,34.20346194444444,4
135.2206488888889,34.20337888888889,4
135.2206238888889,34.203361944444445,4
135.21971194444444,34.203178888888885,4
135.21961194444444,34.20317111111111,4
135.2181488888889,34.20287888888889,3
135.21786194444445,34.20283694444444,3
135.21749888888888,34.20278694444445,3
135.2161238888889,34.20262888888889,3
135.2158488888889,34.20260388888889,3
135.2156738888889,34.20260388888889,3
135.21537388888888,34.202621111111114,2
135.21518694444444,34.202646111111115,2
135.21508694444444,34.20267888888889,2
135.21499888888889,34.20272888888889,2
135.21458694444445,34.203045,2
135.21393694444444,34.203603888888885,2
135.21364888888888,34.203895,2
135.2135238888889,34.20403694444445,2
135.21349194444446,34.20401694444445,2
135.21349194444446,34.20401694444445,2
135.21344527777777,34.20399416666667,2
135.21339833333334,34.20397138888889,2
135.21335166666665,34.20394861111111,2
135.21330472222223,34.20392583333334,2
135.21325805555554,34.20390305555556,2
135.21321111111112,34.20388027777778,2
135.21316444444443,34.2038575,2
135.2131175,34.203834722222226,2
135.21308166666665,34.20381722222222,2
135.21308166666665,34.20381722222222,2
135.21300666666667,34.20381,2
135.21293166666666,34.20380277777778,2
135.2128563888889,34.20379527777778,2
135.21278138888889,34.203788055555556,2
135.21270638888888,34.20378083333333,2
135.2126313888889,34.20377361111111,2
135.2125561111111,34.20376638888889,2
135.21248111111112,34.203759166666664,2
135.2124061111111,34.20375166666667,2
135.2123311111111,34.203744444444446,2
135.21225583333333,34.20373722222222,2
135.21218083333332,34.20373,2
135.21210583333334,34.20372277777778,2
135.21203083333333,34.203715555555554,2
135.21195555555556,34.20370805555556,2
135.21188055555555,34.203700833333336,2
135.21180555555554,34.20369361111111,2
135.21173055555556,34.20368638888889,2
135.21165527777777,34.20367916666667,2
135.21158027777778,34.203671944444444,2
135.21150527777777,34.20366472222222,2
135.21143027777777,34.20365722222222,2
135.211355,34.20365,2
135.21128,34.20364277777778,2
135.211205,34.20363555555556,2
135.21113,34.203628333333334,2
135.21105472222223,34.20362111111111,2
135.21097972222222,34.20361361111111,2
135.2109047222222,34.203606388888886,2
135.21082972222223,34.20359916666666,2
135.21075444444443,34.20359194444445,2
135.21067944444445,34.203584722222224,2
135.21060444444444,34.2035775,2
135.21052944444443,34.20357027777778,2
135.21045416666666,34.203562777777776,2
135.21037916666666,34.20355555555555,2
135.21030416666667,34.20354833333333,3
135.21022916666666,34.203541111111115,3
135.21022694444446,34.20355888888889,3
135.21016194444445,34.20355388888889,3
135.21025,34.203111944444444,3
135.21031194444444,34.20262888888889,3
135.21048694444445,34.20187111111111,3
135.2105,34.20182111111111,3
135.21051194444445,34.20177888888889,3
135.21051694444444,34.20175888888889,3
135.21051694444444,34.20175888888889,3
135.21051194444445,34.20177888888889,3
135.210425,34.201771111111114,3
135.20918805555556,34.20177,4
135.2072,34.20175388888889,4
135.20681305555556,34.20175388888889,4
135.2061,34.20175388888889,4
135.20525,34.20177888888889,4
135.2051,34.20177888888889,4
135.20493805555554,34.20177888888889,4
135.20446305555555,34.20177,4
135.20338805555556,34.20173694444444,4
135.20211305555554,34.201695,8
135.2011261111111,34.201645,14
135.20091305555556,34.20162888888889,5
135.20017611111112,34.20158694444444,4
135.19995111111112,34.20157888888889,4
135.1987761111111,34.20152,4
135.19866305555556,34.20151194444445,4
135.19776305555555,34.201461944444446,4
135.19481194444444,34.20128888888889,4
135.19481194444444,34.20128888888889,4
135.19476305555557,34.20128694444445,4
135.1945761111111,34.20102,4
135.1944511111111,34.200961944444444,4
135.19413805555556,34.20091194444444,4
135.19403805555555,34.200853055555555,4
135.19326388888888,34.200136944444445,4
135.1927761111111,34.19967888888889,4
135.19268888888888,34.19962,4
135.19260111111112,34.19958694444444,4
135.19247611111112,34.19957888888889,4
135.1923888888889,34.19956194444445,4
135.1923138888889,34.19957,4
135.1909761111111,34.19963694444444,4
135.1907511111111,34.19965888888889,4
135.1907511111111,34.19965888888889,4
135.19063888888888,34.19967,4
135.1904761111111,34.199695,5
135.19020111111112,34.199795,5
135.18986388888888,34.19998694444445,5
135.18975111111112,34.20003694444444,5
135.1896761111111,34.20005388888889,5
135.1894888888889,34.20007888888889,5
135.18917611111112,34.200095,4
135.18908888888888,34.20007888888889,3
135.1889888888889,34.200045,3
135.1888888888889,34.19998694444445,3
135.1886011111111,34.19978694444445,2
135.1889011111111,34.199395,2
135.1890261111111,34.19925388888889,2
135.1892638888889,34.19893694444445,2
135.18940111111112,34.19877888888889,3
135.1897888888889,34.198278888888886,4
135.1898261111111,34.19820388888889,4
135.18987611111112,34.19802,4
135.1900388888889,34.19739611111111,4
135.1900388888889,34.19732888888889,4
135.1900511111111,34.19723694444444,4
135.1900261111111,34.19710388888889,3
135.19000111111112,34.196978888888886,3
135.18998888888888,34.19692888888889,3
135.1899138888889,34.19657111111111,3
135.1898011111111,34.196128888888886,3
135.18973888888888,34.19587111111111,1
135.1896638888889,34.195571111111114,1
135.18963888888888,34.19529611111111,1
135.18963888888888,34.19497888888889,1
135.18973888888888,34.19463694444445,1
135.18973888888888,34.19459611111111,1
135.18973888888888,34.19454611111111,1
135.1896761111111,34.19434611111111,2
135.18953888888888,34.19405388888889,2
135.1894638888889,34.193911944444444,2
135.18941388888888,34.193778888888886,2
135.1893511111111,34.19362111111111,2
135.18932611111111,34.19357111111111,2
135.18931388888888,34.19347888888889,2
135.18928888888888,34.193353888888886,2
135.18928888888888,34.19320388888889,3
135.18928888888888,34.19289611111111,3
135.18928888888888,34.19282888888889,3
135.18930111111112,34.19253805555555,3
135.18931388888888,34.19232888888889,3
135.18932611111111,34.192188055555555,3
135.1893511111111,34.191988055555555,4
135.1893638888889,34.19184611111111,4
135.1893761111111,34.19177111111111,4
135.1893761111111,34.191721111111114,4
135.18938888888889,34.191628888888886,4
135.18940111111112,34.191496111111114,4
135.18941388888888,34.19138805555556,4
135.1894388888889,34.19122888888889,4
135.1894388888889,34.191138055555555,4
135.1894511111111,34.19109611111111,4
135.1894638888889,34.190871111111115,4
135.1894638888889,34.19082888888889,4
135.1894888888889,34.190663055555554,4
135.1894761111111,34.190605,4
135.1894638888889,34.19041305555555,4
135.1894388888889,34.190221111111114,4
135.18942611111112,34.190088055555556,4
135.1892638888889,34.189588055555554,4
135.1892138888889,34.189405,4
135.18902694444444,34.18883805555556,4
135.18882694444446,34.18818,4
135.1887811111111,34.18818888888889,4
</coordinates>
</LineString>
</Placemark>
</Document>
</kml>
