<?xml version="1.0" encoding="UTF-8"?>
<kml xmlns="http://www.opengis.net/kml/2.2" xmlns:atom="http://www.w3.org/2005/Atom">
<Document>
<name>WCC2017　7月例会50キロコース</name>
<atom:author>
<atom:name>salon</atom:name>
</atom:author> 
<atom:link href="https://latlonglab.yahoo.co.jp/route/watch?id=d3e7c1c90845444a8d67db9992fcdbce" />
<description><![CDATA[昼食まで合同コース、昼食後は南北に分かれます。]]></description>
<tags><![CDATA[]]></tags>  
<Placemark>
<Style>
<LineStyle>
<color>99ff0000</color>
<width>6</width>
</LineStyle>
</Style>
<LineString>
<coordinates>
134.89875,34.34591611111111,0
134.89864888888889,34.34603388888889,0
134.89771194444444,34.34536694444444,0
134.8972488888889,34.345058888888886,1
134.8968988888889,34.34486694444445,1
134.8965738888889,34.34469194444444,1
134.89623694444444,34.34451694444444,2
134.89563694444445,34.34418388888889,3
134.895025,34.34390888888889,3
134.89463694444444,34.34380111111111,4
134.89426194444445,34.34372611111111,4
134.89391194444445,34.34367611111111,4
134.89361194444444,34.34363388888889,5
134.89313694444445,34.34360111111111,5
134.892075,34.34361694444444,5
134.89193805555556,34.34363388888889,5
134.890475,34.343783888888886,3
134.88896194444445,34.34390888888889,3
134.88858805555554,34.343983888888886,3
134.88848805555557,34.34403388888889,3
134.888275,34.344141944444445,3
134.88821305555555,34.34417611111111,3
134.88808305555557,34.344253055555555,3
134.88808305555557,34.344253055555555,3
134.887275,34.34473388888889,2
134.886575,34.34429194444444,2
134.88598805555554,34.34400888888889,2
134.88543805555557,34.34377611111111,1
134.88501305555556,34.34360111111111,1
134.88453805555557,34.34344194444444,1
134.8840261111111,34.34328388888889,1
134.88353805555556,34.34314194444445,2
134.88306305555557,34.343041944444444,2
134.88243805555555,34.34297611111111,2
134.88201305555555,34.34298388888889,2
134.8816511111111,34.34301694444444,2
134.88132611111112,34.343066944444445,2
134.88100111111112,34.34315111111111,2
134.88051305555555,34.343316944444446,2
134.88026305555556,34.34341694444444,2
134.87975111111112,34.3437,2
134.87942611111112,34.343875,2
134.87920111111112,34.34399194444445,2
134.8785388888889,34.344208888888886,2
134.87827611111112,34.34426694444444,2
134.8779761111111,34.344316944444444,2
134.8775511111111,34.344341944444444,3
134.87712611111112,34.344341944444444,2
134.87510111111112,34.3443,3
134.87488888888888,34.34429194444444,3
134.8748011111111,34.34429194444444,3
134.87452611111112,34.34428388888889,3
134.87397611111112,34.34426694444444,3
134.8737638888889,34.34426694444444,4
134.8733761111111,34.34426694444444,5
134.87303888888889,34.34428305555556,6
134.8726638888889,34.344316944444444,7
134.8722511111111,34.344366944444445,8
134.87171388888888,34.344408055555554,8
134.8713888888889,34.34441694444445,8
134.87090194444446,34.344425,6
134.8706138888889,34.344425,7
134.87005194444444,34.34441694444445,8
134.86990194444445,34.344408055555554,8
134.8689138888889,34.344391944444446,6
134.86860194444444,34.344366944444445,6
134.86820194444445,34.34430805555556,6
134.8678138888889,34.344208055555555,7
134.86687694444444,34.343966944444446,5
134.86635194444443,34.343825,5
134.8660638888889,34.34376694444445,7
134.86600194444443,34.343758055555554,7
134.865115,34.34363305555556,8
134.86417694444444,34.3435,8
134.863915,34.34348305555555,8
134.86352694444443,34.343466944444444,7
134.86234,34.34345805555556,6
134.86207694444445,34.34345805555556,7
134.86074,34.34344194444444,8
134.86047805555555,34.34339194444444,8
134.85777805555554,34.34275,5
134.85701305555557,34.34256111111111,5
134.85701305555557,34.34256111111111,5
134.856665,34.342475,6
134.856415,34.34240805555556,6
134.856015,34.34226694444445,7
134.8554661111111,34.342058055555555,6
134.85422805555555,34.3416,5
134.85414111111112,34.341566944444445,5
134.85404111111112,34.341525,6
134.85366611111112,34.34138305555555,5
134.85359111111111,34.34135,5
134.85299111111112,34.341125,10
134.85295305555556,34.34110805555556,10
134.85285305555556,34.34106694444444,10
134.84972888888888,34.33988305555555,10
134.8495411111111,34.339908055555554,10
134.8492288888889,34.339908055555554,10
134.8487288888889,34.33985805555555,10
134.8486288888889,34.33999194444444,10
134.8484038888889,34.34021694444444,10
134.8483911111111,34.34024194444444,10
134.84802888888888,34.340541944444446,10
134.84781611111111,34.340675,11
134.8472911111111,34.341008055555555,13
134.8459411111111,34.34184111111111,16
134.8457038888889,34.34199111111111,17
134.8448161111111,34.34255,18
134.8445538888889,34.34275805555556,19
134.8443661111111,34.342925,20
134.8442161111111,34.3431,22
134.84396611111111,34.343375,24
134.8436788888889,34.34368305555556,27
134.84351611111111,34.34382388888889,26
134.8434661111111,34.343848888888886,26
134.8433038888889,34.34392388888889,27
134.84274194444444,34.344073888888886,23
134.8425288888889,34.34413305555555,25
134.84229194444444,34.34419111111111,23
134.8421788888889,34.34419888888889,24
134.84204194444445,34.344208055555555,26
134.8417038888889,34.34415805555555,28
134.84116694444444,34.34404888888889,27
134.84109194444446,34.34404111111111,26
134.84077888888888,34.34405805555556,25
134.84061694444443,34.34410805555556,23
134.8404788888889,34.34419888888889,24
134.84032888888888,34.34439111111111,25
134.84006694444443,34.34466611111111,25
134.83989194444445,34.34481611111111,30
134.83961694444446,34.34500805555555,31
134.83921694444444,34.34519888888889,30
134.83904194444443,34.34527388888889,31
134.83885388888888,34.34533305555556,31
134.8385288888889,34.34539111111111,32
134.83834194444444,34.34543305555555,32
134.83795388888888,34.34549888888889,37
134.8377538888889,34.34556611111111,41
134.83750388888888,34.34567388888889,41
134.83739194444445,34.345731944444445,40
134.83681694444445,34.34611611111111,41
134.83666694444443,34.346198888888885,41
134.836455,34.34631611111111,42
134.83626694444445,34.34639888888889,44
134.836005,34.34654888888889,44
134.83581694444445,34.34670694444444,47
134.83541694444443,34.34712388888889,50
134.83528,34.34724111111111,50
134.83508,34.347366111111114,49
134.834955,34.34741611111111,50
134.83464194444446,34.347498888888886,53
134.83443,34.34752388888889,55
134.83421694444445,34.34751611111111,58
134.83403,34.347498888888886,59
134.833805,34.34747388888889,60
134.83338,34.347431944444445,67
134.83283,34.34739111111111,68
134.83243,34.34739111111111,67
134.832255,34.34741611111111,67
134.83136694444445,34.34771611111111,67
134.831205,34.34780694444444,67
134.831055,34.34794111111111,67
134.83096694444444,34.348056944444444,66
134.83089194444443,34.34820694444444,67
134.83083,34.34832388888889,66
134.83076694444443,34.34852388888889,67
134.830655,34.34863194444444,67
134.83059194444445,34.34864888888889,67
134.830505,34.34865694444444,67
134.83008,34.34862388888889,69
134.82948,34.348573888888886,70
134.829205,34.34855694444445,75
134.82906805555555,34.34854888888889,74
134.82823,34.34847388888889,73
134.82773,34.34842388888889,78
134.82738,34.34843194444444,83
134.82716805555555,34.34845694444444,82
134.82683111111112,34.34852388888889,84
134.82648111111112,34.34859111111111,84
134.82580611111112,34.34878194444445,86
134.82539305555557,34.348915,89
134.82524305555555,34.34892388888889,90
134.82504305555557,34.34889,89
134.8243811111111,34.34867388888889,91
134.8240811111111,34.34859888888889,92
134.8239061111111,34.34855694444445,92
134.82375611111112,34.348565,93
134.8236061111111,34.348615,94
134.82349305555556,34.348665,95
134.82349,34.348666944444446,95
134.82349,34.34866805555556,95
134.8233811111111,34.34874,95
134.82330611111112,34.348865,97
134.8232311111111,34.34904888888889,96
134.8231311111111,34.349365,98
134.82306805555555,34.34974888888889,98
134.82301805555556,34.34999888888889,99
134.82284305555555,34.350498888888886,100
134.82281805555556,34.350565,100
134.82259305555556,34.351106944444446,105
134.8224561111111,34.351373055555555,108
134.82219305555554,34.35172305555555,109
134.8219061111111,34.35189805555556,110
134.8215811111111,34.35204,109
134.82086805555556,34.352265,117
134.82084305555554,34.35227305555556,117
134.8202061111111,34.35244,121
134.8201061111111,34.352473055555556,123
134.8200811111111,34.35249,123
134.81925611111112,34.35290694444444,131
134.8189438888889,34.35308111111111,128
134.81865611111112,34.353273055555555,131
134.8183938888889,34.353465,136
134.81823111111112,34.353473055555554,136
134.81800611111112,34.35339,136
134.8177311111111,34.353298055555555,138
134.8174938888889,34.35322305555555,139
134.8173688888889,34.35319,139
134.8172438888889,34.35318111111111,141
134.81684388888888,34.35324,147
134.8166688888889,34.353215,146
134.8158811111111,34.35308111111111,142
134.8158688888889,34.35308111111111,142
134.8157811111111,34.353073055555555,142
134.81573111111112,34.35309,139
134.81561888888888,34.35313111111111,137
134.8154438888889,34.353273055555555,134
134.8152938888889,34.35344,133
134.81526888888888,34.35348111111111,135
134.8152438888889,34.353615,136
134.8152188888889,34.353665,137
134.81516888888888,34.353698055555554,139
134.8151061111111,34.353698055555554,143
134.81504388888888,34.353656111111114,139
134.8149938888889,34.35354805555556,143
134.8148938888889,34.353298055555555,139
134.8148688888889,34.35318111111111,139
134.81481888888888,34.35310611111111,136
134.81473111111112,34.353048055555554,136
134.8146311111111,34.35302305555555,133
134.81424388888888,34.35298111111111,126
134.81401888888888,34.35297305555556,128
134.81393194444445,34.35299,127
134.81373194444444,34.353048055555554,128
134.8134938888889,34.35312305555556,128
134.81333194444446,34.35314805555556,128
134.81313194444445,34.35314805555556,127
134.81300694444445,34.35313111111111,127
134.81288194444446,34.35308111111111,125
134.81260694444444,34.35294,126
134.81244388888888,34.352915,118
134.81230694444446,34.35295611111111,116
134.8121688888889,34.353048055555554,116
134.81199388888888,34.35309,116
134.8119188888889,34.35308111111111,116
134.81183194444444,34.35304,117
134.81175694444445,34.352965,116
134.8116188888889,34.352815,115
134.8112688888889,34.35234,115
134.81105694444443,34.35204805555556,108
134.81085694444445,34.35189,109
134.81073194444446,34.35183194444444,107
134.8098938888889,34.351398055555556,95
134.80978194444444,34.351365,95
134.8095688888889,34.351348055555555,95
134.80943194444444,34.351398055555556,95
134.80928194444445,34.351481944444444,92
134.80923194444443,34.35154,92
134.80913194444443,34.35190611111111,87
134.80908194444444,34.352023055555556,86
134.8090188888889,34.35210611111111,86
134.80893194444445,34.35219,84
134.80898694444446,34.352248055555556,84
134.80898694444446,34.352248055555556,84
134.8091188888889,34.35239,86
134.80914388888888,34.352515,86
134.80914388888888,34.35257305555555,88
134.80913194444443,34.352673055555556,89
134.80895694444445,34.353248055555554,90
134.80910694444444,34.35333111111111,94
134.80893194444445,34.353698055555554,90
134.8088688888889,34.35390611111111,90
134.80860694444445,34.35445611111111,97
134.80853194444444,34.35458111111111,96
134.80840694444444,34.35473888888889,96
134.8082938888889,34.35498888888889,102
134.80820694444444,34.35510611111111,102
134.8080938888889,34.35512305555555,104
134.80785694444444,34.35521388888889,103
134.80783194444444,34.35530611111111,103
134.80785694444444,34.35543888888889,102
134.80785694444444,34.355623055555554,101
134.80783194444444,34.35575611111111,102
134.80779388888888,34.355823055555554,104
134.8077438888889,34.355873055555556,102
134.80763194444444,34.355873055555556,102
134.8074938888889,34.355823055555554,103
134.80728194444444,34.355823055555554,104
134.8070938888889,34.35585611111111,103
134.80703194444445,34.355873055555556,103
134.80698194444443,34.35595611111111,103
134.80698194444443,34.356048055555554,104
134.8070438888889,34.35634805555556,98
134.8070438888889,34.35643888888889,98
134.8068188888889,34.35670611111111,96
134.80665694444446,34.356948055555556,95
134.80648194444444,34.35722305555556,93
134.806295,34.35749805555555,89
134.806245,34.357573055555555,89
134.80613194444445,34.35775611111111,86
134.80592,34.35811388888889,81
134.80573194444443,34.35843888888889,79
134.80567694444446,34.35851611111111,79
134.80567694444446,34.35851611111111,79
134.80545694444444,34.35882194444444,79
134.80502,34.35961388888889,75
134.804945,34.35973888888889,74
134.80463194444445,34.36016388888889,67
134.80450694444446,34.36035611111111,67
134.804695,34.36071388888889,67
134.804745,34.360821944444446,67
134.804745,34.36094694444444,67
134.80473194444446,34.361105,67
134.804895,34.36138,67
134.80498194444445,34.36156388888889,67
134.804995,34.36163888888889,67
134.80490694444444,34.36194694444445,69
134.80490694444444,34.362096944444446,70
134.8049438888889,34.362255,74
134.8051188888889,34.36238888888889,75
134.80535694444444,34.36267194444444,79
134.8053688888889,34.36287194444444,81
134.8053438888889,34.363155,85
134.8052438888889,34.363355,86
134.80515694444443,34.36348888888889,86
134.80505694444443,34.36364694444445,86
134.80485694444445,34.36376305555556,86
134.8046938888889,34.36389694444444,88
134.8046938888889,34.364055,88
134.80478194444444,34.36438805555556,89
134.80471888888889,34.36461305555556,88
134.80455694444444,34.364821944444444,87
134.8043688888889,34.36498,87
134.8043438888889,34.36508805555555,87
134.8043188888889,34.365205,87
134.80425694444443,34.36526305555556,86
134.80415694444446,34.365363055555555,87
134.8040188888889,34.36563,85
134.80398194444444,34.365855,82
134.80393194444446,34.366238055555556,81
134.80388194444444,34.366355,81
134.80380694444443,34.366388055555554,81
134.80363194444445,34.366463055555556,77
134.80336888888888,34.36664611111111,74
134.803195,34.36692111111111,72
134.80305694444445,34.36712111111111,68
134.802945,34.36728,66
134.80288194444444,34.36737111111111,68
134.80280694444446,34.36737611111111,67
134.80280694444446,34.36737611111111,67
134.80273194444445,34.36738,67
134.80250694444445,34.36737111111111,64
134.80228194444445,34.36741305555555,62
134.802145,34.36752111111111,62
134.802045,34.36766305555555,60
134.80183194444444,34.36774611111111,57
134.80152,34.36782111111111,54
134.80142,34.36793,54
134.80142,34.36801305555556,54
134.80157,34.368653888888886,49
134.80178194444446,34.369238055555556,48
134.801845,34.36957888888889,50
134.80183194444444,34.369888055555556,53
134.801795,34.37007111111111,55
134.80117,34.370128888888885,53
134.80102,34.37019611111111,52
134.80078194444445,34.37036305555556,52
134.80053194444446,34.370488055555555,48
134.79975694444445,34.37092111111111,43
134.799545,34.37117888888889,41
134.79895694444446,34.37193805555555,46
134.79885694444445,34.37207111111111,45
134.798645,34.37258805555555,45
134.798595,34.37272111111111,46
134.79835694444444,34.373311944444445,43
134.79818194444445,34.37372888888889,42
134.79803194444443,34.37406194444444,42
134.79792,34.374336944444444,44
134.797845,34.37453694444444,44
134.79743194444444,34.37530388888889,44
134.79728194444445,34.37552888888889,44
134.79708194444444,34.37587,41
134.79700694444443,34.376111944444446,39
134.79670694444445,34.37667888888889,35
134.79650694444445,34.37687888888889,34
134.79633194444443,34.37705388888889,34
134.796545,34.37710388888889,35
134.79673194444445,34.37715388888889,37
134.79692,34.377245,37
134.79717,34.37742,38
134.79740694444445,34.37767,42
134.797995,34.37847,45
134.79827,34.37876194444444,45
134.798595,34.37907,47
134.79894388888889,34.379345,51
134.79928305555555,34.379643888888886,53
134.79928305555555,34.379643888888886,53
134.79929388888888,34.37965305555556,53
134.7993438888889,34.37967805555556,54
134.7991188888889,34.379828055555556,55
134.79898194444445,34.37992805555555,54
134.79895694444446,34.379945,54
134.79871888888889,34.38015305555555,52
134.7985688888889,34.38028611111111,51
134.7984438888889,34.38041111111111,51
134.7983188888889,34.380628055555555,52
134.79826888888888,34.38076111111111,51
134.79819388888887,34.38095305555556,52
134.79813194444444,34.38113611111111,51
134.7980938888889,34.381253055555554,52
134.79806888888888,34.38132,52
134.79800694444444,34.381478055555554,51
134.7978688888889,34.38183611111111,47
134.79781888888888,34.381995,45
134.79775694444444,34.38212,44
134.79768194444443,34.382195,44
134.7974438888889,34.38236888888889,42
134.796895,34.38272805555555,41
134.79632,34.38304388888889,37
134.79548194444445,34.383453055555556,38
134.795145,34.383586111111114,37
134.79503194444445,34.383678055555556,36
134.79488194444446,34.38383611111111,37
134.79457,34.384236111111115,36
134.79425694444444,34.38459388888889,39
134.79365694444445,34.385286111111114,35
134.79335694444444,34.38553611111111,34
134.79318194444446,34.38586111111111,34
134.79312,34.386003055555555,34
134.793095,34.38611111111111,36
134.79307,34.38631111111111,33
134.79302,34.386718888888886,33
134.792995,34.38693611111111,35
134.79293194444443,34.38711111111111,34
134.79287,34.38723611111111,34
134.79265694444445,34.38753611111111,34
134.791995,34.38845194444445,32
134.79193305555555,34.388643888888886,32
134.79190805555555,34.38879388888889,31
134.791845,34.38921888888889,28
134.79178305555556,34.38934388888889,27
134.79177,34.38936888888889,28
134.791495,34.389693888888885,27
134.79135805555555,34.38986888888889,27
134.79115694444445,34.390185,27
134.79107,34.390343888888886,26
134.79100805555555,34.39042694444444,26
134.79095694444445,34.39064388888889,26
134.790995,34.390885,28
134.79105694444445,34.39105194444444,28
134.79108194444444,34.39111888888889,28
134.79135694444443,34.39136,27
134.79152,34.39152694444444,26
134.79175694444444,34.391776944444445,24
134.79222,34.392251944444446,25
134.79255694444444,34.39276,21
134.79267,34.392943055555556,21
134.79268194444444,34.39309305555555,21
134.79265694444445,34.393251944444444,23
134.79255694444444,34.393726944444445,21
134.79257,34.39382694444444,20
134.79265694444445,34.39402694444444,18
134.79288194444445,34.394485,18
134.79292,34.394585,18
134.79292,34.395026111111115,19
134.79287,34.395226111111114,22
134.79277,34.39550111111111,23
134.79263194444445,34.39581,24
134.79237,34.39649305555555,22
134.791995,34.39746805555556,16
134.79187,34.397801111111114,16
134.791795,34.39790111111111,17
134.79163194444445,34.39800888888889,16
134.791395,34.39817611111111,16
134.791295,34.39827611111111,16
134.79117,34.39848388888889,17
134.79098194444444,34.39895111111111,18
134.79085694444444,34.399301111111114,17
134.790795,34.39948388888889,18
134.79057,34.399743055555554,18
134.79018194444444,34.39994194444444,16
134.789745,34.400151111111114,11
134.78958194444445,34.40027611111111,11
134.789445,34.40040888888889,11
134.78925694444445,34.40068388888889,13
134.78918194444444,34.40085111111111,13
134.789095,34.40112611111111,14
134.78898194444446,34.40165888888889,14
134.78887,34.402366944444445,14
134.788845,34.40280111111111,18
134.78877,34.40330111111111,18
134.788695,34.40383388888889,18
134.788595,34.40450888888889,16
134.78857,34.404725,17
134.78842,34.40528388888889,9
134.78825694444444,34.40555,8
134.78797,34.406,6
134.78760694444443,34.406525,5
134.787395,34.406841944444444,5
134.78733194444445,34.40698388888889,5
134.78727,34.4072,5
134.78720694444445,34.407608055555556,5
134.78722,34.40776694444445,5
134.787195,34.40821694444445,4
134.78690694444444,34.40850805555556,4
134.786395,34.40900805555555,4
134.786145,34.409258055555554,4
134.78600694444444,34.40958305555556,4
134.78597,34.40969194444445,4
134.78583194444445,34.409975,4
134.78562,34.410558055555555,4
134.7855761111111,34.41064194444444,4
134.7855761111111,34.41064194444444,4
134.78538194444445,34.411008055555556,4
134.784645,34.41141611111111,4
134.78488194444444,34.4117,4
134.78498194444444,34.411825,4
134.785095,34.412016111111114,4
134.78522,34.412233055555554,4
134.78530694444444,34.41272388888889,4
134.78530694444444,34.41354111111111,3
134.785345,34.414408055555555,3
134.785345,34.41454111111111,3
134.78592,34.414923888888886,4
134.78690694444444,34.415573888888886,5
134.78705694444446,34.41560805555556,6
134.78763194444446,34.41555805555556,11
134.78800694444445,34.41558194444445,16
134.78834388888887,34.41564888888889,21
134.7884938888889,34.41559888888889,22
134.78918194444444,34.41511611111111,24
134.78944388888888,34.415058055555555,24
134.78979388888888,34.415033055555554,26
134.78990694444445,34.415016111111115,26
134.79005694444444,34.41494888888889,24
134.79023194444446,34.414858055555555,31
134.79049388888888,34.414791111111114,34
134.79069388888888,34.41471611111111,33
134.79098194444444,34.414566111111114,34
134.79114388888888,34.41455805555555,37
134.79135694444443,34.414633055555555,40
134.7916688888889,34.41494111111111,41
134.79183194444445,34.41500805555555,41
134.79200694444444,34.41502388888889,41
134.79215694444446,34.414991111111114,41
134.79225694444443,34.41497388888889,41
134.79265694444445,34.41490805555556,41
134.79283194444446,34.41489888888889,42
134.7932688888889,34.41525305555555,47
134.7932688888889,34.41525305555555,47
134.79283194444446,34.41489888888889,42
134.79265694444445,34.41490805555556,41
134.79225694444443,34.41497388888889,41
134.79215694444446,34.414991111111114,41
134.79200694444444,34.41502388888889,41
134.79183194444445,34.41500805555555,41
134.7916688888889,34.41494111111111,41
134.79135694444443,34.414633055555555,40
134.79114388888888,34.41455805555555,37
134.79098194444444,34.414566111111114,34
134.79069388888888,34.41471611111111,33
134.79049388888888,34.414791111111114,34
134.79023194444446,34.414858055555555,31
134.79005694444444,34.41494888888889,24
134.78990694444445,34.415016111111115,26
134.78979388888888,34.415033055555554,26
134.78944388888888,34.415058055555555,24
134.78918194444444,34.41511611111111,24
134.7884938888889,34.41559888888889,22
134.78834388888887,34.41564888888889,21
134.78800694444445,34.41558194444445,16
134.78763194444446,34.41555805555556,11
134.78705694444446,34.41560805555556,6
134.78690694444444,34.415573888888886,5
134.78592,34.414923888888886,4
134.785345,34.41454111111111,3
134.785345,34.41467388888889,3
134.78537,34.41536611111111,3
134.78538194444445,34.415531944444446,3
134.785395,34.415883055555554,3
134.785445,34.41626611111111,3
134.78555694444444,34.41690805555555,3
134.78567,34.41742388888889,3
134.78571888888888,34.41764111111111,3
134.78585694444445,34.418216111111114,3
134.78590694444443,34.41856611111111,3
134.78588194444444,34.418841111111114,4
134.78583194444445,34.419106944444444,4
134.7856438888889,34.41964,3
134.78555694444444,34.41994,4
134.78549388888888,34.42014,4
134.78548194444446,34.42022388888889,4
134.78545694444443,34.420415,4
134.78555694444444,34.420765,3
134.7857438888889,34.421256944444444,2
134.78588194444444,34.421731944444446,4
134.7865938888889,34.42337305555556,5
134.78718194444446,34.424715,4
134.7875688888889,34.42560611111111,3
134.78803194444444,34.426656111111114,5
134.78809388888888,34.42681388888889,5
134.78810694444445,34.42725611111111,6
134.78813194444444,34.42768888888889,7
134.7881438888889,34.42775611111111,7
134.78820694444445,34.42782305555556,7
134.78831888888888,34.42788888888889,7
134.7884938888889,34.42789805555555,9
134.7890688888889,34.42771388888889,14
134.78928194444444,34.42768888888889,14
134.7894188888889,34.42771388888889,14
134.78968111111112,34.42784805555556,15
134.78989388888888,34.42803888888889,16
134.7900061111111,34.42831388888889,14
134.79149388888888,34.43218111111111,3
134.79241888888888,34.43459694444444,2
134.7928938888889,34.43583888888889,1
134.79318111111112,34.436596944444446,2
134.79429305555556,34.43953805555556,1
134.79619305555556,34.444538055555554,2
134.79624305555555,34.444696111111114,3
134.79636805555555,34.44550388888889,4
134.79644305555556,34.445661944444446,4
134.7965561111111,34.44582888888889,3
134.79699305555556,34.44629611111111,3
134.797355,34.44680388888889,3
134.79774305555554,34.44732888888889,5
134.798055,34.44757111111111,5
134.798555,34.447696111111114,10
134.79876805555554,34.447696111111114,12
134.79894305555555,34.44767111111111,10
134.79914305555556,34.447561944444445,11
134.79944305555554,34.44747888888889,11
134.79983,34.44742111111111,11
134.80009305555555,34.44741194444445,11
134.801255,34.44744611111111,7
134.801505,34.44752111111111,6
134.80179305555555,34.447721111111115,7
134.80186694444444,34.44782111111111,7
134.80208,34.44810388888889,7
134.80214194444446,34.44817888888889,7
134.802405,34.448461944444446,5
134.803105,34.44918694444444,4
134.803455,34.449536944444446,3
134.80388,34.45000388888889,4
134.80441694444445,34.450745,6
134.805105,34.451745,3
134.80553,34.452511944444446,4
134.805755,34.452895,3
134.80609194444443,34.453586944444446,4
134.80622888888888,34.453961944444444,6
134.8064288888889,34.45471194444445,1
134.80649194444445,34.454928055555555,2
134.80657888888888,34.45505305555555,3
134.80666694444446,34.455128055555555,3
134.8070538888889,34.45552,3
134.80774194444444,34.45607805555556,3
134.8079038888889,34.45623694444444,3
134.8080788888889,34.456545,3
134.80829194444445,34.45688611111111,4
134.80864194444445,34.45742,3
134.8088788888889,34.45773611111111,5
134.80909194444445,34.457928055555556,5
134.80927888888888,34.458145,5
134.80959194444443,34.45856111111111,6
134.8097788888889,34.45881111111111,6
134.80994194444443,34.45897,7
134.81026694444444,34.45927805555556,5
134.81097888888888,34.459878055555556,6
134.8114911111111,34.460253055555555,6
134.8119538888889,34.46057805555556,5
134.81234111111112,34.46080305555556,5
134.81256611111112,34.46088611111111,7
134.81290388888888,34.460903055555555,4
134.8131911111111,34.460878055555554,6
134.8135538888889,34.46081111111111,2
134.81384111111112,34.46074388888889,5
134.8140788888889,34.46077805555556,1
134.8142411111111,34.460861111111114,3
134.8145411111111,34.461061111111114,1
134.8148788888889,34.46126888888889,2
134.8151161111111,34.46145305555556,3
134.8153661111111,34.461753055555555,5
134.8156911111111,34.462153055555554,5
134.81610388888888,34.462603055555554,5
134.81619111111112,34.46271888888889,5
134.81622694444445,34.46277611111111,5
134.81622694444445,34.46277611111111,5
134.81640305555555,34.463051944444445,6
134.81654111111112,34.46339388888889,5
134.81707805555556,34.46462694444445,4
134.81720305555555,34.464843888888886,4
134.8173661111111,34.46508611111111,6
134.81747805555557,34.46523611111111,4
134.8175911111111,34.465336111111114,4
134.81767805555555,34.46538611111111,4
134.8178661111111,34.465468888888886,4
134.81807805555556,34.46552694444444,5
134.81826611111111,34.46555305555555,5
134.81836611111112,34.46555305555555,5
134.81849111111111,34.46553611111111,6
134.81880305555555,34.46548611111111,6
134.81917805555557,34.46541111111111,7
134.81932805555556,34.46536111111111,7
134.8194411111111,34.46532805555555,8
134.8196661111111,34.465226944444446,7
134.8197661111111,34.46516888888889,8
134.82027805555555,34.46481111111111,9
134.82045305555556,34.46471888888889,9
134.82072805555555,34.46462694444445,9
134.8210161111111,34.464576944444445,9
134.8216911111111,34.46446111111111,9
134.82212805555557,34.464393888888885,11
134.82221611111112,34.46438611111111,11
134.82230305555555,34.46438611111111,13
134.82249,34.464393888888885,13
134.82259,34.46440194444445,13
134.82270305555556,34.46442694444445,13
134.823115,34.46451888888889,13
134.82389,34.464711111111114,8
134.82404,34.46473611111111,8
134.82419,34.464753055555555,9
134.824315,34.464753055555555,9
134.82447805555555,34.464728055555554,9
134.824615,34.464686111111114,9
134.82514,34.46451888888889,8
134.825265,34.464486111111114,8
134.825565,34.46444388888889,9
134.82590194444444,34.46443611111111,8
134.82639,34.46443611111111,8
134.826615,34.46443611111111,8
134.827365,34.46444388888889,8
134.82834,34.46446111111111,7
134.82862805555555,34.46446888888889,7
134.82882805555556,34.46447805555555,8
134.82912694444445,34.46451888888889,9
134.82942694444444,34.464578055555556,9
134.83022694444443,34.46478611111111,9
134.83105194444445,34.46498611111111,9
134.831765,34.46516888888889,7
134.83232694444445,34.465378055555554,6
134.8326638888889,34.46551111111111,5
134.83331388888888,34.46575305555555,5
134.83410194444446,34.466003055555554,2
134.83457694444445,34.46615194444445,1
134.83491388888888,34.46626111111111,2
134.83520194444444,34.46635194444445,3
134.83560194444445,34.46649388888889,5
134.8357638888889,34.46655194444445,6
134.8362138888889,34.46674388888889,7
134.83658888888888,34.46691888888889,6
134.83687694444444,34.467103055555555,5
134.83911388888887,34.468628055555556,6
134.83941388888888,34.46886888888889,6
134.83977611111112,34.469276944444445,6
134.8398388888889,34.469343888888886,6
134.84012611111112,34.46958611111111,6
134.84033888888888,34.469726944444446,7
134.8419011111111,34.471176944444444,5
134.8419638888889,34.471226944444446,3
134.8420888888889,34.47130194444444,3
134.84226388888888,34.471376944444444,1
134.84236388888888,34.471401944444445,3
134.8424261111111,34.47141888888889,3
134.8425138888889,34.47143611111111,5
134.84285111111112,34.471426944444445,8
134.8429261111111,34.47141888888889,8
134.8430261111111,34.47139388888889,8
134.84318888888887,34.47132694444444,9
134.8435511111111,34.47114388888889,8
134.84391305555556,34.47092694444444,9
134.8442511111111,34.47074388888889,8
134.84500111111112,34.47034388888889,7
134.8452511111111,34.47023611111111,6
134.84565111111112,34.470103055555555,5
134.84573805555556,34.47008611111111,5
134.84600111111112,34.470061111111114,5
134.84612611111112,34.470061111111114,5
134.84626305555557,34.47006888888889,5
134.84638805555556,34.47008611111111,5
134.8465011111111,34.47011111111111,5
134.84663805555556,34.470151944444446,5
134.8468261111111,34.47022805555556,5
134.84691305555555,34.47016888888889,5
134.84696305555556,34.470103055555555,5
134.84696305555556,34.470103055555555,5
134.8472261111111,34.46986888888889,5
134.84733805555555,34.469743888888885,5
134.8476511111111,34.469453055555554,5
134.8477511111111,34.46936888888889,5
134.84783805555554,34.46933611111111,5
134.8479011111111,34.46917805555555,5
134.84803805555555,34.46871888888889,5
134.8480761111111,34.46863611111111,5
134.84821305555556,34.46832805555555,5
134.8483261111111,34.46819388888889,5
134.8484261111111,34.46807805555556,5
134.84863805555557,34.46779388888889,5
134.8487511111111,34.46760305555556,5
134.84901305555556,34.46708611111111,5
134.8492511111111,34.46661888888889,5
134.8493261111111,34.46641888888889,5
134.84940111111112,34.46623611111111,5
134.84943805555557,34.466045,5
134.84948805555555,34.465761111111114,5
134.84953805555554,34.46545305555556,5
134.8496011111111,34.464995,6
134.8496761111111,34.464353055555556,7
134.84971305555555,34.464145,8
134.8497761111111,34.46387,8
134.84983805555555,34.463703055555555,7
134.84998805555554,34.46332805555556,6
134.85013805555556,34.46290305555556,6
134.85021305555554,34.462561944444445,8
134.8502511111111,34.46230305555556,8
134.85028805555555,34.46201194444444,8
134.8503761111111,34.46162,9
134.85041305555555,34.461495,9
134.85053805555555,34.461061944444445,8
134.85061305555556,34.460861944444446,8
134.8506761111111,34.46072888888889,8
134.85075111111112,34.46060388888889,9
134.85096305555555,34.46030388888889,9
134.8510261111111,34.46022,9
134.85118805555555,34.46002,9
134.85158805555557,34.459561944444445,11
134.8517261111111,34.459361944444446,12
134.8521511111111,34.45865388888889,14
134.8522011111111,34.45857888888889,14
134.85225111111112,34.458511944444446,13
134.85236305555554,34.458421111111114,13
134.85257611111112,34.45827111111111,13
134.85291305555555,34.458061944444445,13
134.85321305555556,34.45787888888889,13
134.85341305555556,34.457678888888886,13
134.85417611111112,34.456896111111114,14
134.85441305555557,34.45664611111111,16
134.85448805555555,34.45654611111111,15
134.85461305555555,34.45630388888889,16
134.85478805555556,34.455936944444446,16
134.85517611111112,34.45513694444445,17
134.85533805555556,34.45480388888889,15
134.85568805555556,34.45406305555556,13
134.8563,34.45281305555555,10
134.85641305555555,34.45257111111111,9
134.856825,34.45172111111111,15
134.857075,34.45119611111111,15
134.85723805555557,34.450855,14
134.85751305555556,34.450271111111114,14
134.85801305555555,34.44921305555555,16
134.858075,34.44911305555556,16
134.85808805555556,34.44907111111111,15
134.85828805555556,34.44869694444444,15
134.85838805555557,34.448521944444444,15
134.8585,34.448355,15
134.858625,34.448163055555554,17
134.858825,34.447871944444444,18
134.85906305555557,34.447588055555556,17
134.859325,34.447313055555554,18
134.85965,34.44697194444444,18
134.860275,34.44632194444444,19
134.860775,34.445796944444446,21
134.86111305555556,34.44542194444445,23
134.86118805555554,34.44533,24
134.861475,34.44497194444445,23
134.86156194444445,34.44484694444444,23
134.86186305555555,34.44432194444445,23
134.863,34.44238111111111,26
134.86321305555555,34.44200611111111,27
134.863325,34.441831111111114,28
134.863525,34.441473055555555,28
134.8638,34.44101388888889,28
134.8639,34.44086388888889,29
134.86395,34.44078888888889,29
134.864425,34.440423055555556,29
134.86458694444445,34.440263888888886,29
134.864825,34.44013888888889,30
134.86493694444445,34.44008888888889,30
134.86575,34.44009805555555,36
134.86748694444444,34.44009805555555,38
134.86843694444445,34.440021944444446,39
134.86916194444444,34.43988111111111,45
134.86978694444446,34.43978111111111,39
134.87037388888888,34.439723055555554,32
134.87091194444446,34.43964805555556,33
134.87136194444443,34.439613888888886,33
134.87168694444443,34.43963111111111,31
134.8717488888889,34.43963111111111,31
134.8718988888889,34.43964805555556,29
134.8722488888889,34.43968111111111,27
134.87249888888888,34.439706111111114,25
134.87266194444445,34.43971388888889,24
134.87272388888888,34.43971388888889,23
134.8727738888889,34.439723055555554,23
134.87326194444444,34.43973888888889,23
134.87391194444444,34.43975611111111,23
134.8740238888889,34.43975611111111,23
134.8741488888889,34.439748055555555,23
134.87502388888888,34.43968888888889,22
134.8751738888889,34.43967305555555,22
134.87541194444444,34.43966388888889,20
134.87569888888888,34.43963111111111,19
134.8758861111111,34.43960611111111,19
134.87602388888888,34.43958111111111,19
134.87616111111112,34.43953888888889,19
134.87636111111112,34.43945611111111,19
134.8769738888889,34.43913888888889,19
134.87761111111112,34.438831111111114,19
134.87783611111112,34.438723055555556,19
134.87819888888887,34.43857305555556,19
134.8787861111111,34.43832305555556,19
134.8802738888889,34.437715,19
134.8810861111111,34.43728111111111,18
134.8814111111111,34.43709805555556,17
134.8819488888889,34.43680611111111,17
134.8820988888889,34.43674,16
134.88234888888888,34.43664805555556,16
134.8824361111111,34.43662305555556,16
134.8825361111111,34.43659805555556,16
134.88269888888888,34.43655611111111,16
134.8828611111111,34.436523055555554,15
134.88303611111112,34.436506944444446,14
134.8835861111111,34.436465,13
134.88419805555554,34.43644,13
134.88592305555557,34.43634,13
134.88664805555555,34.43629,12
134.8871861111111,34.436265,12
134.88742305555556,34.436265,12
134.88767305555555,34.436265,12
134.88803611111112,34.43629,12
134.88897305555557,34.436348055555555,11
134.88939805555555,34.43639,10
134.88994805555555,34.43642305555556,9
134.8903611111111,34.43644805555556,9
134.89087305555555,34.43649,9
134.890985,34.43649805555555,9
134.89111,34.436506944444446,9
134.89127305555556,34.436523055555554,8
134.89267305555555,34.43662305555556,7
134.89282305555557,34.43663194444444,7
134.89317305555556,34.43664,7
134.893785,34.436681944444445,7
134.89386,34.436665,7
134.89402305555555,34.436573055555556,7
134.895185,34.435865,6
134.89567194444444,34.43555694444444,6
134.896435,34.43509,6
134.89659805555556,34.434981944444445,5
134.897385,34.43449888888889,5
134.897485,34.43444,5
134.89799805555555,34.43412388888889,5
134.89822194444446,34.433973888888886,5
134.898385,34.433865,5
134.89862194444444,34.43366611111111,5
134.89879694444446,34.43347388888889,5
134.89937194444445,34.43274111111111,8
134.899685,34.43234888888889,9
134.89981,34.43219888888889,8
134.89997194444445,34.43205694444445,8
134.90021,34.43187388888889,7
134.90047194444443,34.43169888888889,6
134.900885,34.43143194444445,4
134.901235,34.43120694444445,4
134.90164694444445,34.43094111111111,3
134.9022588888889,34.43058111111111,2
134.9022588888889,34.43058194444444,2
134.90227194444444,34.43057388888889,2
134.9026088888889,34.43035694444445,1
134.9024588888889,34.43017388888889,2
134.902035,34.42969111111111,3
134.90167194444444,34.42925805555556,3
134.90157194444444,34.429141111111115,3
134.90129694444445,34.42883305555556,3
134.90111,34.42860805555556,3
134.90091,34.42837388888889,2
134.90072194444446,34.42816611111111,1
134.900585,34.42802388888889,1
134.90046,34.42787388888889,1
134.89954694444444,34.426858055555556,1
134.89824694444445,34.425375,2
134.898085,34.425158055555556,3
134.89802194444445,34.425025,2
134.89797305555555,34.4248,3
134.89797305555555,34.42458305555556,5
134.89806,34.4243,8
134.898185,34.424058055555555,9
134.89826,34.423858055555556,9
134.898285,34.423633055555555,9
134.898285,34.423383055555554,8
134.89819805555555,34.423141944444446,9
134.89812194444445,34.422983055555555,5
134.897985,34.422775,5
134.89777305555555,34.422558055555555,8
134.89639805555555,34.421241944444446,8
134.89611,34.42094194444444,6
134.89587305555557,34.420675,6
134.895835,34.42061694444445,4
134.89567305555556,34.42035888888889,1
134.89556,34.42015888888889,2
134.89544805555556,34.419941944444446,1
134.89531,34.4196,3
134.895235,34.41928388888889,1
134.89496111111112,34.41813388888889,4
134.8949111111111,34.41766694444444,3
134.89487305555556,34.41705888888889,4
134.89489805555556,34.41665888888889,0
134.89497305555557,34.41552611111111,4
134.89507305555554,34.41455888888889,3
134.89512305555556,34.41395111111111,5
134.89514805555555,34.413758888888886,5
134.89524805555556,34.41328388888889,5
134.8953111111111,34.41309305555556,5
134.89534805555556,34.41299305555555,3
134.89551111111112,34.412643055555556,3
134.89587305555557,34.41218388888889,3
134.89612305555556,34.41195111111111,2
134.89634805555556,34.411743055555554,2
134.89667305555557,34.41141805555556,1
134.89687305555555,34.41124305555556,1
134.89689805555557,34.41121805555556,1
134.89741,34.41084305555555,1
134.89774805555555,34.41061805555555,1
134.89787305555555,34.410518055555556,1
134.89802305555557,34.41035111111111,3
134.89821,34.41010111111111,6
134.89829805555556,34.40996805555555,5
134.89851,34.40945194444444,6
134.89854805555555,34.40922694444444,7
134.89849805555556,34.40876,13
134.89832305555555,34.40829305555555,14
134.898035,34.40781,13
134.89797305555555,34.407693055555555,14
134.89777305555555,34.40736,16
134.89762305555556,34.40701888888889,15
134.89731111111112,34.40581888888889,11
134.89687305555555,34.40475194444444,14
134.8968361111111,34.40456888888889,14
134.89679805555556,34.40427694444445,13
134.89669805555556,34.40376888888889,13
134.8966111111111,34.40341111111111,12
134.8964611111111,34.40314388888889,12
134.89612305555556,34.40274388888889,12
134.89579805555556,34.40241888888889,11
134.89552305555554,34.40212694444445,15
134.89502305555555,34.401268888888886,14
134.89483611111112,34.40089388888889,15
134.89461111111112,34.400193888888886,14
134.8945361111111,34.39984388888889,15
134.8943361111111,34.39893611111111,10
134.89439805555557,34.398178055555555,5
134.89437305555555,34.39776111111111,5
134.89438611111112,34.397418888888886,7
134.89448611111112,34.39703611111111,6
134.89482305555555,34.39627,4
134.89493611111112,34.39590305555556,4
134.89494805555555,34.39573611111111,5
134.89493611111112,34.39557,4
134.89483611111112,34.39501111111111,5
134.89473611111111,34.394545,1
134.8944111111111,34.39368694444445,7
134.89434888888889,34.39348694444445,6
134.8943238888889,34.393345,7
134.8942361111111,34.39286194444445,4
134.89414888888888,34.392345,3
134.89414888888888,34.39230305555556,3
134.89403611111112,34.39172,3
134.8939988888889,34.39147888888889,4
134.8939738888889,34.391245,4
134.8939738888889,34.39118694444444,4
134.8939988888889,34.390995,4
134.8940611111111,34.39062888888889,4
134.89416111111112,34.39030388888889,5
134.89436111111112,34.38961194444445,5
134.89448611111112,34.38922888888889,5
134.89459888888888,34.38872111111111,5
134.8947611111111,34.38793694444445,6
134.8949861111111,34.38686194444445,5
134.8950738888889,34.38643694444445,4
134.8951988888889,34.38585388888889,5
134.8953111111111,34.385286944444445,6
134.89538611111112,34.384996111111114,7
134.8954861111111,34.38455388888889,7
134.8956488888889,34.38372888888889,8
134.8956738888889,34.38345388888889,7
134.8957738888889,34.38287888888889,8
134.8957988888889,34.382713055555556,7
134.8958988888889,34.38198,7
134.8959238888889,34.38183,7
134.8959238888889,34.38178,7
134.8959238888889,34.38163,6
134.89586111111112,34.381405,6
134.89583611111112,34.38133805555555,6
134.8956738888889,34.380905,5
134.8955738888889,34.38052111111111,3
134.8955611111111,34.379955,2
134.8955861111111,34.37978805555556,2
134.8956488888889,34.37938805555556,1
134.8956611111111,34.379246944444446,1
134.8957861111111,34.37847194444444,2
134.89582388888888,34.37807194444444,2
134.8958988888889,34.377805,1
134.89597388888888,34.37758888888889,1
134.89617388888888,34.37706388888889,2
134.89631111111112,34.37671388888889,3
134.89643611111111,34.376455,3
134.89651111111112,34.37633888888889,3
134.8967111111111,34.37614694444444,3
134.89719888888888,34.37573888888889,7
134.8975111111111,34.37536388888889,8
134.8975738888889,34.37526388888889,7
134.8976238888889,34.37513111111111,8
134.8976361111111,34.374988888888886,8
134.8976111111111,34.37478888888889,7
134.8975738888889,34.374631111111114,4
134.8974861111111,34.374431111111114,6
134.8973988888889,34.374321944444446,6
134.89709888888888,34.37402194444444,7
134.89684888888888,34.37372194444445,5
134.8968111111111,34.37365611111111,3
134.89676111111112,34.37358111111111,4
134.89673611111112,34.37343111111111,5
134.89672388888889,34.37328888888889,6
134.89673611111112,34.373263888888886,6
134.89674888888888,34.37313888888889,6
134.8968111111111,34.37278888888889,7
134.8974111111111,34.370373055555554,9
134.8977361111111,34.36890611111111,5
134.89774888888888,34.368631111111114,6
134.8977238888889,34.368165,6
134.8976361111111,34.367715,6
134.89756111111112,34.36748111111111,4
134.8973861111111,34.36724805555556,5
134.8972361111111,34.36714,4
134.8968361111111,34.36699,5
134.8965861111111,34.366931111111114,6
134.89628611111112,34.36688111111111,5
134.8961488888889,34.36684,5
134.89582388888888,34.36665611111111,6
134.8956738888889,34.36653111111111,6
134.8955738888889,34.36639,6
134.89548694444446,34.36623111111111,7
134.8954238888889,34.36607305555555,7
134.8951988888889,34.364956944444444,6
134.8950738888889,34.36439,7
134.89506194444445,34.36425694444444,7
134.89506194444445,34.364023055555556,7
134.8950738888889,34.363815,7
134.89516194444445,34.36342305555556,7
134.8956638888889,34.36202888888889,7
134.8956638888889,34.36202888888889,7
134.89568694444444,34.361965,7
134.89591194444444,34.36130694444444,5
134.89591194444444,34.361181944444446,5
134.8958988888889,34.36104,5
134.89588694444444,34.361015,7
134.89568694444444,34.36056611111111,6
134.89533694444444,34.360123888888886,7
134.8952488888889,34.35981611111111,9
134.89514888888888,34.35864111111111,7
134.8951988888889,34.35837388888889,7
134.89539888888888,34.35791611111111,6
134.89553694444444,34.357441111111115,8
134.89558694444443,34.35704111111111,5
134.89559888888888,34.356923888888886,5
134.89556194444444,34.35674888888889,4
134.89549888888888,34.35661611111111,5
134.8953238888889,34.356433055555556,7
134.89486194444444,34.35608194444445,8
134.89436194444446,34.355133055555555,8
134.89423694444446,34.35482388888889,7
134.89416194444445,34.354708055555555,7
134.8940988888889,34.35464888888889,7
134.89358694444445,34.35437388888889,8
134.89348694444445,34.35429888888889,8
134.8933738888889,34.35413305555556,9
134.8933238888889,34.353991111111114,9
134.89328694444444,34.35395805555556,9
134.89321194444443,34.35366611111111,8
134.89316194444444,34.353366111111114,7
134.89316194444444,34.35321611111111,5
134.893175,34.352875,6
134.893225,34.352575,5
134.89325,34.352333055555555,7
134.89325,34.352025,9
134.89323694444445,34.35180805555556,5
134.89323694444445,34.351725,4
134.89321194444443,34.35153305555556,3
134.8932,34.35143305555555,3
134.89318694444444,34.35138305555556,3
134.893125,34.35119111111111,4
134.89303694444445,34.350975,5
134.892925,34.350775,5
134.892775,34.350458055555556,5
134.89235,34.34954194444445,5
134.89226194444444,34.349375,5
134.89203694444444,34.3489,5
134.89201194444445,34.34885805555555,5
134.8916,34.347991944444445,5
134.891475,34.347741944444444,5
134.89113805555556,34.34706694444444,6
134.891075,34.346975,6
134.89096305555555,34.346875,6
134.890725,34.346725,6
134.89076305555557,34.34665,6
134.8913,34.345725,4
134.891475,34.345416944444445,5
134.89156194444445,34.34525111111111,5
134.89161194444443,34.34507611111111,5
134.891625,34.34495111111111,5
134.89163805555555,34.34480888888889,5
134.891675,34.34460888888889,5
134.89173694444443,34.34429194444444,5
134.89193805555556,34.34363388888889,5
134.892075,34.34361694444444,5
134.89313694444445,34.34360111111111,5
134.89361194444444,34.34363388888889,5
134.89391194444445,34.34367611111111,4
134.89426194444445,34.34372611111111,4
134.89463694444444,34.34380111111111,4
134.895025,34.34390888888889,3
134.89563694444445,34.34418388888889,3
134.89623694444444,34.34451694444444,2
134.8965738888889,34.34469194444444,1
134.8968988888889,34.34486694444445,1
134.8972488888889,34.345058888888886,1
134.89771194444444,34.34536694444444,0
134.89747111111112,34.345598055555556,0
</coordinates>
</LineString>
</Placemark>
</Document>
</kml>
