<?xml version="1.0" encoding="UTF-8"?>
<kml xmlns="http://www.opengis.net/kml/2.2" xmlns:atom="http://www.w3.org/2005/Atom">
<Document>
<name>WCC55th HARU GASSYUKU 7thDay</name>
<atom:author>
<atom:name>小平太郎</atom:name>
</atom:author> 
<atom:link href="https://latlonglab.yahoo.co.jp/route/watch?id=f9242095c58b6c2c7db9379914e8bfe2" />
<description><![CDATA[<Medium>
国見山
佐世保シーサイド
75km900up

2017.2.28
通行止めにつき臨時でルート変更いたしました。]]></description>
<tags><![CDATA[wcc55th]]></tags>  
<Placemark>
<Style>
<LineStyle>
<color>99ff0000</color>
<width>6</width>
</LineStyle>
</Style>
<LineString>
<coordinates>
130.1492988888889,33.31570611111111,416
130.149135,33.315488055555555,410
130.149285,33.31518805555555,409
130.14932194444444,33.315063055555555,409
130.14932194444444,33.314996111111114,409
130.14927194444445,33.31487888888889,409
130.14921,33.31471194444445,408
130.14921,33.314636944444445,408
130.14924805555555,33.31457888888889,409
130.14931,33.314503888888886,409
130.149335,33.31445388888889,409
130.14934805555555,33.31432888888889,407
130.14939805555557,33.314261944444446,407
130.14944805555555,33.314261944444446,408
130.14956,33.31424611111111,409
130.14976,33.314188055555555,407
130.149885,33.31413694444444,408
130.14999694444444,33.31412888888889,407
130.150335,33.31417888888889,407
130.15042194444445,33.31415388888889,407
130.15077305555556,33.314053888888886,396
130.15091,33.314036944444446,397
130.151085,33.314053888888886,398
130.15144694444444,33.31406194444445,397
130.15162305555555,33.31408694444445,395
130.151735,33.31413694444444,396
130.151785,33.31422111111111,394
130.15181,33.31433805555555,394
130.15181,33.31446305555556,392
130.15169694444444,33.314661944444445,393
130.151485,33.31492111111111,386
130.15142194444445,33.315088055555556,387
130.15137194444443,33.315238055555554,383
130.15129694444445,33.31539611111111,386
130.15131,33.315446111111115,386
130.15134694444444,33.315488055555555,384
130.151485,33.31557111111111,381
130.151635,33.31543805555555,378
130.15172194444443,33.31537888888889,375
130.15186,33.31532888888889,375
130.15202194444444,33.315261944444444,371
130.15204694444444,33.31519611111111,372
130.15204694444444,33.31509611111111,366
130.15209694444445,33.314996111111114,367
130.152135,33.31497888888889,365
130.15234694444445,33.31493694444445,361
130.15242194444446,33.31487111111111,364
130.15244694444445,33.314771111111114,364
130.15247194444444,33.31472888888889,364
130.15252194444443,33.31469611111111,364
130.15257194444445,33.314703888888886,361
130.15262194444443,33.31472888888889,361
130.15264694444446,33.31476305555555,361
130.15266,33.31482111111111,358
130.152635,33.31491194444445,356
130.15261,33.31496305555556,356
130.15244694444445,33.31507888888889,356
130.15241,33.31517888888889,356
130.15237194444444,33.31536305555556,353
130.15231,33.315463055555554,355
130.15231,33.31552111111111,355
130.152335,33.315553888888886,353
130.152385,33.31557111111111,352
130.15247194444444,33.31556194444445,351
130.15252194444443,33.315536944444446,350
130.15256,33.31550388888889,344
130.15257194444445,33.315446111111115,344
130.152635,33.31527888888889,348
130.15267194444445,33.31524611111111,345
130.152785,33.31517111111111,345
130.15287194444446,33.31511305555556,345
130.15292194444444,33.315063055555555,345
130.15299694444445,33.31495388888889,346
130.15301,33.31485388888889,344
130.15302194444445,33.31469611111111,345
130.15306,33.31465388888889,346
130.153085,33.31465388888889,346
130.153135,33.314661944444445,343
130.15317194444444,33.314686944444446,342
130.15326,33.31474611111111,340
130.15336,33.31478805555555,334
130.15349694444444,33.314813055555554,332
130.15362194444444,33.31480388888889,330
130.15387194444443,33.31478805555555,330
130.15401,33.31482111111111,329
130.15404694444445,33.31487888888889,329
130.15404694444445,33.31491194444445,324
130.15399694444446,33.31496305555556,325
130.15391,33.314996111111114,325
130.153685,33.31502111111111,323
130.15361,33.31505388888889,324
130.15352194444444,33.31515388888889,324
130.15339694444444,33.315311944444446,323
130.15334694444445,33.315353888888886,321
130.153235,33.31542888888889,323
130.15317194444444,33.315536944444446,320
130.15316,33.315646111111114,317
130.153185,33.31567888888889,317
130.15322194444445,33.315688055555555,317
130.153285,33.315663055555554,317
130.15337194444444,33.31559611111111,315
130.15346,33.315488055555555,316
130.153535,33.31542888888889,319
130.15362194444444,33.31538694444444,316
130.15381,33.31537888888889,312
130.15392194444445,33.31538694444444,309
130.154335,33.31532111111111,305
130.154435,33.31529611111111,305
130.15452194444444,33.31525388888889,303
130.15462194444444,33.31518805555555,304
130.15464694444444,33.31514611111111,304
130.15471,33.315088055555556,305
130.15486,33.315036944444444,303
130.15504694444445,33.31502111111111,293
130.15511,33.314996111111114,295
130.15529694444444,33.31485388888889,294
130.155435,33.31476305555555,295
130.15551,33.314703888888886,293
130.15556,33.314638055555555,289
130.15569694444446,33.31437888888889,284
130.15574694444445,33.31425388888889,285
130.15581,33.31417888888889,283
130.15587194444444,33.314146111111114,283
130.15606,33.31409611111111,278
130.15609694444444,33.31409611111111,278
130.15616,33.31412888888889,276
130.15625888888889,33.31424611111111,274
130.15629694444445,33.31427111111111,274
130.1563338888889,33.31427111111111,272
130.15639694444445,33.31422111111111,272
130.15639694444445,33.314146111111114,272
130.1563588888889,33.31409611111111,272
130.15627194444446,33.314013055555556,274
130.15621,33.31397111111111,274
130.15611,33.31393805555555,275
130.15589694444444,33.31389611111111,271
130.15582194444445,33.313853888888886,266
130.155335,33.31347888888889,268
130.15529694444444,33.31340388888889,268
130.15529694444444,33.31332111111111,264
130.15536,33.31317888888889,258
130.15544694444444,33.31307888888889,258
130.15551,33.31302888888889,258
130.155585,33.31301305555556,258
130.15582194444445,33.31304611111111,254
130.15591,33.31304611111111,248
130.15599694444444,33.31302111111111,248
130.15622194444444,33.31289611111111,253
130.15632194444444,33.31287888888889,253
130.1569088888889,33.31292888888889,237
130.15739694444446,33.31298805555556,236
130.15757194444444,33.31290388888889,232
130.15765888888888,33.312778888888886,234
130.1577088888889,33.31265388888889,232
130.15764694444445,33.31256305555556,234
130.15744694444444,33.31242888888889,233
130.1573338888889,33.31229611111111,232
130.1573588888889,33.312153888888886,227
130.15742194444445,33.31207888888889,224
130.15757194444444,33.312063055555555,222
130.15772194444443,33.312128888888886,224
130.15824694444444,33.31259611111111,223
130.15842194444446,33.31269611111111,220
130.1586338888889,33.31275388888889,215
130.15897194444443,33.31280388888889,208
130.15942194444443,33.31278805555556,203
130.1596338888889,33.31274611111111,197
130.1597338888889,33.312663055555554,196
130.15979694444445,33.312553888888885,196
130.15977194444446,33.312446111111115,197
130.15969694444445,33.312353888888886,194
130.15954694444446,33.312313055555556,193
130.1593838888889,33.312288055555555,195
130.1591338888889,33.312221111111114,194
130.15852194444443,33.311813055555554,190
130.15834694444445,33.311655,183
130.15829694444446,33.311555,184
130.15827194444444,33.31142111111111,183
130.15830888888888,33.31133805555555,183
130.15852194444443,33.311238055555556,184
130.16009694444443,33.31083,164
130.1602838888889,33.310721111111114,164
130.16044694444443,33.31057111111111,162
130.16048388888888,33.310388055555556,157
130.16048388888888,33.31019611111111,155
130.1604088888889,33.31008,155
130.16027194444445,33.30998805555556,154
130.16004694444445,33.309855,156
130.16000888888888,33.30973,152
130.16003388888888,33.30963805555555,149
130.16013388888888,33.309555,144
130.16027194444445,33.309488055555555,143
130.16039694444444,33.309505,143
130.1606088888889,33.309555,137
130.1614088888889,33.309688055555554,129
130.1615588888889,33.30968,130
130.16192194444446,33.30956305555556,131
130.16217194444445,33.309505,121
130.16322194444444,33.30898,109
130.16334694444444,33.30891305555556,106
130.16369694444444,33.30869694444444,103
130.1639338888889,33.30858,102
130.16407194444446,33.30853805555556,103
130.1641588888889,33.308505,102
130.1643838888889,33.308455,97
130.1646088888889,33.30853805555556,93
130.1647088888889,33.308613055555554,94
130.16475888888888,33.308663055555556,94
130.1648338888889,33.30868805555556,95
130.16492194444444,33.30869694444444,94
130.16500888888888,33.30869694444444,93
130.16514694444444,33.30867194444444,94
130.1653088888889,33.30851305555556,93
130.16579694444445,33.30813,89
130.16622194444443,33.30783805555556,85
130.16644694444443,33.30768,82
130.1665088888889,33.30763805555556,81
130.16677194444443,33.307363055555555,80
130.16744694444444,33.30657194444444,74
130.16752194444445,33.306446944444446,74
130.16754694444444,33.30618805555556,73
130.16757194444443,33.30603,72
130.1676338888889,33.30588,73
130.16795888888888,33.305638888888886,70
130.1680838888889,33.30553888888889,70
130.16818388888888,33.305455,69
130.1682588888889,33.305346944444445,68
130.16828388888888,33.30519694444445,67
130.16832194444444,33.304746944444446,67
130.16838388888888,33.30458888888889,66
130.16847194444443,33.30446388888889,65
130.16860888888888,33.30438888888889,65
130.16883388888888,33.304321944444446,64
130.1692461111111,33.30423888888889,62
130.16943388888888,33.30411388888889,61
130.1696211111111,33.303896944444446,60
130.16988388888888,33.30358888888889,60
130.1700088888889,33.30341388888889,58
130.1704838888889,33.30268888888889,56
130.1710338888889,33.30196388888889,54
130.1711838888889,33.301746944444446,53
130.1712838888889,33.30158111111111,53
130.17143388888888,33.30131388888889,52
130.17145888888888,33.301271944444444,52
130.17190888888888,33.30045611111111,50
130.1720361111111,33.30018,49
130.1720361111111,33.30018,49
130.1721711111111,33.29988888888889,48
130.17225888888888,33.29968888888889,47
130.1723088888889,33.299573055555555,47
130.17248388888888,33.299348055555555,46
130.17258388888888,33.29918888888889,46
130.1726338888889,33.299098055555554,46
130.17270888888888,33.29860611111111,46
130.1727711111111,33.29833111111111,47
130.1728838888889,33.298073055555555,46
130.17294611111112,33.29795611111111,46
130.17349611111112,33.29731388888889,41
130.1739088888889,33.29689805555556,39
130.1739961111111,33.29680611111111,39
130.1743588888889,33.29643111111111,37
130.17464611111112,33.296098055555554,37
130.1747211111111,33.29600611111111,36
130.1747588888889,33.295898055555554,36
130.17484611111112,33.29559805555556,36
130.1749211111111,33.29541388888889,35
130.1750461111111,33.29518888888889,35
130.1752588888889,33.29493111111111,34
130.17529611111112,33.29489805555556,34
130.17543388888888,33.294781111111114,34
130.1758338888889,33.294513888888886,33
130.1760211111111,33.29437305555555,32
130.17630888888888,33.29410611111111,32
130.1764088888889,33.29400611111111,31
130.17654611111112,33.293798055555555,31
130.1768711111111,33.29313888888889,30
130.17700888888888,33.29293111111111,29
130.17713388888887,33.29276388888889,29
130.1773088888889,33.292588888888886,29
130.17758388888888,33.292363888888886,29
130.1779338888889,33.29212305555556,29
130.1787838888889,33.29153111111111,26
130.1777461111111,33.291398055555554,26
130.17700888888888,33.29130611111111,26
130.1765961111111,33.291248055555556,26
130.17643388888888,33.29123111111111,26
130.1752461111111,33.29108111111111,27
130.17412194444444,33.29094,28
130.17302194444446,33.29080611111111,28
130.17290888888888,33.29079,28
130.17207194444444,33.29068111111111,30
130.1717588888889,33.29064805555556,32
130.17117194444444,33.290573055555555,34
130.1708338888889,33.290548055555554,35
130.17067194444445,33.290548055555554,35
130.16973388888889,33.29059,38
130.1696088888889,33.29059,39
130.1692588888889,33.290598055555556,43
130.16909694444445,33.29058111111111,43
130.16892194444443,33.29055611111111,44
130.1687838888889,33.290506111111114,43
130.16859694444443,33.29042305555556,45
130.16846,33.290315,45
130.16826,33.29009805555555,47
130.16799694444444,33.28969,48
130.16797194444445,33.28964,47
130.16787194444444,33.289498055555555,48
130.16781,33.28944,48
130.167535,33.289273055555554,48
130.16699694444443,33.28884,48
130.16677194444443,33.288615,48
130.16639694444444,33.28817305555555,48
130.16597305555555,33.28774,48
130.16537194444444,33.287306944444445,39
130.165035,33.28709805555555,39
130.16492194444444,33.28704,38
130.164535,33.286865,37
130.163985,33.286631944444444,33
130.16384805555555,33.28657388888889,34
130.16352194444445,33.28638194444444,32
130.163285,33.286215,31
130.162935,33.28590694444444,27
130.16279805555556,33.285781944444444,27
130.16237305555555,33.285356944444445,26
130.162285,33.285265,26
130.162185,33.28512388888889,27
130.16191,33.28469888888889,28
130.161785,33.28449888888889,22
130.161485,33.28406611111111,17
130.161335,33.28384888888889,16
130.16101,33.28339888888889,16
130.16076,33.283006944444445,15
130.16066,33.28289111111111,15
130.160485,33.28274888888889,13
130.16032305555555,33.28266611111111,12
130.16011111111112,33.282606944444446,11
130.1598611111111,33.282581944444445,14
130.1596111111111,33.28259111111111,15
130.1594111111111,33.282606944444446,14
130.15922305555554,33.28262388888889,14
130.15852305555555,33.28266611111111,9
130.15794805555555,33.28265694444445,9
130.15639805555554,33.28256611111111,9
130.15627305555554,33.282556944444444,9
130.15413611111111,33.28247388888889,9
130.15332305555555,33.28245694444445,9
130.1530361111111,33.28249111111111,9
130.15266111111112,33.282556944444444,9
130.15228611111112,33.28261611111111,9
130.15221111111111,33.28262388888889,9
130.1521361111111,33.28264111111111,9
130.15144805555556,33.28274888888889,9
130.1509738888889,33.28282388888889,11
130.1506611111111,33.28286611111111,11
130.14991111111112,33.282981944444444,13
130.1497861111111,33.283006944444445,14
130.1493238888889,33.283073888888886,13
130.14879888888888,33.28315694444444,13
130.14833611111112,33.28322388888889,13
130.1478238888889,33.28330694444445,14
130.14763805555555,33.28333194444444,14
130.14763805555555,33.28333194444444,14
130.1475111111111,33.28334888888889,14
130.1472611111111,33.283366111111114,14
130.14709888888888,33.28337388888889,15
130.14651111111112,33.28339111111111,16
130.1463611111111,33.283406944444444,16
130.1463361111111,33.283406944444444,16
130.1461488888889,33.28344888888889,17
130.1455238888889,33.283591111111114,18
130.14537388888888,33.28359888888889,18
130.14481111111112,33.283498888888886,19
130.1439988888889,33.28334888888889,20
130.14367388888888,33.28330694444445,20
130.14346111111112,33.28328194444445,20
130.14279888888888,33.283206944444444,20
130.14253694444446,33.28318194444444,18
130.14228694444444,33.28315694444444,18
130.14209888888888,33.28315694444444,18
130.1417238888889,33.283231944444445,18
130.14146194444444,33.28330694444445,18
130.1412238888889,33.283366111111114,18
130.14074888888888,33.283498888888886,19
130.14068694444444,33.28351611111111,19
130.1403488888889,33.28360694444444,20
130.1401488888889,33.28366611111111,20
130.1399238888889,33.283723888888886,20
130.13928694444445,33.28391611111111,20
130.13896194444445,33.28400694444444,20
130.1386738888889,33.284081944444445,20
130.13851194444445,33.28414111111111,20
130.1377738888889,33.28432388888889,20
130.13686194444443,33.28454888888889,21
130.1360738888889,33.28476611111111,22
130.13463694444445,33.28516611111111,25
130.13151194444444,33.286006944444445,29
130.13106305555556,33.28613194444444,30
130.13086305555555,33.286181944444444,30
130.130625,33.28624888888889,30
130.13005,33.28639888888889,31
130.12975,33.286481944444446,32
130.12876194444445,33.28675694444444,33
130.12828694444445,33.28689,33
130.12816305555555,33.286915,33
130.128,33.28698194444444,33
130.12795,33.28699,33
130.126475,33.28738194444445,37
130.126075,33.28749888888889,37
130.12586305555556,33.28754888888889,36
130.125425,33.287665,38
130.12408805555555,33.288015,41
130.1240011111111,33.28804,41
130.1231011111111,33.28829,44
130.1227011111111,33.288415,45
130.12248805555555,33.28847388888889,45
130.12171305555555,33.288665,48
130.1202011111111,33.28909,53
130.1197511111111,33.289215,54
130.1193011111111,33.28934888888889,55
130.11878805555557,33.28954888888889,55
130.11855111111112,33.289665,55
130.11836305555556,33.289765,56
130.11813805555556,33.289915,56
130.11776305555554,33.29020694444444,58
130.1173511111111,33.290506944444445,58
130.1171388888889,33.29060694444444,59
130.11695111111112,33.290665,59
130.11683888888888,33.29069,60
130.11673888888888,33.290706944444445,60
130.1163138888889,33.29074,60
130.1160888888889,33.29074888888889,60
130.11592611111112,33.290756944444446,60
130.11568888888888,33.290756944444446,60
130.11527611111111,33.29074888888889,60
130.1147261111111,33.29074,61
130.11445111111112,33.29072388888889,63
130.11421388888888,33.29069888888889,65
130.1138261111111,33.29062388888889,69
130.1130261111111,33.29039,73
130.11173888888888,33.290015,74
130.11096388888888,33.28974,74
130.1101888888889,33.28942388888889,75
130.10946388888888,33.289115,73
130.10880194444445,33.288831944444446,71
130.10785194444443,33.28844888888889,63
130.10755194444445,33.28839111111111,61
130.1072388888889,33.28834888888889,60
130.10711388888888,33.28834888888889,60
130.10700194444445,33.28834888888889,60
130.10666388888887,33.288406944444446,56
130.10562694444445,33.288581944444445,56
130.104415,33.28879888888889,44
130.10357694444446,33.288941111111114,41
130.10320194444444,33.289006944444445,40
130.10189,33.289231944444445,35
130.10162805555555,33.289273888888886,34
130.100915,33.28939111111111,33
130.10052694444445,33.289456944444446,33
130.10002805555555,33.28951611111111,33
130.098965,33.28950694444445,32
130.09769,33.28944111111111,30
130.09754,33.289431944444445,32
130.09745305555555,33.28944111111111,32
130.097365,33.28944111111111,33
130.09647805555556,33.28946611111111,38
130.09604,33.28949111111111,38
130.09565305555554,33.28952388888889,38
130.09557805555556,33.28953194444444,38
130.09515305555556,33.289606944444444,39
130.09482805555555,33.28969111111111,38
130.09449111111113,33.28981611111111,37
130.0941411111111,33.28998194444444,33
130.0935661111111,33.29026611111111,38
130.09312805555555,33.29047388888889,38
130.09246611111112,33.29079888888889,37
130.09190305555555,33.291066111111114,36
130.0918411111111,33.29109888888889,36
130.09146611111112,33.29128194444444,36
130.0912661111111,33.29140694444445,35
130.0911661111111,33.29145694444444,35
130.0910911111111,33.29150694444444,35
130.09101611111112,33.29156611111111,35
130.0909661111111,33.29159888888889,34
130.0908411111111,33.29173194444444,34
130.0899161111111,33.29280694444444,36
130.08962805555555,33.29315694444445,35
130.08955305555557,33.29324888888889,36
130.08922805555557,33.293615,37
130.0887911111111,33.29412388888889,38
130.08840305555555,33.29457388888889,39
130.0882411111111,33.29477388888889,39
130.08790305555556,33.295165,39
130.0878661111111,33.295206944444445,39
130.08735305555555,33.29579888888889,39
130.08722805555556,33.29594,40
130.08671611111112,33.29654,43
130.08579111111112,33.297606944444446,47
130.0855161111111,33.29793194444444,47
130.08547805555557,33.29797305555556,47
130.08467805555554,33.29887305555555,48
130.0843911111111,33.299215,48
130.08420388888888,33.29942305555556,49
130.08396611111112,33.29969805555555,52
130.08331611111112,33.300448055555556,55
130.0832038888889,33.30054,56
130.08307888888888,33.300615,55
130.08295388888888,33.300665,56
130.0826661111111,33.30073111111111,63
130.08205388888888,33.300765,65
130.08194111111112,33.300781111111114,62
130.0818538888889,33.300806111111115,63
130.0817661111111,33.300848055555555,64
130.0816288888889,33.300965,63
130.08157888888888,33.30104,63
130.0815288888889,33.30119805555555,67
130.0815288888889,33.30130611111111,67
130.08150388888888,33.30177305555556,67
130.08150388888888,33.301965,68
130.0815161111111,33.30222305555556,77
130.08154,33.302325,77
130.08154,33.302325,77
130.0815411111111,33.30233111111111,77
130.0815661111111,33.302415,75
130.08159111111112,33.30247305555555,74
130.0817411111111,33.30284805555556,75
130.0817788888889,33.30295611111111,73
130.0817911111111,33.30305611111111,73
130.0817411111111,33.30327305555556,74
130.0816911111111,33.303373055555554,74
130.08157888888888,33.30346388888889,73
130.08092888888888,33.303848055555555,83
130.08071611111112,33.30394805555556,82
130.0804288888889,33.304073055555556,83
130.0803038888889,33.30412305555556,87
130.07966611111112,33.304363888888886,89
130.0795288888889,33.30440611111111,89
130.0793038888889,33.30446388888889,92
130.0789411111111,33.30453111111111,96
130.07779194444444,33.30470611111111,98
130.07752888888888,33.304763888888886,97
130.07731694444445,33.30482305555556,97
130.07717888888888,33.30487194444444,97
130.07707888888888,33.30491388888889,98
130.07685388888888,33.305081111111114,98
130.07644194444444,33.30546388888889,89
130.0758538888889,33.30603111111111,84
130.0756788888889,33.306198055555555,82
130.07557888888888,33.30634805555555,82
130.0755288888889,33.30645611111111,83
130.07551694444444,33.30657305555555,83
130.0755288888889,33.30681388888889,81
130.0755288888889,33.30683888888889,81
130.07557888888888,33.30716388888889,79
130.07561694444445,33.30736388888889,78
130.07589194444444,33.30865611111111,75
130.0759788888889,33.309021944444446,74
130.07601694444443,33.30921388888889,72
130.07599194444444,33.30961388888889,73
130.07596694444445,33.30978888888889,73
130.07592888888888,33.30993888888889,72
130.07586694444444,33.31008111111111,72
130.0756538888889,33.31031388888889,73
130.0752288888889,33.31063888888889,72
130.07509194444444,33.310721944444445,72
130.07464194444444,33.31093888888889,73
130.07431694444443,33.31106388888889,72
130.0739538888889,33.31116388888889,71
130.07365388888888,33.31123,70
130.0734788888889,33.31126388888889,70
130.07304194444444,33.311305,71
130.07259194444444,33.31133,71
130.07221694444445,33.31133888888889,70
130.07153,33.31136388888889,70
130.07141694444445,33.311371944444446,70
130.07114194444443,33.31138888888889,71
130.070805,33.31146388888889,70
130.07048,33.311571944444445,70
130.070105,33.31172194444444,70
130.07004194444445,33.311546944444444,71
130.070005,33.31148888888889,71
130.069905,33.311371944444446,72
130.06961694444445,33.311055,77
130.06933,33.310755,84
130.06906805555556,33.31044694444444,86
130.06882305555555,33.31023,86
130.06882305555555,33.31023,86
130.06873,33.31014694444445,87
130.06848,33.309955,91
130.06836805555557,33.309905,93
130.068305,33.309896944444446,94
130.06823,33.309913888888886,94
130.06808,33.30999694444444,95
130.067905,33.310071944444445,98
130.067705,33.310096944444446,103
130.067655,33.310096944444446,105
130.06759305555556,33.31008888888889,105
130.06746805555557,33.31003,106
130.06736805555556,33.31001388888889,106
130.067255,33.31003888888889,106
130.06698,33.31017194444444,109
130.06689305555557,33.310155,109
130.066885,33.31014694444445,109
130.066885,33.31014694444445,109
130.066855,33.310113888888885,110
130.06676805555554,33.30993,109
130.06671805555555,33.309821944444444,108
130.06669305555556,33.30969694444445,108
130.066705,33.30953888888889,111
130.06676805555554,33.30936388888889,112
130.06678,33.30931388888889,112
130.06676805555554,33.30927194444445,113
130.066705,33.309221944444445,114
130.06643,33.309105,117
130.06644305555557,33.309205,116
130.066505,33.30938888888889,114
130.066605,33.30976388888889,110
130.06613,33.30988,118
130.06595611111112,33.30997194444444,125
130.06605611111112,33.310055,125
130.06611805555556,33.310113888888885,125
130.06619305555554,33.31016388888889,125
130.06658,33.31031388888889,117
130.06664305555555,33.310338888888886,120
130.06659305555556,33.310355,120
130.06611805555556,33.31059694444444,127
130.06634305555556,33.31103,122
130.06623,33.31119694444445,120
130.06623,33.311405,116
130.06621805555557,33.311405,117
130.066055,33.31133888888889,118
130.0659061111111,33.31123,121
130.06583111111112,33.31111388888889,122
130.06551805555554,33.310296944444445,135
130.06524305555556,33.309555,143
130.06519305555557,33.30946388888889,145
130.065085,33.30928,148
130.065085,33.30928,148
130.06491805555555,33.308996944444445,152
130.06470611111112,33.30872194444444,155
130.06459305555555,33.308596944444446,158
130.0645561111111,33.308571944444445,158
130.06450611111111,33.308546944444444,162
130.06426805555554,33.308396944444446,165
130.06396805555556,33.30827194444444,170
130.06380611111112,33.30823,172
130.0635311111111,33.30818,174
130.0633811111111,33.30811388888889,176
130.06331805555556,33.30806388888889,176
130.06326805555557,33.308005,176
130.06321805555555,33.307905,177
130.06309305555556,33.30764694444444,182
130.06308805555557,33.30764,182
130.06307694444445,33.30764527777778,182
130.06286222222224,33.30786027777778,192
130.06286222222224,33.30786027777778,192
130.0623688888889,33.30800388888889,199
130.0623688888889,33.30800388888889,199
130.06125305555557,33.308398333333336,199
130.06125305555557,33.308398333333336,199
130.06126111111112,33.30877388888889,193
130.06126111111112,33.30877388888889,193
130.05985833333332,33.310317222222224,166
130.05985833333332,33.310317222222224,166
130.05878611111112,33.31220138888889,140
130.05878611111112,33.31220138888889,140
130.0587561111111,33.312255,140
130.0587688888889,33.31236305555556,138
130.05894388888888,33.312621944444444,131
130.0589811111111,33.31274694444444,129
130.05895611111112,33.312846111111114,126
130.05893111111112,33.312905,124
130.0586688888889,33.313138055555555,120
130.0583311111111,33.313405,120
130.05779388888888,33.313705,111
130.05768111111112,33.31378,109
130.0576188888889,33.313855,109
130.05758111111112,33.31397111111111,107
130.0575938888889,33.31402111111111,105
130.05769388888888,33.314163055555554,103
130.0581061111111,33.31446305555556,99
130.0581688888889,33.31449611111111,99
130.05826888888888,33.31452111111111,99
130.05891888888888,33.31453805555556,90
130.05904388888888,33.31454611111111,89
130.0590938888889,33.31454611111111,89
130.0592188888889,33.31449611111111,86
130.0593438888889,33.31439611111111,84
130.05938111111112,33.31438,84
130.0594188888889,33.314388055555554,84
130.0594438888889,33.314413055555555,84
130.05949388888888,33.31459611111111,83
130.05949388888888,33.314663055555556,83
130.05949388888888,33.31472111111111,82
130.0594438888889,33.31484611111111,77
130.0588938888889,33.315605,67
130.0588488888889,33.31565194444445,66
130.0588488888889,33.31565194444445,66
130.05879388888889,33.315713055555555,65
130.05811888888888,33.31630388888889,58
130.0580561111111,33.31634611111111,58
130.0579438888889,33.31630388888889,57
130.0577311111111,33.31624611111111,57
130.0576438888889,33.31622888888889,57
130.05758111111112,33.31623805555556,57
130.0575188888889,33.31625388888889,57
130.05734388888888,33.31637888888889,55
130.0571688888889,33.316563055555555,54
130.0570811111111,33.31667111111111,55
130.0569811111111,33.316763055555555,54
130.05686888888889,33.31684611111111,54
130.05676888888888,33.31691305555555,53
130.0566061111111,33.316988055555555,51
130.0565188888889,33.31702111111111,50
130.05635805555556,33.31699805555556,49
130.05635805555556,33.31699805555556,49
130.05593194444444,33.31693805555555,49
130.0558188888889,33.31693805555555,49
130.05578194444445,33.316721111111114,49
130.05575694444445,33.31662111111111,49
130.0556938888889,33.31648805555555,49
130.05529388888888,33.315913055555555,53
130.05523194444444,33.31582111111111,53
130.0551688888889,33.31570388888889,54
130.05480694444444,33.31521305555555,52
130.05468194444444,33.314996111111114,53
130.05451888888888,33.31463,54
130.0540188888889,33.31334611111111,58
130.05398194444444,33.31326305555555,58
130.05373194444445,33.31263805555555,63
130.05365694444444,33.312463055555554,62
130.05358194444443,33.31233,63
130.05348194444446,33.31219611111111,64
130.05336888888888,33.31208,66
130.05320694444444,33.311955,67
130.05308,33.31187611111111,68
130.05308,33.31187611111111,68
130.05303194444446,33.31184611111111,69
130.05283194444445,33.31174611111111,73
130.05198194444444,33.311355,70
130.05179388888888,33.31127111111111,71
130.0513688888889,33.31107111111111,72
130.05098194444443,33.31088805555556,75
130.05089388888888,33.31084611111111,75
130.05056888888888,33.31068805555555,75
130.0503688888889,33.310588055555556,76
130.05018194444443,33.31048805555555,76
130.04983194444443,33.31028,78
130.04938194444443,33.310005,82
130.04913194444444,33.309905,83
130.04880694444444,33.30983805555555,85
130.048395,33.30983,86
130.04807,33.30983,85
130.04767,33.30979611111111,87
130.047095,33.30972111111111,91
130.04682,33.309688055555554,88
130.04598305555555,33.30957111111111,92
130.04543305555555,33.309505,95
130.04517,33.309455,98
130.04502,33.309405,99
130.04480694444445,33.30932111111111,99
130.04470805555556,33.309288055555555,99
130.043995,33.30888,105
130.04360805555555,33.30871305555556,107
130.04317,33.308605,108
130.04263305555557,33.308505,111
130.04258305555555,33.308438055555555,116
130.042445,33.308355,114
130.04228305555554,33.30823,124
130.04212,33.308105,130
130.041945,33.30806305555556,127
130.04070805555557,33.308038055555556,125
130.040545,33.30812111111111,128
130.04053305555556,33.30822111111111,128
130.04057,33.30832111111111,130
130.040695,33.30844611111111,134
130.04070805555557,33.308555,134
130.04060805555557,33.30869611111111,133
130.040595,33.30888,132
130.040495,33.30892111111111,133
130.040395,33.308888055555556,137
130.040345,33.30872111111111,140
130.040295,33.30864611111111,144
130.040145,33.308638055555555,144
130.04002111111112,33.308663055555556,145
130.03989611111112,33.30871305555556,142
130.03980805555557,33.30878,143
130.03977111111112,33.308888055555556,147
130.0396961111111,33.309021111111115,143
130.03957111111112,33.309063055555555,144
130.03903305555556,33.30912111111111,147
130.03888305555554,33.30918,155
130.03875805555555,33.30928,155
130.0383711111111,33.30982111111111,151
130.0379461111111,33.31002111111111,158
130.03775805555554,33.31007888888889,157
130.03755805555556,33.31007888888889,157
130.03743305555557,33.31002888888889,159
130.03733305555556,33.30994611111111,157
130.03715805555555,33.30959611111111,158
130.03707111111112,33.30954611111111,159
130.03694611111112,33.30956305555556,155
130.03685805555557,33.30960388888889,155
130.03675805555557,33.30963805555555,155
130.03668305555556,33.30962111111111,155
130.03643805555555,33.30939305555555,150
130.03643805555555,33.30939305555555,150
130.03639611111112,33.309353888888886,149
130.0362461111111,33.30936305555556,144
130.03605805555554,33.30918805555556,147
130.03594611111112,33.309153888888886,145
130.03573305555557,33.30922888888889,140
130.03540805555556,33.309263055555554,140
130.03524611111112,33.309263055555554,140
130.03513305555555,33.309221111111114,138
130.03498305555556,33.30919611111111,136
130.03485805555556,33.30920388888889,137
130.03475805555556,33.30924611111111,135
130.0342961111111,33.30962888888889,125
130.03418305555556,33.309646111111114,125
130.03405805555556,33.30969611111111,123
130.0339711111111,33.30977111111111,125
130.03385805555556,33.30992888888889,123
130.03375805555555,33.30994611111111,125
130.0335211111111,33.30984611111111,128
130.0333961111111,33.30982888888889,128
130.03328305555556,33.30985388888889,128
130.03315805555556,33.309963055555556,127
130.0330461111111,33.30998805555556,127
130.0323461111111,33.30992111111111,116
130.03203305555556,33.30985388888889,116
130.0319211111111,33.30985388888889,110
130.03180805555556,33.30989611111111,105
130.03163388888888,33.30992111111111,105
130.03148388888889,33.30989611111111,106
130.0313088888889,33.30981305555556,107
130.03117111111112,33.30981305555556,105
130.0309711111111,33.30984611111111,102
130.0307961111111,33.30977111111111,105
130.03060888888888,33.30962111111111,104
130.0304338888889,33.30962888888889,99
130.0302338888889,33.30977111111111,97
130.0300711111111,33.309936944444445,92
130.02959611111112,33.31044611111111,103
130.0286211111111,33.310203888888886,91
130.0277461111111,33.310071111111114,89
130.02699611111112,33.30988694444444,87
130.0264711111111,33.30972111111111,85
130.02572111111112,33.30949611111111,81
130.02552111111112,33.30947888888889,80
130.0245211111111,33.30947888888889,77
130.0240711111111,33.309488055555555,75
130.0237838888889,33.30949611111111,76
130.0235338888889,33.309488055555555,78
130.0230961111111,33.309536944444446,79
130.0227711111111,33.30958694444445,78
130.0223838888889,33.309686944444444,77
130.0209461111111,33.31003694444444,71
130.0199961111111,33.310203888888886,71
130.01972194444446,33.310296111111114,71
130.01948388888889,33.310428888888886,69
130.0192088888889,33.310653888888886,69
130.0188838888889,33.31095388888889,68
130.01882194444445,33.31102888888889,67
130.01870888888888,33.311186944444444,67
130.01852194444444,33.31139611111111,67
130.01838388888888,33.31151194444445,66
130.0180088888889,33.31172,66
130.0178838888889,33.31181194444444,67
130.01735888888888,33.31220388888889,65
130.01713388888888,33.31242,64
130.01699694444446,33.31258694444445,63
130.0168088888889,33.31292,62
130.01678388888888,33.313136944444445,61
130.01665888888888,33.313395,61
130.01563388888889,33.314245,58
130.01512194444445,33.31472,57
130.0149338888889,33.314895,57
130.0145838888889,33.315286944444445,57
130.01440888888888,33.315536944444446,57
130.01409694444445,33.316095,56
130.01394694444446,33.31635305555555,54
130.01342194444445,33.31717,55
130.01309694444444,33.31762805555555,56
130.01297194444444,33.31785305555555,55
130.0129088888889,33.31805305555555,51
130.0125588888889,33.31918611111111,52
130.01234694444443,33.31966111111111,52
130.01215888888888,33.31996111111111,52
130.01202194444446,33.32012,47
130.01178388888889,33.320345,46
130.01158388888888,33.32048611111111,48
130.0113838888889,33.32061111111111,48
130.01112194444445,33.32071111111111,48
130.0107088888889,33.32078611111111,48
130.01045888888888,33.32087,49
130.01010888888888,33.32106111111111,48
130.00962194444443,33.32141111111111,47
130.00940888888888,33.32151888888889,46
130.00919694444445,33.32156888888889,44
130.00895888888888,33.321603055555556,43
130.00862194444446,33.32120305555556,43
130.008285,33.32085305555555,48
130.00799694444444,33.32046888888889,53
130.007585,33.32002,58
130.007385,33.31973611111111,58
130.00712194444444,33.31937805555555,59
130.00676,33.318845,64
130.00652194444444,33.31848611111111,70
130.00566,33.317661111111114,99
130.00432305555555,33.31647805555556,84
130.00392194444444,33.31613611111111,74
130.00364694444445,33.315845,72
130.003235,33.315445,73
130.00307305555555,33.31522805555556,60
130.00296,33.315045,59
130.00261,33.31442805555555,59
130.002385,33.31431111111111,59
130.00221,33.31421111111111,59
130.00181,33.31392805555556,59
130.00137305555555,33.313678055555556,59
130.00107305555557,33.31357805555555,59
130.00064805555556,33.31361111111111,59
130.000135,33.313603055555554,59
129.99944805555555,33.31332,59
129.99922305555555,33.31326111111111,58
129.998785,33.31323611111111,58
129.998335,33.313145,56
129.99827305555556,33.31312805555555,55
129.99807305555555,33.31305305555556,53
129.99776111111112,33.31287805555556,53
129.9977111111111,33.312845,53
129.9973861111111,33.31272,52
129.9970361111111,33.31261111111111,51
129.9968111111111,33.312578055555555,50
129.9965861111111,33.31258611111111,49
129.9955611111111,33.31281111111111,43
129.99532305555556,33.312845,41
129.99522305555556,33.31286111111111,41
129.99499805555556,33.31285305555556,40
129.99467305555555,33.312736111111114,40
129.9944788888889,33.312688888888886,40
129.9944788888889,33.312688888888886,40
129.9944361111111,33.31267805555556,40
129.99424805555554,33.31267805555556,40
129.99407305555556,33.31270305555555,40
129.99388611111112,33.312753055555554,40
129.9937111111111,33.312795,40
129.9931361111111,33.31283611111111,38
129.9925111111111,33.31295305555555,44
129.99221111111112,33.31298611111111,45
129.99197305555555,33.31298611111111,39
129.9909861111111,33.31272,37
129.9903611111111,33.312511111111114,36
129.9902111111111,33.31245305555556,34
129.9898988888889,33.31226111111111,34
129.98972388888888,33.31203611111111,30
129.9895111111111,33.31151111111111,40
129.98938611111112,33.31122,43
129.98926111111112,33.31097805555556,44
129.9890988888889,33.31072805555556,51
129.9888861111111,33.310403055555554,54
129.98868611111112,33.310228055555555,56
129.98832388888889,33.309978055555554,57
129.98779888888888,33.30972,51
129.9862738888889,33.308995,28
129.9857988888889,33.30877,27
129.98551194444445,33.30860305555556,27
129.98533694444444,33.308445,26
129.9852238888889,33.308295,24
129.98504888888888,33.307903055555556,24
129.98488694444444,33.30768694444444,24
129.9847488888889,33.307586944444445,23
129.98459888888888,33.30753694444444,22
129.98438694444445,33.30752805555556,22
129.9840988888889,33.30752,21
129.98382388888888,33.30747,20
129.9835238888889,33.30732805555556,19
129.9831988888889,33.30708694444444,19
129.98279888888888,33.30678694444445,19
129.98271194444445,33.30672,19
129.982625,33.30662805555556,19
129.9825,33.306495,19
129.982425,33.306336944444446,19
129.98236194444445,33.306153055555555,20
129.98236194444445,33.30600388888889,20
129.98235,33.305928888888886,20
129.98233694444446,33.30502,21
129.982325,33.304895,21
129.982325,33.304786944444444,21
129.98215,33.304695,22
129.981725,33.30462,22
129.98138694444444,33.30472,22
129.98118694444443,33.30477888888889,22
129.980875,33.304845,23
129.980425,33.30492888888889,23
129.97915,33.30517,21
129.978725,33.305278888888886,21
129.97823805555555,33.30540388888889,20
129.977875,33.30562,21
129.977575,33.305795,21
129.9773,33.305886944444445,21
129.97705,33.305928888888886,21
129.97618805555555,33.305995,19
129.97571305555556,33.30602,21
129.97555,33.30602805555556,22
129.97546305555557,33.30603694444444,22
129.9754188888889,33.30603305555555,22
129.9754188888889,33.30603305555555,22
129.975175,33.30601194444444,21
129.97498805555554,33.30595388888889,21
129.97455,33.305703888888885,21
129.97436305555556,33.30557,21
129.97416305555555,33.305495,22
129.97351305555554,33.30532888888889,21
129.97292611111112,33.30516194444444,20
129.97213805555555,33.30491194444444,22
129.97181305555554,33.30472,23
129.9715011111111,33.304595,22
129.97081305555557,33.30442,21
129.97066305555555,33.30437888888889,22
129.97023805555557,33.30430388888889,24
129.96973805555555,33.30432888888889,19
129.9693761111111,33.304345,19
129.96885111111112,33.304428888888886,19
129.9685761111111,33.30357,27
129.9684388888889,33.303153888888886,19
129.9683388888889,33.30289611111111,19
129.9688138888889,33.30197111111111,19
129.96904055555555,33.3015675,19
129.96904,33.301566944444446,19
129.9691138888889,33.30143694444445,19
129.9693761111111,33.30106194444444,19
129.96951388888888,33.300778888888885,19
129.96965111111112,33.30036305555556,19
129.9698011111111,33.299686944444446,19
129.9698388888889,33.29952888888889,19
129.9699011111111,33.29922888888889,19
129.97011388888887,33.29815388888889,19
129.97018888888888,33.29767888888889,19
129.97021388888888,33.29734611111111,19
129.97020111111112,33.296888055555556,19
129.9700638888889,33.29560388888889,20
129.96998888888888,33.29487888888889,20
129.9699388888889,33.29389611111111,20
129.96997611111112,33.292946111111114,20
129.97010111111112,33.292205,28
129.97020111111112,33.29179694444444,27
129.9703011111111,33.29156305555556,25
129.9704761111111,33.29113805555556,28
129.97055111111112,33.290863055555555,29
129.9707261111111,33.29018,29
129.9708511111111,33.28958,29
129.9709261111111,33.28898,29
129.9709638888889,33.28879694444444,29
129.97098888888888,33.288555,29
129.97095194444444,33.28816388888889,29
129.97087694444446,33.287855,28
129.97075194444446,33.28743,28
129.97063888888889,33.28716388888889,28
129.97053888888888,33.286905,28
129.9702888888889,33.28641388888889,28
129.97008888888888,33.28579694444444,28
129.96975194444445,33.28438888888889,26
129.96970194444444,33.28415611111111,27
129.96960194444443,33.28384694444444,27
129.96940194444446,33.28326388888889,25
129.96927694444443,33.28296388888889,26
129.96918888888888,33.28274694444445,26
129.96910194444445,33.28261388888889,26
129.9690138888889,33.282448055555555,26
129.9687888888889,33.282156111111114,27
129.96840194444445,33.281756111111115,29
129.9681388888889,33.28152305555555,29
129.9676638888889,33.281146944444444,28
129.96704,33.28064805555555,29
129.96690194444446,33.28048888888889,29
129.96672694444445,33.28013888888889,28
129.96649,33.27968888888889,28
129.96627694444445,33.27929805555556,28
129.966115,33.27906388888889,28
129.96585194444444,33.27871388888889,28
129.96552694444443,33.27840611111111,27
129.96512694444445,33.27699805555555,27
129.96504,33.27635611111111,28
129.964965,33.27569805555556,27
129.96490194444445,33.274973055555556,26
129.964815,33.27415611111111,27
129.96477694444445,33.27344,32
129.96482805555556,33.27229805555555,35
129.96484,33.271548055555556,35
129.96482805555556,33.271281944444446,28
129.964815,33.271098055555555,29
129.964515,33.27115694444444,27
129.96409,33.27124805555555,26
129.96397694444445,33.271273055555554,26
129.96275305555557,33.27158194444444,28
129.962315,33.27169,28
129.962065,33.27175694444445,28
129.961315,33.27187305555555,29
129.96075305555556,33.27195694444445,30
129.96054,33.271965,31
129.95954,33.27199,33
129.95917805555555,33.27199,32
129.9587161111111,33.27184805555556,29
129.9581661111111,33.271631944444444,29
129.95774111111112,33.27140694444444,29
129.9574411111111,33.27129,29
129.95722805555556,33.27124,29
129.9567911111111,33.27119805555556,29
129.95515305555554,33.27099805555556,29
129.95455305555555,33.27093194444444,28
129.95405305555556,33.270848055555554,29
129.95345305555554,33.27065694444445,32
129.95320305555555,33.27054,32
129.9520161111111,33.269931944444444,39
129.9517911111111,33.269815,39
129.95142805555557,33.269715,39
129.95116611111112,33.26968194444444,39
129.9507788888889,33.26969805555556,38
129.94994111111112,33.26969805555556,38
129.94901611111112,33.26972305555555,39
129.9485911111111,33.26969,37
129.9477411111111,33.26947305555556,39
129.94766611111112,33.269465,39
129.94742888888888,33.26943194444444,39
129.9469411111111,33.26940694444444,38
129.94630388888888,33.269373055555555,36
129.9458038888889,33.269373055555555,34
129.94560388888888,33.269373055555555,35
129.94537888888888,33.269373055555555,35
129.94519111111111,33.26934,34
129.94484111111112,33.269198055555556,36
129.94401611111113,33.26882305555556,37
129.9436411111111,33.26864,36
129.9431788888889,33.26840694444444,37
129.9429538888889,33.268273055555554,36
129.9427411111111,33.26809,37
129.94220388888888,33.26745694444445,36
129.94197888888888,33.267156944444444,36
129.9418038888889,33.26697305555555,37
129.94162888888889,33.266823055555555,36
129.94144194444445,33.266706944444444,35
129.9412288888889,33.26657388888889,35
129.94069194444444,33.26634888888889,35
129.94006694444445,33.26609,36
129.9391288888889,33.265715,36
129.9381788888889,33.26535694444444,37
129.93745388888888,33.265056944444446,38
129.9369288888889,33.26484,39
129.9356788888889,33.26442388888889,44
129.93509194444445,33.26429,45
129.93479194444444,33.264265,44
129.93452888888888,33.26429,43
129.9341038888889,33.264406944444445,41
129.93356694444444,33.26452305555556,39
129.93346694444443,33.26454805555556,39
129.93325388888888,33.26459,39
129.93291694444446,33.264648055555554,39
129.93264194444444,33.264698055555556,39
129.93228,33.264715,38
129.93188,33.264673055555555,39
129.93174194444444,33.264631944444446,39
129.93128,33.26444,39
129.931155,33.26439,39
129.93104194444444,33.26434,39
129.92981694444444,33.263848055555556,40
129.92943,33.26369805555556,41
129.928605,33.263415,46
129.928155,33.26322305555556,46
129.92763,33.26295694444445,47
129.92703,33.26269,49
129.926505,33.262456944444445,49
129.926155,33.26233194444445,49
129.92586694444444,33.262298888888886,52
129.924555,33.26233194444445,56
129.92381805555556,33.262348055555556,59
129.92294305555555,33.26219,68
129.92256805555556,33.26207388888889,68
129.9223311111111,33.26197388888889,68
129.92158111111112,33.26159888888889,68
129.92116805555557,33.26142388888889,68
129.9206311111111,33.26125694444445,69
129.92048111111112,33.26112388888889,67
129.92039305555556,33.260981944444445,63
129.92014305555554,33.26104,65
129.92003111111111,33.26104888888889,65
129.91969305555557,33.26105694444445,66
129.91859305555556,33.26094,63
129.91784305555555,33.26090694444444,59
129.9173811111111,33.26092305555556,58
129.9157311111111,33.26109805555556,55
129.9142811111111,33.26130694444444,53
129.91354388888888,33.261423055555554,49
129.9128438888889,33.261606944444445,46
129.9117811111111,33.262056111111114,46
129.9115938888889,33.262148055555556,46
129.9114688888889,33.26218111111111,44
129.91083111111112,33.26247305555555,46
129.9100811111111,33.26279805555556,44
129.9096438888889,33.262998055555556,42
129.9093311111111,33.26315611111111,42
129.9087438888889,33.26354805555555,40
129.90820694444446,33.26393111111111,38
129.90786888888888,33.264181111111114,35
129.90779694444444,33.264245,37
129.90779694444444,33.264245,37
129.90754388888888,33.264473055555555,42
129.90748194444444,33.26438888888889,36
129.90658194444444,33.263238888888885,41
129.90615694444443,33.262706111111115,48
129.90585694444445,33.262323055555555,52
129.9056688888889,33.26217305555556,54
129.90550694444445,33.26210611111111,53
129.90530694444445,33.262056111111114,52
129.90506888888888,33.26203888888889,48
129.90322,33.26210611111111,35
129.90290694444445,33.26201388888889,37
129.90277,33.261963888888886,37
129.90260694444444,33.26193111111111,38
129.90245694444445,33.26193888888889,38
129.90208194444443,33.26198888888889,28
129.90193194444444,33.26198111111111,27
129.90185694444443,33.26194805555556,26
129.90180694444444,33.26188888888889,26
129.90175694444446,33.26178888888889,25
129.90157,33.261248055555555,25
129.90107,33.26015611111111,23
129.90102,33.259998055555556,23
129.900945,33.25988111111111,23
129.90082,33.259723055555554,23
129.90075694444445,33.25966388888889,23
129.90053194444445,33.259498055555554,23
129.90035694444444,33.259388888888886,24
129.90022,33.25930611111111,24
129.89970805555555,33.259073055555554,25
129.89950694444445,33.25923111111111,25
129.89827,33.260263888888886,25
129.89804388888888,33.26045305555556,26
129.89804388888888,33.26045305555556,26
129.89772,33.26072194444444,26
129.89740805555556,33.26098888888889,28
129.89732,33.26106388888889,29
129.89712,33.26118888888889,31
129.89690805555554,33.26130611111111,32
129.896795,33.26134805555556,32
129.89655805555554,33.26143111111111,34
129.896445,33.26145611111111,35
129.89638305555556,33.261473055555555,36
129.89622,33.261496944444445,38
129.89607,33.26151388888889,38
129.89574611111112,33.26155611111111,39
129.89535805555556,33.26161388888889,38
129.89509611111112,33.26166388888889,38
129.8949211111111,33.261696944444445,38
129.8946961111111,33.26174694444445,36
129.89448305555555,33.26179694444444,34
129.89435805555556,33.261831111111114,34
129.8939961111111,33.261946944444446,36
129.89372111111112,33.26206388888889,36
129.89349611111112,33.26218111111111,36
129.89337111111112,33.262256111111114,36
129.89315805555555,33.26242194444445,36
129.8929711111111,33.262571944444446,35
129.89282111111112,33.26272194444444,34
129.89263305555556,33.26289694444444,33
129.8924461111111,33.26308888888889,33
129.89225805555554,33.26328888888889,33
129.8919961111111,33.263596944444444,32
129.89192111111112,33.26353888888889,32
129.88964611111112,33.261246944444444,31
129.88928388888888,33.26093111111111,30
129.88895888888888,33.26063111111111,30
129.88883388888888,33.26053888888889,30
129.88864611111111,33.26043111111111,31
129.8884588888889,33.26034694444444,31
129.8883461111111,33.26030611111111,32
129.8881961111111,33.26027194444445,33
129.88794611111112,33.26023111111111,32
129.88748388888888,33.260238888888885,28
129.88702111111112,33.26024694444445,24
129.8868961111111,33.26025611111111,23
129.88680888888888,33.26025611111111,22
129.8864338888889,33.26027194444445,20
129.88634694444445,33.26027194444445,20
129.88568388888888,33.26028888888889,20
129.88537194444444,33.26029694444444,25
129.8848338888889,33.26031388888889,28
129.88459694444444,33.26032194444444,28
129.8841588888889,33.26036388888889,27
129.88375888888888,33.260505,30
129.8834338888889,33.26072194444444,30
129.88247194444443,33.259613888888886,33
129.88234694444444,33.25953111111111,33
129.88214694444446,33.259413888888886,32
129.8818588888889,33.259281111111115,31
129.88159694444445,33.25919694444445,31
129.88135888888888,33.25915611111111,30
129.88119694444444,33.25913111111111,28
129.88099694444443,33.259121944444445,27
129.8810038888889,33.259231944444444,27
129.8810038888889,33.259231944444444,27
129.88099694444443,33.259121944444445,27
129.88072194444445,33.25913888888889,24
129.88048388888888,33.25916388888889,19
129.8802838888889,33.25920611111111,18
129.879485,33.259388888888886,19
129.87871,33.25956388888889,18
129.87846,33.25962194444445,19
129.87746,33.25988,27
129.87697194444445,33.260005,29
129.87632194444444,33.26018888888889,27
129.87599694444444,33.260305,27
129.875485,33.26053,26
129.87522305555555,33.26068,23
129.87507194444444,33.260796944444444,18
129.87436,33.261471944444445,11
129.87416,33.261671944444444,10
129.87399805555555,33.26182194444444,12
129.87346,33.262305,12
129.87317305555555,33.262571111111114,13
129.87279694444445,33.26291305555556,11
129.87272305555555,33.26298,10
129.87239805555555,33.263288055555556,6
129.87226,33.263421111111114,6
129.87196,33.26367111111111,7
129.87116,33.26432888888889,8
129.87056,33.26477888888889,7
129.87024805555555,33.26497888888889,9
129.87006,33.26507111111111,9
129.86991,33.26512888888889,9
129.8699588888889,33.26517388888889,9
129.8699588888889,33.26517388888889,9
129.86991,33.26512888888889,9
129.86961,33.26522888888889,9
129.86936,33.26529611111111,9
129.86901,33.265363055555554,9
129.8687111111111,33.265388055555555,9
129.8683611111111,33.26539611111111,9
129.86799805555555,33.265363055555554,10
129.86778611111112,33.26532111111111,9
129.8675861111111,33.26526305555556,10
129.86696111111112,33.26507111111111,16
129.86679805555556,33.26502888888889,19
129.86644805555557,33.26497888888889,26
129.86622305555557,33.26497111111111,29
129.86573611111112,33.26503805555556,39
129.86549805555555,33.26509611111111,32
129.86527305555555,33.265188055555555,28
129.8648861111111,33.26539611111111,18
129.8644111111111,33.26487111111111,19
129.86384805555556,33.264271111111114,8
129.86349805555557,33.263938055555556,10
129.86317305555556,33.26369611111111,14
129.86294805555556,33.26357111111111,14
129.86279805555554,33.263513055555556,13
129.86269805555557,33.26347111111111,12
129.86247305555557,33.26337888888889,9
129.8623611111111,33.26334611111111,8
129.86219805555555,33.26330388888889,8
129.86188611111112,33.26322888888889,10
129.8615861111111,33.263196111111114,18
129.86133611111111,33.26317888888889,19
129.86052388888888,33.26321305555555,9
129.8596611111111,33.26324611111111,9
129.85927388888888,33.26324611111111,8
129.85917388888888,33.26332111111111,8
129.85894888888888,33.26332111111111,8
129.85859888888888,33.26333805555556,8
129.85834888888888,33.26332111111111,8
129.8578611111111,33.26322888888889,7
129.85724888888888,33.263013055555554,7
129.85701111111112,33.26291305555556,7
129.85688611111112,33.262863055555556,6
129.8568361111111,33.262838055555555,6
129.85532388888888,33.26217111111111,6
129.8548988888889,33.261988055555555,5
129.85484888888888,33.26197111111111,5
129.85475694444443,33.26193111111111,5
129.8547561111111,33.26193111111111,5
129.85343694444444,33.261363055555556,8
129.85338694444445,33.261338055555555,8
129.85291194444446,33.26112111111111,9
129.85202388888888,33.26073805555556,10
129.85171194444445,33.26060388888889,10
129.85153694444443,33.26052888888889,12
129.85133694444445,33.26047111111111,13
129.85112388888888,33.260421111111114,15
129.8508488888889,33.26038805555556,16
129.85064888888888,33.26038805555556,16
129.85046194444445,33.26040388888889,15
129.8502488888889,33.26042888888889,15
129.8498988888889,33.26052111111111,16
129.84971194444444,33.26058805555556,16
129.84956194444445,33.26067111111111,16
129.849525,33.260688055555555,16
129.849375,33.26052888888889,15
129.84915,33.26032111111111,15
129.84906194444446,33.260221111111115,15
129.848895,33.260038888888886,16
129.848895,33.260038888888886,16
129.84875,33.25987888888889,17
129.8487,33.25977888888889,17
129.84868694444444,33.25948,18
129.84868694444444,33.259388055555554,19
129.84868694444444,33.25911305555555,20
129.848675,33.25903,20
129.848575,33.25888805555556,19
129.84848694444443,33.25883805555556,20
129.84783694444445,33.25862111111111,17
129.84781194444443,33.25859611111111,17
129.84765,33.25776305555556,13
129.84748694444446,33.25689694444444,14
129.84733888888888,33.25618611111111,15
129.84733888888888,33.25618611111111,15
129.847175,33.25539694444444,16
129.8471,33.255096944444446,17
129.847025,33.25473888888889,18
129.84701194444443,33.25408,19
129.847,33.25389694444444,19
129.84698694444444,33.25331388888889,19
129.84696194444444,33.25293,19
129.84695,33.252671944444444,19
129.8469,33.252538888888886,19
129.84688805555555,33.252505,19
129.84683694444445,33.25238111111111,20
129.84653805555556,33.25183888888889,20
129.8465,33.25178888888889,20
129.84643805555555,33.25173888888889,21
129.846225,33.25163888888889,21
129.84611305555555,33.25157194444444,22
129.84596194444444,33.25143111111111,24
129.84586305555555,33.251356111111114,25
129.84581194444445,33.25123888888889,25
129.845725,33.25098111111111,26
129.84566305555555,33.25088111111111,26
129.8456,33.25083111111111,26
129.84526194444445,33.25065611111111,30
129.84501194444445,33.25042194444445,35
129.84498805555555,33.25038111111111,37
129.844975,33.250346944444445,37
129.84495,33.25026388888889,35
129.844975,33.25008111111111,35
129.84508805555555,33.24978888888889,38
129.84513694444445,33.24973111111111,40
129.84528805555556,33.24963888888889,44
129.84555,33.24958111111111,47
129.84571194444445,33.24958888888889,52
129.84606194444444,33.249746944444446,57
129.846175,33.249763888888886,58
129.84626194444445,33.249763888888886,58
129.84633805555555,33.24973888888889,57
129.84646305555555,33.249631111111114,55
129.84651194444444,33.249496944444445,56
129.8465,33.249406111111114,58
129.846475,33.24933111111111,60
129.84633805555555,33.24918888888889,60
129.84548694444445,33.248646944444445,63
129.84533694444445,33.24858111111111,63
129.84523694444445,33.248556111111114,64
129.845125,33.248556111111114,65
129.84485,33.24860611111111,63
129.84443694444445,33.24872305555556,63
129.843875,33.24898888888889,66
129.8438,33.249006111111115,68
129.843575,33.248981111111114,66
129.84303805555555,33.24893111111111,67
129.841575,33.24885611111111,72
129.83942611111112,33.24865611111111,87
129.83920111111112,33.248556111111114,88
129.83906305555556,33.24840611111111,87
129.83901305555557,33.248246944444446,86
129.83903805555556,33.248038888888885,90
129.83916305555556,33.24778888888889,93
129.83933805555554,33.247638888888886,95
129.83953805555555,33.247573055555556,94
129.83990111111112,33.24743111111111,96
129.84003305555555,33.247298055555554,97
129.84003305555555,33.247298055555554,97
129.84012611111112,33.24720611111111,98
129.8402761111111,33.24686388888889,98
129.84043805555555,33.24648111111111,97
129.8406011111111,33.24615611111111,98
129.84066305555555,33.24593888888889,101
129.84073805555556,33.24572305555556,107
129.8408511111111,33.24552305555556,108
129.8409511111111,33.24536388888889,108
129.8410761111111,33.24523111111111,109
129.84123805555555,33.24510611111111,115
129.8414511111111,33.244948055555554,116
129.842025,33.24458888888889,122
129.84206305555554,33.244548055555555,127
129.8421,33.24449805555555,127
129.84208805555556,33.24435611111111,120
129.84205,33.244298055555554,116
129.84193805555554,33.244213888888886,114
129.84158805555555,33.24407305555555,114
129.84136305555555,33.24400611111111,116
129.8408261111111,33.243873055555554,113
129.84070111111112,33.24384,114
129.84053805555556,33.24380611111111,116
129.8396011111111,33.24355611111111,116
129.83931305555555,33.243473055555555,116
129.8389261111111,33.24332305555556,105
129.83875111111112,33.243215,105
129.83852611111112,33.24292305555556,106
129.83813805555556,33.24249,106
129.83793805555555,33.24229805555556,105
129.83773805555555,33.24218111111111,105
129.83707611111112,33.24200611111111,107
129.8369261111111,33.241973055555555,106
129.83668805555556,33.24187305555556,106
129.83656305555556,33.24175611111111,106
129.8365261111111,33.241573055555556,106
129.83650111111112,33.241506111111114,104
129.83637611111112,33.24144,103
129.83627611111112,33.241415,104
129.8353888888889,33.24138111111111,115
129.8353261111111,33.24135611111111,116
129.8351888888889,33.24129805555555,116
129.8349388888889,33.241081111111114,117
129.8348638888889,33.24099805555556,117
129.8347388888889,33.240865,116
129.8345888888889,33.240698055555555,116
129.8344888888889,33.240248055555554,113
129.8344888888889,33.24004,111
129.8345261111111,33.239865,116
129.8347138888889,33.23977305555555,117
129.83515111111112,33.23974805555556,116
129.8356261111111,33.239756944444444,116
129.8362261111111,33.239865,117
129.83663805555557,33.239965,115
129.83688805555556,33.239965,115
129.83711305555556,33.23994,114
129.83738805555555,33.239815,116
129.83765111111111,33.23964,126
129.83783805555555,33.23943194444445,128
129.83796305555555,33.239065,127
129.8380261111111,33.23824888888889,107
129.83808805555554,33.238115,107
129.83832611111112,33.237898888888886,106
129.83842611111112,33.23773194444444,106
129.83846305555556,33.23750694444445,105
129.83840111111112,33.23732388888889,105
129.83832611111112,33.237165,105
129.8377761111111,33.23693194444444,95
129.83731305555557,33.236815,89
129.83723805555556,33.23677388888889,88
129.83717611111112,33.23665694444445,88
129.83716305555555,33.23644888888889,88
129.8372261111111,33.236331944444444,93
129.8373761111111,33.236266111111114,93
129.83817611111112,33.23624111111111,93
129.8386761111111,33.236198888888886,94
129.8389261111111,33.23616611111111,93
129.83894194444446,33.23616111111111,93
129.83894194444446,33.23616111111111,93
129.8391511111111,33.23609888888889,96
129.83933805555554,33.23599111111111,96
129.83896305555555,33.235841111111114,98
129.83877611111112,33.23579888888889,99
129.83851305555555,33.23581611111111,101
129.83828805555555,33.23575694444445,103
129.83786305555554,33.235531944444446,109
129.83730111111112,33.23526611111111,114
129.83713805555556,33.23518194444444,115
129.8368888888889,33.23509111111111,118
129.8367388888889,33.23507388888889,119
129.8362261111111,33.23507388888889,123
129.83591388888888,33.23504888888889,126
129.8353888888889,33.23499888888889,132
129.83455111111113,33.23494888888889,143
129.8339138888889,33.234923888888886,147
129.83333888888887,33.23494888888889,154
129.83262611111113,33.23495694444444,165
129.83240111111112,33.23493194444445,168
129.83217611111112,33.23489111111111,172
129.8320511111111,33.23486611111111,172
129.83175111111112,33.234923888888886,180
129.8314761111111,33.23499888888889,181
129.8307761111111,33.23524888888889,191
129.83052694444444,33.23533194444445,193
129.83036388888888,33.235348888888886,197
129.82967694444446,33.23529888888889,206
129.8296138888889,33.23528694444445,207
129.8296138888889,33.23528694444445,207
129.82911388888888,33.23519,215
129.82887694444443,33.23515694444445,219
129.8287388888889,33.235115,221
129.82862694444444,33.235056944444445,224
129.8285388888889,33.23493194444445,227
129.82845194444445,33.23480694444444,226
129.8283888888889,33.23472388888889,229
129.82833888888888,33.234631944444445,230
129.8282638888889,33.234565,231
129.8280388888889,33.234515,235
129.82786388888888,33.23459888888889,238
129.82782694444444,33.234665,238
129.82782694444444,33.234898888888885,237
129.82782694444444,33.235015,237
129.82785194444443,33.235123888888886,238
129.8278388888889,33.23524888888889,238
129.8278388888889,33.235348888888886,241
129.82780194444445,33.235456944444444,244
129.8277388888889,33.23549888888889,245
129.82766388888888,33.23552388888889,247
129.8275888888889,33.23547388888889,247
129.82752694444446,33.23523194444444,246
129.8275138888889,33.23502388888889,245
129.8275138888889,33.234856944444445,244
129.8274888888889,33.23472388888889,244
129.82745194444445,33.234631944444445,244
129.8273388888889,33.23457388888889,246
129.82718888888888,33.23454888888889,249
129.8270388888889,33.234606944444444,253
129.82697694444445,33.23470694444445,257
129.82695194444443,33.23484,257
129.82695194444443,33.235015,257
129.8269388888889,33.23523194444444,257
129.82692694444444,33.23549,260
129.8268888888889,33.23557388888889,264
129.82680194444444,33.23563194444444,265
129.82660194444443,33.23564888888889,268
129.82652694444445,33.23559888888889,268
129.8264638888889,33.23554,267
129.82645194444444,33.23537388888889,266
129.8264388888889,33.23518194444444,274
129.82641388888888,33.235056944444445,274
129.8263388888889,33.234923888888886,275
129.82620194444445,33.23489,280
129.82607694444445,33.23493194444445,283
129.82597694444445,33.23504,286
129.8255888888889,33.23578194444445,297
129.82550194444445,33.23587388888889,296
129.82542694444444,33.235915,298
129.82532694444444,33.23594,298
129.82526388888888,33.23594,298
129.8251888888889,33.23592305555555,301
129.8251138888889,33.23585694444444,300
129.82500194444444,33.235731944444446,303
129.82477694444444,33.235281944444445,315
129.8246638888889,33.23504888888889,317
129.82445194444443,33.23479888888889,317
129.82425194444446,33.234606944444444,322
129.82407694444444,33.23453194444444,325
129.8242138888889,33.23493194444445,330
129.82427694444445,33.23514,332
129.82427694444445,33.235365,332
129.82422694444443,33.235506944444445,331
129.82405194444445,33.23569805555555,336
129.82384,33.23584805555556,339
129.82369,33.235915,340
129.823615,33.235906944444444,342
129.823565,33.23588194444444,342
129.82352694444444,33.235815,345
129.823515,33.23572305555555,346
129.82352694444444,33.235573055555555,346
129.823515,33.235506944444445,347
129.82345194444446,33.23547305555556,347
129.82337694444445,33.23549,348
129.82332694444443,33.23555694444445,349
129.82334,33.235931944444445,347
129.82342694444444,33.236248055555556,346
129.82342694444444,33.23629805555556,346
129.82340194444444,33.236356944444445,349
129.82332694444443,33.23630694444444,349
129.82320194444443,33.23612305555555,352
129.82312694444445,33.23592305555555,351
129.823115,33.23578194444445,350
129.82315194444445,33.235598055555556,351
129.823265,33.235365,351
129.82327694444444,33.23517388888889,354
129.823265,33.235015,354
129.823065,33.23484,354
129.82282694444444,33.23475694444444,357
129.82250194444444,33.23474,358
129.82195194444444,33.23474888888889,361
129.82180194444445,33.234698888888886,364
129.82169,33.234631944444445,364
129.82162694444443,33.23449,366
129.82159,33.23429,364
129.82154,33.233956944444444,372
129.82145194444445,33.233715,372
129.82132694444445,33.23349,374
129.82107694444446,33.23323194444445,376
129.82096,33.23307611111111,374
129.82096,33.23307611111111,374
129.82087694444445,33.232965,374
129.82072805555555,33.23274,374
129.82069,33.232548888888886,374
129.820715,33.232348888888886,375
129.82080305555556,33.232215,377
129.821065,33.23198194444444,382
129.821065,33.231831944444444,382
129.82105305555555,33.231681944444446,383
129.821015,33.23151611111111,381
129.820915,33.23133194444444,382
129.82072805555555,33.23114888888889,386
129.82062805555555,33.23106611111111,386
129.82052694444445,33.230941111111115,387
129.82050305555555,33.230806944444446,386
129.82049,33.230606944444446,385
129.82032694444445,33.23047388888889,387
129.820165,33.23039111111111,386
129.819865,33.23031611111111,386
129.81977694444444,33.230291111111114,388
129.819315,33.22974111111111,396
129.81927694444445,33.229641111111114,397
129.81935194444443,33.22949111111111,401
129.819415,33.22934111111111,403
129.81940194444445,33.22918194444444,402
129.81930194444445,33.22906611111111,403
129.81899,33.22874888888889,402
129.81849,33.22857388888889,409
129.81839,33.22846611111111,407
129.81839,33.22835805555555,407
129.81842805555556,33.22822388888889,407
129.81862694444445,33.227916111111114,413
129.81872611111112,33.22783388888889,413
129.81872611111112,33.22783388888889,413
129.81887805555556,33.22770694444444,414
129.81915305555555,33.227558055555555,413
129.81927694444445,33.227516111111115,414
129.819315,33.227423888888886,417
129.81937805555555,33.22732388888889,416
129.81935194444443,33.227158055555556,418
129.819315,33.22703194444444,419
129.81924,33.22691611111111,417
129.81870305555555,33.22646611111111,426
129.81859,33.22639888888889,426
129.81855305555555,33.22629888888889,426
129.81854,33.22619888888889,425
129.81864,33.226123888888885,424
129.81892805555555,33.22602388888889,422
129.819115,33.22594111111111,423
129.81927805555554,33.22584111111111,426
129.81932805555556,33.22567388888889,428
129.81935305555555,33.22559888888889,426
129.81940305555557,33.22539111111111,428
129.819465,33.22529888888889,428
129.81987694444445,33.22509888888889,429
129.81999,33.22502388888889,430
129.820065,33.22493305555555,433
129.82007694444445,33.22481611111111,436
129.82024,33.224716111111114,436
129.82027805555555,33.22464111111111,436
129.82029,33.224491111111114,436
129.82024,33.22439888888889,435
129.82015305555555,33.224358055555555,436
129.81979,33.224291111111114,437
129.81957805555555,33.22417388888889,441
129.81942805555556,33.22398305555556,446
129.8192938888889,33.22370388888889,447
129.8192938888889,33.22370388888889,447
129.819215,33.22354111111111,448
129.81899,33.22306611111111,448
129.81879,33.222658055555556,451
129.81862805555556,33.22246611111111,454
129.81837805555554,33.222175,457
129.8172911111111,33.2213,467
129.81721611111112,33.221175,467
129.81715305555556,33.22085805555555,471
129.81697805555555,33.22056611111111,473
129.81687805555555,33.220283055555555,472
129.8168411111111,33.21925,480
129.81682805555556,33.21913305555555,482
129.81676611111112,33.218958055555554,486
129.81660305555556,33.21863305555556,483
129.8165161111111,33.218575,488
129.8161661111111,33.21830805555555,481
129.81610305555554,33.21805,484
129.8160411111111,33.217925,485
129.8158411111111,33.21775,490
129.81574111111112,33.21769194444445,491
129.81517805555555,33.217475,494
129.81509111111112,33.217466944444446,494
129.81496611111112,33.2175,495
129.81475305555554,33.2176,497
129.8139161111111,33.218158055555556,500
129.8139161111111,33.218158055555556,500
129.81628138888888,33.221624444444444,511
129.81628138888888,33.221624444444444,511
129.8151227777778,33.22237833333333,544
129.8151227777778,33.22237833333333,544
129.8147363888889,33.224963055555556,552
129.8147363888889,33.224963055555556,552
129.8132775,33.22564527777778,565
129.8132775,33.22564527777778,565
129.81254777777778,33.22758361111111,575
129.81254777777778,33.22758361111111,575
129.81297694444444,33.22984527777778,584
129.81297694444444,33.22984527777778,584
129.8147363888889,33.23117361111111,598
129.8147363888889,33.23117361111111,598
129.8133202777778,33.23074277777778,604
129.8133202777778,33.23074277777778,604
129.812505,33.230024722222225,626
129.812505,33.230024722222225,626
129.8118611111111,33.22919916666667,636
129.8118611111111,33.22919916666667,636
129.8117325,33.22801444444445,630
129.8117325,33.22801444444445,630
129.81130333333334,33.22761972222222,638
129.81130333333334,33.22761972222222,638
129.81177527777777,33.22647083333333,634
129.81177527777777,33.22647083333333,634
129.81143194444445,33.22535805555555,647
129.81143194444445,33.22535805555555,647
129.81040194444444,33.22446055555555,632
129.81039694444445,33.224466944444444,632
129.81042805555555,33.22448194444444,632
129.81041611111112,33.22465694444445,635
129.81034111111111,33.22467388888889,637
129.81022805555557,33.22469111111111,638
129.81007805555555,33.22463194444445,638
129.80977805555557,33.224491111111114,639
129.80967805555557,33.22447388888889,642
129.8096161111111,33.22450694444444,641
129.80960305555556,33.22454888888889,641
129.8096161111111,33.224606944444446,645
129.80975305555555,33.22472388888889,649
129.8097911111111,33.224806944444445,650
129.80982805555556,33.22499111111111,652
129.80987805555554,33.22504111111111,654
129.81007805555555,33.22513194444444,653
129.81015305555556,33.225231944444445,652
129.8101411111111,33.22529888888889,652
129.81010305555554,33.22535694444444,655
129.80976611111112,33.22552388888889,662
129.8096911111111,33.22558194444444,662
129.8096911111111,33.225656944444445,662
129.80982805555556,33.22581611111111,663
129.80985305555555,33.22594111111111,664
129.8098911111111,33.22603194444444,667
129.8100411111111,33.22622388888889,673
129.8100411111111,33.22635694444445,672
129.8100161111111,33.226481944444444,670
129.81019111111112,33.22692388888889,669
129.8102411111111,33.227131944444444,669
129.81030305555555,33.227331944444444,671
129.81030305555555,33.22743194444445,673
129.81015305555556,33.22757388888889,678
129.81005305555556,33.227648888888886,679
129.80964111111112,33.22785694444445,681
129.80951611111112,33.22785694444445,679
129.809465,33.22787611111111,679
129.809465,33.22787611111111,679
129.80851388888888,33.229594166666665,697
129.80851388888888,33.229594166666665,697
129.80795583333332,33.23006083333333,702
129.80795583333332,33.23006083333333,702
129.81048777777778,33.230311944444445,700
129.81048777777778,33.230311944444445,700
129.81078833333333,33.23138888888889,703
129.81078833333333,33.23138888888889,703
129.81237611111112,33.23207083333333,704
129.81237611111112,33.23207083333333,704
129.813535,33.23451194444444,724
129.813535,33.23451194444444,724
129.81409277777777,33.236378611111114,771
129.81409277777777,33.236378611111114,771
129.81293416666668,33.23688111111111,774
129.81293416666668,33.23688111111111,774
129.81404972222222,33.23598361111111,766
129.81404972222222,33.23598361111111,766
129.81293416666668,33.23336333333334,704
129.81293416666668,33.23336333333334,704
129.81203277777777,33.231855555555555,704
129.81203277777777,33.231855555555555,704
129.810445,33.23110166666667,704
129.810445,33.23110166666667,704
129.81005861111112,33.230204444444446,715
129.81005861111112,33.230204444444446,715
129.808385,33.23009666666667,709
129.808385,33.23009666666667,709
129.80911472222223,33.22855305555556,688
129.80911472222223,33.22855305555556,688
129.81005861111112,33.22754777777778,677
129.8101161111111,33.227601944444444,679
129.81015305555556,33.22757388888889,678
129.81030305555555,33.22743194444445,673
129.81030305555555,33.227331944444444,671
129.8102411111111,33.227131944444444,669
129.81019111111112,33.22692388888889,669
129.8100161111111,33.226481944444444,670
129.8100411111111,33.22635694444445,672
129.8100411111111,33.22622388888889,673
129.8098911111111,33.22603194444444,667
129.80985305555555,33.22594111111111,664
129.80982805555556,33.22581611111111,663
129.8096911111111,33.225656944444445,662
129.8096911111111,33.22558194444444,662
129.80976611111112,33.22552388888889,662
129.81010305555554,33.22535694444444,655
129.8101411111111,33.22529888888889,652
129.81015305555556,33.225231944444445,652
129.81007805555555,33.22513194444444,653
129.80987805555554,33.22504111111111,654
129.80982805555556,33.22499111111111,652
129.8097911111111,33.224806944444445,650
129.80975305555555,33.22472388888889,649
129.8096161111111,33.224606944444446,645
129.80960305555556,33.22454888888889,641
129.8096161111111,33.22450694444444,641
129.80967805555557,33.22447388888889,642
129.80977805555557,33.224491111111114,639
129.81007805555555,33.22463194444445,638
129.81022805555557,33.22469111111111,638
129.81034111111111,33.22467388888889,637
129.81041611111112,33.22465694444445,635
129.81042805555555,33.22448194444444,632
129.8102911111111,33.22441611111111,630
129.81025305555556,33.22434111111111,630
129.81030305555555,33.22412388888889,626
129.81030305555555,33.224066111111114,624
129.81025305555556,33.22403194444444,624
129.8098161111111,33.22392388888889,622
129.8097911111111,33.22387388888889,621
129.80992805555556,33.22356611111111,618
129.8099161111111,33.22349111111111,614
129.8095661111111,33.22329111111111,614
129.80937805555556,33.22306611111111,612
129.80895388888888,33.22294111111111,602
129.8086661111111,33.222831944444444,603
129.80816611111112,33.22268305555556,603
129.8081038888889,33.22261611111111,601
129.8079661111111,33.222383055555554,594
129.8076788888889,33.22212388888889,588
129.80771611111112,33.22204111111111,587
129.8078538888889,33.22199111111111,586
129.8080788888889,33.22193305555555,586
129.80817888888888,33.22189111111111,588
129.8082411111111,33.221808055555556,588
129.8082161111111,33.22169111111111,587
129.80804111111112,33.22146611111111,587
129.80770388888888,33.22114111111111,586
129.80736611111112,33.220933055555555,586
129.80655388888889,33.22056611111111,579
129.80622888888888,33.22039111111111,578
129.80577888888888,33.22009111111111,568
129.8055788888889,33.21993305555556,558
129.8054911111111,33.21980805555555,556
129.80534111111112,33.21939111111111,555
129.8053911111111,33.219141111111114,554
129.80545388888888,33.218983055555555,554
129.80555388888888,33.21885805555556,552
129.8057288888889,33.21868305555556,558
129.8057288888889,33.21862388888889,559
129.80566611111112,33.218583055555555,557
129.8055911111111,33.21861611111111,557
129.80531611111113,33.21891611111111,548
129.80524111111112,33.219033055555556,549
129.80511611111112,33.219383055555554,547
129.80522888888888,33.220016111111114,544
129.8052538888889,33.22009111111111,544
129.8055911111111,33.22041611111111,554
129.8056038888889,33.22047388888889,549
129.80556611111112,33.22049888888889,549
129.8054788888889,33.22046611111111,541
129.8053661111111,33.22035694444445,540
129.8050288888889,33.22011611111111,533
129.8049288888889,33.21999111111111,534
129.8045788888889,33.21939111111111,514
129.8045788888889,33.21917388888889,516
129.80455388888888,33.219141111111114,512
129.8045161111111,33.21914888888889,512
129.8044911111111,33.21919888888889,512
129.80442888888888,33.21969888888889,507
129.80440388888888,33.219723888888886,507
129.8043788888889,33.219723888888886,507
129.8043411111111,33.21969111111111,507
129.8042788888889,33.21937388888889,504
129.80420388888888,33.21922388888889,501
129.8041538888889,33.21904888888889,505
129.8041161111111,33.21897388888889,505
129.8036911111111,33.21883305555556,494
129.80354111111112,33.21876611111111,494
129.80341611111112,33.21869111111111,492
129.8032538888889,33.21856611111111,493
129.8030288888889,33.21831611111111,494
129.80264194444445,33.217998888888886,479
129.80254194444444,33.217958055555556,477
129.80214194444446,33.217908055555554,474
129.80209194444444,33.21787388888889,476
129.80196694444444,33.21774888888889,477
129.80176694444444,33.21763305555555,475
129.80157888888888,33.21756611111111,471
129.80137888888888,33.217348888888885,466
129.80081694444445,33.21684111111111,454
129.8007538888889,33.216816111111115,451
129.80016694444444,33.21714111111111,443
129.80010388888888,33.21720805555555,444
129.7999788888889,33.217241111111115,440
129.79991694444445,33.21723305555555,440
129.79979194444445,33.21717388888889,445
129.7995038888889,33.21718305555556,444
129.79931694444446,33.21709111111111,445
129.79922888888888,33.217058055555555,445
129.79904194444444,33.21695805555556,438
129.7989288888889,33.216923888888886,437
129.79875388888888,33.21697388888889,431
129.79869194444444,33.21695805555556,431
129.79852888888888,33.21680805555555,430
129.7984788888889,33.21680805555555,430
129.7982538888889,33.21702388888889,418
129.7981538888889,33.21707388888889,417
129.79797888888888,33.21707388888889,415
129.7977788888889,33.217033055555554,415
129.7971538888889,33.21700805555555,414
129.79672888888888,33.21700805555555,405
129.79659194444446,33.21699111111111,408
129.79639194444445,33.21690805555556,403
129.79621694444444,33.216791111111114,395
129.79606694444445,33.216633055555555,395
129.795955,33.21646611111111,393
129.79586694444444,33.21615805555555,392
129.79581694444445,33.21605805555556,391
129.79571694444445,33.21604111111111,387
129.795555,33.21609111111111,378
129.795455,33.21609111111111,378
129.79538,33.216033055555556,374
129.79533,33.215873888888886,373
129.79531694444444,33.21550805555555,373
129.79531694444444,33.215448888888886,373
129.79548,33.21504888888889,370
129.79549194444445,33.21494888888889,369
129.795455,33.21488305555555,369
129.79526694444445,33.21469888888889,368
129.79514194444445,33.21464888888889,368
129.79458,33.21465805555555,365
129.79374194444443,33.214708055555555,360
129.79343,33.21479111111111,358
129.79289194444445,33.21508305555555,357
129.792705,33.21524111111111,353
129.79234194444444,33.21519111111111,352
129.79223,33.21454111111111,356
129.79213,33.21391611111111,354
129.792105,33.21370805555556,353
129.79203,33.21314111111111,355
129.79194305555555,33.212925,356
129.791805,33.21270805555555,356
129.791605,33.21245805555556,356
129.791455,33.212225,355
129.79133,33.211908055555554,354
129.791305,33.21185,355
129.79124194444444,33.21165,355
129.79123,33.21149111111111,355
129.79124194444444,33.2114,355
129.79138,33.211025,354
129.79143,33.21076611111111,355
129.79141694444445,33.21044194444445,356
129.79134194444444,33.210175,357
129.79126805555555,33.210025,356
129.790755,33.20936694444445,353
129.79066805555556,33.20925805555556,352
129.79056805555555,33.209108055555554,349
129.79048,33.208841944444444,348
129.79033,33.207816944444446,337
129.79033,33.207791944444445,337
129.790255,33.207366944444445,337
129.790255,33.20730888888889,337
129.79018,33.20685,336
129.79011805555555,33.20670888888889,337
129.78994305555557,33.20643388888889,335
129.78976805555556,33.20621694444444,331
129.78949305555557,33.206091944444445,328
129.78913111111112,33.205975,323
129.78889305555555,33.20590888888889,321
129.7887311111111,33.205925,321
129.7878661111111,33.20607388888889,311
129.7878661111111,33.20607388888889,311
129.7862061111111,33.206358888888886,292
129.7858811111111,33.20644194444444,295
129.78538111111112,33.2065,291
129.78516805555554,33.20655,288
129.78504305555555,33.20656694444445,287
129.78493111111112,33.20655,285
129.7847311111111,33.206475,281
129.7842061111111,33.206225,277
129.78296805555556,33.205525,261
129.7827561111111,33.205466944444446,260
129.7825311111111,33.20545888888889,257
129.78141805555555,33.20548194444444,248
129.78141805555555,33.20548194444444,248
129.77971888888888,33.20551694444445,235
129.77946888888889,33.205508888888886,235
129.7792938888889,33.205441944444445,235
129.77914388888888,33.20530888888889,234
129.7790938888889,33.20518388888889,232
129.77904388888888,33.20506694444445,231
129.7790688888889,33.20485,226
129.7791188888889,33.20465,219
129.77916888888888,33.20449194444444,219
129.7794561111111,33.204125,209
129.7795688888889,33.20393388888889,207
129.7795688888889,33.20350888888889,205
129.7789688888889,33.2039,202
129.7770811111111,33.20491694444444,185
129.77653194444446,33.205266944444446,181
129.77596888888888,33.2057,173
129.7755688888889,33.206066944444444,172
129.77538194444443,33.206266944444444,168
129.77484388888888,33.207025,164
129.77470694444443,33.2072,164
129.7745438888889,33.20735,165
129.77429388888888,33.207475,161
129.77413194444443,33.207525,159
129.7739688888889,33.207575,157
129.77361888888888,33.20769194444444,156
129.7732188888889,33.20775805555556,156
129.77258194444445,33.207791944444445,156
129.77238194444445,33.207816944444446,155
129.77168194444445,33.208083055555555,151
129.77138194444444,33.20816611111111,151
129.77060694444444,33.20831611111111,147
129.769895,33.20845805555555,146
129.76915694444443,33.208708055555554,144
129.769095,33.208725,143
129.768345,33.208975,140
129.7682311111111,33.208998888888885,140
129.7682311111111,33.208998888888885,140
129.76768194444443,33.20911611111111,138
129.76757,33.20914111111111,138
129.76658194444445,33.209358055555555,137
129.766345,33.209408055555556,137
129.76602,33.209475,136
129.76573194444444,33.209558055555554,134
129.765545,33.20961611111111,133
129.76502,33.209725,131
129.76485805555555,33.20975,130
129.76423194444445,33.20981611111111,130
129.763945,33.20984888888889,129
129.76322,33.20993305555555,127
129.76230805555556,33.21004111111111,127
129.76172,33.21011611111111,126
129.761595,33.21014111111111,126
129.76135805555555,33.21017388888889,125
129.761245,33.210166111111114,125
129.761195,33.21015805555555,124
129.760945,33.210098888888886,121
129.76085805555556,33.21010805555556,119
129.76028305555556,33.210208055555555,119
129.76004111111112,33.21024611111111,118
129.76004111111112,33.21024611111111,118
129.7594961111111,33.21033305555556,118
129.7592711111111,33.21035805555555,118
129.7588461111111,33.21038305555555,116
129.7587211111111,33.210391111111115,116
129.7585711111111,33.21042388888889,115
129.7584461111111,33.21047388888889,115
129.75828305555555,33.21054111111111,114
129.75815805555555,33.210608055555554,114
129.75774611111112,33.21086611111111,115
129.75760805555555,33.21091611111111,117
129.75748305555555,33.21095805555556,116
129.7568711111111,33.21103305555555,116
129.75670805555555,33.21104888888889,116
129.7562211111111,33.211058055555554,116
129.75617111111112,33.21106611111111,116
129.75604611111112,33.211083055555555,116
129.75560805555557,33.21116611111111,110
129.75505805555557,33.211283055555555,108
129.75445805555555,33.21139111111111,106
129.75435805555554,33.21141611111111,105
129.7531088888889,33.21167388888889,106
129.7530211111111,33.21169111111111,106
129.7526411111111,33.21176805555555,107
129.7526411111111,33.21176805555555,107
129.7524461111111,33.21180805555556,108
129.7521338888889,33.211866111111114,107
129.7496588888889,33.21236611111111,93
129.7491711111111,33.21246611111111,95
129.7487338888889,33.21254888888889,96
129.7477338888889,33.212758055555554,95
129.74743388888888,33.21281611111111,95
129.74738805555555,33.212825,95
129.74738805555555,33.212825,95
129.74657194444444,33.21299111111111,89
129.7460338888889,33.213056944444446,87
129.7452338888889,33.21315694444444,87
129.74480888888888,33.21317388888889,87
129.74449694444445,33.21315694444444,87
129.74335888888888,33.212981944444444,86
129.74255888888888,33.21288194444445,84
129.74237194444444,33.21282388888889,84
129.74222194444445,33.21277388888889,84
129.740585,33.21245805555556,81
129.740585,33.21245805555556,81
129.74014694444443,33.21237388888889,81
129.740085,33.21236611111111,81
129.73916,33.21219111111111,78
129.73889805555555,33.21214111111111,78
129.73866,33.212091111111114,78
129.73764805555555,33.21189888888889,76
129.73737194444445,33.21184888888889,75
129.736385,33.21165694444444,78
129.73534805555556,33.21145694444444,77
129.73454805555556,33.21135694444445,73
129.733735,33.21125694444444,74
129.73362305555557,33.211241111111114,74
129.733485,33.21123194444444,74
129.73301194444446,33.21120194444445,72
129.73301194444446,33.21120194444445,72
129.73269805555555,33.21118194444445,71
129.7326111111111,33.21117388888889,71
129.7321611111111,33.21111611111111,71
129.73214805555557,33.21111611111111,71
129.73169805555557,33.211056944444444,71
129.73149805555556,33.211016111111114,72
129.73078611111112,33.210791111111114,69
129.73018611111112,33.21059888888889,68
129.7294861111111,33.210366111111114,68
129.72852305555554,33.21004888888889,68
129.7279861111111,33.209873888888886,66
129.7269738888889,33.20953194444444,65
129.72693611111112,33.20952388888889,65
129.72678611111112,33.20947388888889,65
129.7257361111111,33.20914111111111,66
129.7256111111111,33.20910694444444,66
129.72487388888888,33.208866111111114,61
129.7228561111111,33.20820694444444,56
129.7228561111111,33.20820611111111,56
129.72237388888888,33.20804888888889,55
129.7217738888889,33.20784888888889,55
129.72136194444445,33.207723888888886,55
129.72116194444445,33.207656944444444,55
129.72108694444444,33.20762388888889,56
129.72102388888888,33.20758194444444,56
129.7209738888889,33.20754111111111,55
129.72071194444445,33.20719111111111,55
129.72028694444444,33.20665694444445,50
129.72003694444444,33.206356944444444,50
129.72001194444445,33.20629888888889,50
129.71999888888888,33.20625694444445,50
129.72001194444445,33.20619888888889,51
129.72002194444445,33.20618,51
129.72002194444445,33.20618,51
129.7201988888889,33.20584888888889,52
129.72033694444445,33.20554888888889,54
129.7203988888889,33.20544888888889,54
129.7205988888889,33.205258055555554,56
129.72081194444445,33.20506611111111,58
129.72091194444445,33.20494111111111,58
129.72098694444443,33.20489111111111,58
129.72106194444444,33.20487388888889,57
129.72111694444445,33.204613055555555,58
129.72111694444445,33.204613055555555,58
129.72113694444445,33.204523888888886,58
129.72123694444446,33.20406611111111,62
129.72126194444445,33.20388194444445,64
129.7212738888889,33.20371611111111,64
129.72124888888888,33.203608055555556,63
129.72112388888888,33.20319888888889,65
129.72112388888888,33.20317388888889,65
129.7209738888889,33.20279111111111,69
129.72093694444445,33.20268305555555,70
129.7208738888889,33.202483055555554,72
129.7208488888889,33.20242388888889,73
129.72079888888888,33.20225805555555,73
129.72076194444443,33.20209111111111,74
129.7207488888889,33.20206611111111,74
129.72076194444443,33.20197388888889,74
129.72077388888889,33.201883055555555,74
129.7208238888889,33.20176611111111,73
129.72103694444445,33.20128305555556,70
129.7211988888889,33.20091611111111,66
129.72124888888888,33.20082388888889,66
129.7212738888889,33.20075805555555,65
129.72133694444443,33.200608055555556,66
129.72157388888888,33.20005805555556,64
129.7216238888889,33.19994111111111,64
129.7217238888889,33.19974111111111,63
129.72188694444444,33.19939111111111,61
129.72194888888887,33.19925805555555,61
129.7219988888889,33.19914111111111,61
129.72204888888888,33.19903305555555,60
129.7220988888889,33.19891611111111,60
129.72214888888888,33.19879111111111,59
129.7221988888889,33.198675,59
129.72224888888888,33.19855,58
129.72227388888888,33.19850805555556,58
129.7222988888889,33.198433055555554,58
129.72236194444446,33.19829111111111,58
129.7225488888889,33.19790805555556,56
129.72259888888888,33.197766111111115,55
129.72262388888888,33.19766611111111,55
129.7226488888889,33.19730805555555,54
129.72262388888888,33.1971,54
129.72251194444445,33.196866944444444,53
129.72217388888888,33.19636694444444,54
129.72193694444445,33.196075,50
129.72171194444445,33.19586694444445,49
129.7209738888889,33.19524194444445,49
129.72083694444444,33.19510805555556,48
129.72069888888888,33.194966944444445,48
129.72061194444444,33.19481694444445,48
129.72057388888888,33.19470805555556,48
129.72041194444444,33.194091944444445,45
129.72032388888888,33.193758055555556,45
129.72023694444445,33.193508888888886,43
129.7201488888889,33.19331694444445,43
129.71999888888888,33.19305,45
129.71983694444444,33.19286694444445,44
129.71918694444443,33.19211694444444,38
129.71911194444445,33.19204194444445,37
129.71893694444444,33.19185888888889,36
129.7188,33.1917,36
129.71863694444446,33.19148388888889,36
129.71856194444445,33.191316944444445,34
129.718525,33.19118388888889,34
129.7185,33.190866944444444,29
129.718475,33.190533888888886,29
129.718425,33.190041944444445,29
129.718325,33.189233888888886,27
129.71831194444445,33.18905111111111,26
129.71825,33.18869194444444,25
129.718075,33.187716944444446,23
129.71808694444445,33.187601111111114,23
129.71815,33.18743388888889,24
129.71861194444443,33.18657611111111,21
129.71863694444446,33.186458888888886,21
129.71863694444446,33.18631694444444,20
129.71853694444445,33.18585888888889,19
129.718425,33.18544305555555,19
129.71835,33.18506694444444,18
129.718225,33.18456694444444,18
129.71818694444445,33.18447611111111,18
129.71813694444444,33.18438388888889,18
129.718025,33.18423388888889,18
129.71763694444445,33.183683888888886,17
129.71765,33.183551111111115,17
129.71703805555555,33.182543055555556,17
129.7167,33.18199305555556,16
129.716425,33.18155111111111,12
129.716125,33.181043055555556,15
129.716025,33.18090111111111,15
129.71593694444445,33.180658888888885,10
129.71586305555556,33.180418055555556,8
129.71586305555556,33.18030111111111,9
129.71591305555555,33.18001805555556,9
129.71598805555556,33.17963388888889,9
129.71603805555554,33.17940111111111,9
129.716125,33.179143055555556,9
129.716225,33.17887611111111,9
129.71623805555555,33.178826111111114,9
129.71638694444445,33.17847611111111,8
129.71658805555555,33.17811,9
129.71675,33.177818055555555,9
129.716875,33.17762611111111,8
129.71701305555555,33.17744305555556,9
129.71753694444445,33.176835,8
129.7178,33.17652611111111,8
129.71838805555555,33.175868055555554,8
129.71875,33.17546,8
129.71921194444445,33.174926944444444,7
129.71951194444443,33.174576944444446,5
129.72,33.17401805555556,5
129.720425,33.173518888888886,5
129.720525,33.17341,5
129.7206261111111,33.173296111111114,6
129.7206261111111,33.173296111111114,6
129.720725,33.173185,7
129.720925,33.17294388888889,7
129.7213,33.17247694444445,8
129.72165,33.17206888888889,8
129.72176194444444,33.171935,9
129.72181194444445,33.17186888888889,9
129.72205,33.17156888888889,9
129.7220861111111,33.171523055555554,9
129.7220861111111,33.171523055555554,9
129.722275,33.171285,8
129.72282388888888,33.17059388888889,5
129.72268694444443,33.17051111111111,5
129.72238694444445,33.17034388888889,6
129.72203694444445,33.17015194444444,7
129.72181194444445,33.17001111111111,8
129.72178694444443,33.16998611111111,7
129.72168694444446,33.16987694444445,8
129.72153694444444,33.169651944444446,8
129.72145,33.16952694444444,8
129.72138694444445,33.169426944444446,8
129.72135,33.16936888888889,8
129.72125,33.169226944444446,8
129.7211,33.169018888888885,8
129.7210088888889,33.16885805555555,8
129.7210088888889,33.16885805555555,8
129.72098694444443,33.168818888888886,8
129.72093694444445,33.168686111111114,8
129.720875,33.168551944444445,8
129.720825,33.16840194444445,7
129.72078694444446,33.16827694444444,7
129.72073694444444,33.16813611111111,7
129.7207,33.16800194444444,7
129.72061194444444,33.16775194444445,6
129.72056194444446,33.16757694444444,6
129.72048694444445,33.16734388888889,5
129.72035,33.166893888888886,4
129.72035,33.16683611111111,4
129.7204,33.166761111111114,4
129.720525,33.166603055555555,4
129.72106194444444,33.16587805555555,3
129.72121194444443,33.16573611111111,3
129.721525,33.16544388888889,2
129.721925,33.16501111111111,2
129.7226488888889,33.16428611111111,0
129.7226488888889,33.16428611111111,0
129.7227,33.16423611111111,0
129.72248694444446,33.16408611111111,0
129.721575,33.16348611111111,1
129.721925,33.16308611111111,1
129.72194,33.16306888888889,1
</coordinates>
</LineString>
</Placemark>
</Document>
</kml>
