<?xml version="1.0" encoding="UTF-8"?>
<kml xmlns="http://www.opengis.net/kml/2.2" xmlns:atom="http://www.w3.org/2005/Atom">
<Document>
<name>WCC55th FUYU GASSYUKU 2ndDay 実走</name>
<atom:author>
<atom:name>小平太郎</atom:name>
</atom:author> 
<atom:link href="https://latlonglab.yahoo.co.jp/route/watch?id=35393e4294ae966081fccf83aec90240" />
<description><![CDATA[spot:
湯之奥猪之頭林道
朝霧高原
大室山西展望台
青木が原樹海
上九一色村
右左口峠

ESCAPE:R139,R358TN]]></description>
<tags><![CDATA[wcc55th]]></tags>  
<Placemark>
<Style>
<LineStyle>
<color>99ff0000</color>
<width>6</width>
</LineStyle>
</Style>
<LineString>
<coordinates>
138.43940694444444,35.419533055555554,250
138.43939805555556,35.41941694444444,251
138.43976111111112,35.41941694444444,247
138.43988611111112,35.41944194444444,245
138.4399611111111,35.419466944444444,242
138.4401611111111,35.41955,243
138.44029805555556,35.41965,238
138.44058611111112,35.41990888888889,229
138.4409611111111,35.42028388888889,229
138.44102305555555,35.420325,228
138.44107305555556,35.42035,229
138.4412861111111,35.42039194444445,227
138.44138611111111,35.420383888888885,226
138.4415361111111,35.42033388888889,226
138.44213611111113,35.42006694444444,224
138.44216111111112,35.42005888888889,224
138.44238611111112,35.41996694444445,223
138.44249805555555,35.419941944444446,223
138.44264805555557,35.41993388888889,223
138.44274805555557,35.41995,223
138.44284805555554,35.419983888888886,222
138.44296111111112,35.42005888888889,225
138.44318611111112,35.42028388888889,228
138.44329805555554,35.42045888888889,227
138.44329805555554,35.42055,227
138.4432611111111,35.420625,227
138.44304805555555,35.42090888888889,219
138.44299805555556,35.42108388888889,225
138.4430111111111,35.42115888888889,218
138.44306111111112,35.421225,216
138.44329805555554,35.42140888888889,212
138.44349805555555,35.421258888888886,212
138.44371,35.421125,213
138.44431,35.42081694444445,209
138.44446,35.42075888888889,209
138.44456,35.420775,208
138.44462305555555,35.4208,208
138.444685,35.42084194444445,208
138.44474805555555,35.420925,208
138.44476,35.420991944444445,208
138.44471,35.42134194444444,208
138.44466888888888,35.42167888888889,208
138.44466888888888,35.42167888888889,208
138.44471,35.42134194444444,208
138.44476,35.420991944444445,208
138.44486,35.420875,208
138.445035,35.4208,208
138.44517305555556,35.420766944444445,208
138.445235,35.42075888888889,208
138.44581,35.42055,207
138.44599805555555,35.42048388888889,206
138.44679805555555,35.42019194444445,205
138.44754694444444,35.41990888888889,205
138.44839694444445,35.419516944444446,205
138.44877194444445,35.41936694444444,205
138.44897194444445,35.41932611111111,205
138.44914694444444,35.41930888888889,205
138.44946,35.41930111111111,205
138.44971,35.419333888888886,205
138.45156,35.41957611111111,199
138.45176,35.41960111111111,199
138.45393388888888,35.41990888888889,196
138.45542194444445,35.42013388888889,197
138.45642194444446,35.42028388888889,199
138.45653388888888,35.42030888888889,202
138.4567088888889,35.42035111111111,210
138.45709694444446,35.42046694444444,210
138.45778388888888,35.42069194444444,210
138.45835888888888,35.42092611111111,210
138.45884611111111,35.42117611111111,211
138.4594588888889,35.42152611111111,211
138.4598838888889,35.421816944444444,211
138.4624088888889,35.42385,213
138.46335805555555,35.42460888888889,214
138.46347111111112,35.4247,214
138.46420805555556,35.42520805555556,215
138.46450805555557,35.425358055555556,216
138.4647961111111,35.4255,216
138.46500805555556,35.42556694444445,217
138.46525805555555,35.42564194444444,217
138.46568305555556,35.42575,218
138.4658961111111,35.425775,218
138.46610805555557,35.42576694444445,218
138.46683305555555,35.42554194444445,219
138.4673961111111,35.4254,219
138.46742111111112,35.42539194444444,219
138.46760805555556,35.42536694444444,218
138.4677961111111,35.42535,218
138.46813305555557,35.42540888888889,217
138.46832,35.425491944444445,218
138.46857,35.425625,217
138.46930805555556,35.426075,217
138.46948305555554,35.42615,218
138.46993305555554,35.4263,217
138.47008194444444,35.42635,218
138.47140694444445,35.42686694444444,219
138.47180694444444,35.426991944444445,219
138.471795,35.426566944444446,218
138.471795,35.42648305555556,218
138.47182,35.425875,221
138.47183194444443,35.425758888888886,222
138.47185694444445,35.425691944444445,222
138.47203305555556,35.42550888888889,224
138.472145,35.42545,224
138.47227,35.425425,225
138.47240805555555,35.425375,226
138.472695,35.42515888888889,228
138.47283194444444,35.425091944444446,227
138.47292,35.425075,227
138.47320694444446,35.42505888888889,228
138.47335694444445,35.42505888888889,229
138.47358194444445,35.425091944444446,229
138.47420694444443,35.425241944444444,229
138.47450694444444,35.425225,229
138.47475694444444,35.425175,236
138.47584388888887,35.42485111111111,235
138.47635694444443,35.42458388888889,236
138.47655694444444,35.424458888888886,237
138.4767688888889,35.424326111111114,235
138.47713194444444,35.42407611111111,237
138.4774688888889,35.42375111111111,239
138.47780694444444,35.423366944444446,239
138.47858194444444,35.42245111111111,247
138.47890694444445,35.42205888888889,246
138.47930694444443,35.42163388888889,247
138.4793938888889,35.42160111111111,248
138.4794688888889,35.42160111111111,249
138.47954388888888,35.421643055555556,249
138.47958194444445,35.42171805555556,249
138.47958194444445,35.42182611111111,252
138.4795188888889,35.42219194444444,258
138.47950694444444,35.42241805555555,258
138.47954388888888,35.42257611111111,259
138.4796188888889,35.42275111111111,258
138.47979388888888,35.42299194444445,257
138.47998194444443,35.423183888888886,259
138.48008194444444,35.42326805555555,262
138.48018194444444,35.423316944444444,259
138.48033194444446,35.42330888888889,258
138.4807688888889,35.42320888888889,257
138.4811188888889,35.42310111111111,259
138.4815311111111,35.42292611111111,262
138.48169388888888,35.422826111111114,263
138.4816311111111,35.42260888888889,265
138.48195611111112,35.42238388888889,269
138.4820188888889,35.42223388888889,273
138.4820061111111,35.42129305555556,277
138.48193194444445,35.42110111111111,278
138.48169388888888,35.42097611111111,285
138.48155694444443,35.42085111111111,284
138.48148194444445,35.42071,283
138.48149388888888,35.420543055555555,280
138.48150694444445,35.420435,286
138.4814438888889,35.420118055555555,289
138.4814438888889,35.41991,291
138.48158194444446,35.419135,303
138.48173194444445,35.418535,306
138.48170694444445,35.41820194444445,307
138.4816438888889,35.41806,304
138.48148194444445,35.41781805555556,304
138.48143194444444,35.41766805555555,305
138.48125694444445,35.41721805555556,310
138.4812188888889,35.41701888888889,310
138.4811938888889,35.416826944444445,311
138.48120694444444,35.416668888888886,311
138.48126888888888,35.41651888888889,312
138.48150694444445,35.41627694444445,316
138.48159388888888,35.41614388888889,318
138.48173194444445,35.41591,318
138.48184388888887,35.41571888888889,322
138.48198194444444,35.41562694444445,322
138.48206888888888,35.41531888888889,331
138.48228194444445,35.41504388888889,336
138.4823438888889,35.414876944444444,336
138.4823438888889,35.41464388888889,337
138.48229388888888,35.41452694444445,339
138.48206888888888,35.41361888888889,343
138.4819938888889,35.41336111111111,344
138.48171888888888,35.41279388888889,345
138.48170694444445,35.41247805555555,346
138.48177,35.41221888888889,345
138.481895,35.411968888888886,348
138.48213194444443,35.41162805555555,354
138.48229388888888,35.41149388888889,355
138.48250694444445,35.41132805555556,351
138.48270694444443,35.411253055555555,356
138.48316888888888,35.41108611111111,358
138.4839188888889,35.41065305555556,366
138.48420694444445,35.410428055555556,369
138.4843688888889,35.41025305555556,377
138.48453194444446,35.409928055555554,375
138.4845938888889,35.40976111111111,374
138.48470694444444,35.40957,375
138.4847938888889,35.40947805555555,376
138.48485694444443,35.40942,374
138.4852438888889,35.409261111111114,385
138.48545694444445,35.409245,390
138.48569388888887,35.409103055555555,386
138.48608194444444,35.408878055555554,385
138.4862938888889,35.408478055555555,386
138.48632694444444,35.408453888888886,386
138.48632694444444,35.408453888888886,386
138.48644388888889,35.40837,387
138.48669388888888,35.40832,393
138.48678194444443,35.40822,393
138.4868688888889,35.40795305555555,392
138.48698194444444,35.40790305555556,395
138.4872188888889,35.40786194444444,396
138.48733194444443,35.40777,398
138.48769388888888,35.40762888888889,405
138.48775694444444,35.40752888888889,403
138.48775694444444,35.40735388888889,404
138.48785694444445,35.407295,405
138.48818194444445,35.407286944444444,407
138.4883188888889,35.40725388888889,408
138.4885438888889,35.407111944444445,410
138.4887811111111,35.40707,416
138.4889188888889,35.40712888888889,419
138.4891188888889,35.40722888888889,419
138.48943111111112,35.40722888888889,418
138.48961888888888,35.40716194444445,416
138.48975611111112,35.40715388888889,416
138.4900438888889,35.40712,419
138.49023111111111,35.40700388888889,422
138.4903688888889,35.40687,423
138.4905811111111,35.40674611111111,425
138.4908188888889,35.40667111111111,428
138.4914188888889,35.40657111111111,426
138.49234388888888,35.406486944444445,437
138.49260611111112,35.406396111111114,436
138.49281888888888,35.406286944444446,436
138.49315611111112,35.40602888888889,435
138.4934188888889,35.405878888888886,434
138.49359388888888,35.40577888888889,436
138.49384305555554,35.40582111111111,436
138.4941061111111,35.405838055555556,435
138.4942061111111,35.40572111111111,440
138.4942061111111,35.40560388888889,442
138.4941061111111,35.40515388888889,445
138.49414388888889,35.40442111111111,466
138.4941311111111,35.40354611111111,474
138.4940938888889,35.40318805555555,478
138.4940938888889,35.40300388888889,483
138.49415611111112,35.40295388888889,483
138.4942561111111,35.40292111111111,485
138.49449388888888,35.402903888888886,487
138.4946811111111,35.40287111111111,486
138.49491805555556,35.40282111111111,488
138.49518111111112,35.40268,493
138.49524305555556,35.402755,494
138.4951561111111,35.40291305555556,496
138.4950061111111,35.403013055555554,498
138.49499305555557,35.403055,496
138.4950561111111,35.403105,498
138.49526805555556,35.40307111111111,502
138.4955061111111,35.40299611111111,501
138.4958061111111,35.402838055555556,505
138.49596805555555,35.402805,506
138.49610611111112,35.402805,508
138.49616805555556,35.40286305555556,510
138.49610611111112,35.402971111111114,511
138.49571805555556,35.40316305555555,513
138.49556805555557,35.403238055555555,516
138.49546805555556,35.403263055555556,516
138.4951311111111,35.40328805555556,513
138.49494305555555,35.403438055555554,516
138.49486805555554,35.40357111111111,521
138.49486805555554,35.40367888888889,521
138.49494305555555,35.40372111111111,524
138.49501805555556,35.40369611111111,528
138.49511805555557,35.40360388888889,528
138.49526805555556,35.403528888888886,525
138.49610611111112,35.40352111111111,534
138.49671805555556,35.40333,536
138.49689305555555,35.40311305555556,539
138.49700611111112,35.403063055555556,537
138.49713111111112,35.403171111111114,533
138.4974311111111,35.403913055555556,539
138.49814305555554,35.40450388888889,535
138.4985061111111,35.40432888888889,532
138.4986561111111,35.40435388888889,534
138.499755,35.405028888888886,552
138.49989305555556,35.405028888888886,556
138.49988,35.40486305555556,555
138.49963,35.40457888888889,555
138.49961805555554,35.403355,572
138.49974305555557,35.402988055555554,582
138.49986805555557,35.402346111111115,584
138.49984305555554,35.40193,592
138.49973111111112,35.401646944444444,593
138.49938111111112,35.40118805555556,594
138.4993061111111,35.40108,592
138.49939305555554,35.400905,594
138.50139305555555,35.400655,611
138.501605,35.400705,614
138.502055,35.40096305555556,615
138.502505,35.401021944444445,619
138.503005,35.40092194444444,626
138.503305,35.40098805555556,624
138.50356805555555,35.40089694444445,628
138.50414305555555,35.40058888888889,636
138.504455,35.400463888888886,637
138.504805,35.400463888888886,640
138.504805,35.400571944444444,647
138.504655,35.400605,645
138.50434305555555,35.40068888888889,650
138.50383,35.401138055555556,656
138.503305,35.401355,665
138.50303,35.40137194444444,665
138.502805,35.401446944444444,669
138.50146805555556,35.401505,679
138.50131805555554,35.40163,683
138.501255,35.40181305555556,688
138.50131805555554,35.401896944444445,691
138.501555,35.401696944444446,692
138.50366805555555,35.40178,717
138.50394194444445,35.40173,714
138.504705,35.401421944444444,724
138.50514194444443,35.40134694444444,737
138.50558,35.401338055555556,737
138.50593,35.40141305555556,736
138.50639194444443,35.401788055555556,751
138.50658,35.40179694444444,756
138.50709194444445,35.40168805555555,756
138.50718,35.401696944444446,756
138.50741694444446,35.401896944444445,764
138.507605,35.401921944444446,766
138.50793,35.40183,764
138.50821694444446,35.401788055555556,767
138.508855,35.40181305555556,777
138.50928,35.401696944444446,783
138.50976694444444,35.40162194444444,787
138.51026694444445,35.40129694444445,794
138.51079194444443,35.40113888888889,803
138.5111288888889,35.401155,807
138.51204194444443,35.401055,816
138.51240388888888,35.400863888888885,815
138.51259194444444,35.400821944444445,824
138.5128288888889,35.400805,827
138.51297888888888,35.400705,826
138.51369194444445,35.39971388888889,842
138.5140538888889,35.39947194444444,845
138.51432888888888,35.39923111111111,845
138.51432888888888,35.39897194444445,852
138.5142538888889,35.39868888888889,855
138.5142788888889,35.398313888888886,856
138.5144038888889,35.39805611111111,863
138.5146038888889,35.39788111111111,865
138.5152038888889,35.39744805555556,873
138.51560388888888,35.39722305555556,875
138.51581694444445,35.396996944444446,872
138.51594194444445,35.39680611111111,873
138.5161038888889,35.39670611111111,872
138.51634194444443,35.39665611111111,871
138.51671694444445,35.39664805555555,879
138.51707888888888,35.39653111111111,881
138.5174788888889,35.39618888888889,892
138.5182411111111,35.39563111111111,901
138.5187161111111,35.395223055555554,906
138.5188288888889,35.39507305555556,907
138.5187911111111,35.394765,906
138.51887888888888,35.394615,905
138.51887888888888,35.394615,905
138.51910388888888,35.39445611111111,914
138.5195038888889,35.39425611111111,913
138.51967888888888,35.39407305555556,918
138.5197288888889,35.393656944444444,915
138.5198538888889,35.39334,918
138.5199788888889,35.39290694444445,928
138.5199661111111,35.39217388888889,930
138.5201538888889,35.39208194444444,935
138.52034111111112,35.39217388888889,944
138.52036611111112,35.39288194444445,946
138.52046611111112,35.393115,945
138.5205411111111,35.39330694444445,944
138.5205288888889,35.39347305555555,953
138.52034111111112,35.39374,955
138.52034111111112,35.39400694444444,956
138.52045388888888,35.394131944444446,955
138.52077888888888,35.39429805555555,961
138.5208788888889,35.394423055555556,957
138.5208288888889,35.39454805555555,955
138.5206538888889,35.39464805555556,953
138.5200538888889,35.394756111111114,952
138.5196411111111,35.394915,955
138.5195038888889,35.39503111111111,955
138.51952888888889,35.39519,955
138.5197288888889,35.395223055555554,964
138.5200788888889,35.39489805555556,964
138.5214161111111,35.39489,986
138.52157888888888,35.39483111111111,984
138.52170388888888,35.394715,985
138.52169111111112,35.39454805555555,988
138.52167888888889,35.394373055555555,990
138.5215538888889,35.39423194444444,988
138.5211788888889,35.394081944444444,1000
138.5211161111111,35.393948055555555,1006
138.5211788888889,35.393748055555555,999
138.52146611111112,35.39337305555556,1012
138.52137888888888,35.39299,1009
138.52135388888888,35.392848055555554,1005
138.52149111111112,35.392806944444445,1007
138.52204111111112,35.39294805555556,1013
138.52255305555556,35.39297305555556,1014
138.52296611111112,35.392781944444444,1024
138.52330305555554,35.39269,1023
138.52357805555556,35.392631944444446,1022
138.52372805555555,35.39254805555556,1025
138.52380305555556,35.39237388888889,1034
138.52374111111112,35.39229888888889,1038
138.52341611111112,35.392215,1038
138.5228661111111,35.392023888888886,1033
138.52239111111112,35.39177388888889,1040
138.5222411111111,35.39163194444444,1047
138.5221038888889,35.391306944444445,1044
138.52216611111112,35.39109888888889,1044
138.5223538888889,35.39089,1048
138.5223661111111,35.390656944444444,1051
138.52252805555557,35.390456944444445,1054
138.52252805555557,35.389781944444444,1062
138.5226411111111,35.38956611111111,1066
138.5229911111111,35.38945694444445,1066
138.5234911111111,35.38937388888889,1072
138.52452805555555,35.38901611111111,1082
138.5251411111111,35.38874888888889,1083
138.52544111111112,35.388533055555556,1085
138.52534111111112,35.388331944444445,1092
138.52507805555555,35.38824888888889,1093
138.5241411111111,35.388241111111114,1091
138.52405305555556,35.38818194444445,1094
138.52400305555557,35.38802388888889,1095
138.52452805555555,35.38739888888889,1104
138.5244911111111,35.38727388888889,1107
138.52430305555555,35.38717388888889,1103
138.52425305555556,35.38699888888889,1103
138.52431611111112,35.386783055555554,1102
138.52450305555556,35.38668305555556,1106
138.52465305555555,35.386558055555554,1105
138.52470305555556,35.386158055555555,1107
138.5247411111111,35.385891111111114,1104
138.52487805555555,35.385598888888886,1110
138.52516805555555,35.385286111111114,1121
138.52516805555555,35.385286111111114,1121
138.52524111111111,35.38520805555556,1123
138.5253911111111,35.38495805555556,1123
138.52570305555557,35.38464111111111,1125
138.52570305555557,35.38450805555556,1123
138.52561305555557,35.384368055555555,1130
138.52561305555557,35.384368055555555,1130
138.5255911111111,35.38433305555556,1132
138.52532805555555,35.384258055555556,1126
138.52509111111112,35.38426611111111,1127
138.52475305555555,35.384375,1127
138.52440805555557,35.38442805555555,1135
138.52440805555557,35.38442694444444,1135
138.52431611111112,35.38444111111111,1137
138.52367805555556,35.384233055555555,1138
138.52360305555555,35.384125,1143
138.52360305555555,35.38359111111111,1148
138.52321694444444,35.38324388888889,1147
138.52321694444444,35.38324388888889,1147
138.52260388888888,35.382691111111114,1147
138.52229111111112,35.38265805555555,1147
138.52202888888888,35.38265805555555,1147
138.5218911111111,35.38280805555556,1144
138.52181611111112,35.383,1146
138.5217911111111,35.38325,1146
138.5216661111111,35.38336611111111,1149
138.52126611111112,35.383375,1157
138.5211561111111,35.38346305555555,1155
138.5211561111111,35.38346305555555,1154
138.5213838888889,35.38463194444444,1152
138.5213838888889,35.38463194444444,1152
138.52069722222222,35.38435194444445,1166
138.52069722222222,35.38435194444445,1166
138.52074027777778,35.38351222222222,1180
138.52074027777778,35.38351222222222,1180
138.52129805555555,35.3829525,1179
138.52129805555555,35.3829525,1179
138.5215127777778,35.3823925,1184
138.5215127777778,35.3823925,1184
138.5215127777778,35.381657777777775,1208
138.5215127777778,35.381657777777775,1208
138.5221136111111,35.38176277777778,1200
138.5221136111111,35.38176277777778,1200
138.52288611111112,35.38169277777778,1187
138.52288611111112,35.38169277777778,1187
138.52335805555555,35.38176277777778,1220
138.52335805555555,35.38176277777778,1220
138.52327222222223,35.3824275,1208
138.52327222222223,35.3824275,1208
138.52443083333333,35.3824975,1222
138.52443083333333,35.3824975,1222
138.52464555555557,35.38330222222222,1214
138.52464555555557,35.38330222222222,1214
138.52589,35.3827425,1238
138.52589,35.3827425,1238
138.52649083333333,35.38323222222222,1225
138.52649083333333,35.38323222222222,1225
138.52773527777777,35.38326722222222,1239
138.52773527777777,35.38326722222222,1239
138.52816444444446,35.383652222222224,1235
138.52816444444446,35.383652222222224,1235
138.53335722222224,35.381098055555555,1218
138.53335722222224,35.381098055555555,1218
138.5340011111111,35.380538055555554,1228
138.5340011111111,35.380538055555554,1228
138.53417277777777,35.38008333333333,1224
138.53417277777777,35.38008333333333,1224
138.53477361111112,35.37990833333333,1210
138.53477361111112,35.37990833333333,1210
138.53481638888888,35.378928611111114,1214
138.53481638888888,35.378928611111114,1214
138.53494527777778,35.37850861111111,1217
138.53494527777778,35.37850861111111,1217
138.5356747222222,35.37840361111111,1204
138.5356747222222,35.37840361111111,1204
138.53541722222224,35.37784388888889,1221
138.53541722222224,35.37784388888889,1221
138.5361038888889,35.377563888888886,1211
138.5361038888889,35.377563888888886,1211
138.53653305555557,35.37721388888889,1202
138.53653305555557,35.37721388888889,1202
138.5377775,35.37703888888889,1193
138.5377775,35.37703888888889,1193
138.53824972222222,35.376864166666664,1193
138.53824972222222,35.376864166666664,1193
138.53897916666668,35.376374166666665,1173
138.53897916666668,35.376374166666665,1173
138.5397947222222,35.376304166666664,1165
138.5397947222222,35.376304166666664,1165
138.5397947222222,35.375569444444444,1158
138.5397947222222,35.375569444444444,1158
138.5376488888889,35.37486944444444,1154
138.5376488888889,35.37486944444444,1154
138.5355461111111,35.37462444444444,1146
138.5355461111111,35.37462444444444,1146
138.53537444444444,35.37430972222222,1165
138.53537444444444,35.37430972222222,1165
138.53687638888889,35.374449722222224,1130
138.53687638888889,35.374449722222224,1130
138.54013805555556,35.37472944444445,1085
138.54013805555556,35.37472944444445,1085
138.54155416666666,35.37553444444445,1086
138.54155416666666,35.37553444444445,1086
138.54301333333333,35.37521944444445,1068
138.54301333333333,35.37521944444445,1068
138.5455025,35.37504444444444,1055
138.5455025,35.37504444444444,1055
138.54648944444443,35.37406472222222,1031
138.54648944444443,35.37406472222222,1031
138.54623194444446,35.37319,1017
138.54623194444446,35.37319,1017
138.54687555555554,35.37214,993
138.54687555555554,35.37214,993
138.5451161111111,35.37336472222222,986
138.5451161111111,35.37336472222222,986
138.5437,35.37399472222222,975
138.5437,35.37399472222222,975
138.54254111111112,35.373784722222226,963
138.54254111111112,35.373784722222226,963
138.5417686111111,35.374204722222224,970
138.5417686111111,35.374204722222224,970
138.5413825,35.37357472222222,963
138.5413825,35.37357472222222,963
138.53936555555555,35.372595,949
138.53936555555555,35.372595,949
138.5413825,35.37175527777778,904
138.5413825,35.37175527777778,904
138.54146833333334,35.370600277777775,903
138.54146833333334,35.370600277777775,903
138.54245527777778,35.369550555555556,875
138.54245527777778,35.369550555555556,875
138.54254111111112,35.36878055555555,882
138.54254111111112,35.36878055555555,882
138.541125,35.36927055555556,872
138.541125,35.36927055555556,872
138.54030972222222,35.36888555555556,857
138.54030972222222,35.36888555555556,857
138.54013805555556,35.36801083333334,866
138.54013805555556,35.36801083333334,866
138.541125,35.36804583333333,835
138.541125,35.36804583333333,835
138.54164,35.367555833333334,839
138.54164,35.367555833333334,839
138.541125,35.36703083333333,828
138.541125,35.36703083333333,828
138.5408675,35.36654083333333,831
138.5408675,35.36654083333333,831
138.54185444444445,35.367135833333336,814
138.54185444444445,35.367135833333336,814
138.54279861111112,35.36783583333333,798
138.54279861111112,35.36783583333333,798
138.5439575,35.36857055555556,779
138.5439575,35.36857055555556,779
138.54412916666666,35.369480555555555,780
138.54412916666666,35.369480555555555,780
138.54481583333333,35.36815083333333,765
138.54481583333333,35.36815083333333,765
138.5469613888889,35.36825555555556,743
138.5469613888889,35.36825555555556,743
138.5494936111111,35.368290555555554,729
138.5494936111111,35.368290555555554,729
138.5515963888889,35.371335277777774,722
138.5515963888889,35.371335277777774,722
138.5539138888889,35.372245,723
138.5539138888889,35.372245,723
138.55657444444444,35.372035,717
138.55657444444444,35.372035,717
138.55837694444443,35.372315,714
138.55837694444443,35.372315,714
138.56052277777778,35.37070527777778,715
138.56052277777778,35.37070527777778,715
138.56078027777778,35.36983055555555,711
138.56078027777778,35.36983055555555,711
138.56408472222222,35.369480555555555,705
138.56416305555555,35.369433055555554,705
138.5655238888889,35.37092611111111,713
138.56568611111112,35.37110111111111,712
138.56579888888888,35.371268055555554,714
138.5658611111111,35.37141694444445,715
138.5659361111111,35.371676111111114,714
138.5659738888889,35.37178388888889,715
138.5660738888889,35.37190888888889,716
138.5662988888889,35.372033888888886,720
138.5668611111111,35.372216944444446,722
138.5676488888889,35.37242611111111,726
138.5680111111111,35.37254305555555,728
138.56817388888888,35.372683888888886,731
138.5683238888889,35.37300888888889,733
138.56849888888888,35.373641944444444,736
138.5688861111111,35.37501694444445,743
138.56908611111112,35.37550111111111,745
138.5692238888889,35.37570888888889,745
138.5697988888889,35.37613388888889,753
138.5698361111111,35.37616694444444,753
138.56984888888888,35.37620888888889,753
138.5699111111111,35.376275,755
138.5701861111111,35.37654194444445,760
138.57024805555557,35.37675888888889,762
138.57008611111112,35.37733388888889,764
138.56964805555555,35.37891694444444,777
138.56959805555556,35.37925805555555,779
138.56963611111112,35.3798,783
138.5697361111111,35.38025805555556,785
138.5698111111111,35.3806,788
138.56994805555556,35.38089111111111,790
138.57052305555555,35.381858055555554,791
138.57227305555554,35.38480805555555,803
138.5724111111111,35.38492388888889,804
138.57216111111111,35.38603194444445,807
138.57189805555555,35.38734111111111,814
138.5718861111111,35.387748888888886,815
138.57189805555555,35.38800694444444,817
138.5720611111111,35.38849888888889,817
138.5723111111111,35.38876611111111,819
138.57277305555556,35.38914111111111,823
138.57379805555556,35.39002388888889,828
138.575135,35.391148888888885,833
138.57561,35.391531944444445,836
138.57652194444444,35.392565,840
138.57684805555556,35.393115,842
138.57709805555555,35.393681944444445,841
138.57751,35.39447305555556,843
138.57776,35.394931944444444,845
138.57814694444446,35.39568194444445,847
138.5797088888889,35.39754,848
138.5801338888889,35.39805611111111,849
138.58032194444445,35.39835611111111,849
138.58039694444443,35.39850611111111,848
138.58062194444443,35.39897305555556,848
138.5808088888889,35.399456111111114,850
138.5812588888889,35.400348055555554,851
138.58174694444443,35.401673055555555,852
138.5821838888889,35.402923055555554,859
138.58224694444445,35.40311388888889,860
138.58233388888888,35.40326388888889,861
138.58267111111113,35.403598055555555,861
138.58324611111112,35.404071944444446,863
138.5836711111111,35.40434694444444,865
138.58392111111112,35.40454694444445,869
138.5840088888889,35.40465611111111,870
138.58415888888888,35.404871944444444,871
138.5843088888889,35.40510611111111,872
138.58449611111112,35.40547194444444,875
138.5848211111111,35.40814694444445,881
138.5849211111111,35.40858,883
138.5850338888889,35.40886305555556,884
138.5850961111111,35.40903,885
138.5852711111111,35.409305,886
138.58587111111112,35.409863055555554,888
138.58629611111112,35.410221944444444,889
138.5890711111111,35.412605,894
138.5892211111111,35.41278,895
138.58945194444445,35.41306111111111,895
138.58945194444445,35.41306111111111,895
138.58950805555557,35.41313,896
138.5896711111111,35.41352111111111,896
138.58995805555554,35.414363055555555,894
138.59008305555557,35.41475388888889,895
138.59045805555556,35.41597111111111,903
138.59047,35.41602888888889,903
138.59070805555555,35.41692111111111,903
138.59102,35.41842111111111,912
138.59142,35.41991194444444,917
138.59183194444444,35.42185388888889,920
138.59233194444445,35.42285305555556,922
138.592695,35.423811944444445,928
138.59277,35.424245,928
138.59272,35.424461944444445,927
138.59255694444445,35.42472,928
138.592245,35.42507805555555,932
138.59167,35.425736111111114,941
138.59057,35.42692805555556,953
138.59053194444445,35.42696111111111,953
138.59033194444444,35.42721111111111,953
138.59023305555556,35.42751888888889,953
138.59025805555555,35.42793611111111,960
138.590345,35.42829388888889,961
138.59050805555555,35.42861888888889,962
138.59080694444444,35.42901888888889,962
138.59102,35.429186111111115,962
138.59128305555555,35.429318888888886,964
138.59155694444445,35.42943611111111,966
138.59192,35.42949388888889,967
138.59265694444446,35.42959388888889,970
138.59312,35.429611111111114,972
138.59347,35.42966888888889,972
138.59385694444444,35.42983611111111,972
138.59437,35.43011111111111,973
138.59452,35.43026111111111,974
138.59504388888888,35.43082694444445,977
138.5952438888889,35.43111888888889,979
138.5956688888889,35.43154388888889,978
138.59708194444445,35.43281888888889,979
138.5973938888889,35.43319388888889,977
138.59764388888888,35.43256888888889,978
138.59770694444444,35.43241111111111,979
138.59785694444443,35.43228611111111,979
138.59930694444444,35.43161888888889,982
138.5996188888889,35.43145305555556,984
138.60014388888888,35.43099388888889,985
138.60028194444445,35.430818888888886,984
138.60035694444446,35.430593888888886,980
138.60035694444446,35.43041888888889,979
138.60030694444444,35.43026111111111,979
138.60024388888888,35.430168888888886,979
138.60036888888888,35.43011888888889,979
138.60068194444443,35.430103055555556,979
138.60113194444443,35.429943888888886,982
138.60150611111112,35.42999388888889,983
138.60183111111112,35.429943888888886,984
138.6024561111111,35.429943888888886,987
138.60329388888889,35.429945,990
138.60409388888888,35.43011111111111,996
138.60456888888888,35.43020305555556,998
138.6047188888889,35.43020305555556,998
138.60513111111112,35.43007,998
138.60546888888888,35.430103055555556,998
138.6058811111111,35.43015305555556,1000
138.6064438888889,35.43017,1001
138.6070938888889,35.43006111111111,1002
138.6074561111111,35.42992,1001
138.60811805555556,35.42935305555555,1002
138.60951805555555,35.429186111111115,1003
138.61044305555555,35.42907805555556,1008
138.61109305555556,35.42841194444444,1011
138.6113311111111,35.428153055555555,1012
138.61159305555555,35.427911944444446,1013
138.6118561111111,35.42773694444445,1013
138.61199305555556,35.427686944444446,1013
138.61211805555556,35.42767805555555,1014
138.61251805555557,35.426636944444446,1014
138.61259305555555,35.42612,1015
138.61264305555557,35.42590388888889,1016
138.61286805555557,35.42582888888889,1017
138.6138061111111,35.425336944444446,1021
138.6142988888889,35.425108055555555,1023
138.6142988888889,35.425108055555555,1023
138.6145061111111,35.42501194444444,1023
138.6149311111111,35.424796111111114,1024
138.61504305555556,35.42467888888889,1025
138.61534305555554,35.42444611111111,1026
138.61555611111112,35.42428694444445,1026
138.616755,35.42384611111111,1029
138.61716805555557,35.42373694444444,1031
138.617955,35.42357888888889,1033
138.618155,35.42354611111111,1034
138.618505,35.42348694444444,1035
138.61946805555556,35.42324611111111,1040
138.61988,35.42303694444445,1042
138.62023,35.42282111111111,1045
138.62113,35.42209611111111,1053
138.62128,35.42193694444445,1053
138.62154305555555,35.421596111111114,1056
138.62173,35.421438055555555,1057
138.62188,35.42127888888889,1057
138.624105,35.42014611111111,1050
138.62443,35.420003888888886,1053
138.62441805555557,35.42060388888889,1053
138.62443,35.42082888888889,1055
138.62448,35.42162888888889,1065
138.62448,35.42197111111111,1068
138.62448,35.422038055555554,1068
138.62431694444444,35.423386944444445,1064
138.62431694444444,35.423746111111114,1059
138.62439194444445,35.424146111111114,1059
138.62459194444443,35.42452111111111,1059
138.62473,35.42471194444445,1059
138.62488,35.424863055555555,1059
138.62559194444444,35.425246111111115,1058
138.62634194444445,35.42567888888889,1054
138.6264361111111,35.42574194444445,1054
138.6264361111111,35.42574194444445,1054
138.62669194444445,35.425911944444444,1053
138.62954194444444,35.427886944444445,1056
138.6296788888889,35.42836194444445,1058
138.6298038888889,35.42855388888889,1060
138.6300038888889,35.428736944444445,1062
138.63015388888888,35.42882888888889,1063
138.63037888888888,35.42888694444444,1064
138.6319661111111,35.429161944444445,1071
138.6331538888889,35.42934611111111,1076
138.63335388888888,35.42939611111111,1077
138.6333911111111,35.42945388888889,1077
138.63460388888888,35.43097888888889,1089
138.6354538888889,35.43205388888889,1097
138.6358161111111,35.432495,1101
138.63616611111112,35.432895,1104
138.6363411111111,35.433103055555556,1106
138.63661611111112,35.43338694444444,1108
138.6367161111111,35.43348694444445,1109
138.6369411111111,35.433728055555555,1111
138.63709111111112,35.43387,1112
138.63720305555555,35.43398694444444,1113
138.6372661111111,35.434045,1114
138.63822805555554,35.435045,1119
138.63872805555556,35.43553694444444,1119
138.63900305555555,35.435811111111114,1119
138.63924111111112,35.436095,1119
138.6396411111111,35.43677805555556,1117
138.6397411111111,35.436953055555556,1116
138.63977805555555,35.437128055555554,1115
138.63972805555557,35.437295,1116
138.63957805555555,35.437495,1118
138.63940305555556,35.43762805555556,1117
138.6391911111111,35.437753055555554,1116
138.6388411111111,35.43792805555555,1118
138.63846611111111,35.43803611111111,1119
138.6383911111111,35.43806111111111,1118
138.6381411111111,35.43806111111111,1118
138.6377911111111,35.43811111111111,1119
138.63735305555556,35.43831111111111,1125
138.63692805555556,35.438653055555555,1126
138.63652805555554,35.43896111111111,1124
138.63616611111112,35.439436111111114,1125
138.63606611111112,35.439595,1122
138.6359161111111,35.44001111111111,1126
138.63587805555557,35.440245,1124
138.63588555555555,35.4403125,1124
138.63588555555555,35.4403125,1124
138.63590305555556,35.44047,1125
138.63602805555556,35.44092,1121
138.6361161111111,35.441095,1122
138.6363411111111,35.44132805555556,1123
138.6365661111111,35.44147805555556,1121
138.63680305555556,35.441603055555554,1120
138.63705305555555,35.44171111111111,1117
138.63744111111112,35.441828055555554,1117
138.6378161111111,35.44192805555556,1117
138.63822805555554,35.44198611111111,1118
138.6389661111111,35.44215305555556,1118
138.63921611111112,35.44224388888889,1118
138.63955305555555,35.44241111111111,1116
138.64014,35.442793888888886,1110
138.64030305555556,35.44294388888889,1109
138.64032805555556,35.44304388888889,1109
138.640465,35.44329388888889,1108
138.64069,35.44390194444444,1113
138.64075305555556,35.44411111111111,1113
138.64077805555556,35.444426944444444,1110
138.64064,35.44480194444444,1108
138.64059,35.445253055555554,1108
138.64054,35.44580194444445,1108
138.64052805555556,35.44602694444445,1108
138.640615,35.446311111111115,1109
138.64124,35.44731111111111,1114
138.64179,35.448301944444445,1114
138.64190305555556,35.44864388888889,1114
138.64195305555555,35.448951944444445,1114
138.64204,35.44936111111111,1114
138.64210305555557,35.44951888888889,1114
138.64280305555556,35.45014388888889,1117
138.64307805555555,35.45034388888889,1115
138.64322805555557,35.450451944444445,1114
138.643415,35.45054388888889,1115
138.64389,35.45072694444445,1114
138.64422694444445,35.45080194444444,1113
138.64495305555556,35.450901944444446,1113
138.64502694444445,35.45092694444445,1114
138.645365,35.451135,1114
138.64605194444445,35.45171888888889,1110
138.64734,35.45242694444445,1104
138.64792694444444,35.45274305555556,1101
138.64870305555556,35.453201944444444,1098
138.649065,35.45351,1097
138.64960305555556,35.45406,1095
138.64972805555556,35.45421805555556,1094
138.65024,35.45489305555556,1094
138.65072805555556,35.45560111111111,1089
138.65085305555556,35.45590111111111,1087
138.65099,35.45620888888889,1087
138.651065,35.456583888888886,1088
138.65115194444445,35.45725111111111,1088
138.65127694444445,35.45746694444444,1087
138.651665,35.45775111111111,1088
138.65212805555555,35.45795888888889,1088
138.652465,35.458083888888886,1088
138.652965,35.45820111111111,1088
138.65315305555555,35.45835888888889,1088
138.65335305555556,35.458691944444446,1088
138.653515,35.45896694444444,1089
138.65365194444445,35.459066944444444,1090
138.654065,35.459266944444444,1092
138.65449,35.45960888888889,1090
138.65494,35.460125,1086
138.65515194444444,35.46024194444445,1086
138.65602694444445,35.46055,1087
138.656515,35.460766944444444,1087
138.65737694444445,35.46135805555556,1087
138.657765,35.46151611111111,1087
138.658165,35.4616,1082
138.65839,35.46169111111111,1079
138.65860194444446,35.46183305555556,1078
138.65927694444446,35.46216611111111,1076
138.65954,35.46227388888889,1074
138.65964,35.46239888888889,1073
138.65970194444444,35.46270805555555,1072
138.659865,35.46304111111111,1070
138.66032694444445,35.46398305555556,1068
138.66044,35.46418194444445,1068
138.660515,35.46422388888889,1069
138.66062694444443,35.46426611111111,1069
138.661515,35.46471611111111,1071
138.66224,35.46507388888889,1069
138.662365,35.46514888888889,1069
138.66240194444444,35.46532388888889,1069
138.66247694444445,35.46557388888889,1069
138.66255194444443,35.46567388888889,1069
138.66264,35.46572388888889,1069
138.66309,35.46593194444444,1069
138.66345194444443,35.46633194444444,1066
138.66389,35.46670694444445,1064
138.664465,35.46709,1063
138.66489,35.46734,1061
138.66514,35.46744805555556,1060
138.665915,35.467665,1058
138.666115,35.467765,1058
138.66634,35.467956111111114,1057
138.66705194444444,35.468765,1052
138.66729,35.46898111111111,1050
138.66742694444446,35.46911388888889,1048
138.667615,35.46919805555556,1048
138.667765,35.46922305555555,1048
138.66809,35.469298055555555,1047
138.66832694444443,35.469363888888886,1046
138.6686138888889,35.46948888888889,1044
138.66897694444444,35.469723055555555,1043
138.6690638888889,35.46976611111111,1043
138.6690638888889,35.46976611111111,1043
138.67202694444444,35.471221944444444,1037
138.67305194444444,35.47173111111111,1032
138.67346388888888,35.47203,1032
138.67397694444443,35.47253888888889,1029
138.67415194444445,35.47257194444445,1028
138.67503888888888,35.47258,1029
138.67535194444446,35.47264694444444,1029
138.67560194444445,35.47286388888889,1026
138.6761138888889,35.47331305555556,1024
138.67753888888888,35.474563055555556,1020
138.67776388888888,35.474763055555556,1020
138.67933888888888,35.47573,1013
138.6798761111111,35.47614611111111,1008
138.68011388888888,35.47637111111111,1006
138.6802138888889,35.47651305555556,1007
138.6802638888889,35.47662888888889,1006
138.6806261111111,35.47739611111111,998
138.6806388888889,35.477446111111114,997
138.6806261111111,35.47757111111111,996
138.68023888888888,35.47755388888889,997
138.6797261111111,35.47757111111111,1001
138.67807611111112,35.47769611111111,1003
138.67777611111111,35.47781305555556,1005
138.67755111111111,35.47792111111111,1006
138.67627611111112,35.478521111111114,1003
138.6760011111111,35.47857888888889,1001
138.67591388888889,35.47859611111111,1003
138.6758011111111,35.47862111111111,1006
138.67547611111112,35.47862111111111,1008
138.67436388888888,35.47840388888889,1013
138.6719711111111,35.47793611111111,1018
138.6719711111111,35.47793611111111,1018
138.6719388888889,35.47793,1018
138.67127694444446,35.47792111111111,1017
138.6696388888889,35.47799611111111,1016
138.66770194444445,35.47803,1010
138.66698888888888,35.47798805555556,1011
138.66555194444445,35.477913055555554,1006
138.66487694444444,35.47788888888889,1005
138.6646388888889,35.47788888888889,1004
138.66440194444445,35.47786388888889,1003
138.66292694444445,35.47731388888889,1006
138.66252694444444,35.47720611111111,1006
138.66221388888889,35.47720611111111,1006
138.66195194444444,35.477271944444446,1005
138.6617388888889,35.477381111111114,1002
138.6614888888889,35.477581111111114,999
138.6612638888889,35.47788111111111,998
138.66098888888888,35.47844694444444,994
138.66075194444446,35.478721944444445,992
138.66042694444445,35.47891388888889,991
138.66022694444445,35.478988888888885,992
138.65990194444444,35.47904694444444,992
138.65973888888888,35.47909694444444,992
138.65917694444445,35.47944694444445,990
138.65425194444444,35.482055,978
138.65265194444444,35.482971944444444,968
138.649715,35.48486305555556,963
138.648915,35.485371944444445,964
138.64682805555555,35.486705,963
138.64500305555555,35.48789611111111,963
138.64469,35.488013055555555,963
138.64430305555555,35.48806305555556,964
138.64414,35.48807111111111,964
138.64377805555554,35.48806305555556,964
138.64342805555555,35.488013055555555,964
138.643265,35.487963055555554,964
138.6426911111111,35.487746111111115,964
138.64152805555557,35.48723,965
138.6404161111111,35.486763055555556,966
138.63870305555557,35.486046944444446,965
138.63854111111112,35.486005,965
138.63822805555554,35.48598805555555,965
138.6356411111111,35.486405,960
138.63542805555556,35.486421944444444,959
138.6353411111111,35.48638805555556,959
138.6347911111111,35.48617194444444,959
138.63355388888888,35.48564694444445,958
138.63310388888888,35.485613055555554,956
138.63277888888888,35.48568,954
138.63131611111112,35.48629694444445,952
138.62776694444443,35.48771305555555,957
138.62674194444443,35.488171111111114,953
138.6263788888889,35.48834611111111,949
138.62511694444444,35.489038055555554,940
138.6247038888889,35.48925388888889,935
138.62436694444443,35.489378888888886,932
138.62394194444445,35.48942111111111,926
138.62356694444443,35.48937111111111,923
138.62326694444445,35.48929611111111,919
138.62284194444445,35.489111944444446,918
138.62198,35.488596111111114,922
138.62188,35.48855388888889,922
138.62138,35.48835388888889,923
138.62069305555556,35.48805388888889,909
138.62033,35.48783805555556,909
138.62009305555554,35.48760388888889,909
138.61994305555555,35.48740388888889,910
138.61974305555555,35.487003888888886,914
138.61968,35.48686305555555,914
138.619505,35.48638805555556,914
138.61923,35.48544611111111,914
138.61899305555556,35.48552111111111,913
138.6177311111111,35.48598,912
138.6154688888889,35.48638,915
138.61521888888888,35.48649611111111,914
138.6151188888889,35.486671111111114,916
138.6151188888889,35.48683805555556,916
138.6152688888889,35.48725388888889,914
138.6153438888889,35.48783805555556,915
138.61530611111112,35.48812111111111,914
138.61523111111111,35.48828694444445,916
138.6150438888889,35.48847111111111,916
138.61475611111112,35.48856305555555,916
138.6142311111111,35.48862888888889,923
138.6126688888889,35.48877111111111,920
138.6117438888889,35.48905388888889,920
138.61143194444443,35.48917888888889,912
138.61130694444444,35.48925388888889,914
138.6112938888889,35.48929611111111,914
138.6112938888889,35.48941194444444,915
138.61138194444445,35.489561944444446,913
138.61185694444444,35.48983694444444,916
138.61216833333333,35.49012194444445,915
138.61216833333333,35.49012194444445,915
138.61205694444445,35.49002,915
138.61226888888888,35.49037888888889,916
138.61233194444443,35.490695,915
138.61225694444445,35.49097,915
138.61218194444444,35.491128055555556,913
138.6119438888889,35.49136194444444,915
138.61140694444444,35.49160305555556,914
138.61083194444444,35.491845,912
138.61073194444444,35.49197,914
138.61069388888887,35.492111111111114,913
138.6107188888889,35.492245,912
138.6110438888889,35.492961111111114,914
138.61134388888888,35.49354388888889,914
138.61155694444443,35.49406111111111,913
138.61160694444445,35.49453611111111,911
138.6115438888889,35.49476888888889,911
138.61140694444444,35.49502694444445,911
138.61114388888888,35.49538611111111,915
138.61076888888888,35.49591111111111,919
138.61055694444445,35.49624388888889,919
138.61038194444444,35.49659388888889,919
138.61032,35.49686888888889,923
138.61032,35.49715194444445,925
138.61040694444443,35.49746888888889,926
138.61045694444445,35.497685,931
138.610545,35.49800194444445,949
138.61118194444444,35.49956805555556,947
138.6118938888889,35.500993055555554,946
138.61233194444443,35.501893055555556,945
138.61298194444444,35.503233888888886,943
138.6147938888889,35.50675888888889,940
138.61480694444444,35.506775,940
138.61490694444444,35.50698388888889,929
138.61493194444444,35.507025,922
138.6151461111111,35.507558055555556,909
138.6151461111111,35.507558055555556,909
138.61529388888889,35.507925,901
138.6153438888889,35.50801694444444,903
138.61540694444443,35.50805,903
138.6155188888889,35.50810888888889,908
138.61635694444445,35.50815,915
138.6165938888889,35.50818388888889,911
138.61670694444445,35.50825888888889,906
138.61678194444445,35.50835,903
138.61679388888888,35.508425,903
138.61679388888888,35.50848388888889,901
138.61670694444445,35.50855,901
138.6165188888889,35.50868388888889,891
138.61620694444446,35.508916944444444,882
138.61609388888888,35.509075,882
138.6160688888889,35.5092,882
138.61611888888888,35.50935,878
138.61643194444446,35.510025,873
138.61656888888888,35.51043305555555,875
138.61660694444444,35.5106,875
138.6165938888889,35.510891944444445,878
138.61654388888888,35.51103305555556,876
138.6162438888889,35.51171611111111,876
138.61611888888888,35.51230805555556,875
138.61613194444445,35.51241611111111,873
138.61623194444445,35.51266611111111,873
138.61643194444446,35.51286611111111,872
138.6166188888889,35.513,868
138.6168188888889,35.513108055555556,866
138.61710694444446,35.51319111111111,865
138.61733194444443,35.5132,866
138.6176188888889,35.51315805555556,865
138.61795694444444,35.513075,866
138.61823194444443,35.51298305555556,866
138.61838194444445,35.51296611111111,866
138.61863194444445,35.512975,866
138.6191938888889,35.51306611111111,856
138.61958194444443,35.51316611111111,847
138.61973194444445,35.513225,843
138.61984388888888,35.5133,843
138.61993194444443,35.5134,842
138.61993194444443,35.51351611111111,841
138.61988194444444,35.513625,837
138.6197688888889,35.513725,835
138.61953194444445,35.51379111111111,834
138.61898194444444,35.51395,822
138.61873194444445,35.51410805555555,822
138.6185188888889,35.51430805555555,814
138.61820694444444,35.51459111111111,814
138.61775694444444,35.51490805555556,813
138.6176438888889,35.515058055555556,815
138.6176438888889,35.51519111111111,820
138.61778194444443,35.515391111111114,827
138.6182188888889,35.51569888888889,822
138.6183438888889,35.51580805555555,823
138.6184188888889,35.51598305555556,823
138.61853194444444,35.51634111111111,824
138.61858194444446,35.51643305555555,826
138.6187438888889,35.51658305555556,824
138.61883194444445,35.51674888888889,824
138.61883194444445,35.51719888888889,822
138.61888194444444,35.51736611111111,822
138.61890694444443,35.517408055555556,823
138.6189688888889,35.517448888888886,821
138.61935694444443,35.51762388888889,815
138.61948194444443,35.51769888888889,812
138.61953111111112,35.51777388888889,812
138.6195811111111,35.517873888888886,813
138.6195811111111,35.51805805555556,812
138.61953111111112,35.518206944444444,812
138.6194438888889,35.51833194444445,809
138.6193311111111,35.518391111111114,805
138.6190938888889,35.518481944444446,803
138.6187438888889,35.518591111111114,797
138.61858194444446,35.518723888888886,794
138.61853194444444,35.51880805555555,794
138.61846888888888,35.51891611111111,794
138.6184188888889,35.51914111111111,793
138.6183188888889,35.51972388888889,792
138.61830694444444,35.52009888888889,791
138.61833194444444,35.52019888888889,791
138.61839388888887,35.52029111111111,792
138.61848194444445,35.520381944444445,792
138.61861888888888,35.52047388888889,792
138.61918111111112,35.52072388888889,789
138.61951888888888,35.52098194444444,783
138.6196688888889,35.52109111111111,784
138.6198811111111,35.521166111111114,782
138.6202311111111,35.521231944444445,773
138.6205561111111,35.52122388888889,773
138.6208061111111,35.52119888888889,775
138.6214811111111,35.52099111111111,776
138.62188111111112,35.52089888888889,774
138.6219311111111,35.52089111111111,773
138.6221938888889,35.52088194444445,766
138.6223811111111,35.52081611111111,763
138.62254388888888,35.52075694444444,766
138.6227311111111,35.52075694444444,767
138.62301888888888,35.520873888888886,758
138.6231061111111,35.52099888888889,756
138.62311805555555,35.52109111111111,755
138.62306805555556,35.521281944444446,752
138.6229561111111,35.521631944444444,754
138.62296805555556,35.52183194444444,755
138.62313111111112,35.52200694444444,762
138.6232811111111,35.52211611111111,762
138.6235061111111,35.52220694444444,765
138.6239811111111,35.522373888888886,758
138.62425611111112,35.522573888888886,754
138.6244311111111,35.52271611111111,751
138.6245811111111,35.52290694444444,744
138.6246561111111,35.52304111111111,741
138.6246811111111,35.52325694444445,734
138.62466805555556,35.523381944444445,732
138.62456805555556,35.523465,728
138.62436805555555,35.52354888888889,725
138.6241061111111,35.523565,714
138.6238811111111,35.52354888888889,714
138.62316805555557,35.523423888888885,714
138.6224311111111,35.52329888888889,705
138.62188111111112,35.52329888888889,703
138.62098111111112,35.523356944444444,703
138.6202688888889,35.52343194444445,699
138.61951888888888,35.52357388888889,694
138.61906888888888,35.523631944444446,683
138.6187561111111,35.523631944444446,681
138.61859388888888,35.52369888888889,682
138.6184561111111,35.523806944444445,683
138.6184061111111,35.52388194444445,680
138.61836888888888,35.524048055555554,682
138.61838111111112,35.52414,682
138.6184188888889,35.524265,682
138.6187688888889,35.52474,682
138.6188561111111,35.524856944444444,684
138.6188938888889,35.52500694444444,684
138.6188938888889,35.52523194444444,685
138.61881888888888,35.52545694444444,684
138.61859388888888,35.52584,682
138.6185438888889,35.52594805555555,681
138.6185438888889,35.526065,681
138.6185811111111,35.526206944444446,682
138.61870611111112,35.52634,681
138.6189061111111,35.52643111111111,684
138.61936888888889,35.526473055555556,682
138.6195438888889,35.526465,682
138.61995611111112,35.526423055555554,685
138.62076805555554,35.52628194444444,683
138.62114305555556,35.526248055555556,675
138.62188111111112,35.52630694444444,667
138.62219305555556,35.526406944444446,664
138.6226061111111,35.52654805555556,655
138.62280611111112,35.52664,654
138.62300611111112,35.52674,647
138.62336805555555,35.52704,644
138.62416805555554,35.52774,637
138.62468,35.52820611111111,628
138.624755,35.528306111111114,627
138.62481805555555,35.52845611111111,623
138.62484305555554,35.52864805555556,624
138.62481805555555,35.52884,626
138.62474305555557,35.52898111111111,624
138.624555,35.529115,624
138.62433,35.52920611111111,622
138.623955,35.52934805555556,626
138.62329305555556,35.52957305555555,623
138.62313111111112,35.529698055555556,624
138.62311805555555,35.529865,624
138.62321805555555,35.53010611111111,621
138.62325611111112,35.53044805555555,618
138.62321805555555,35.53075611111111,610
138.62313111111112,35.530973055555556,613
138.62303111111112,35.531106111111114,612
138.62281805555557,35.53118888888889,605
138.6226061111111,35.53121388888889,596
138.62235611111112,35.53122305555556,583
138.62209305555555,35.53118111111111,567
138.62188111111112,35.53111388888889,560
138.62161805555556,35.53098111111111,559
138.6214061111111,35.53082305555556,559
138.6212561111111,35.530698055555554,562
138.6211561111111,35.53062305555556,564
138.6207811111111,35.53023888888889,564
138.62059305555556,35.53011388888889,565
138.62031805555554,35.52995611111111,563
138.6201561111111,35.52990611111111,564
138.61991805555556,35.52986388888889,562
138.6194811111111,35.52983111111111,553
138.61946805555556,35.52983111111111,553
138.6191311111111,35.529873055555555,552
138.6188688888889,35.529938888888886,553
138.6175188888889,35.53053111111111,543
138.6170561111111,35.53068888888889,545
138.6165061111111,35.53078111111111,538
138.6161438888889,35.53078111111111,537
138.61589388888888,35.53076388888889,535
138.6155688888889,35.53070611111111,536
138.6154688888889,35.530681111111114,536
138.6147061111111,35.53040611111111,531
138.6142688888889,35.53037194444445,529
138.61255694444444,35.53043888888889,527
138.61205694444445,35.53046388888889,527
138.6112938888889,35.53050611111111,525
138.61108194444444,35.53050611111111,524
138.6100688888889,35.53047194444444,522
138.6094938888889,35.53047194444444,521
138.60928194444443,35.53050611111111,521
138.60903194444444,35.53053888888889,521
138.60872,35.53062194444445,522
138.60835694444444,35.530788888888885,519
138.607945,35.53105611111111,518
138.60763194444445,35.53136388888889,517
138.60697,35.53213888888889,517
138.60670694444445,35.53238888888889,516
138.60647,35.53258888888889,516
138.605945,35.53298,514
138.60572,35.53313888888889,517
138.605395,35.533271944444444,517
138.60457,35.533413055555556,508
138.604295,35.53342194444444,513
138.60403194444444,35.533388055555555,513
138.60295805555555,35.53318,506
138.60262,35.53317194444445,505
138.60245694444444,35.53326305555556,505
138.602295,35.53343805555556,503
138.60218194444445,35.53376305555555,503
138.60205805555555,35.533971944444446,504
138.60185805555557,35.53413805555556,507
138.60153194444445,35.53427194444444,507
138.601145,35.53432194444444,506
138.600595,35.53433,505
138.600245,35.534421944444446,506
138.599855,35.53462888888889,503
138.5998538888889,35.53462888888889,503
138.59920805555555,35.53497111111111,498
138.599045,35.535063055555554,499
138.59870805555556,35.53517111111111,499
138.59837,35.535205,498
138.59775805555554,35.53523,499
138.597345,35.53521305555556,493
138.59717,35.53522111111111,493
138.59698305555557,35.535246111111114,497
138.59683305555555,35.535288055555554,496
138.5944961111111,35.536228888888886,505
138.59410805555555,35.536413055555556,511
138.5939461111111,35.536546111111114,511
138.59385805555556,35.53666305555556,511
138.59377111111112,35.53695388888889,512
138.59378305555555,35.53719611111111,515
138.59380805555554,35.53729611111111,515
138.59395805555556,35.53777888888889,513
138.59400805555555,35.53803805555555,514
138.59402,35.53829611111111,512
138.593945,35.53900388888889,504
138.593995,35.53920388888889,503
138.59405805555556,35.539321111111114,504
138.59438305555557,35.53967111111111,513
138.59448305555554,35.53977111111111,516
138.59467,35.54015388888889,523
138.59470805555554,35.54036305555555,522
138.59473305555557,35.54048805555556,522
138.59473305555557,35.54067888888889,524
138.59472,35.540886944444445,526
138.594495,35.54188694444444,542
138.59440694444444,35.54225388888889,549
138.59440694444444,35.54227111111111,549
138.593945,35.544136944444446,552
138.593495,35.54592,556
138.59252,35.54980305555556,563
138.59240805555555,35.55025305555556,564
138.591745,35.552886111111114,569
138.59097,35.55567694444444,574
138.5907688888889,35.55632694444444,575
138.59065694444445,35.55667694444445,538
138.5905688888889,35.55696888888889,531
138.5904688888889,35.557251944444445,520
138.59035694444444,35.557485,514
138.59019388888888,35.55771,512
138.59006888888888,35.55786888888889,512
138.59003194444443,35.55796888888889,513
138.59003194444443,35.55815194444445,514
138.59004388888889,35.558235,513
138.59013194444444,35.558535,514
138.59015694444443,35.55869388888889,513
138.59015694444443,35.558776944444446,513
138.59008194444445,35.559151944444444,511
138.59003194444443,35.55931,513
138.58994388888888,35.55952694444444,512
138.58973194444445,35.55999305555556,511
138.58974388888888,35.56021,504
138.5897938888889,35.560293055555555,503
138.58985694444445,35.56036,501
138.59003194444443,35.56050194444445,502
138.59064388888888,35.560685,498
138.5912438888889,35.56081805555556,508
138.59231888888888,35.561085,510
138.59303194444445,35.56125194444444,493
138.5932061111111,35.56131,492
138.5933061111111,35.56136,477
138.5934938888889,35.56154305555555,465
138.5935561111111,35.561685,468
138.59356888888888,35.561776944444446,468
138.59356888888888,35.56186,471
138.5935438888889,35.56196,474
138.5932811111111,35.56249305555556,472
138.59324388888888,35.562635,472
138.59325611111112,35.562868055555555,471
138.5933061111111,35.562985,470
138.59335611111112,35.56307611111111,471
138.5934938888889,35.56321805555555,471
138.59358111111112,35.563293055555555,470
138.5937438888889,35.56337611111111,468
138.5939438888889,35.56346805555555,463
138.59414388888888,35.56356,463
138.5942311111111,35.56361805555556,464
138.5942938888889,35.56366805555555,459
138.59435611111113,35.56375111111111,458
138.5944061111111,35.56384305555556,452
138.5944311111111,35.56401805555556,445
138.5944188888889,35.56411,445
138.5943938888889,35.56418388888889,450
138.59435611111113,35.56424305555556,455
138.59428111111112,35.56433388888889,457
138.59393111111112,35.56480888888889,456
138.59368111111112,35.56513388888889,452
138.5936188888889,35.56522611111111,450
138.59358111111112,35.56531805555556,450
138.5935438888889,35.56545888888889,439
138.59356888888888,35.56591805555556,444
138.5934938888889,35.56614305555556,446
138.5933938888889,35.56622611111111,446
138.59324388888888,35.56630111111111,441
138.5929438888889,35.56637611111111,434
138.59279388888888,35.56645888888889,433
138.5927061111111,35.56655888888889,432
138.5926561111111,35.56666805555555,430
138.5926561111111,35.56677611111111,430
138.59268111111112,35.56686805555555,432
138.5927561111111,35.566966944444445,432
138.5929311111111,35.56708388888889,434
138.59381888888888,35.56750888888889,433
138.59403111111112,35.56764305555556,433
138.59425611111112,35.56783388888889,431
138.59448111111112,35.56807611111111,425
138.5946311111111,35.56819194444444,421
138.59476805555556,35.56825111111111,425
138.59494305555555,35.56830111111111,430
138.5950811111111,35.56830111111111,430
138.5955561111111,35.56820111111111,414
138.5964561111111,35.567993055555554,408
138.59706805555555,35.56790111111111,404
138.59733111111112,35.56787611111111,407
138.5976311111111,35.567883888888886,399
138.5978311111111,35.56794305555555,392
138.59798111111112,35.568018055555555,397
138.59814305555557,35.56815111111111,401
138.5982561111111,35.56830111111111,403
138.59831805555555,35.56848388888889,402
138.59835611111112,35.56870888888889,401
138.59834305555555,35.56892611111111,398
138.59829305555556,35.569141944444446,395
138.59821805555555,35.569341944444446,392
138.59811805555555,35.569516944444445,391
138.59791805555557,35.56975111111111,388
138.59781805555556,35.56984194444444,387
138.5976311111111,35.56997611111111,384
138.59745611111111,35.57008388888889,383
138.59730611111112,35.570141944444444,379
138.59709305555555,35.57021694444445,379
138.59686805555555,35.57026694444444,377
138.59659305555556,35.57030888888889,376
138.5963311111111,35.570326111111115,374
138.59624305555556,35.570326111111115,374
138.59496805555557,35.57031694444444,365
138.59474305555557,35.57034194444444,363
138.59436805555555,35.57040888888889,364
138.59421805555556,35.57046694444445,364
138.5940061111111,35.570575,363
138.59354305555556,35.570858888888885,363
138.59344305555555,35.57091694444444,362
138.5928561111111,35.571283888888885,360
138.59279305555555,35.57131694444445,360
138.59266805555555,35.57139194444444,359
138.59249305555556,35.5715,358
138.59181805555556,35.571933888888886,355
138.5910311111111,35.57241694444444,350
138.59075611111112,35.57266694444444,348
138.5906061111111,35.57286694444444,347
138.5905561111111,35.572966944444445,347
138.59030611111112,35.572825,347
138.59020611111112,35.57270805555556,346
138.59016888888888,35.57264194444444,346
138.5898938888889,35.572141944444446,344
138.5898061111111,35.571975,342
138.5897811111111,35.57181694444444,340
138.58985611111112,35.571491944444446,336
138.5898688888889,35.571375,335
138.58984388888888,35.571283888888885,335
138.58974388888888,35.5712,333
138.5896561111111,35.57113388888889,331
138.5892188888889,35.570816944444445,332
138.5891061111111,35.57075,333
138.5890811111111,35.570791944444444,333
138.5890061111111,35.57094194444444,332
138.58885805555556,35.57120388888889,330
138.58885805555556,35.57120388888889,330
138.58858111111113,35.571691944444446,327
138.5884561111111,35.57181694444444,327
138.5882061111111,35.571933055555554,326
138.5881688888889,35.57195,326
138.5875311111111,35.572208055555556,323
138.58714388888887,35.57236694444445,321
138.5868811111111,35.572425,321
138.58635611111112,35.572475,319
138.5859561111111,35.57273305555555,316
138.5857061111111,35.57288305555556,315
138.58508111111112,35.57328305555556,312
138.58420611111111,35.57394111111111,310
138.5838061111111,35.574625,306
138.5836938888889,35.57481611111111,304
138.5836688888889,35.574908055555554,304
138.5836561111111,35.57519111111111,304
138.58361888888888,35.575383055555555,303
138.58351888888888,35.57561611111111,301
138.58340611111112,35.576098888888886,306
138.58339388888888,35.57624111111111,307
138.5833188888889,35.57644888888889,306
138.5831311111111,35.576633055555554,305
138.5827811111111,35.57693305555556,306
138.58270611111112,35.57700805555555,306
138.58259388888888,35.577148888888885,306
138.5823938888889,35.57759111111111,303
138.5820811111111,35.57846611111111,299
138.5819438888889,35.57873305555555,299
138.5817811111111,35.578856944444446,300
138.5815188888889,35.57901611111111,304
138.58136888888887,35.57908194444445,303
138.5808811111111,35.57926611111111,302
138.5807438888889,35.57931611111111,301
138.58044388888888,35.579481944444446,302
138.58034388888888,35.57955694444444,304
138.58021888888888,35.57966611111111,303
138.58010611111112,35.57979888888889,306
138.5800438888889,35.579881944444445,306
138.57996888888889,35.58002388888889,307
138.5797061111111,35.58063194444444,310
138.57969,35.58069,311
138.57969,35.58069,311
138.57964388888888,35.58084888888889,311
138.5796811111111,35.58103194444445,308
138.57978111111112,35.58168194444445,305
138.57978111111112,35.58170694444444,305
138.57976888888888,35.58174,306
138.57965611111112,35.581865,307
138.57944388888887,35.582073888888885,305
138.57931888888888,35.58224,302
138.5791811111111,35.58244888888889,299
138.5789938888889,35.58283194444444,297
138.57898111111112,35.58289805555555,297
138.57896888888888,35.582965,297
138.57896888888888,35.58312305555555,295
138.5790311111111,35.583348055555554,291
138.57910611111112,35.583598055555555,289
138.5792188888889,35.583815,286
138.57943111111112,35.58409805555556,286
138.5794938888889,35.584206944444446,285
138.5795688888889,35.584415,279
138.5795688888889,35.58469,279
138.57955611111112,35.58475694444444,279
138.57953111111112,35.58484,279
138.5794061111111,35.58518111111111,279
138.5793688888889,35.58529,279
138.5792438888889,35.585665,279
138.5792438888889,35.58567388888889,279
138.5792438888889,35.58567388888889,279
138.5792438888889,35.585765,279
138.57929388888888,35.58589,279
138.5794811111111,35.58613111111111,278
138.57974388888888,35.58644805555556,278
138.5798311111111,35.58655611111111,279
138.5798561111111,35.586598055555555,279
138.57999388888888,35.586765,278
138.5800438888889,35.586823055555556,278
138.5806438888889,35.58755611111111,286
138.58034388888888,35.58772305555556,286
138.5797061111111,35.588031111111114,285
138.5790438888889,35.58840611111111,283
138.57896888888888,35.588456111111114,283
138.57888111111112,35.58853888888889,282
138.5786061111111,35.58882305555556,278
138.57843111111112,35.58902305555556,279
138.5782561111111,35.58923111111111,279
138.5779311111111,35.58958111111111,277
138.5777811111111,35.589863888888885,276
138.5777711111111,35.58994805555555,275
138.5777711111111,35.58994805555555,275
138.5777688888889,35.589973055555554,275
138.5777061111111,35.59015611111111,275
138.5776811111111,35.59025611111111,276
138.5775688888889,35.59078888888889,274
138.57751888888887,35.59115611111111,268
138.5774811111111,35.59137194444445,266
138.5774311111111,35.591456111111114,265
138.57728111111112,35.591681111111114,263
138.5772311111111,35.59173888888889,263
138.5772061111111,35.59179694444445,263
138.5771188888889,35.59211388888889,260
138.5770811111111,35.59222194444445,260
138.57691888888888,35.59240611111111,259
138.5767938888889,35.59255611111111,259
138.5767438888889,35.59263111111111,258
138.5766438888889,35.59294694444444,257
138.5767438888889,35.59309694444445,257
138.5768938888889,35.59348111111111,255
138.57685305555555,35.593488055555554,255
138.57685305555555,35.593488055555554,255
138.5765311111111,35.59354694444445,255
138.57658111111112,35.593855,254
138.5766188888889,35.59404694444444,254
138.5766311111111,35.59444694444444,253
138.57669388888888,35.59487194444444,252
138.5767561111111,35.59531388888889,252
138.5761688888889,35.595421944444446,251
138.5757311111111,35.595505,251
138.5755188888889,35.59556388888889,251
138.5753688888889,35.595621944444446,251
138.57524388888888,35.59569694444444,251
138.57503111111112,35.59583,251
138.57490611111112,35.59593805555556,251
138.5747061111111,35.596155,251
138.5746311111111,35.59626305555555,251
138.57456888888888,35.59638805555556,251
138.57419388888889,35.59726305555556,251
138.57410611111112,35.59748,251
138.57376,35.598283888888886,251
138.57376,35.598283888888886,251
138.57374388888888,35.59832111111111,251
138.5734438888889,35.59901305555555,250
138.5733811111111,35.59918,250
138.5735061111111,35.599205,250
138.5734811111111,35.599263055555554,250
138.57329388888888,35.59972888888889,250
138.5732438888889,35.599913055555554,250
138.5732188888889,35.60008805555555,250
138.57319388888888,35.600413055555556,251
138.57320611111112,35.600546111111115,251
138.5732188888889,35.600653888888885,251
138.5732688888889,35.60090388888889,251
138.57333111111112,35.601213055555554,251
138.57328611111112,35.60122111111111,251
138.57328611111112,35.60122111111111,251
138.57301777777778,35.601281944444445,252
138.57301777777778,35.601281944444445,252
138.57332888888888,35.60256416666667,252
138.57332888888888,35.60256416666667,252
138.57329694444445,35.6031225,252
138.57329694444445,35.6031225,252
138.57358638888888,35.60398611111111,252
138.57358638888888,35.60398611111111,252
138.57416583333332,35.60563472222222,252
138.57416583333332,35.60563472222222,252
138.57434833333335,35.60664666666667,252
138.57434833333335,35.60664666666667,252
138.57442333333333,35.6071875,252
138.57442333333333,35.6071875,252
138.574155,35.607859166666664,252
138.574155,35.607859166666664,252
138.5736186111111,35.60854833333333,252
138.5736186111111,35.60854833333333,252
138.57188055555557,35.61045861111111,253
138.57188055555557,35.61045861111111,253
138.57132277777777,35.611400555555555,253
138.57132277777777,35.611400555555555,253
138.5711188888889,35.61223777777778,253
138.5711188888889,35.61223777777778,253
138.5711511111111,35.61392111111111,253
138.5711511111111,35.61392111111111,253
138.5708936111111,35.616843055555556,254
138.5708936111111,35.616843055555556,254
138.57103305555555,35.61815138888889,254
138.57103305555555,35.61815138888889,254
138.57170888888888,35.61978222222222,254
138.57170888888888,35.61978222222222,254
138.57191277777778,35.62039277777778,254
138.57191277777778,35.62039277777778,254
138.57190194444445,35.621317222222224,254
138.57190194444445,35.621317222222224,254
138.5712475,35.622259166666666,255
138.5712475,35.622259166666666,255
138.5700997222222,35.62314861111111,255
138.5700997222222,35.62314861111111,255
138.5688336111111,35.62432611111111,255
138.5688336111111,35.62432611111111,255
138.56830805555555,35.62522416666667,255
138.56830805555555,35.62522416666667,255
138.56806111111112,35.62639277777778,255
138.56806111111112,35.62639277777778,255
138.5679538888889,35.62722138888889,255
138.5679538888889,35.62722138888889,255
138.5681363888889,35.62839861111111,255
138.5681363888889,35.62839861111111,255
138.5682972222222,35.63030833333333,256
138.5682972222222,35.63030833333333,256
138.56810416666667,35.63178222222222,257
138.56810416666667,35.63178222222222,257
138.5674925,35.6335175,257
138.5674925,35.6335175,257
138.56632305555556,35.6349825,257
138.56632305555556,35.6349825,257
138.565615,35.63636,257
138.565615,35.63636,257
138.56423083333334,35.63888861111111,258
138.56423083333334,35.63888861111111,258
138.564145,35.64071111111111,258
138.564145,35.64071111111111,258
138.5652286111111,35.6434925,259
138.5652286111111,35.6434925,259
138.56593694444445,35.64549777777778,260
138.56593694444445,35.64549777777778,260
138.5662372222222,35.648183055555556,260
138.5662372222222,35.648183055555556,260
138.56673083333334,35.6511125,262
138.56673083333334,35.6511125,262
138.56676305555555,35.65262055555556,262
138.56676305555555,35.65262055555556,262
138.56652694444443,35.65354472222222,262
138.56652694444443,35.65354472222222,262
138.56590472222223,35.65466055555556,263
138.56590472222223,35.65466055555556,263
138.5654111111111,35.6551225,263
138.5654111111111,35.6551225,263
138.56313666666668,35.65618611111111,264
138.56314111111112,35.65619111111111,264
138.56313,35.656196944444446,264
138.56351694444444,35.656638055555554,264
138.563755,35.656913055555556,264
138.56389194444444,35.65708,264
138.56401694444443,35.65723,264
138.56411694444444,35.657355,264
138.56426694444446,35.65753,264
138.56462888888888,35.658005,264
138.5648038888889,35.65833,264
138.5650288888889,35.65884611111111,264
138.56524194444444,35.65938,264
138.56526694444443,35.659463055555555,265
138.5653788888889,35.659753888888886,265
138.56552888888888,35.66013805555556,265
138.5656038888889,35.66032111111111,266
138.56569194444444,35.660538055555556,266
138.5658038888889,35.66082111111111,266
138.56593694444445,35.66127111111111,267
138.56593694444445,35.66127111111111,267
138.56599194444445,35.661453888888886,267
138.5660038888889,35.661521111111114,267
138.56610388888888,35.66190388888889,267
138.56619194444445,35.66258805555555,267
138.5662288888889,35.662886944444445,267
138.56626694444444,35.66346305555555,268
138.56626694444444,35.66362111111111,268
138.56634194444445,35.66442888888889,269
138.5663788888889,35.66448694444444,269
138.5665161111111,35.665011944444444,270
138.56665388888888,35.66555388888889,271
138.56675388888888,35.66589611111111,272
138.56686611111112,35.66625388888889,273
138.5670661111111,35.66672,275
138.56703611111112,35.66672888888889,275
138.56703611111112,35.66672888888889,275
138.5670661111111,35.66672,275
138.56744111111112,35.66662888888889,275
138.56811611111112,35.66645388888889,275
138.5682161111111,35.66668694444444,275
138.5682788888889,35.66672,275
138.56834111111112,35.66672888888889,275
138.568625,35.666666944444444,276
</coordinates>
</LineString>
</Placemark>
</Document>
</kml>
