<?xml version="1.0" encoding="UTF-8"?>
<kml xmlns="http://www.opengis.net/kml/2.2" xmlns:atom="http://www.w3.org/2005/Atom">
<Document>
<name>WCC　三年　企画</name>
<atom:author>
<atom:name>カジ</atom:name>
</atom:author> 
<atom:link href="https://latlonglab.yahoo.co.jp/route/watch?id=5d40b78f2559e08baeae033ca5fc41b4" />
<description><![CDATA[]]></description>
<tags><![CDATA[]]></tags>  
<Placemark>
<Style>
<LineStyle>
<color>99ff0000</color>
<width>6</width>
</LineStyle>
</Style>
<LineString>
<coordinates>
139.2267911111111,35.371265,90
139.22688305555556,35.371341944444445,90
139.22700805555556,35.37146694444444,92
139.22730694444445,35.37164194444444,94
139.227445,35.371741944444445,95
139.22780694444444,35.372058055555556,97
139.228195,35.37240805555555,98
139.22838305555555,35.372575,98
139.22883194444444,35.372875,99
139.22850805555555,35.3733,100
139.228245,35.37360805555556,101
139.22788305555557,35.374025,103
139.227495,35.37445,104
139.22810805555557,35.374875,103
139.22827,35.374991111111115,102
139.22835805555556,35.37506611111111,101
139.22853305555554,35.375191111111114,101
139.22863305555555,35.375275,100
139.22873305555555,35.375375,101
139.22887,35.37553305555556,101
139.22902,35.37571611111111,102
139.22928194444444,35.37601611111111,103
139.22942,35.37619111111111,103
139.229495,35.37625805555555,103
139.229695,35.37644111111111,103
139.22978194444445,35.37651611111111,103
139.23010694444446,35.376775,103
139.23022,35.37685805555556,103
139.23077,35.37729888888889,101
139.23082,35.377341111111114,100
139.23087,35.37737388888889,100
139.23093194444445,35.377408055555556,99
139.23107,35.377448888888885,99
139.231195,35.37748305555556,98
139.23163194444444,35.37753305555555,97
139.23192,35.37759888888889,93
139.232095,35.37764888888889,93
139.232295,35.37773305555555,92
139.2330938888889,35.37802388888889,90
139.23316888888888,35.37804888888889,90
139.23368194444444,35.37824111111111,90
139.23396888888888,35.37834888888889,91
139.23425694444444,35.378483055555556,94
139.2348188888889,35.37879111111111,97
139.23550694444444,35.37922388888889,99
139.23558194444445,35.37929111111111,99
139.2356438888889,35.37934888888889,99
139.2358188888889,35.37964111111111,101
139.23600694444445,35.37996611111111,103
139.23608194444444,35.380116111111114,105
139.2361688888889,35.380341111111115,107
139.23623194444446,35.38049888888889,108
139.2362688888889,35.380656944444446,109
139.2362938888889,35.38079111111111,110
139.2363188888889,35.380898888888886,110
139.23633194444446,35.381058055555556,110
139.23634388888888,35.381191111111114,110
139.23635694444445,35.381391111111114,110
139.23636888888888,35.38151611111111,110
139.2364188888889,35.38159888888889,110
139.23646888888888,35.38164888888889,110
139.23656888888888,35.38171611111111,111
139.23668194444446,35.38175694444445,112
139.23695694444444,35.38182388888889,114
139.2370938888889,35.38185694444444,115
139.2371938888889,35.38189888888889,116
139.2372938888889,35.38196611111111,117
139.2373188888889,35.38199888888889,117
139.23735694444446,35.38207388888889,117
139.23738194444445,35.38214888888889,117
139.23743194444444,35.382398888888886,119
139.23745694444443,35.38256611111111,119
139.23750694444445,35.38274111111111,121
139.23760694444445,35.38299888888889,123
139.2377688888889,35.38339888888889,127
139.23783194444445,35.38355694444444,128
139.23783194444445,35.38369111111111,130
139.23778194444444,35.384056944444445,133
139.23773194444445,35.38435694444444,136
139.23768194444443,35.38456611111111,136
139.2376438888889,35.38471611111111,138
139.23758194444446,35.384906944444445,140
139.23750694444445,35.38506611111111,140
139.23738194444445,35.38528194444444,141
139.23708194444444,35.385781944444446,145
139.23695694444444,35.385981944444445,144
139.2368438888889,35.386165,144
139.23668194444446,35.386381944444445,145
139.23658194444445,35.38647388888889,146
139.23636888888888,35.38668194444445,146
139.23625694444445,35.386806944444444,147
139.23614388888888,35.38694888888889,146
139.23583194444444,35.38744805555555,148
139.2357438888889,35.38758194444444,147
139.23573194444444,35.38760694444444,147
139.2357188888889,35.38764,147
139.23569388888887,35.38774,147
139.23569388888887,35.38780694444444,147
139.23569388888887,35.38784,147
139.23570694444444,35.388015,147
139.2357188888889,35.388165,147
139.23570694444444,35.38820694444444,147
139.23569388888887,35.388315,148
139.2356438888889,35.388465,147
139.2355938888889,35.388623055555556,147
139.2354688888889,35.388981944444446,147
139.23543194444446,35.38909805555556,147
139.23530694444443,35.389406944444445,147
139.23503194444444,35.389965,151
139.23488194444445,35.390265,153
139.23483194444444,35.39042305555556,154
139.2347938888889,35.390523055555555,155
139.23478194444445,35.39058111111111,156
139.23475694444446,35.39073111111111,157
139.23476888888888,35.39089805555555,158
139.23478194444445,35.39100611111111,158
139.23480694444444,35.39112305555555,159
139.23485694444443,35.39123111111111,159
139.23490694444445,35.39134,160
139.23495694444443,35.39144,160
139.2350688888889,35.39159,160
139.23533194444445,35.39189805555556,160
139.2353938888889,35.39197305555555,162
139.23544388888888,35.392048055555556,162
139.2354688888889,35.39213111111111,164
139.23548194444444,35.39220611111111,164
139.2354688888889,35.39250611111111,166
139.2354688888889,35.39277305555556,167
139.23550694444444,35.39315611111111,169
139.2355188888889,35.393273055555554,169
139.23553194444443,35.39337305555556,170
139.23556888888888,35.393773055555556,173
139.23556888888888,35.39405611111111,172
139.23556888888888,35.39412305555555,172
139.23558194444445,35.39421388888889,172
139.2355938888889,35.39429805555555,172
139.23563194444444,35.39440611111111,173
139.23566888888888,35.39450611111111,172
139.23590694444445,35.394956111111114,171
139.2359438888889,35.39503111111111,171
139.2359438888889,35.39510611111111,171
139.23593194444445,35.39528888888889,172
139.2358188888889,35.39550611111111,173
139.23578194444445,35.39565611111111,174
139.23576888888888,35.39578888888889,175
139.23578194444445,35.39595611111111,176
139.2358188888889,35.39620611111111,178
139.23585694444444,35.39656388888889,178
139.23591888888888,35.396796944444446,179
139.2359438888889,35.39692194444444,179
139.23595694444444,35.39700611111111,179
139.23595694444444,35.39709694444444,179
139.2359438888889,35.39718888888889,179
139.23590694444445,35.39726388888889,180
139.23585694444444,35.397371944444444,180
139.2352438888889,35.39809694444445,180
139.2351438888889,35.39821388888889,179
139.23510694444445,35.398271944444446,177
139.23488194444445,35.39853111111111,179
139.2348188888889,35.39858888888889,180
139.2347188888889,35.398646944444444,180
139.2346188888889,35.398696944444445,180
139.23451888888889,35.398721944444446,180
139.2343938888889,35.398738888888886,180
139.23403194444444,35.39876388888889,181
139.23363194444445,35.398806111111114,182
139.23351888888888,35.398831111111114,182
139.23340694444445,35.398871944444444,181
139.2333188888889,35.398963888888886,182
139.23328194444446,35.39903,182
139.2332438888889,35.39913,182
139.23323194444444,35.39928,182
139.2332438888889,35.39931388888889,182
139.23329388888888,35.39964694444444,183
139.23329388888888,35.39973,183
139.23328194444446,35.39982194444445,184
139.23320694444445,35.40004694444445,184
139.23315694444443,35.40026388888889,185
139.23313194444444,35.400396944444445,186
139.2331188888889,35.400646944444446,189
139.2331188888889,35.40069694444445,190
139.2330938888889,35.401071944444446,191
139.23308194444445,35.40128,191
139.23303194444443,35.401605,190
139.2329188888889,35.402146944444446,190
139.23285694444445,35.402413055555556,190
139.23283194444446,35.402505,190
139.23278194444444,35.402655,191
139.23274388888888,35.40278,194
139.23268194444444,35.402905,194
139.23250694444445,35.40312194444444,195
139.2323438888889,35.40328805555556,196
139.23223194444444,35.40338,197
139.23213194444443,35.40348,200
139.2319688888889,35.40367111111111,201
139.2318688888889,35.40383,201
139.2317938888889,35.403955,202
139.23175694444444,35.404055,203
139.23171888888888,35.40417111111111,203
139.23169388888888,35.404288055555554,203
139.23168194444443,35.40444611111111,204
139.23163194444444,35.40481305555556,207
139.23160694444445,35.40492111111111,208
139.2315438888889,35.40509611111111,209
139.23148194444445,35.40523,211
139.23140694444444,35.40533805555555,211
139.2312188888889,35.40569611111111,211
139.23113194444446,35.40589611111111,214
139.23101888888888,35.40625388888889,217
139.2309938888889,35.40632111111111,217
139.2308938888889,35.406621111111114,221
139.23088194444443,35.40692888888889,224
139.23088194444443,35.40697888888889,224
139.23088194444443,35.40707111111111,225
139.23091888888888,35.40720388888889,225
139.2309688888889,35.40735388888889,226
139.2309938888889,35.40762888888889,228
139.2309938888889,35.40819611111111,232
139.23101888888888,35.40907888888889,240
139.23101888888888,35.40918805555555,241
139.23100694444443,35.40967888888889,247
139.23100694444443,35.40982888888889,248
139.23100694444443,35.41001194444444,251
139.2309938888889,35.41023694444444,255
139.2309888888889,35.41027611111111,255
139.2309888888889,35.41027611111111,255
139.23098194444444,35.410336944444445,256
139.23093194444445,35.41047888888889,256
139.2308438888889,35.41069611111111,255
139.23063194444444,35.41107888888889,257
139.23044388888889,35.411411944444446,263
139.22995694444444,35.412295,274
139.22979388888888,35.412595,278
139.229595,35.412936944444446,283
139.22953194444443,35.41307888888889,284
139.22948194444444,35.41317,285
139.22945694444445,35.41326194444444,286
139.22943194444446,35.41332,286
139.229295,35.41372888888889,291
139.229245,35.413895,294
139.229145,35.41432805555556,297
139.229095,35.414545,300
139.22903194444444,35.414853055555554,305
139.22900694444445,35.414945,307
139.22888194444445,35.415245,310
139.22883194444444,35.41537,311
139.22882,35.41542,311
139.22875694444446,35.41553694444445,312
139.22873194444443,35.41557805555556,314
139.22865694444445,35.415645,314
139.22857,35.415695,316
139.228495,35.41573694444445,314
139.22837,35.415795,311
139.22822,35.41586111111111,312
139.22793194444444,35.415953055555555,315
139.22787,35.415978055555556,317
139.227645,35.416045,320
139.22735694444444,35.41612,322
139.22713194444444,35.416153055555554,323
139.22692,35.41612805555555,327
139.226795,35.41607,324
139.22662,35.41593611111111,326
139.226095,35.415461944444445,338
139.22595694444445,35.41537,338
139.22580694444446,35.41532,337
139.22558194444446,35.415295,337
139.225345,35.415328055555555,337
139.22472,35.41552,336
139.22453194444444,35.41560305555556,335
139.22437,35.415728055555554,335
139.22407,35.41612,349
139.22393194444444,35.41616111111111,348
139.223845,35.416145,347
139.22377,35.41610305555555,347
139.22373305555556,35.41601111111111,347
139.22372,35.415553055555556,346
139.22363305555555,35.41507,356
139.22343305555555,35.414478055555556,358
139.22335805555556,35.414386944444445,356
139.22323305555557,35.41433694444444,359
139.22303194444444,35.414345,360
139.22290694444445,35.414386944444445,358
139.22265694444445,35.41453694444444,358
139.22217,35.414636944444446,365
139.22205805555555,35.414695,367
139.22132,35.415286944444446,363
139.221045,35.41565305555556,374
139.220345,35.41637,379
139.220195,35.416445,382
139.22013305555555,35.416428055555556,375
139.22002,35.416295,376
139.22008194444444,35.41596111111111,378
139.22012,35.41573611111111,377
139.220195,35.415545,383
139.220245,35.41542805555556,381
139.220245,35.41533694444445,381
139.220145,35.415211944444444,384
139.22010805555556,35.41512,387
139.22013305555555,35.415011944444444,385
139.22018194444445,35.414945,387
139.22025805555555,35.414903055555556,384
139.22033194444444,35.414811944444445,387
139.22037,35.41472,385
139.22042,35.414395,390
139.220395,35.41432,394
139.22028194444445,35.41423694444445,397
139.220145,35.414161944444444,395
139.219945,35.41407805555556,395
139.219595,35.414028055555555,397
139.21940694444444,35.414028055555555,397
139.21867,35.41412,402
139.21858194444445,35.41408694444444,401
139.21842,35.413786944444446,406
139.21832,35.413695,407
139.21815694444444,35.413561944444446,407
139.217995,35.41348694444444,407
139.21782,35.41343694444444,404
139.21768194444445,35.41342888888889,404
139.21748305555556,35.41347,406
139.21707,35.41358694444445,408
139.21698305555554,35.41358694444445,408
139.21690694444445,35.41352805555555,407
139.216845,35.41343694444444,413
139.216795,35.41330388888889,411
139.216795,35.41322,415
139.21683194444444,35.413178888888886,415
139.21722,35.412995,406
139.21725805555556,35.412945,403
139.21725805555556,35.412895,403
139.21723305555557,35.41270388888889,410
139.21723305555557,35.412436944444444,421
139.21722,35.41237,426
139.217145,35.41227,425
139.21710805555554,35.412095,426
139.21725805555556,35.41202888888889,426
139.21745694444445,35.41200388888889,425
139.21765805555555,35.41207,426
139.21780694444445,35.41216194444444,427
139.21798305555555,35.41238694444444,422
139.21803194444445,35.41242,424
139.21813194444445,35.412436944444444,426
139.21822,35.41242888888889,426
139.21832,35.41241194444444,426
139.21873305555556,35.41222888888889,424
139.21887,35.41220388888889,430
139.21892,35.41217888888889,431
139.21895694444444,35.41212888888889,431
139.218945,35.41205388888889,432
139.21890805555554,35.412011944444444,432
139.21820694444443,35.411521111111114,438
139.21803194444445,35.41137888888889,437
139.21780694444445,35.411161944444444,437
139.21762,35.410936944444444,438
139.21743305555555,35.410671111111114,439
139.21737,35.41057111111111,438
139.21732,35.41042111111111,439
139.217295,35.410246111111114,438
139.217295,35.40992111111111,443
139.21722,35.40980388888889,445
139.21643194444445,35.409436944444444,445
139.216345,35.40941194444444,445
139.21603305555556,35.40942111111111,448
139.21590805555556,35.40940388888889,448
139.21582,35.40933694444445,451
139.21578194444444,35.409261944444445,448
139.21578194444444,35.40900388888889,453
139.21573305555555,35.40894611111111,456
139.215595,35.40886305555556,458
139.215545,35.40882111111111,463
139.21548305555555,35.40876194444444,459
139.21540805555554,35.40862888888889,460
139.21537,35.40847888888889,460
139.21538305555555,35.40837111111111,466
139.215445,35.40827888888889,463
139.21597,35.40763694444444,466
139.21603305555556,35.40754611111111,466
139.216045,35.40746305555555,466
139.21600805555556,35.40729611111111,467
139.21597,35.40723805555555,470
139.21590805555556,35.40718694444445,467
139.21582,35.40717111111111,469
139.21543305555556,35.40718694444445,471
139.21533305555556,35.40722888888889,471
139.21525805555555,35.40730388888889,471
139.21520805555556,35.40739611111111,471
139.21515805555555,35.40762888888889,473
139.215095,35.407803888888886,474
139.21497,35.40811305555555,475
139.21497,35.40844611111111,482
139.214995,35.40877111111111,486
139.215145,35.40916194444444,483
139.215145,35.40921194444444,483
139.214845,35.409511944444446,489
139.21482,35.40957888888889,489
139.21480805555555,35.40967888888889,499
139.21487,35.40977111111111,499
139.21498305555556,35.40979611111111,497
139.21533194444444,35.40983694444444,501
139.21542,35.409861944444444,500
139.21548305555555,35.40992888888889,502
139.215545,35.410336944444445,506
139.21555694444444,35.41063694444444,505
139.21550805555555,35.41072111111111,508
139.215445,35.410736944444444,508
139.21527,35.41070388888889,511
139.21523305555556,35.41063694444444,515
139.21522,35.41054611111111,518
139.21522,35.41047888888889,518
139.21527,35.41034611111111,514
139.215245,35.41025388888889,512
139.215095,35.41007888888889,511
139.21500805555556,35.41005388888889,511
139.21492,35.41006194444444,511
139.21457,35.41018694444445,516
139.21447,35.410153888888885,517
139.21442,35.41007888888889,523
139.21447,35.40989611111111,520
139.21447,35.40983694444444,521
139.21433305555556,35.40963694444444,524
139.214045,35.40954611111111,524
139.21352,35.40929611111111,524
139.21335805555555,35.40925388888889,526
139.21327,35.409236944444444,527
139.21313305555555,35.40921194444444,522
139.21290805555554,35.40921194444444,522
139.21207,35.40936194444444,537
139.21197,35.409396111111114,536
139.21188305555555,35.409461944444445,536
139.21187,35.40954611111111,536
139.21200805555554,35.409753888888886,543
139.21203305555557,35.409861944444444,542
139.21200805555554,35.40997111111111,542
139.21187,35.41016194444445,540
139.21175805555555,35.41025388888889,543
139.21155805555554,35.41034611111111,547
139.21147,35.41039611111111,544
139.21132,35.41055388888889,545
139.211245,35.41059611111111,553
139.21075805555554,35.41062888888889,549
139.21065805555557,35.41062888888889,550
139.21040805555555,35.41061194444445,552
139.21018305555555,35.41061194444445,553
139.20998305555557,35.41057111111111,557
139.20987,35.41058694444445,557
139.20983305555555,35.41063694444444,557
139.20985805555554,35.410711944444444,558
139.20995805555555,35.410761944444445,560
139.21005805555555,35.41075388888889,561
139.21023305555556,35.410711944444444,561
139.210395,35.410711944444444,560
139.211195,35.41081194444445,566
139.21130805555555,35.410803888888886,567
139.21143305555555,35.41075388888889,563
139.21162,35.41057111111111,571
139.211745,35.41049611111111,570
139.21203305555557,35.41041194444445,572
139.21217,35.41039611111111,576
139.21232,35.41044611111111,578
139.21248305555557,35.410561944444446,575
139.21257,35.41066194444444,573
139.21258305555557,35.41077111111111,574
139.21253305555555,35.410961944444445,585
139.21248305555557,35.41127888888889,585
139.21237,35.41152,587
139.21237,35.41160388888889,586
139.212395,35.411695,586
139.212645,35.412103888888886,585
139.212795,35.412295,582
139.21280805555554,35.41235388888889,586
139.212795,35.41241194444444,586
139.21272,35.412686944444445,596
139.21272,35.41276194444445,596
139.212745,35.41282888888889,597
139.21287,35.41302888888889,597
139.212945,35.41310388888889,594
139.21313305555555,35.413245,593
139.21315805555557,35.41330305555555,593
139.21315805555557,35.413495,595
139.21307,35.413778055555554,606
139.21307,35.41391194444444,606
139.21310805555555,35.41402,607
139.21317,35.41410305555556,607
139.21347,35.41452805555556,611
139.21347,35.414811944444445,615
139.21350805555556,35.41495305555556,616
139.21357,35.41505305555555,614
139.213745,35.41528611111111,614
139.21403305555555,35.41590305555555,624
139.21410805555556,35.41603611111111,626
139.21435805555555,35.41632,622
139.21467,35.416595,623
139.21475805555556,35.41672,627
139.21478305555556,35.416795,628
139.21477,35.41687,631
139.21473305555557,35.416945,633
139.21445805555555,35.41710305555556,637
139.21438305555554,35.417186111111114,638
139.21435805555555,35.41726888888889,636
139.21437,35.417703055555556,633
139.21425805555555,35.41795305555556,642
139.21422,35.41822805555555,645
139.21417,35.41847805555555,644
139.21417,35.41893611111111,653
139.21402,35.41934388888889,655
139.21400805555555,35.41992805555556,652
139.213995,35.42014388888889,661
139.21403305555555,35.42019388888889,661
139.21407,35.42026888888889,663
139.214245,35.42068611111111,664
139.214345,35.42093611111111,663
139.214395,35.42106888888889,664
139.21442,35.42118611111111,665
139.21443305555556,35.421301944444444,666
139.21445805555555,35.42137694444445,664
139.214495,35.42143611111111,664
139.21455805555556,35.42151888888889,667
139.21457,35.421526944444444,667
139.214595,35.42154388888889,667
139.21463305555557,35.42156888888889,675
139.214695,35.42158611111111,675
139.215095,35.42160194444445,675
139.215195,35.42162694444445,675
139.21525805555555,35.42166888888889,676
139.21527,35.42167694444444,676
139.21528305555555,35.421686111111114,676
139.21532,35.421726944444444,676
139.21547,35.421751944444445,680
139.215645,35.42171111111111,680
139.21575805555557,35.42165194444444,673
139.21612,35.421393888888886,675
139.21618305555555,35.421368888888885,675
139.216245,35.42136111111111,677
139.21633305555557,35.42137694444445,677
139.21638305555555,35.42140194444445,675
139.21642,35.42145194444444,681
139.21643305555557,35.421526944444444,681
139.21642,35.42227694444444,687
139.216495,35.422601944444445,692
139.21677,35.42296,694
139.21685805555555,35.42299388888889,691
139.21697,35.42299388888889,691
139.21727,35.422851944444446,688
139.21737,35.42284388888889,689
139.21763305555555,35.42290194444445,692
139.21793305555556,35.42287694444445,690
139.218045,35.422893888888886,692
139.21807,35.42294388888889,692
139.21805805555556,35.42306,693
139.21802,35.42315194444444,694
139.217895,35.42341,696
139.21777,35.42405194444444,709
139.21773305555556,35.424126944444446,707
139.21758305555556,35.42429388888889,707
139.21748305555556,35.42441888888889,707
139.21743305555555,35.42451888888889,709
139.21732,35.42482694444445,724
139.21733305555554,35.42490194444444,718
139.21738305555556,35.42494305555555,715
139.21745805555557,35.42496805555555,713
139.21755805555554,35.42496805555555,712
139.217945,35.42485194444444,711
139.21803305555557,35.42484388888889,712
139.21813305555557,35.42486,712
139.218245,35.42496805555555,714
139.21832,35.424985,714
139.218395,35.42496888888889,712
139.218645,35.424785,720
139.21873305555556,35.42474388888889,714
139.21880805555554,35.424735,720
139.219145,35.42474388888889,722
139.21922,35.424726944444444,722
139.21952,35.42461,720
139.21963305555556,35.42460194444445,720
139.21998305555556,35.42469388888889,723
139.22008305555556,35.42470194444444,730
139.220195,35.42466888888889,732
139.22047,35.42451,730
139.220545,35.42449388888889,730
139.22063305555557,35.424501944444444,728
139.220695,35.424551944444445,725
139.22082,35.424793888888885,734
139.220895,35.42491,733
139.22097,35.42499388888889,733
139.22110805555556,35.42504388888889,734
139.22122,35.42505194444445,732
139.22150805555555,35.42501,742
139.22177,35.424935,739
139.221845,35.42491888888889,738
139.22193305555555,35.424935,735
139.22228305555555,35.42512694444444,740
139.22222,35.42529388888889,745
139.22220694444445,35.425376944444444,747
139.22220694444445,35.425426944444446,747
139.22230694444445,35.42572694444444,745
139.22230694444445,35.42581,745
139.22228305555555,35.42586,745
139.22215805555555,35.42596,749
139.22210805555557,35.42601805555555,759
139.22202,35.42616805555556,755
139.22195805555555,35.426226944444444,754
139.22150805555555,35.42640194444444,761
139.22143305555556,35.42646805555555,757
139.22140805555554,35.42652694444445,757
139.221395,35.42660194444444,755
139.22142,35.42666805555555,755
139.22157,35.42689305555555,752
139.22158305555556,35.426943055555554,752
139.22158305555556,35.42697694444445,752
139.22155805555556,35.42701805555556,752
139.221395,35.42717694444445,757
139.22133305555556,35.42720194444444,768
139.22127,35.42721,768
139.22048305555555,35.42716,759
139.22040805555557,35.42717694444445,759
139.22033305555556,35.42721,766
139.22015805555554,35.427335,765
139.21993305555554,35.427418055555556,769
139.219795,35.42749305555556,767
139.21943305555556,35.42774305555555,766
139.219235,35.427881944444444,763
139.219235,35.427881944444444,763
139.21920805555555,35.42790111111111,763
139.21918305555556,35.42791,763
139.21913305555555,35.42796805555555,763
139.21907,35.428035,763
139.21897,35.428201111111115,765
139.21893305555557,35.42830111111111,764
139.21885805555556,35.42842611111111,764
139.218745,35.42856,763
139.218695,35.42874305555556,760
139.21858305555557,35.428843055555554,754
139.21848305555557,35.428885,754
139.21837,35.42890888888889,752
139.21812,35.428868055555554,755
139.21808305555555,35.42888388888889,752
139.21802,35.42890888888889,750
139.21688305555554,35.42966805555555,748
139.2168211111111,35.429676111111114,748
139.21664611111112,35.42964305555556,762
139.21658305555556,35.42965111111111,762
139.21653305555554,35.42966805555555,749
139.2163461111111,35.429968055555555,746
139.21628305555555,35.43002611111111,747
139.2159961111111,35.43015111111111,761
139.21593305555555,35.43020111111111,761
139.21568305555556,35.43057611111111,743
139.21558305555556,35.43070111111111,740
139.21530805555557,35.43096805555555,737
139.21517111111112,35.43115888888889,733
139.21507111111111,35.43125888888889,733
139.2149961111111,35.43130111111111,736
139.2148711111111,35.43132611111111,738
139.2147711111111,35.43131694444445,740
139.21465805555556,35.431268055555556,737
139.21455805555556,35.43118388888889,739
139.21449611111112,35.431108888888886,738
139.21437111111112,35.43096805555555,737
139.21428305555557,35.43089194444445,734
139.21414611111112,35.43082611111111,736
139.21404611111112,35.43082611111111,735
139.2139711111111,35.430841944444445,736
139.21390805555555,35.430883888888886,736
139.2138461111111,35.43096805555555,740
139.21382111111112,35.43107611111111,738
139.21380805555555,35.43112611111111,737
139.21379611111112,35.43125888888889,735
139.2137461111111,35.43135888888889,741
139.21344611111112,35.431643055555554,741
139.21305805555556,35.431941944444446,740
139.21299611111112,35.43200888888889,736
139.2129711111111,35.43204194444444,736
139.2129461111111,35.43208388888889,736
139.21293305555557,35.43212611111111,735
139.21290805555554,35.43221694444444,735
139.21290805555554,35.43224194444444,734
139.2128711111111,35.432316944444445,738
139.2127461111111,35.43242611111111,739
139.21267111111112,35.432476111111114,735
139.21258305555557,35.43250888888889,734
139.21250805555556,35.43250888888889,727
139.21245805555554,35.43250111111111,727
139.2123961111111,35.43244194444444,726
139.21234611111112,35.43237611111111,726
139.21230805555555,35.43225888888889,726
139.2121961111111,35.43212611111111,725
139.2121461111111,35.432051111111114,728
139.2120711111111,35.43178388888889,725
139.21200805555554,35.43167611111111,725
139.21195805555556,35.43165111111111,717
139.21188305555555,35.43165111111111,715
139.2118461111111,35.43163388888889,715
139.2118211111111,35.43159194444444,715
139.2118211111111,35.43150888888889,719
139.21185805555555,35.43135888888889,718
139.21188305555555,35.43128388888889,716
139.21203305555557,35.43100888888889,718
139.21212111111112,35.430866944444446,716
139.2121711111111,35.430751111111114,713
139.2121711111111,35.43067611111111,713
139.2121461111111,35.430591944444444,716
139.21212111111112,35.43055888888889,716
139.2120711111111,35.430551111111114,724
139.21200805555554,35.43055888888889,717
139.21189611111112,35.430591944444444,715
139.21183305555556,35.43062611111111,716
139.2115711111111,35.43074305555555,715
139.2114961111111,35.43076805555555,718
139.2111461111111,35.430841944444445,717
139.2110211111111,35.43090111111111,714
139.21080805555556,35.431043055555556,715
139.21073305555555,35.43107611111111,717
139.21065805555557,35.43108388888889,718
139.21058305555556,35.43108388888889,718
139.21048305555556,35.43105888888889,718
139.2103461111111,35.43100111111111,715
139.21023305555556,35.43093388888889,708
139.2100961111111,35.43082611111111,704
139.20984611111112,35.430591944444444,706
139.20978305555556,35.43054305555555,711
139.20965805555556,35.43048388888889,706
139.20955805555556,35.43046694444445,706
139.20945805555556,35.43048388888889,704
139.20940805555554,35.43050111111111,703
139.20935805555555,35.430526111111114,703
139.20923305555556,35.430591944444444,700
139.20914611111112,35.43066805555556,700
139.2090961111111,35.43073388888889,701
139.20905805555554,35.43080888888889,702
139.20905805555554,35.43087611111111,702
139.20905805555554,35.43093388888889,704
139.20907111111111,35.43096694444444,704
139.20910805555556,35.431016944444444,705
139.20913305555555,35.431041944444445,702
139.20927111111112,35.43111694444445,701
139.20937111111112,35.431176111111114,699
139.2094461111111,35.431241944444444,700
139.20950805555555,35.43131694444445,700
139.20953305555557,35.43143388888889,700
139.2095711111111,35.43161694444444,689
139.20959611111113,35.431691944444445,688
139.20962111111112,35.431758888888886,688
139.20965805555556,35.43181694444444,691
139.20974611111112,35.43190888888889,692
139.20993305555555,35.43206694444444,684
139.2100961111111,35.43220888888889,682
139.21015805555555,35.432251111111114,685
139.2102711111111,35.432316944444445,683
139.2103461111111,35.432383888888886,685
139.21043305555557,35.43252611111111,687
139.2104711111111,35.43259194444445,684
139.2106711111111,35.432941944444444,674
139.21068305555556,35.43298388888889,674
139.21070805555556,35.43305111111111,675
139.2107211111111,35.43326694444445,674
139.21073305555555,35.43329194444444,674
139.21074611111112,35.43335111111111,672
139.21077111111111,35.43338388888889,672
139.2108961111111,35.43349194444444,668
139.2111211111111,35.43369194444445,666
139.2112461111111,35.433825,665
139.2113711111111,35.43395,667
139.21142111111112,35.434,670
139.2114711111111,35.434075,667
139.2114961111111,35.43414194444444,668
139.2114711111111,35.43455888888889,657
139.21152111111113,35.434716944444446,657
139.21158305555556,35.43476694444445,656
139.21167111111112,35.43481694444444,654
139.21170805555556,35.43483388888889,654
139.21188305555555,35.434916944444446,650
139.2119461111111,35.43498388888889,651
139.21198305555555,35.43508388888889,651
139.21198305555555,35.43530888888889,649
139.2119461111111,35.43555888888889,647
139.21189611111112,35.435716944444444,647
139.2118461111111,35.4359,645
139.21183305555556,35.435975,645
139.21185805555555,35.43608305555556,644
139.21190805555557,35.436275,643
139.2119461111111,35.436416944444446,641
139.21198305555555,35.436525,639
139.21203305555557,35.436625,638
139.21209611111112,35.43673305555556,637
139.21212111111112,35.436825,639
139.21210805555555,35.436875,637
139.2120211111111,35.43695,638
139.2117211111111,35.437133055555556,637
139.2113711111111,35.4374,636
139.2112711111111,35.437475,637
139.2110211111111,35.437691944444445,636
139.21095805555555,35.43776694444445,633
139.21093305555556,35.437825,634
139.2109211111111,35.43785805555556,634
139.21090805555556,35.43790805555555,635
139.21090805555556,35.437983055555556,635
139.21090805555556,35.43806611111111,635
139.2109211111111,35.4382,633
139.21098305555554,35.438383055555555,632
139.21099611111111,35.43841611111111,632
139.21105805555555,35.43851611111111,635
139.21109611111112,35.43861611111111,634
139.21109611111112,35.43871611111111,629
139.2110461111111,35.43894111111111,627
139.21097111111112,35.43914111111111,625
139.21095805555555,35.43916611111111,625
139.2109461111111,35.439283055555556,625
139.21098305555554,35.439458055555555,624
139.21099611111111,35.43951611111111,624
139.21105805555555,35.43966611111111,625
139.21113305555556,35.43975805555556,627
139.21122111111112,35.439841111111114,624
139.21165805555555,35.44015805555556,624
139.21173305555556,35.44021611111111,626
139.2121461111111,35.44054888888889,616
139.2122961111111,35.44066611111111,616
139.21234611111112,35.44074111111111,616
139.2123711111111,35.44081611111111,615
139.21238305555556,35.44090805555555,613
139.21235805555557,35.44104111111111,612
139.2122961111111,35.441208055555556,610
139.21228305555556,35.44126611111111,613
139.2121711111111,35.44150805555556,614
139.2121461111111,35.44159888888889,615
139.2121461111111,35.441673888888886,614
139.21215805555556,35.44173305555555,614
139.21222111111112,35.44184111111111,612
139.2122461111111,35.441898888888886,612
139.21250805555556,35.44214888888889,613
139.21275805555555,35.44238305555555,615
139.21279611111112,35.44244111111111,617
139.2128211111111,35.44246611111111,616
139.21285805555556,35.44254111111111,616
139.21288305555555,35.44283305555555,612
139.21288305555555,35.44289111111111,607
139.21280805555554,35.443581944444446,601
139.21280805555554,35.44372388888889,596
139.21285805555556,35.443891111111114,593
139.2130461111111,35.44439111111111,594
139.21308305555556,35.44451611111111,593
139.2131711111111,35.44479111111111,595
139.2131961111111,35.44497388888889,595
139.2131961111111,35.44501611111111,594
139.2131961111111,35.445058055555556,594
139.21315805555557,35.445231944444444,593
139.21314611111112,35.44529111111111,593
139.21313305555555,35.44541611111111,593
139.2131711111111,35.44578194444444,592
139.21315805555557,35.445906944444445,592
139.21314611111112,35.44596611111111,592
139.21310805555555,35.44604888888889,589
139.2130711111111,35.44607388888889,589
139.21302111111112,35.44607388888889,589
139.21298305555555,35.44604888888889,585
139.21295805555556,35.44597388888889,585
139.21293305555557,35.445748888888886,586
139.21290805555554,35.445323888888886,587
139.2128711111111,35.44512388888889,585
139.21285805555556,35.44504888888889,585
139.2128211111111,35.44499111111111,586
139.21279611111112,35.44495694444444,586
139.21273305555556,35.44494111111111,582
139.21269611111111,35.44494111111111,582
139.21267111111112,35.44494111111111,582
139.21260805555556,35.444966111111114,579
139.21255805555555,35.44502388888889,579
139.21254611111112,35.445098888888886,576
139.21257111111112,35.44531611111111,578
139.21258305555557,35.44560694444444,575
139.21258305555557,35.446081944444444,570
139.21255805555555,35.44620694444444,568
139.21250805555556,35.44631611111111,567
139.2123961111111,35.44660694444445,566
139.21235805555557,35.44671611111111,567
139.2122711111111,35.44687388888889,566
139.21213305555557,35.44701611111111,567
139.2120711111111,35.44708194444444,564
139.21203305555557,35.44717388888889,566
139.21200805555554,35.44726611111111,566
139.21200805555554,35.44733194444444,566
139.2120211111111,35.44739888888889,566
139.2120461111111,35.44749111111111,564
139.21210805555555,35.447581944444444,563
139.21225805555557,35.44773194444444,563
139.21254611111112,35.44810694444445,553
139.21260805555556,35.448215,553
139.21267111111112,35.44834,553
139.2127211111111,35.448565,552
139.21277111111112,35.448665,552
139.2128461111111,35.44875694444445,553
139.2130711111111,35.44895694444445,553
139.21318305555556,35.44909,553
139.21325805555554,35.44929888888889,545
139.21328305555556,35.449556944444446,543
139.21328305555556,35.449756944444445,543
139.2132711111111,35.449823888888886,544
139.2131711111111,35.45023194444445,544
139.2130961111111,35.45039,542
139.21299611111112,35.450581944444444,544
139.21265805555555,35.451031944444445,534
139.21250805555556,35.45134,535
139.2124211111111,35.45167305555555,534
139.2123711111111,35.451881944444445,535
139.21234611111112,35.451931944444446,537
139.21228305555556,35.45204805555556,535
139.2122461111111,35.452215,535
139.2122711111111,35.45229805555555,534
139.21234611111112,35.452373055555555,534
139.2124211111111,35.45238194444445,534
139.2125211111111,35.452398055555555,536
139.21270805555557,35.452423055555556,539
139.2127461111111,35.45244805555556,536
139.21275805555555,35.45259,533
139.21273305555556,35.452665,533
139.21268305555554,35.45279,538
139.2125961111111,35.45284,537
139.2124961111111,35.452848055555556,537
139.21232111111112,35.452798055555554,535
139.2121711111111,35.452798055555554,533
139.2120711111111,35.452823055555555,532
139.21200805555554,35.452848055555556,532
139.21193305555556,35.452915,533
139.21188305555555,35.45297305555555,531
139.2118211111111,35.453073055555556,532
139.2117961111111,35.45319,533
139.2117961111111,35.45328111111111,533
139.2118211111111,35.45339,533
139.21188305555555,35.45350611111111,530
139.2119711111111,35.453606111111114,524
139.21220805555555,35.45384,523
139.21250805555556,35.454073055555554,523
139.21290805555554,35.454323055555555,517
139.213095,35.45447305555555,512
139.21343305555556,35.45479,512
139.21360805555557,35.45498111111111,511
139.21370805555554,35.455148055555554,505
139.213745,35.45529805555555,504
139.21373305555556,35.45545611111111,504
139.21365805555556,35.455773055555554,502
139.21347,35.45619,497
139.21328305555556,35.45653111111111,496
139.21325805555554,35.45663888888889,496
139.213245,35.45679805555555,495
139.21325805555554,35.456898055555556,495
139.21325805555554,35.45698111111111,495
139.213295,35.45710611111111,494
139.213345,35.45723111111111,495
139.213445,35.45746388888889,497
139.21348305555554,35.45760611111111,495
139.21348305555554,35.45813888888889,485
139.21350805555556,35.45849805555556,485
139.21348305555554,35.45871388888889,486
139.213395,35.45907305555556,486
139.21333305555555,35.459313888888886,485
139.21332,35.45948111111111,484
139.21338305555557,35.45982305555555,481
139.21348305555554,35.46026388888889,475
139.21347,35.46044805555555,474
139.21340388888888,35.460681111111114,474
139.21340388888888,35.460681111111114,474
139.213395,35.46071388888889,474
139.21335805555555,35.46086388888889,474
139.21337,35.46093888888889,472
139.21340805555556,35.46102194444445,467
139.21345805555555,35.46108888888889,474
139.213795,35.46135611111111,474
139.214095,35.46165611111111,474
139.214345,35.46185611111111,478
139.214695,35.46214805555555,475
139.21507,35.462513888888886,466
139.21535805555555,35.46279805555555,464
139.21545694444444,35.462938888888885,466
139.21548305555555,35.46298111111111,466
139.215495,35.463031111111114,463
139.215495,35.46305611111111,463
139.21548305555555,35.46308111111111,463
139.21543194444445,35.46313111111111,449
139.21527,35.46319694444445,447
139.21507,35.46328111111111,454
139.21508194444445,35.46335611111111,456
139.21507,35.463456111111114,455
139.21500805555556,35.46358111111111,453
139.21492,35.46373111111111,455
139.21473305555557,35.46398111111111,455
139.214645,35.46408111111111,457
139.21443194444444,35.46427194444444,458
139.214095,35.46458888888889,456
139.21397,35.46470611111111,458
139.213545,35.46521388888889,469
139.213495,35.465305,466
139.21347,35.46539694444444,455
139.21345694444443,35.46548888888889,454
139.21345694444443,35.46554694444445,454
139.21353305555556,35.46598,456
139.213595,35.466155,454
139.21368305555555,35.46628888888889,453
139.21385805555556,35.46648888888889,456
139.21403305555555,35.46661388888889,453
139.21427,35.46676388888889,452
139.21473305555557,35.466955,454
139.214895,35.467005,457
139.21517,35.46704694444445,456
139.215295,35.46708888888889,455
139.21538305555555,35.46713888888889,455
139.21545694444444,35.46722194444445,452
139.21552,35.467355,456
139.21558194444444,35.46744694444445,455
139.21565694444445,35.46752194444444,455
139.21575694444445,35.467596944444445,456
139.215895,35.467663888888886,452
139.21608194444445,35.46781388888889,456
139.21618194444446,35.46792194444444,455
139.21625694444444,35.46798888888889,453
139.21630694444445,35.46801388888889,457
139.21642,35.46808,455
139.216495,35.46813,456
139.21660694444444,35.46818888888889,454
139.21668194444445,35.468246944444445,454
139.21673194444443,35.468305,454
139.21680694444444,35.46838,455
139.21697,35.46859694444444,456
139.217145,35.468855,454
139.21722,35.468955,455
139.217245,35.469005,454
139.21728194444444,35.469105,454
139.21727,35.46927194444444,454
139.21728194444444,35.46933,454
139.21730694444443,35.46937194444445,456
139.21733194444445,35.469405,456
139.21738194444444,35.469455,456
139.21748194444444,35.469555,454
139.21750694444444,35.46963,455
139.21748194444444,35.470063055555556,454
139.21745694444445,35.47013,453
139.21727,35.470305,455
139.21723194444445,35.470371944444445,452
139.217195,35.47051305555556,455
139.217195,35.47058,455
139.21718194444443,35.470796944444444,453
139.21703194444444,35.471513055555555,453
139.21692,35.47203,455
139.216895,35.47224611111111,453
139.21683194444444,35.47248,453
139.21677,35.472588055555555,454
139.21670694444444,35.47263,454
139.21663194444446,35.472655,457
139.21657,35.47264611111111,457
139.21642,35.47258,453
139.21613194444444,35.47238,454
139.21605694444443,35.47234611111111,453
139.21595694444446,35.472338055555554,454
139.21588194444445,35.472355,455
139.215795,35.472388055555555,455
139.21575694444445,35.47243,458
139.21565694444445,35.472546111111114,457
139.21558194444444,35.47263,454
139.21550694444446,35.47268805555556,453
139.215395,35.47272111111111,454
139.21488194444444,35.472813055555555,455
139.21473194444445,35.47284611111111,455
139.214595,35.47287111111111,455
139.21447,35.47288,456
139.21435694444443,35.47286305555556,456
139.21428194444445,35.47283,455
139.21382,35.472655,456
139.21368305555555,35.472613055555556,455
139.21360805555557,35.472613055555556,455
139.21355805555555,35.47263805555556,455
139.21352,35.47268,456
139.21347,35.47276305555555,456
139.213445,35.472838055555556,454
139.21333194444443,35.47313,457
139.21325694444445,35.47324611111111,454
139.21318194444444,35.47328805555556,455
139.21305694444445,35.47331305555556,455
139.212945,35.47331305555556,456
139.212845,35.47328805555556,455
139.21270694444445,35.47320388888889,455
139.21262,35.47312111111111,452
139.212545,35.47299611111111,453
139.212445,35.472746111111114,457
139.21237,35.47253805555555,456
139.212245,35.47228,455
139.21215694444444,35.472121111111115,454
139.21197,35.471938055555555,453
139.211895,35.47188,456
139.21097,35.47143805555555,456
139.210845,35.47138805555556,451
139.21067,35.47137111111111,447
139.21055805555557,35.47139611111111,444
139.210495,35.47143805555555,445
139.21047,35.471505,445
139.21047,35.47166305555555,444
139.21047,35.47179611111111,445
139.21050805555555,35.47192111111111,447
139.21055694444445,35.471988055555556,444
139.21063305555555,35.47204611111111,446
139.210795,35.472138055555554,445
139.21088194444445,35.47221305555556,445
139.21098305555554,35.47237111111111,446
139.211045,35.47257888888889,444
139.211045,35.47273805555555,444
139.21100694444445,35.47293805555555,444
139.210995,35.47302888888889,446
139.210945,35.473688055555556,445
139.210895,35.47438805555556,443
139.21082,35.47474611111111,446
139.21082,35.47488805555555,444
139.21083194444444,35.474938055555555,445
139.21090694444445,35.47515388888889,444
139.21093194444444,35.47527111111111,443
139.21092,35.47540388888889,443
139.21088194444445,35.475521111111114,446
139.21080694444444,35.47562888888889,444
139.21067,35.47572888888889,443
139.210495,35.47577888888889,441
139.21030694444445,35.47582111111111,447
139.210195,35.47589611111111,448
139.210145,35.47605388888889,454
139.21013305555556,35.47642111111111,451
139.21013305555556,35.47650388888889,450
139.21015805555555,35.47661305555555,445
139.210195,35.476686944444445,448
139.210245,35.47673805555556,446
139.21040805555555,35.47682888888889,448
139.21060805555555,35.47690388888889,448
139.21082,35.47698694444444,443
139.21087,35.47701194444444,447
139.21097,35.47709611111111,444
139.211045,35.477178888888886,444
139.211095,35.47732888888889,446
139.211095,35.47752888888889,445
139.210945,35.47797888888889,444
139.21090694444445,35.47804611111111,443
139.210795,35.47822111111111,444
139.21073305555555,35.47827888888889,443
139.21063305555555,35.47833694444444,439
139.21047,35.478411944444446,435
139.21037,35.478453888888886,434
139.21032,35.47849611111111,437
139.21030694444445,35.47854611111111,437
139.21030694444445,35.47860388888889,437
139.21035805555556,35.47868694444445,436
139.21045694444445,35.47877888888889,438
139.21075694444446,35.47891194444444,437
139.210845,35.478971111111115,435
139.21090694444445,35.479036944444445,434
139.21105694444444,35.479286944444446,435
139.21113305555556,35.47937888888889,436
139.21128305555555,35.479503888888885,434
139.21133194444445,35.47958694444444,435
139.211345,35.47977888888889,434
139.21133194444445,35.48001194444444,436
139.211295,35.48016194444445,434
139.21125805555556,35.48023694444444,431
139.211195,35.48027888888889,433
139.211095,35.48030388888889,434
139.21100694444445,35.480311944444445,434
139.210945,35.48032111111111,435
139.21090694444445,35.48034611111111,433
139.21088194444445,35.480378888888886,437
139.21088194444445,35.48055388888889,438
139.21083194444444,35.48067,442
139.21073305555555,35.480761944444446,443
139.21073305555555,35.480845,438
139.21073305555555,35.48101194444445,434
139.21070694444444,35.481095,434
139.21062,35.48123694444445,434
139.21052,35.481411944444446,434
139.21055694444445,35.48153694444444,434
139.21062,35.481595,438
139.21083194444444,35.48170388888889,437
139.21110805555554,35.481811944444445,435
139.211145,35.48187,433
139.21112,35.481986944444444,432
139.210895,35.48220388888889,435
139.210745,35.48238694444444,434
139.21070694444444,35.48242,434
139.21068194444445,35.48245388888889,430
139.21062,35.482486944444446,433
139.210545,35.48251194444445,435
139.21050805555555,35.48253694444445,435
139.210495,35.48256194444444,436
139.21050805555555,35.48262888888889,436
139.210595,35.48277,433
139.21065694444445,35.482845,436
139.21078194444445,35.482945,431
139.21103194444444,35.48307,425
139.211095,35.483111944444445,429
139.21122,35.48320388888889,426
139.211245,35.48327,422
139.21123194444445,35.483311944444445,422
139.21122,35.48341194444444,425
139.21117,35.483578055555554,422
139.21110805555554,35.48363694444444,424
139.211045,35.48366194444444,424
139.21078194444445,35.48370305555556,422
139.21012,35.48387805555556,425
139.209995,35.48392805555556,426
139.20993305555555,35.48397,426
139.20988305555557,35.484028055555555,426
139.20970694444443,35.48432,423
139.20967,35.484345,419
139.209595,35.484361944444444,421
139.209395,35.48433694444444,421
139.20935805555555,35.484345,421
139.20933194444444,35.484361944444444,421
139.20932,35.48440305555555,421
139.20930694444445,35.484595,416
139.20927,35.484695,414
139.20912,35.484895,413
139.20900805555556,35.48511194444445,412
139.20895694444445,35.48521111111111,415
139.20890805555555,35.48525305555555,414
139.20870805555555,35.48531111111111,416
139.208645,35.48533611111111,414
139.20837,35.485595,414
139.20828194444445,35.48563611111111,415
139.208045,35.485686111111114,413
139.20793194444445,35.48567,412
139.20785805555556,35.48563611111111,415
139.20772,35.48553611111111,416
139.20750805555556,35.48535305555556,412
139.20710805555555,35.48516111111111,413
139.20683305555556,35.484895,399
139.20657,35.484428055555554,406
139.20648305555557,35.48431111111111,405
139.20635805555557,35.484186111111114,405
139.20603305555557,35.48392805555556,404
139.20583305555556,35.483736111111114,405
139.20570805555556,35.48358611111111,405
139.205495,35.48323611111111,409
139.20528305555555,35.48305305555556,415
139.20520805555554,35.482945,414
139.20517,35.482861944444444,416
139.205095,35.48240305555556,415
139.20498305555554,35.482036944444445,412
139.2047711111111,35.481653055555554,413
139.2046711111111,35.481495,414
139.20462111111112,35.481428055555554,413
139.20452111111112,35.481386944444445,409
139.20425805555556,35.481445,411
139.20423305555556,35.48148694444444,411
139.20423305555556,35.48155305555556,411
139.2042461111111,35.481611944444445,413
139.20435805555556,35.48195305555556,413
139.2044461111111,35.48217,410
139.2044961111111,35.48245305555555,404
139.20452111111112,35.48262805555556,402
139.20453305555554,35.482728055555555,398
139.20455805555557,35.48286111111111,394
139.20460805555555,35.483095,396
139.20465805555557,35.483203055555556,397
139.20470805555556,35.48328611111111,395
139.205195,35.48390305555556,397
139.20535805555556,35.484045,395
139.20567,35.484295,393
139.206245,35.48480305555555,393
139.20633305555555,35.484878055555555,393
139.20635805555557,35.48492805555556,390
139.20633305555555,35.48507,393
139.20630805555555,35.48522805555555,391
139.20630805555555,35.485395,392
139.206345,35.485495,391
139.20647,35.48563611111111,392
139.206545,35.48567805555555,398
139.20697,35.485886111111114,391
139.20708305555556,35.485945,392
139.207195,35.48603611111111,390
139.20723305555555,35.48618611111111,385
139.20727,35.48637,392
139.207295,35.486445,394
139.207445,35.486595,390
139.20767,35.486778055555554,395
139.20772,35.486803055555555,395
139.20778305555555,35.48683611111111,394
139.20783194444445,35.48686111111111,394
139.20792,35.48686111111111,393
139.208295,35.486778055555554,381
139.20860694444445,35.48667805555556,380
139.208795,35.48662,382
139.20943194444445,35.48637,372
139.20973305555555,35.486311111111114,369
139.209845,35.48627,369
139.20998305555557,35.48618611111111,366
139.21012,35.48610305555555,365
139.21042,35.48591111111111,364
139.21047,35.48585305555556,363
139.210495,35.48582,363
139.21050805555555,35.48562805555556,362
139.21047,35.48542,363
139.21048305555556,35.48533694444444,363
139.21052,35.48527,361
139.21058194444444,35.485236944444445,363
139.21065694444445,35.48522,359
139.210745,35.485236944444445,364
139.210995,35.485328055555556,363
139.21125694444444,35.48542,365
139.211545,35.48560305555556,366
139.21160694444444,35.48562,366
139.21167,35.48560305555556,367
139.21182,35.485486944444446,367
139.21198194444443,35.485328055555556,364
139.21208194444444,35.485145,364
139.21218194444444,35.484895,365
139.212195,35.484853055555554,364
139.212245,35.48471194444444,366
139.21227,35.48451194444444,363
139.21232,35.48442,361
139.21237,35.48437,364
139.212445,35.48432805555556,362
139.21252,35.48431194444444,362
139.21257,35.48430305555556,363
139.21267,35.48432805555556,362
139.21282,35.48440305555555,360
139.212945,35.484495,354
139.213045,35.484628055555554,352
139.21342,35.48492805555556,355
139.21360694444445,35.485095,353
139.21368194444443,35.485195,353
139.21378194444443,35.485486944444446,354
139.21385694444444,35.48560305555556,356
139.21435694444443,35.485995,351
139.2146688888889,35.486395,353
139.2148688888889,35.486578055555555,356
139.2150188888889,35.48662,354
139.21520694444445,35.48666194444444,354
139.21539388888888,35.486645,354
139.21555694444444,35.486603055555555,355
139.2156938888889,35.486553055555554,353
139.21609388888888,35.48627,347
139.2162438888889,35.48623694444444,348
139.21638194444444,35.48623694444444,347
139.21648194444444,35.48627,344
139.21685694444446,35.48652,342
139.2170438888889,35.48663694444444,344
139.21723194444445,35.48667,346
139.2174938888889,35.48663694444444,345
139.2177438888889,35.486553055555554,344
139.21789388888888,35.48647,347
139.21800694444445,35.48636194444445,347
139.2182688888889,35.48605305555556,346
139.21844388888888,35.485911944444446,347
139.21856888888888,35.485861944444444,349
139.21878194444446,35.48582888888889,348
139.2194188888889,35.48577,344
139.2195688888889,35.48578694444444,347
139.21969388888888,35.48585388888889,345
139.21981888888888,35.48596194444445,344
139.22008194444444,35.486445,344
139.22016888888888,35.48661194444445,343
139.2203438888889,35.48685305555556,343
139.22060611111112,35.48712,343
139.2209188888889,35.48737805555555,331
139.2211438888889,35.487545,332
139.2213188888889,35.487645,334
139.2214561111111,35.48776194444444,325
139.2216688888889,35.48827,323
139.2216811111111,35.488478055555554,323
139.22161888888888,35.488728055555555,324
139.2213561111111,35.48905305555556,322
139.2211561111111,35.48952805555555,323
139.2210311111111,35.48970305555556,321
139.2209311111111,35.489761111111115,323
139.22071888888888,35.48987805555556,321
139.2206561111111,35.48997,317
139.22049388888888,35.49021111111111,314
139.22026888888888,35.49042,315
139.2200311111111,35.490645,314
139.2199811111111,35.49072805555556,314
139.21991888888888,35.49097805555556,312
139.2197811111111,35.49131111111111,315
139.2198561111111,35.491661111111114,316
139.21983111111112,35.49194388888889,317
139.21981888888888,35.49200305555556,317
139.2198938888889,35.492403055555556,315
139.2197438888889,35.49281111111111,317
139.2198688888889,35.49319388888889,315
139.2201311111111,35.49364388888889,315
139.22036888888888,35.49401888888889,316
139.2206938888889,35.49456111111111,315
139.22120611111112,35.49506888888889,313
139.22129388888888,35.49526111111111,311
139.2213311111111,35.49539388888889,313
139.2213688888889,35.495511111111114,312
139.2214438888889,35.49566111111111,313
139.22164388888888,35.49587694444445,312
139.22208111111112,35.49653611111111,313
139.22233111111112,35.49721888888889,312
139.2226938888889,35.49753611111111,312
139.2229561111111,35.49791111111111,314
139.22331888888888,35.49822694444445,318
139.22345611111112,35.498335,318
139.2235311111111,35.49836,318
139.2236188888889,35.498385,317
139.2238311111111,35.498385,317
139.22400611111112,35.49834388888889,318
139.2245561111111,35.49825194444445,318
139.2248688888889,35.49816888888889,316
139.2251061111111,35.49813611111111,318
139.2253061111111,35.49811888888889,317
139.2254561111111,35.49813611111111,316
139.2256188888889,35.49819388888889,317
139.22573111111112,35.49826111111111,312
139.22581888888888,35.49834388888889,311
139.2258688888889,35.49839388888889,311
139.22594388888888,35.49843611111111,312
139.2260811111111,35.49845194444445,319
139.22614305555555,35.49845194444445,318
139.22628111111112,35.49846888888889,317
139.22634305555556,35.49848611111111,315
139.22641805555557,35.49850194444444,315
139.22653111111111,35.49854388888889,313
139.22659305555555,35.49859388888889,315
139.2266811111111,35.49870194444444,312
139.2268061111111,35.498851944444446,313
139.22685611111112,35.49889388888889,317
139.2269311111111,35.49891,317
139.22728111111113,35.49887694444445,315
139.22766805555557,35.49886111111111,316
139.22796805555555,35.49881111111111,317
139.2281561111111,35.49881888888889,315
139.2282811111111,35.49887694444445,313
139.22836805555556,35.49898611111111,312
139.2284061111111,35.49903611111111,312
139.2284811111111,35.499085,312
139.22855611111112,35.499093888888886,311
139.2287061111111,35.49907694444445,312
139.22931805555555,35.49891111111111,315
139.2294311111111,35.49889388888889,315
139.2298561111111,35.49887694444445,313
139.2300561111111,35.49881888888889,314
139.2304061111111,35.49871888888889,304
139.2305561111111,35.49871111111111,304
139.23080611111112,35.498736111111114,305
139.2310061111111,35.49878611111111,307
139.2312061111111,35.498851944444446,305
139.23134305555556,35.49894388888889,304
139.23148111111112,35.499068888888885,304
139.23164305555557,35.49924388888889,304
139.23169305555555,35.49931111111111,302
139.23176805555556,35.49943611111111,303
139.23194305555555,35.499835,303
139.23196805555557,35.499935,304
139.23196805555557,35.500035,305
139.23191805555555,35.500143888888886,303
139.23166805555556,35.500385,295
139.2316311111111,35.50049388888889,295
139.23160611111112,35.50069388888889,294
139.2315561111111,35.50082694444445,294
139.23150611111112,35.50087694444444,294
139.23139305555554,35.500976944444446,295
139.23134305555556,35.50105194444444,293
139.2313061111111,35.501135,295
139.23125611111112,35.50126,293
139.23116805555554,35.50149388888889,293
139.2311061111111,35.501601944444445,294
139.23105611111112,35.50166,294
139.2309811111111,35.501735,294
139.23070611111112,35.50194305555556,297
139.23039305555557,35.502185,296
139.23013111111112,35.50237694444444,296
139.22996805555556,35.50256805555556,295
139.22991805555554,35.502651944444445,295
139.22986805555556,35.50277694444444,297
139.22971805555557,35.50325194444444,294
139.2296561111111,35.50350111111111,288
139.2294311111111,35.50427611111111,302
139.2294061111111,35.504335,304
139.22924305555554,35.50494305555556,302
139.22924305555554,35.505093055555555,302
139.22926805555556,35.50523388888889,303
139.22936805555557,35.505383888888886,303
139.2295061111111,35.505518055555555,303
139.23045611111112,35.50620888888889,301
139.2306311111111,35.506368055555555,304
139.23074305555556,35.50646805555556,304
139.23083111111112,35.50662611111111,304
139.2308811111111,35.50678388888889,307
139.23091805555555,35.50702611111111,303
139.2309561111111,35.50745111111111,305
139.23111805555556,35.50906805555555,302
139.2312061111111,35.509951111111114,301
139.23128111111112,35.51070111111111,312
139.23160611111112,35.51286694444445,306
139.2316811111111,35.513125,303
139.232005,35.513558055555556,302
139.232955,35.515008055555555,300
139.23301805555556,35.515166944444445,303
139.23301805555556,35.51536611111111,303
139.232955,35.51556611111111,305
139.232505,35.516708055555554,306
139.232405,35.51683305555556,307
139.23229305555554,35.516933055555555,306
139.23158,35.51729888888889,308
139.23141805555557,35.51739111111111,315
139.23128,35.51752388888889,317
139.23123,35.51763305555556,315
139.23114305555555,35.51806611111111,316
139.2310461111111,35.51862388888889,314
139.2310461111111,35.51862388888889,314
139.23101805555555,35.51879111111111,313
139.23078,35.51866611111111,311
139.23058111111112,35.51857388888889,307
139.2303061111111,35.51849111111111,305
139.22926805555556,35.51832388888889,297
139.22876805555555,35.51827388888889,296
139.2285061111111,35.51827388888889,297
139.22834305555557,35.518298888888886,297
139.22808111111112,35.518391111111114,294
139.2277311111111,35.518591111111114,291
139.2273811111111,35.51886611111111,297
139.22675611111111,35.519373888888886,307
139.22596805555557,35.52000694444445,306
139.2255561111111,35.52034,303
139.22493111111112,35.52084,309
139.22439305555557,35.521281944444446,317
139.2237061111111,35.52193194444445,331
139.22349305555556,35.522315,319
139.22323111111112,35.522931944444444,316
139.2231811111111,35.52309,317
139.22309305555555,35.523623055555554,319
139.2230561111111,35.524865,317
139.2230811111111,35.52523111111111,312
139.22324305555554,35.52560611111111,311
139.22389305555555,35.52641388888889,314
139.22396805555556,35.526606111111114,312
139.2239561111111,35.526806111111114,322
139.22389305555555,35.526963888888886,325
139.2234061111111,35.52746388888889,326
139.2232561111111,35.52771388888889,323
139.22300611111112,35.52855611111111,326
139.22140611111112,35.53089694444444,341
139.22124305555556,35.53106388888889,341
139.21913111111112,35.532313055555555,297
139.21716805555556,35.53344694444444,299
139.2163438888889,35.53393805555555,321
139.21609388888888,35.53413,323
139.21586888888888,35.53438805555555,324
139.2157061111111,35.53477111111111,333
139.2156811111111,35.53503,338
139.2157188888889,35.53536305555556,339
139.2158311111111,35.53563805555556,337
139.2161438888889,35.536005,336
139.2163438888889,35.53620388888889,336
139.21676805555555,35.53651305555555,337
139.21716805555556,35.536813055555555,335
139.21811805555555,35.53742111111111,334
139.21966805555556,35.53823805555555,321
139.2197561111111,35.538288055555554,321
139.2199061111111,35.53836305555556,320
139.2202088888889,35.53852388888889,318
139.2202088888889,35.53852388888889,318
139.22034305555556,35.53859611111111,317
139.21999305555556,35.53886305555555,314
139.2196561111111,35.539163055555555,313
139.21925611111112,35.53987111111111,305
139.21913111111112,35.54004611111111,300
139.21860611111111,35.54041194444444,295
139.2183811111111,35.54052111111111,294
139.2182811111111,35.54053694444445,296
139.21729305555556,35.54055388888889,293
139.21696805555555,35.54055388888889,289
139.21664305555555,35.54058805555555,285
139.21653111111112,35.54064611111111,285
139.21644305555554,35.54098694444444,284
139.2164811111111,35.54114611111111,285
139.21653111111112,35.54122111111111,285
139.21664305555555,35.541311944444445,286
139.21706805555556,35.54162111111111,287
139.21711805555555,35.54165388888889,286
139.21726805555556,35.54179611111111,288
139.21735611111112,35.541896111111114,287
139.21741805555556,35.542003888888885,287
139.21761805555556,35.54234611111111,286
139.21768111111112,35.54254611111111,285
139.21769305555554,35.54280388888889,286
139.21769305555554,35.542878888888886,286
139.21764305555556,35.54322888888889,287
139.21759305555557,35.54336194444444,286
139.21754305555555,35.54347888888889,285
139.21741805555556,35.54377111111111,284
139.21736805555557,35.54387888888889,282
139.2173811111111,35.54399611111111,281
139.21741805555556,35.54410388888889,280
139.21743111111113,35.54412888888889,278
139.21761805555556,35.54447111111111,279
139.21784305555556,35.54487888888889,279
139.2183311111111,35.54567888888889,278
139.21854305555556,35.54597888888889,278
139.21870611111112,35.546195,277
139.21879305555555,35.546295,277
139.21886805555556,35.54635388888889,277
139.21893111111112,35.54638694444444,277
139.21901805555555,35.54640388888889,276
139.22024305555556,35.546461944444445,273
139.22036805555555,35.546486944444446,273
139.22050611111112,35.546528888888886,273
139.22059305555555,35.54657,273
139.22066805555556,35.546636944444444,273
139.22084611111111,35.546835,272
139.22084611111111,35.546835,272
139.2209311111111,35.546928888888885,271
139.2215061111111,35.54716194444445,271
139.22161805555555,35.54723694444444,271
139.22169305555556,35.54732888888889,271
139.22269305555557,35.54891194444444,268
139.22284305555556,35.54912,268
139.22335611111112,35.54978694444444,267
139.22345611111112,35.54990388888889,266
139.22359305555557,35.549995,266
139.2237561111111,35.550045,264
139.22411805555555,35.550095,264
139.2242811111111,35.55010388888889,264
139.22444305555555,35.550153055555555,262
139.22460611111111,35.55027,262
139.22469305555555,35.55036194444445,262
139.22480611111112,35.55047805555556,262
139.2250061111111,35.55086194444444,262
139.225055,35.55103694444445,261
139.22506805555557,35.551186944444446,261
139.22511805555555,35.551361944444444,260
139.22528,35.551636944444446,260
139.22543,35.552195,259
139.225455,35.552236944444445,259
139.225505,35.55231194444445,259
139.22554305555556,35.55237,259
139.22571805555555,35.55257,259
139.22584305555554,35.552661944444445,259
139.226155,35.55282,259
139.226355,35.552928055555554,258
139.22639305555555,35.552945,258
139.22648,35.552953055555555,258
139.226555,35.552945,258
139.22671805555555,35.55285305555556,258
139.22698,35.55265305555555,258
139.22709305555554,35.55262805555556,258
139.227205,35.55262805555556,258
139.22728,35.55267805555555,257
139.22733,35.55278694444444,257
139.22753,35.55393611111111,257
139.22759305555556,35.554095,257
139.22768,35.554245,258
139.22796805555555,35.55457,260
139.22846805555557,35.555053055555554,261
139.228555,35.55511111111111,260
139.22863,35.55516111111111,261
139.22871805555556,35.55520305555556,261
139.22879305555554,35.555236111111114,260
139.22954305555555,35.55538611111111,263
139.229755,35.55548611111111,262
139.23004305555557,35.555703055555554,254
139.23023,35.55585305555555,254
139.23039194444445,35.55598611111111,254
139.23049194444445,35.55605305555556,255
139.230655,35.556128055555554,255
139.230805,35.55617,256
139.230855,35.556178055555556,256
139.23098,35.55620305555556,256
139.231205,35.55618611111111,255
139.231455,35.55617,256
139.23194305555555,35.556086111111114,256
139.23224194444444,35.556045,255
139.23249305555555,35.55605305555556,255
139.23254305555557,35.55605305555556,255
139.233055,35.55622805555556,255
139.23309194444445,35.556245,255
139.23358,35.55642805555556,254
139.23369305555556,35.55648611111111,255
139.23381805555556,35.556545,255
139.23401694444445,35.55667,255
139.23409305555555,35.55671111111111,255
139.23498,35.557345,257
139.23519305555556,35.55750305555556,252
139.23534305555555,35.55767,248
139.235405,35.55786111111111,248
139.23546694444445,35.55813611111111,245
139.23559194444445,35.558753055555556,240
139.23559194444445,35.55885305555555,239
139.235605,35.55907805555555,240
139.23556694444446,35.55928611111111,243
139.23556694444446,35.55949388888889,244
139.235605,35.55966111111111,243
139.23563,35.55971888888889,242
139.235955,35.56034388888889,241
139.23598,35.56064388888889,242
139.23598,35.56121888888889,237
139.236005,35.561328055555556,236
139.23606694444445,35.561461111111115,230
139.23636694444446,35.56184388888889,231
139.23641694444444,35.56191111111111,229
139.236555,35.56247694444444,230
139.23661694444445,35.562603055555556,230
139.23666694444444,35.562643888888886,228
139.23691694444443,35.56288611111111,230
139.23721694444444,35.56318611111111,234
139.23729194444445,35.56326888888889,233
139.23779194444444,35.563853055555555,232
139.23797888888888,35.564103055555556,234
139.23809194444445,35.564253055555554,236
139.23816694444446,35.564326944444446,234
139.23829194444446,35.56444388888889,234
139.2384788888889,35.56458611111111,234
139.23929194444443,35.56516888888889,236
139.23969194444444,35.56546888888889,236
139.2398538888889,35.56556888888889,236
139.23990388888888,35.56559388888889,236
139.24000388888888,35.565626944444446,235
139.2401538888889,35.56567694444445,236
139.2403038888889,35.56571111111111,235
139.24059194444445,35.56576888888889,234
139.2414288888889,35.56594388888889,234
139.24154194444444,35.565936111111114,232
139.24159194444445,35.565936111111114,231
139.2423038888889,35.56607694444445,225
139.2423288888889,35.56607694444445,225
139.2424038888889,35.56608611111111,228
139.24296694444445,35.56610194444445,233
139.24299194444444,35.56610194444445,233
139.24401694444444,35.56608611111111,231
139.24406694444446,35.56608611111111,231
139.24469194444444,35.56608,228
139.24469194444444,35.56608,228
139.24496694444446,35.56607694444445,226
139.24529194444443,35.566051944444446,226
139.2454038888889,35.566068888888886,226
139.24546694444444,35.56613611111111,228
139.24552888888888,35.56621888888889,228
139.2459288888889,35.56613611111111,227
139.24622888888888,35.56613611111111,227
139.24645388888888,35.56613611111111,226
139.24681611111112,35.56617694444444,223
139.24700388888888,35.566201944444444,220
139.2471038888889,35.56621888888889,220
139.2474161111111,35.56626888888889,218
139.24812888888889,35.56632694444444,217
139.24836611111112,35.56633611111111,217
139.2490288888889,35.56633611111111,217
139.24986611111112,35.56634388888889,217
139.24995388888888,35.56634388888889,215
139.2507161111111,35.56634388888889,213
139.2521661111111,35.56634388888889,209
139.25260305555557,35.56634388888889,207
139.25357805555555,35.56632694444444,204
139.25449111111112,35.56623611111111,204
139.2553661111111,35.56614388888889,204
139.25541611111112,35.56626888888889,206
139.25547805555556,35.566293888888886,206
139.25555,35.56632111111111,208
139.25555,35.56632111111111,208
139.2555911111111,35.56633611111111,209
139.25572805555555,35.56631888888889,205
139.2558911111111,35.56631888888889,204
139.2566161111111,35.56641888888889,204
139.2566911111111,35.566426944444444,204
139.2568161111111,35.566476944444446,206
139.25850305555556,35.56713611111111,215
139.25860305555557,35.56716111111111,215
139.25870305555554,35.56718611111111,214
139.25904,35.56722805555555,216
139.25929,35.56726111111111,215
139.259515,35.56729388888889,214
139.25964,35.56731888888889,214
139.259765,35.567368888888886,215
139.25987805555556,35.56745305555555,216
139.26007805555557,35.567661111111114,216
139.26022805555556,35.56776111111111,216
139.26120305555557,35.56826888888889,217
139.261815,35.56859388888889,217
139.262115,35.568801944444445,215
139.26224,35.56888611111111,214
139.262865,35.56932694444444,211
139.26297805555555,35.569476944444446,212
139.26304,35.56960194444444,213
139.26305194444444,35.56974388888889,214
139.26305194444444,35.569786111111114,215
139.26302694444445,35.569901944444446,215
139.26285305555555,35.570501944444445,217
139.262815,35.57069388888889,218
139.26284,35.57091,219
139.26302694444445,35.571601944444446,226
139.26314,35.57175194444444,227
139.26320305555555,35.571776944444444,227
139.26350194444444,35.571935,225
139.26355194444446,35.57204388888889,226
139.26357694444445,35.57209388888889,225
139.26360194444445,35.57227694444445,227
139.26360194444445,35.57241,228
139.263565,35.572543055555556,227
139.26349,35.572743055555556,226
139.263365,35.572851944444444,225
139.26320194444443,35.57299305555556,226
139.26315194444445,35.573085,225
139.26312694444445,35.573235,228
139.26307694444444,35.573476944444444,230
139.26295194444444,35.57386,231
139.26290194444445,35.57401,232
139.26272694444444,35.57451805555556,236
139.262615,35.57491,236
139.26254,35.57539305555556,238
139.26247694444444,35.57575111111111,238
139.262415,35.576543055555554,226
139.262415,35.57667611111111,224
139.26244,35.57680111111111,223
139.262715,35.57755111111111,216
139.26275194444443,35.57770111111111,213
139.262765,35.578026111111114,208
139.26275194444443,35.57820888888889,209
139.26274,35.578451111111114,202
139.262715,35.57855111111111,202
139.26257694444445,35.578966944444446,207
139.26252694444443,35.57909305555555,208
139.26235194444445,35.579566944444444,217
139.26222694444445,35.57982611111111,221
139.261765,35.58068388888889,228
139.26154,35.581025,228
139.26147694444444,35.5811,228
139.26137694444444,35.58116694444445,224
139.26122694444445,35.5812,223
139.26112694444444,35.58121694444444,222
139.26050194444446,35.58120888888889,213
139.26035194444444,35.581225,209
139.260265,35.58125,209
139.25885305555556,35.58160888888889,201
139.25874,35.58165888888889,202
139.25870305555554,35.581725,200
139.25870305555554,35.581783888888886,198
139.25875305555556,35.58183388888889,198
139.25884,35.58185888888889,196
139.25894,35.58185888888889,194
139.259865,35.58163388888889,197
139.25997694444445,35.581625,197
139.260065,35.581625,197
139.260765,35.581875,194
139.26094,35.581916944444444,192
139.26114,35.581966944444446,193
139.26189,35.5821,191
139.26197694444446,35.58213388888889,187
139.26202694444444,35.5822,187
139.262015,35.58229194444444,183
139.26194,35.58233388888889,181
139.26122694444445,35.58235888888889,175
139.261015,35.582375,174
139.260815,35.58240888888889,174
139.26057694444444,35.5825,172
139.26022694444444,35.58265,171
139.26014,35.582683055555556,171
139.25977694444444,35.582816944444446,171
139.25974,35.582825,171
139.25902694444446,35.58298305555556,167
139.25889,35.583058055555554,166
139.258765,35.58315,166
139.25865194444444,35.583241944444445,165
139.25859,35.583283055555555,165
139.25839,35.583441944444445,164
139.25832805555555,35.58349194444445,164
139.25825194444445,35.583616944444444,163
139.25822805555555,35.583691944444446,163
139.25819,35.58379194444444,163
139.258765,35.58356694444444,163
139.259065,35.583466944444446,164
139.259265,35.583416944444444,164
139.25957694444443,35.58338305555556,163
139.259765,35.58335805555556,163
139.25997694444445,35.58331694444445,164
139.26030194444445,35.583266944444446,163
139.26049,35.583325,163
139.260565,35.5833,163
139.260765,35.58320805555555,163
139.26169,35.5829,163
139.261765,35.582883055555556,163
139.26187694444445,35.58286694444445,163
139.2620638888889,35.582875,162
139.26220111111112,35.58288888888889,162
139.26220111111112,35.58288888888889,162
139.26222694444445,35.58289194444444,162
139.26237694444444,35.58293305555556,162
139.26285194444444,35.58315805555556,163
139.26333888888888,35.58338305555556,159
139.26390194444446,35.58356694444444,154
139.26448888888888,35.58374194444445,155
139.26512694444443,35.583925,155
139.26597694444445,35.58415,157
139.2666011111111,35.584325,156
139.2676138888889,35.58461611111111,154
139.2685011111111,35.58484111111111,153
139.2686138888889,35.58486611111111,153
139.26891388888887,35.584966111111115,152
139.2690511111111,35.58501611111111,152
139.26958888888888,35.585258055555556,152
139.2698638888889,35.585391111111115,152
139.27005111111112,35.585458055555556,151
139.2703138888889,35.58555,151
139.2705638888889,35.58555805555556,151
139.2708011111111,35.58555,151
139.2710261111111,35.585525,151
139.27161305555555,35.585366111111114,150
139.2723261111111,35.585183055555554,150
139.27256305555557,35.58513305555555,150
139.27351305555555,35.584925,143
139.2736011111111,35.584925,141
139.27368805555557,35.58491611111111,141
139.27391305555557,35.584941111111114,143
139.27418805555556,35.585025,142
139.27488805555555,35.58533305555556,152
139.27553805555556,35.58565,152
139.27650111111112,35.58611611111111,153
139.276875,35.58623305555555,150
139.27706305555554,35.58626611111111,150
139.27821305555557,35.58639111111111,150
139.27943805555554,35.58652388888889,149
139.27976305555555,35.58655805555556,139
139.279975,35.586573888888886,138
139.280125,35.58658305555556,138
139.28023694444445,35.58658305555556,137
139.28033805555555,35.586573888888886,137
139.28046194444445,35.58654888888889,136
139.28081194444445,35.586441111111114,135
139.28098694444444,35.58634888888889,134
139.28121194444444,35.58619888888889,135
139.28193694444445,35.58550805555556,134
139.28205,35.585458055555556,133
139.2822,35.58544111111111,134
139.282375,35.58545,132
139.28468694444445,35.58632388888889,130
139.28486194444446,35.58639111111111,130
139.28501194444445,35.58647388888889,129
139.28513694444445,35.586573888888886,129
139.28518694444443,35.58661611111111,129
139.28531194444443,35.58678305555556,129
139.2854238888889,35.58703305555556,130
139.2856488888889,35.58750805555555,134
139.2857488888889,35.58769888888889,137
139.28586194444443,35.58791611111111,139
139.28596194444444,35.58806611111111,139
139.28606194444444,35.58815805555555,139
139.28623694444445,35.58833194444444,139
139.28631194444444,35.588408055555554,139
139.28641194444444,35.58850694444445,139
139.28668694444445,35.588791111111114,140
139.28692388888888,35.589016111111114,141
139.28712388888889,35.589216111111114,141
139.28741194444444,35.58951611111111,143
139.2875738888889,35.58965694444444,143
139.28813694444443,35.590215,145
139.28823694444444,35.59030694444444,145
139.28839888888888,35.59044,145
139.2885488888889,35.59054,145
139.2887611111111,35.59065694444445,146
139.28897388888888,35.59074888888889,146
139.2891361111111,35.59079888888889,147
139.28941111111112,35.59085694444445,147
139.28966111111112,35.59089,147
139.28987388888888,35.59089,147
139.29008611111112,35.59088194444445,146
139.29089888888888,35.590865,146
139.2913988888889,35.590865,146
139.2916111111111,35.590865,146
139.2918238888889,35.590873888888886,145
139.2919861111111,35.59089,146
139.2922111111111,35.59093194444444,146
139.2924238888889,35.59099888888889,145
139.29337305555555,35.59137305555556,146
139.29352305555557,35.591431944444444,146
139.2936361111111,35.591481944444446,147
139.2937611111111,35.591515,147
139.2939111111111,35.59154,147
139.29428611111112,35.59159,147
139.29439805555555,35.59159805555556,146
139.2946611111111,35.59162305555556,146
139.29499805555557,35.59164805555555,146
139.29528611111112,35.591665,146
139.29564805555555,35.59169,146
139.2961611111111,35.591715,145
139.29712305555555,35.591765,144
139.29759805555557,35.59178194444444,144
139.29807305555556,35.59179805555556,144
139.29849805555557,35.59184805555556,143
139.29856,35.591915,143
139.29921,35.592131944444446,144
139.29937305555555,35.59218194444444,143
139.29954805555556,35.59224,142
139.29972305555555,35.592306944444445,141
139.29989805555556,35.592415,139
139.299985,35.59245611111111,138
139.300135,35.592573055555555,135
139.30029805555554,35.59272305555555,136
139.30036,35.59284805555556,137
139.30034805555556,35.59320611111111,139
139.30034805555556,35.593315,139
139.300385,35.593423055555554,141
139.30051,35.59363111111111,145
139.30061,35.593806111111114,145
139.30069805555556,35.59395611111111,145
139.300785,35.59405611111111,145
139.300885,35.59411388888889,144
139.30099694444445,35.59415611111111,145
139.30117194444443,35.594163888888886,147
139.301885,35.59408111111111,149
139.30194805555556,35.594073055555555,150
139.30219805555555,35.59403888888889,150
139.30236,35.59403888888889,151
139.30247194444445,35.594048055555554,152
139.30241,35.59420611111111,151
139.30231111111112,35.59431611111111,151
139.30231111111112,35.59431611111111,151
139.30241,35.59420611111111,151
139.30247194444445,35.594048055555554,152
139.302535,35.59405611111111,152
139.30271,35.59411388888889,153
139.30284694444444,35.59418111111111,153
139.30297194444444,35.59424805555555,154
139.30291,35.59443111111111,154
139.30274694444444,35.59482194444445,155
139.30257194444445,35.59527305555556,157
139.30254694444446,35.59533111111111,156
139.302485,35.59561388888889,158
139.30246,35.59575611111111,158
139.30244694444445,35.59590611111111,159
139.302435,35.596071944444446,158
139.30244694444445,35.59616388888889,159
139.30244694444445,35.59623111111111,159
139.30246,35.59637194444444,160
139.302485,35.59653888888889,160
139.30261,35.597096944444445,163
139.30262194444444,35.59713,163
139.30274694444444,35.59769694444444,163
139.30277194444446,35.597813055555555,163
139.3029338888889,35.598555,164
139.30299694444443,35.59892111111111,166
139.30300888888888,35.599088055555555,167
139.30300888888888,35.59921305555556,167
139.30299694444443,35.599305,168
139.3029588888889,35.599455,169
139.3029338888889,35.59958805555556,170
139.30288388888889,35.599713055555554,171
139.30280888888888,35.59987111111111,171
139.30262194444444,35.600338055555554,174
139.30249694444444,35.600653888888885,174
139.30227194444444,35.60112888888889,171
139.30219694444443,35.601261944444445,172
139.30209694444446,35.601396111111114,171
139.30199694444445,35.60149611111111,169
139.30174694444443,35.60174611111111,167
139.30164694444446,35.601838055555554,166
139.3014088888889,35.602021111111114,166
139.30132194444445,35.60210388888889,167
139.30074694444446,35.60261194444445,166
139.3003838888889,35.60292888888889,165
139.30008388888888,35.60319611111111,164
139.2999838888889,35.60327888888889,164
139.29984694444445,35.603411944444446,164
139.29974694444445,35.603521111111114,164
139.29949694444446,35.603845,164
139.29944694444444,35.60392,166
139.2993588888889,35.604045,167
139.29892194444446,35.60462,166
139.2986838888889,35.60497888888889,165
139.29858388888888,35.605195,165
139.2985338888889,35.605311944444445,166
139.29827194444445,35.605895,167
139.29790888888888,35.606695,171
139.29787194444444,35.60677,171
139.2978338888889,35.60686111111111,171
139.29779694444446,35.60693611111111,171
139.2977588888889,35.60702,171
139.29768388888888,35.60713611111111,171
139.2976338888889,35.60717805555556,171
139.29759694444445,35.60722,171
139.2974088888889,35.607353055555556,172
139.29697194444444,35.60762,172
139.296635,35.60784388888889,172
139.296435,35.60802805555556,172
139.296185,35.60826111111111,173
139.296135,35.60830305555555,173
139.29576,35.60859388888889,175
139.29572194444444,35.608628055555556,175
139.29522194444445,35.60901111111111,177
139.29494694444443,35.60921888888889,176
139.294735,35.60946888888889,173
139.29457194444444,35.609651944444444,172
139.29449694444443,35.60971111111111,173
139.29442194444445,35.60976111111111,173
139.29421,35.60986888888889,173
139.29411,35.609901944444445,173
139.29406,35.60991888888889,173
139.29374694444445,35.61001111111111,173
139.293435,35.610103055555555,173
139.29331,35.610128055555556,174
139.293085,35.61017694444445,176
139.29296,35.61020194444445,176
139.29281,35.61022805555555,175
139.29262194444445,35.61028611111111,176
139.29247305555555,35.610326944444445,177
139.29206,35.61054388888889,178
139.291835,35.61064388888889,178
139.29159694444445,35.61071111111111,178
139.29137194444445,35.61078611111111,178
139.29119805555555,35.61085194444444,179
139.29096,35.61099388888889,178
139.29079694444445,35.61112694444444,177
139.29062194444444,35.61131888888889,178
139.290585,35.61136111111111,178
139.29052194444444,35.61146111111111,178
139.29041,35.61163611111111,178
139.29029694444444,35.61186111111111,178
139.29014694444444,35.61220194444444,176
139.29004694444444,35.61240194444444,176
139.28996,35.61254388888889,176
139.289885,35.61266888888889,177
139.28971,35.612943888888886,177
139.28949805555555,35.61316,178
139.29004694444444,35.61336,179
139.289935,35.613501944444444,179
139.289785,35.61374305555555,179
139.28969805555556,35.61394305555555,179
139.289635,35.61414305555556,180
139.28959805555556,35.61436805555556,181
139.289585,35.614435,181
139.289635,35.61579305555556,188
139.289685,35.61674305555555,189
139.289685,35.61691805555556,189
139.28966,35.617043055555555,189
139.28957194444445,35.61728388888889,189
139.28947194444444,35.617491944444446,189
139.28929694444443,35.617733888888885,189
139.28921,35.61781694444444,189
139.289035,35.618026111111114,189
139.288585,35.618493055555554,195
139.28781,35.61933388888889,197
139.287635,35.619551111111114,195
139.28757194444444,35.61970888888889,197
139.28752194444445,35.61992611111111,197
139.287385,35.621,205
139.28729694444445,35.621625,206
139.28722194444444,35.62195805555555,207
139.28717194444445,35.62215,206
139.28712194444444,35.6222,206
139.28686,35.6228,208
139.28666,35.62338305555556,202
139.286485,35.62385805555556,198
139.28639694444445,35.62401611111111,198
139.28619694444444,35.6243,196
139.28582194444445,35.624783055555554,195
139.285535,35.62513305555556,194
139.28537194444445,35.62533305555556,193
139.28524694444445,35.625548888888886,193
139.28507194444444,35.625908055555556,189
139.28501,35.62606611111111,189
139.28486,35.62643194444444,189
139.28456,35.627248888888886,189
139.28427194444444,35.627966111111114,193
139.28409694444446,35.62840694444444,192
139.2840588888889,35.628616111111114,194
139.2840588888889,35.62899,192
139.28409694444446,35.629265,188
139.28414694444444,35.62940694444445,186
139.28422194444445,35.62957388888889,183
139.28429694444443,35.62970694444444,184
139.2843838888889,35.62985694444444,185
139.28449694444444,35.62999,186
139.28465888888888,35.630165,185
139.28489694444445,35.63035694444444,186
139.28567194444443,35.63088194444445,179
139.2859588888889,35.631081944444446,179
139.28604694444445,35.63117305555556,178
139.28617194444445,35.631315,178
139.28639694444445,35.631498055555554,177
139.28649694444445,35.63164805555556,176
139.28658388888888,35.63184,176
139.28664694444444,35.63202305555556,175
139.2866838888889,35.632173055555555,175
139.2867838888889,35.63252305555555,174
139.28695888888888,35.63319805555555,171
139.2869961111111,35.633313888888885,172
139.28715888888888,35.63368111111111,173
139.2873338888889,35.63401388888889,173
139.2873461111111,35.63403111111111,173
139.2875338888889,35.63435611111111,175
139.28762111111112,35.63453111111111,176
139.2877088888889,35.63469805555555,176
139.2877588888889,35.63493888888889,178
139.2877838888889,35.63515611111111,181
139.2877838888889,35.63531388888889,181
139.28774611111112,35.63573888888889,185
139.2876961111111,35.63616388888889,188
139.28762111111112,35.63664694444444,189
139.2875838888889,35.63685611111111,189
139.2875711111111,35.63691388888889,189
139.28752111111112,35.63727194444444,189
139.2874588888889,35.63773111111111,188
139.2874338888889,35.63789694444444,187
139.2873211111111,35.63854694444444,184
139.28728388888888,35.63889694444445,182
139.2872461111111,35.63918888888889,181
139.2872211111111,35.63928888888889,180
139.2870838888889,35.639671944444444,178
139.28684611111112,35.640321944444445,173
139.2867461111111,35.640588055555554,172
139.2864338888889,35.64147194444445,170
139.28637111111112,35.641621944444445,169
139.28635888888888,35.641663055555554,169
139.28613388888888,35.64226305555555,167
139.2858838888889,35.642955,164
139.28579611111113,35.643188055555555,164
139.2857461111111,35.643305,164
139.28572111111112,35.64338,164
139.2856461111111,35.643571111111115,164
139.28533388888889,35.64442888888889,163
139.28527305555556,35.64457111111111,163
139.28527305555556,35.64457111111111,163
139.28523388888888,35.644663055555554,163
139.28510888888889,35.64494611111111,162
139.2846088888889,35.64472888888889,162
139.2840838888889,35.64447111111111,161
139.2836961111111,35.644263055555555,162
139.28322111111112,35.64402111111111,163
139.28310888888888,35.64395388888889,164
139.28297111111112,35.643863055555556,164
139.2824838888889,35.64353805555555,164
139.28224111111112,35.64337611111111,164
</coordinates>
</LineString>
</Placemark>
</Document>
</kml>
