<?xml version="1.0" encoding="UTF-8"?>
<kml xmlns="http://www.opengis.net/kml/2.2" xmlns:atom="http://www.w3.org/2005/Atom">
<Document>
<name>WCC　新歓ラン企画　奥多摩～大月</name>
<atom:author>
<atom:name>イワクマ</atom:name>
</atom:author> 
<atom:link href="https://latlonglab.yahoo.co.jp/route/watch?id=e08e0afe862cfdcf93a86bbb1569764c" />
<description><![CDATA[奥多摩駅集合、奥多摩湖を抜けて松姫峠に至った後、シオジの森ふかしろ湖を通過しながら下り、岩殿山で富士山を見た後、大月駅解散。670UP。]]></description>
<tags><![CDATA[]]></tags>  
<Placemark>
<Style>
<LineStyle>
<color>99ff0000</color>
<width>6</width>
</LineStyle>
</Style>
<LineString>
<coordinates>
139.09780111111112,35.80774638888889,333
139.09769694444444,35.80786666666667,333
139.09762083333334,35.807948055555556,340
139.09730861111112,35.80827361111111,343
139.0972088888889,35.80827361111111,343
139.09711027777777,35.808253055555554,343
139.09665972222223,35.80799916666667,340
139.09588222222223,35.80752583333334,332
139.09582138888888,35.807474722222224,332
139.09578222222223,35.80743361111111,333
139.09574444444445,35.80738361111111,335
139.0956836111111,35.80728166666667,336
139.09553055555557,35.806844444444444,339
139.0954622222222,35.806691666666666,338
139.0952863888889,35.806426944444446,338
139.09511166666667,35.80625944444444,338
139.0950575,35.80620833333333,336
139.09469944444444,35.80594361111111,338
139.09431,35.80571472222222,339
139.0942186111111,35.80566916666667,337
139.09374583333334,35.80550638888889,338
139.09364722222222,35.80543472222222,336
139.09360805555556,35.80538388888889,336
139.09331833333334,35.80473805555555,331
139.0932575,35.80461666666667,329
139.09321972222222,35.804565555555556,330
139.09317416666667,35.804524444444446,334
139.09269333333333,35.80416861111111,335
139.0921747222222,35.80375611111111,334
139.0920825,35.80363472222222,334
139.09202166666665,35.80352277777778,334
139.0919988888889,35.803375277777775,333
139.09194583333334,35.802947777777774,338
139.09194583333334,35.80269833333333,340
139.09202166666665,35.80250111111111,344
139.09204444444444,35.80236861111111,344
139.09200666666666,35.80222555555556,345
139.09194583333334,35.80210944444445,352
139.0917625,35.80191083333333,347
139.0913197222222,35.801427777777775,334
139.09127416666666,35.801407222222224,334
139.09068638888888,35.801157777777775,336
139.0906636111111,35.80114805555556,336
139.09008416666666,35.80090805555555,349
139.08968694444445,35.800801666666665,336
139.08959583333333,35.800776666666664,333
139.0893061111111,35.800735277777775,336
139.08904666666666,35.800735277777775,341
139.08883305555557,35.800776666666664,348
139.08852083333332,35.800867777777775,352
139.08838305555557,35.80092305555556,353
139.08768083333334,35.801569444444446,355
139.0876125,35.80162472222222,355
139.0875213888889,35.80168138888889,355
139.08732277777779,35.80175277777778,356
139.0872077777778,35.801767777777776,356
139.08700944444445,35.8017775,356
139.08671972222223,35.801787222222224,356
139.08575083333332,35.801808055555554,353
139.08553722222223,35.801767777777776,355
139.0853852777778,35.801716666666664,354
139.0852475,35.80162444444444,357
139.08511055555556,35.8014975,352
139.08462277777778,35.801009444444446,348
139.08457611111112,35.80093333333333,350
139.08454555555556,35.80081611111111,354
139.08453805555556,35.80069888888889,355
139.08456083333334,35.80055138888889,353
139.0846375,35.8003225,355
139.08466027777777,35.80021611111111,356
139.08467555555555,35.8000025,359
139.08460722222222,35.79935694444445,363
139.0845997222222,35.79929083333333,364
139.08458333333334,35.799239722222225,364
139.08458333333334,35.799234444444444,364
139.08457583333333,35.79920944444444,363
139.08456055555556,35.79915833333333,363
139.08454527777778,35.799122777777775,365
139.08453777777777,35.7991075,364
139.08448472222221,35.79901638888889,364
139.08446944444444,35.79900111111111,363
139.0844313888889,35.79896,365
139.0844238888889,35.79895,365
139.0844011111111,35.798935,365
139.08438583333333,35.79891444444444,365
139.08437055555555,35.798899166666665,365
139.0843088888889,35.79884805555555,364
139.08426333333333,35.798833055555555,364
139.08421,35.79880694444444,365
139.08417222222224,35.7988025,365
139.08414944444445,35.798791666666666,365
139.08407222222223,35.79877638888889,364
139.08403416666667,35.798766666666666,364
139.0839736111111,35.79875694444444,365
139.0838975,35.79875166666667,365
139.08387472222222,35.798741666666665,365
139.0837825,35.79875694444444,365
139.08369888888888,35.79877638888889,364
139.08360666666667,35.798791666666666,367
139.0835461111111,35.7988275,366
139.0834475,35.798857777777776,365
139.08339444444445,35.79888388888889,365
139.083325,35.798924166666666,366
139.08328694444444,35.79895,366
139.0832111111111,35.798990277777776,365
139.08315777777779,35.79902611111111,367
139.08308833333334,35.79907722222222,365
139.08305027777777,35.799101944444445,365
139.0830125,35.799122777777775,366
139.0829363888889,35.79915805555556,363
139.0819675,35.799396944444446,364
139.08189805555557,35.7994175,364
139.08170055555556,35.79940222222222,372
139.0816236111111,35.79937638888889,374
139.08150972222222,35.79934166666666,375
139.08129583333334,35.799234166666665,379
139.0809138888889,35.79904111111111,382
139.079945,35.7985625,389
139.07897722222222,35.798085,396
139.078885,35.79805888888889,392
139.07880916666667,35.79805888888889,392
139.07875611111112,35.79805888888889,392
139.07778694444445,35.79805888888889,381
139.07772527777777,35.79805861111111,386
139.07764916666667,35.79804361111111,389
139.07737472222223,35.797916666666666,399
139.07703944444444,35.79776888888889,412
139.07670305555556,35.797621666666664,424
139.0763677777778,35.79747416666667,437
139.07603138888888,35.79732666666666,450
139.0756961111111,35.79717888888889,462
139.0753611111111,35.7970325,475
139.07502472222222,35.796885,488
139.07468944444443,35.7967375,500
139.07436166666668,35.79658972222222,513
139.07428472222222,35.79654861111111,506
139.07423916666667,35.79649333333333,506
139.07416305555554,35.79626861111111,495
139.0740786111111,35.796005,482
139.0740025,35.795745555555555,470
139.07392666666667,35.79548638888889,457
139.07385055555557,35.79522611111111,444
139.0737736111111,35.79496694444445,432
139.07369777777777,35.7947075,419
139.07362166666667,35.794448055555556,406
139.07344583333332,35.794092222222226,412
139.0732475,35.79389388888889,414
139.07301083333334,35.79374194444444,417
139.0727897222222,35.793625,427
139.07256083333334,35.79355861111111,436
139.0723622222222,35.79354361111111,431
139.07157666666666,35.79380805555556,432
139.07060777777778,35.794133611111114,434
139.06963888888887,35.79445861111111,436
139.06931138888888,35.794600833333334,433
139.06913555555556,35.794651944444446,431
139.06895972222222,35.79465611111111,439
139.06827416666667,35.79459111111111,451
139.06818194444443,35.794580277777776,453
139.0674647222222,35.794525,465
139.06742666666668,35.79452916666666,465
139.06694611111112,35.79454,452
139.06637416666666,35.794580277777776,443
139.0655586111111,35.79463138888889,430
139.0650777777778,35.794666944444444,433
139.0648338888889,35.79464111111111,433
139.06455055555554,35.794565,435
139.06407777777778,35.7944175,440
139.06341472222223,35.794133333333335,444
139.06308611111112,35.794091944444446,443
139.06297194444446,35.79410277777778,448
139.06272805555557,35.7941225,461
139.06272027777777,35.79411805555556,461
139.06175166666668,35.7941125,467
139.06078277777777,35.79410722222222,472
139.0598138888889,35.79410722222222,478
139.05972277777778,35.7940975,474
139.0594786111111,35.794091944444446,472
139.0593027777778,35.79401055555556,478
139.05865444444444,35.793365,474
139.05837222222223,35.79309055555556,473
139.05825055555556,35.79304916666667,474
139.0580977777778,35.79307527777778,472
139.05783833333334,35.79324777777778,474
139.0576625,35.793507222222225,470
139.05747916666667,35.79407666666667,476
139.05738805555555,35.79414805555555,476
139.05689972222223,35.79411777777778,477
139.05672388888888,35.794106944444444,485
139.05631305555556,35.794086388888886,487
139.05534416666666,35.794040833333334,490
139.05437527777778,35.793995277777775,493
139.0534063888889,35.793955,496
139.05243777777778,35.79391388888889,499
139.05222388888888,35.79394944444444,495
139.0514763888889,35.79418388888889,500
139.05135361111113,35.794199166666665,496
139.05121694444443,35.79415777777778,498
139.05101083333332,35.79402555555556,488
139.0505761111111,35.79367527777778,496
139.0504163888889,35.79362444444445,497
139.05024833333334,35.793639444444445,499
139.050195,35.793660277777775,502
139.0499738888889,35.79374111111111,514
139.0497902777778,35.793776944444446,509
139.04969916666667,35.79378694444444,517
139.0495613888889,35.793801944444446,529
139.04947777777778,35.79381166666667,528
139.04881416666666,35.793868333333336,515
139.04840166666668,35.7938325,523
139.04825,35.793842222222224,522
139.04810444444445,35.79388333333333,521
139.0479513888889,35.79394944444444,523
139.0476011111111,35.79419361111111,533
139.0474025,35.79423388888889,535
139.04726583333334,35.79424916666667,534
139.04710555555556,35.79393972222222,524
139.04758611111112,35.79329333333333,531
139.04777666666666,35.79304916666667,534
139.04820333333333,35.79306,530
139.04838666666666,35.79306,531
139.0485775,35.793009166666664,532
139.04867638888888,35.79291694444444,533
139.0487261111111,35.79284083333334,532
139.0487261111111,35.79284083333334,532
139.04867638888888,35.79291694444444,533
139.0485775,35.793009166666664,532
139.04838666666666,35.79306,531
139.04820333333333,35.79306,530
139.04777666666666,35.79304916666667,534
139.04758611111112,35.79329333333333,531
139.04710555555556,35.79393972222222,524
139.04726583333334,35.79424916666667,534
139.04699027777778,35.79426,527
139.04679277777777,35.79419361111111,523
139.0466172222222,35.79401583333333,526
139.04650222222222,35.793934444444446,528
139.0461363888889,35.793598055555556,531
139.0454347222222,35.79295277777778,536
139.04473277777777,35.79230694444445,542
139.04403083333332,35.79166166666667,547
139.04332916666667,35.791015,552
139.04262805555555,35.790369444444444,558
139.04255111111112,35.79023194444444,554
139.04250555555555,35.789968333333334,543
139.0424675,35.78981527777778,540
139.04241444444443,35.7896525,538
139.0424525,35.78948972222222,538
139.04262805555555,35.789184722222224,539
139.04281805555556,35.7890675,539
139.04303194444444,35.78904166666667,539
139.04400083333334,35.788935555555554,537
139.0442675,35.78884444444444,537
139.04444333333333,35.7887575,538
139.04462666666666,35.78845694444444,537
139.0448025,35.788335555555555,539
139.04509222222222,35.78819333333333,538
139.04517555555555,35.788131388888885,536
139.0452363888889,35.78805,536
139.04530583333334,35.78789805555556,537
139.04529055555557,35.787775833333335,534
139.0452363888889,35.78765861111111,533
139.0451527777778,35.787531666666666,532
139.04499222222222,35.787435,531
139.04454972222223,35.78727777777778,535
139.044375,35.78716055555556,535
139.04407777777777,35.78677444444445,532
139.04388694444444,35.786682222222225,534
139.04360472222223,35.786651666666664,531
139.04266638888888,35.78670805555556,534
139.0425438888889,35.786682222222225,534
139.04247555555557,35.78662666666666,534
139.04247555555557,35.78626555555556,535
139.04255138888888,35.78613305555555,537
139.04278027777778,35.785960833333334,538
139.04278805555555,35.78595527777778,538
139.04375666666667,35.78543666666667,541
139.04396277777778,35.78527388888889,544
139.0440702777778,35.78510138888889,545
139.04410833333333,35.78497888888889,545
139.04430555555555,35.784333333333336,548
139.04439027777778,35.78415972222222,547
139.04454222222222,35.783941666666664,547
139.04454222222222,35.78375305555556,554
139.04442833333334,35.78365194444444,563
139.0442225,35.783540277777774,550
139.04421472222222,35.78353472222222,550
139.04397833333334,35.78345888888889,537
139.0437797222222,35.78345361111111,535
139.04346722222223,35.783525,533
139.04252861111112,35.78398722222222,533
139.04202555555557,35.78417611111111,535
139.04176611111112,35.78421083333333,533
139.04121694444444,35.78420111111111,533
139.04024833333332,35.78424666666667,536
139.03994333333333,35.784261944444445,536
139.03897444444445,35.78415944444444,541
139.03800583333333,35.784058611111114,546
139.03799055555555,35.78405333333333,546
139.0370825,35.78387027777778,545
139.03671583333335,35.78371833333333,546
139.03614416666667,35.78333638888889,543
139.03583916666668,35.783076944444446,545
139.03561805555555,35.782761111111114,544
139.03548027777776,35.78260916666667,544
139.0353511111111,35.78254305555556,539
139.03501472222223,35.782486666666664,537
139.0348325,35.782516944444446,537
139.03464166666666,35.782624444444444,534
139.03452666666666,35.78293472222222,535
139.0344886111111,35.78336222222222,537
139.03429,35.783742777777775,535
139.03416833333333,35.78406833333333,534
139.03417611111112,35.784307222222225,535
139.03435194444444,35.784577222222225,547
139.03442777777778,35.78471944444444,546
139.03446583333334,35.784866944444445,548
139.03448083333333,35.78497888888889,547
139.03442777777778,35.78521722222222,543
139.03434416666667,35.785492777777776,542
139.0342825,35.78557861111111,534
139.03416833333333,35.785624166666665,525
139.03405333333333,35.785635,532
139.03393194444445,35.78559388888889,538
139.03380166666668,35.7855025,540
139.03369527777778,35.78512611111111,536
139.03358916666667,35.78491777777778,534
139.0334511111111,35.78479083333333,534
139.0333136111111,35.78472472222222,536
139.03307722222223,35.78458722222222,536
139.03210916666666,35.78414444444444,537
139.03114055555557,35.783702777777776,539
139.03103305555555,35.783651666666664,539
139.03082694444444,35.783615833333336,534
139.03013277777777,35.783651666666664,533
139.0299038888889,35.78362583333333,534
139.02978222222222,35.78357472222222,542
139.0288136111111,35.782959444444444,543
139.02826472222222,35.782603611111114,543
139.02764611111112,35.78216638888889,545
139.0274327777778,35.782069722222225,543
139.02716583333333,35.782024166666666,544
139.02685333333332,35.782024166666666,557
139.0266697222222,35.78201861111111,564
139.02592972222223,35.7819275,551
139.02534305555557,35.78185055555556,541
139.0251825,35.781820277777776,537
139.02509138888888,35.781708333333334,537
139.0249536111111,35.781261388888886,536
139.02481694444444,35.78113333333334,536
139.02460305555556,35.78106722222222,532
139.02428194444445,35.781103055555555,531
139.02396972222223,35.781148611111114,543
139.02387083333332,35.781169166666665,547
139.02297027777777,35.78156083333333,538
139.02277944444444,35.78162694444445,532
139.02261972222223,35.781641944444445,534
139.0216663888889,35.7813675,536
139.02148305555556,35.781377222222225,535
139.02090361111112,35.78161166666667,537
139.02074333333334,35.78163222222222,537
139.0204838888889,35.781575833333335,545
139.019515,35.7813675,544
139.01891944444444,35.781235,544
139.01795166666668,35.78100166666667,543
139.0178061111111,35.78096055555555,543
139.01747083333333,35.78082805555555,536
139.0165477777778,35.780390833333335,537
139.01624305555555,35.78024861111111,537
139.01595972222222,35.77996888888889,531
139.01596722222223,35.77974555555556,531
139.01596722222223,35.77909888888889,530
139.01596722222223,35.77845333333333,530
139.0158913888889,35.77836638888889,536
139.01573083333332,35.77818444444444,548
139.0152427777778,35.777741666666664,541
139.01510611111112,35.77764944444444,533
139.01485444444444,35.777609166666664,533
139.01461777777777,35.77766027777778,532
139.01396888888888,35.77789861111111,537
139.01396166666666,35.777904166666666,537
139.0129925,35.778036666666665,534
139.01236,35.778245,536
139.0114825,35.778706944444444,535
139.01124583333333,35.77880888888889,538
139.0108727777778,35.778844722222225,535
139.01065888888888,35.778885833333334,531
139.01043027777777,35.77898666666667,533
139.01026972222223,35.77902805555556,537
139.00994944444443,35.7790075,537
139.0097738888889,35.77903222222222,534
139.00953722222224,35.779200555555555,533
139.0093461111111,35.77925138888889,537
139.00909444444446,35.779266666666665,537
139.00853055555555,35.77923638888889,528
139.007645,35.779145,534
139.00727194444445,35.77912416666667,539
139.00683666666666,35.779042777777775,537
139.00648666666666,35.77894083333333,537
139.00623472222222,35.77884972222222,536
139.00599833333334,35.77876833333333,535
139.00557083333334,35.77874222222222,537
139.00543305555556,35.7787175,539
139.00512055555555,35.778509166666666,535
139.00496,35.77849833333333,535
139.00483111111112,35.77854388888889,533
139.00460972222223,35.778681666666664,535
139.00448694444444,35.778706666666665,533
139.0041061111111,35.778509166666666,536
139.00384694444443,35.77836583333333,546
139.00302222222223,35.77780694444444,547
139.00274805555554,35.77760833333333,547
139.00268722222222,35.77746111111111,545
139.00257333333334,35.777211666666666,537
139.00243555555556,35.77656611111111,536
139.00241277777778,35.776469444444444,536
139.00241277777778,35.77632722222222,538
139.00247333333334,35.77612861111111,536
139.00247333333334,35.77589972222222,537
139.00254944444444,35.77568611111111,537
139.0025188888889,35.77554388888889,537
139.00224444444444,35.77495388888889,534
139.00206111111112,35.774770555555556,535
139.0018938888889,35.7747,536
139.00169555555556,35.7747,535
139.0014588888889,35.77477583333334,533
139.00104666666667,35.77502527777778,535
139.00036,35.77558388888889,536
139.00023861111112,35.77547777777778,531
138.99943777777779,35.77483194444444,530
138.99863611111113,35.774185277777775,530
138.99862083333332,35.77417555555556,530
138.99836916666666,35.774033333333335,532
138.9978886111111,35.773835,535
138.99767472222223,35.7737275,537
138.9975075,35.773585555555556,537
138.99730916666667,35.77324472222222,538
138.99722555555556,35.77301583333333,538
138.99699666666666,35.772370277777775,538
138.99691194444443,35.77207527777778,535
138.9968738888889,35.77175944444444,536
138.99689666666666,35.77151527777778,533
138.99699666666666,35.77110861111111,538
138.99713333333332,35.77078861111111,537
138.99740777777777,35.77014305555556,536
138.99748472222223,35.769980277777776,536
138.99777444444445,35.76933361111111,538
138.99785805555555,35.769191666666664,537
138.99822472222223,35.768546111111114,537
138.99834611111112,35.76824555555555,534
138.99832333333333,35.768052222222224,536
138.99817027777777,35.767874444444445,535
138.9980336111111,35.76772666666667,535
138.99777416666666,35.76762055555555,535
138.99736972222223,35.767584722222225,536
138.99683611111112,35.76769083333333,537
138.99630972222224,35.767808055555555,538
138.99599722222223,35.767802777777774,539
138.9957986111111,35.7677625,535
138.99532583333334,35.767609444444446,537
138.99502083333334,35.767493333333334,536
138.9949211111111,35.76745777777778,537
138.99480722222222,35.7674425,533
138.9946997222222,35.7674425,538
138.9945011111111,35.7674675,548
138.99432638888888,35.76747722222222,548
138.99423416666667,35.76745777777778,548
138.99412027777777,35.76739138888889,543
138.99357138888888,35.76696944444444,543
138.9934638888889,35.76682611111111,545
138.99342583333333,35.76672527777778,548
138.99338777777777,35.76635861111111,546
138.99337277777778,35.766267222222226,540
138.99333472222222,35.766216388888886,534
138.9932122222222,35.76609361111111,541
138.99298305555556,35.76584527777778,547
138.99283888888888,35.76564111111111,545
138.9927086111111,35.76551972222222,546
138.99235833333333,35.76527027777778,547
138.9922511111111,35.76512805555556,547
138.99221305555557,35.76497055555556,544
138.9922511111111,35.76475138888889,546
138.99245694444446,35.76410611111111,548
138.99253277777777,35.763886944444444,548
138.99261,35.76371888888889,548
138.9927847222222,35.763444166666666,549
138.9929225,35.763220833333335,546
138.9930363888889,35.762951666666666,541
138.9930363888889,35.76287472222222,540
138.99296027777777,35.762793333333335,541
138.99286166666667,35.762726944444445,542
138.99274666666668,35.762701944444444,545
138.99237333333335,35.76261083333333,545
138.99187,35.76248277777778,546
138.99147305555556,35.7624525,547
138.99138944444445,35.762437222222225,544
138.99129722222222,35.7624125,546
138.99117583333333,35.762346111111114,548
138.9909847222222,35.76219305555556,546
138.9908861111111,35.76206083333334,547
138.99059527777777,35.761674444444445,547
138.99045083333334,35.761511666666664,549
138.99032055555554,35.761409722222226,547
138.99018388888888,35.761384722222225,548
138.98993222222222,35.76133388888889,549
138.98961111111112,35.76132833333333,550
138.98935166666666,35.761358888888886,558
138.98908472222223,35.761445555555554,554
138.98892555555557,35.761511666666664,556
138.9886888888889,35.761608333333335,556
138.98814638888888,35.76189361111111,558
138.98790222222223,35.76197916666667,555
138.9878111111111,35.76199444444445,554
138.98757472222223,35.76199972222222,557
138.98727722222222,35.762009444444445,557
138.98668916666668,35.76197916666667,545
138.98624777777778,35.761969444444446,544
138.98583555555555,35.76202472222222,546
138.98554583333333,35.762101666666666,545
138.9853625,35.76218305555555,547
138.9851486111111,35.762300277777776,548
138.98465277777777,35.76262027777778,553
138.98423305555556,35.7629,556
138.983875,35.763103055555554,551
138.9835852777778,35.76321027777778,553
138.98326416666666,35.76327666666667,555
138.98299722222222,35.763265833333335,554
138.9827,35.763199444444446,552
138.98257083333334,35.76314416666666,553
138.98242555555555,35.7630575,554
138.9822725,35.76296083333333,553
138.9818611111111,35.76255388888889,553
138.98178416666667,35.762503055555555,553
138.98168555555554,35.7624575,555
138.98123555555554,35.762345555555555,546
138.98112138888888,35.76225888888889,546
138.9809836111111,35.76211111111111,545
138.98070166666668,35.76146555555555,555
138.98062555555555,35.76130833333333,558
138.98051055555555,35.76117583333333,564
138.98041194444446,35.761094444444446,564
138.98035,35.76105861111111,564
138.98022083333333,35.76100777777778,566
138.9798086111111,35.760824444444445,566
138.9796025,35.76068222222222,567
138.97923666666668,35.76036222222222,566
138.9792138888889,35.76033611111111,569
138.97903805555555,35.760245,574
138.9788472222222,35.76022444444445,576
138.97874833333333,35.760218888888886,573
138.97784805555557,35.76031111111111,574
138.97690194444445,35.760402222222226,576
138.97689444444444,35.76040777777778,576
138.97592527777778,35.76052888888889,584
138.97541444444445,35.760595,587
138.9749338888889,35.76063638888889,585
138.97441527777778,35.76066138888889,585
138.97367527777777,35.760600555555556,586
138.97334,35.76058527777778,586
138.97285916666667,35.760575555555555,587
138.97269138888888,35.760534444444446,584
138.97231055555557,35.7604075,584
138.9713413888889,35.76012722222222,588
138.97095194444444,35.76005111111111,586
138.97071555555556,35.760040277777776,593
138.97050166666668,35.76006638888889,593
138.9701738888889,35.76016833333333,592
138.96973916666667,35.76034083333333,595
138.96956333333333,35.760443055555555,593
138.9688852777778,35.760798888888885,596
138.96860194444446,35.760910555555554,597
138.96846527777777,35.76092583333333,596
138.9680225,35.76090083333333,596
138.9678011111111,35.76087472222222,594
138.96761027777777,35.760819444444444,596
138.96743555555557,35.76072722222222,598
138.96731305555556,35.760600277777776,597
138.96698555555557,35.76020305555556,593
138.96643527777778,35.7595575,592
138.96642777777777,35.759552222222226,592
138.96615333333332,35.75933388888889,601
138.96606222222223,35.75917555555556,603
138.9659786111111,35.75895194444445,605
138.96591666666666,35.758719166666666,607
138.9658863888889,35.75861694444445,610
138.96582555555557,35.75850972222222,613
138.9656877777778,35.758357777777775,614
138.96555111111113,35.75827638888889,614
138.96542833333334,35.758225277777775,615
138.9652763888889,35.75821027777778,613
138.96511583333333,35.758195,612
138.9648261111111,35.75826111111111,617
138.9638575,35.75855638888889,623
138.96357555555556,35.75864166666667,625
138.96325416666667,35.75870777777778,627
138.96294944444443,35.75873388888889,626
138.96249916666667,35.75873388888889,624
138.96208777777778,35.75877416666667,623
138.96188916666668,35.75885,624
138.9617286111111,35.75892722222222,625
138.96118,35.7592775,626
138.96081305555555,35.75944027777778,622
138.960455,35.75956722222222,609
138.96034111111112,35.75960861111111,605
138.96016527777778,35.75962361111111,601
138.95998944444443,35.75960861111111,599
138.9598138888889,35.75957805555556,605
138.95973777777778,35.7595175,616
138.95967694444445,35.759425,613
138.95937972222222,35.758942222222224,612
138.95926472222223,35.758825,613
138.95911166666667,35.75872861111111,614
138.9589902777778,35.7586775,615
138.95892944444444,35.7586775,615
138.95834166666666,35.758743611111115,615
138.95817444444444,35.75873388888889,615
138.95803666666666,35.75866777777778,616
138.9579302777778,35.75858638888889,615
138.95786083333334,35.75848444444444,615
138.95773944444446,35.75816861111111,621
138.95761666666667,35.75803222222222,623
138.95740305555555,35.75788472222222,623
138.95722833333335,35.7577925,625
138.95702972222222,35.7577425,624
138.95681611111112,35.757711111111114,626
138.95603805555555,35.75769138888889,628
138.95570305555555,35.75761,633
138.95531333333332,35.75750277777778,634
138.95509972222223,35.757466944444445,636
138.9548175,35.757466944444445,637
138.95471027777776,35.757466944444445,637
138.9537411111111,35.757466944444445,637
138.95345138888888,35.757483055555554,637
138.95309333333333,35.75752861111111,637
138.95271166666666,35.757595,636
138.9525675,35.75765027777778,635
138.95243722222222,35.7577425,635
138.95220055555555,35.75799055555556,636
138.9520638888889,35.75813388888889,638
138.95191861111113,35.75821972222222,637
138.95181222222223,35.75824027777778,639
138.95165166666666,35.75826527777778,638
138.9515288888889,35.75826527777778,638
138.95104083333334,35.758225,641
138.95030083333333,35.758158888888886,639
138.94998833333332,35.75814361111111,638
138.94975194444444,35.75816861111111,637
138.94956861111112,35.758225,639
138.94928638888888,35.758342222222225,638
138.9489511111111,35.75854527777778,637
138.94869944444446,35.758631944444446,637
138.94856166666668,35.75868305555556,639
138.94836305555555,35.75873388888889,638
138.9476772222222,35.75884027777778,638
138.9473561111111,35.75832694444444,639
138.94711194444446,35.757935277777776,646
138.94663166666666,35.757843055555554,647
138.9459686111111,35.75780833333334,646
138.94585361111112,35.757710833333334,646
138.94630388888888,35.75747777777778,652
138.94695277777777,35.75707611111111,656
138.94737916666668,35.756745277777775,663
138.9475013888889,35.756618333333336,665
138.94755472222224,35.75651638888889,669
138.94756222222222,35.75639361111111,672
138.9474561111111,35.756099722222224,673
138.94744111111112,35.7560075,677
138.9474788888889,35.75590111111111,671
138.94759305555556,35.75585,665
138.9476772222222,35.75586527777778,667
138.94779111111112,35.75591083333333,666
138.948005,35.756099722222224,666
138.94810361111112,35.75623638888889,664
138.94816555555556,35.75639361111111,669
138.94816555555556,35.75654138888889,673
138.9480886111111,35.75669416666667,680
138.94806583333335,35.756815833333334,681
138.94808083333334,35.7569025,681
138.94814277777778,35.75695916666667,682
138.9482036111111,35.756994722222224,682
138.94824916666667,35.756994722222224,683
138.9483175,35.75698388888889,683
138.94844,35.75696888888889,684
138.94930166666666,35.7566075,692
138.9496,35.75651083333333,694
138.94995055555555,35.75639916666667,694
138.9505525,35.756256944444445,696
138.951415,35.756119166666664,701
138.95156805555555,35.756083333333336,702
138.95176555555557,35.756028055555554,702
138.95186527777778,35.75597694444444,704
138.9519261111111,35.755941388888886,703
138.95214,35.755808888888886,703
138.95249027777777,35.75557027777778,702
138.95261305555556,35.75545833333333,703
138.9526888888889,35.75539222222222,702
138.952765,35.75531111111111,704
138.95281166666666,35.755245,703
138.95284194444446,35.7551125,705
138.95284944444444,35.75477722222222,705
138.95286472222222,35.75455361111111,701
138.95285722222224,35.754395277777775,700
138.95282666666665,35.753749722222224,697
138.95284194444446,35.75344916666667,697
138.9528875,35.753210555555555,699
138.95296333333334,35.75304222222222,697
138.95307861111112,35.75289472222222,697
138.95350611111112,35.752427222222224,698
138.95360472222222,35.75227,697
138.95368083333332,35.752116944444445,698
138.9537263888889,35.751827222222225,704
138.9537263888889,35.751552777777775,710
138.9537036111111,35.751440833333334,715
138.9536275,35.751354166666665,715
138.9534138888889,35.75121194444444,726
138.95340611111112,35.75113611111111,726
138.95343666666668,35.75105888888889,728
138.95352888888888,35.75102861111111,726
138.9539247222222,35.75114583333333,723
138.95447388888888,35.751329166666665,726
138.95461138888888,35.75136944444444,725
138.9548175,35.75151694444445,726
138.95496194444445,35.75165916666667,726
138.95507694444444,35.751685,729
138.95521472222222,35.75162861111111,732
138.95527555555554,35.75154305555556,736
138.95529055555556,35.751440833333334,737
138.95519833333333,35.75129333333334,736
138.95515277777778,35.75121194444444,736
138.955115,35.75109472222222,735
138.95509972222223,35.75100805555556,735
138.95509972222223,35.75074444444444,735
138.95509222222222,35.750642222222226,735
138.95503888888888,35.75051972222222,735
138.9550313888889,35.75051,736
138.95464972222223,35.750037222222225,748
138.95449027777778,35.7497625,748
138.95442833333334,35.74957916666666,759
138.95442833333334,35.74939138888889,758
138.95450527777777,35.74923305555556,757
138.95462694444444,35.749141944444446,758
138.9546725,35.74912138888889,758
138.9556411111111,35.74877083333333,758
138.95574861111112,35.74865916666667,757
138.9559775,35.748353055555555,757
138.95603833333334,35.74823694444444,758
138.9560611111111,35.74805361111111,756
138.9560913888889,35.74794194444444,757
138.9561675,35.74787027777778,757
138.95683916666667,35.74757527777778,766
138.9570527777778,35.74744305555556,768
138.95726666666667,35.74727583333333,768
138.95740333333333,35.74700138888889,767
138.957465,35.74686888888889,767
138.95757916666668,35.746761666666664,767
138.95773972222221,35.74673666666666,766
138.95803694444444,35.746766944444445,766
138.95819,35.74680277777778,763
138.95832666666666,35.74680277777778,764
138.9584413888889,35.746761666666664,763
138.95848694444445,35.746695277777775,761
138.9585175,35.74659444444445,763
138.95857805555556,35.746202777777775,770
138.9586011111111,35.745938055555555,771
138.95858611111112,35.74582083333333,771
138.95852527777777,35.745745,772
138.95783833333334,35.74519611111111,782
138.9576863888889,35.74500194444445,783
138.95760194444443,35.74480888888889,783
138.95757916666668,35.74462638888889,783
138.95760194444443,35.74448861111111,784
138.9576788888889,35.744437777777776,788
138.95781555555556,35.74442777777778,788
138.95817472222222,35.744503888888886,789
138.95861638888888,35.7447025,789
138.95883777777777,35.744753333333335,797
138.95973805555556,35.7447425,797
138.95987583333334,35.7447175,797
138.95995194444444,35.744661111111114,803
138.96005055555557,35.744416944444446,808
138.9601275,35.74408722222222,807
138.9600886111111,35.743695555555554,818
138.95995194444444,35.74323777777778,819
138.95996694444443,35.74311083333333,818
138.96002777777778,35.74300888888889,816
138.9602111111111,35.74292222222222,817
138.96057694444445,35.742871111111114,819
138.96077527777777,35.74282,818
138.96091333333334,35.74266277777778,818
138.96126361111112,35.74201166666667,826
138.9614013888889,35.74173722222222,838
138.9615002777778,35.7414875,838
138.96153833333332,35.74129444444444,845
138.96149277777778,35.74109611111111,843
138.96134833333332,35.740903055555556,845
138.96118027777777,35.74071,844
138.96089055555555,35.74043,846
138.96062361111112,35.74007944444445,851
138.96026472222223,35.73957611111111,858
138.96016583333332,35.73951972222222,855
138.96002805555557,35.73950444444444,855
138.9598761111111,35.739560833333336,856
138.9596547222222,35.73966277777778,854
138.95944111111112,35.7396975,859
138.95926527777777,35.739687777777775,870
138.9591513888889,35.739626944444446,858
138.95906666666667,35.73951972222222,864
138.95899083333333,35.73927111111111,881
138.95899083333333,35.73891944444444,870
138.95899083333333,35.73869638888889,867
138.95889194444445,35.73849777777778,866
138.95877694444445,35.73838055555556,867
138.95866305555555,35.738335,874
138.95854055555554,35.738329444444446,873
138.95844916666667,35.738335,882
138.9583886111111,35.73840111111111,882
138.95840361111112,35.73849777777778,889
138.95846444444445,35.73858444444444,893
138.9585177777778,35.738686666666666,895
138.9585177777778,35.73884361111111,896
138.9585025,35.739000833333336,898
138.9585025,35.73916361111111,898
138.95855555555556,35.73950444444444,910
138.9586402777778,35.73972805555555,904
138.9587388888889,35.73990166666667,910
138.95886805555557,35.74000361111111,903
138.95911222222222,35.74007944444445,898
138.9596547222222,35.74007944444445,895
138.9597913888889,35.74017611111111,896
138.9598761111111,35.74039527777778,899
138.959975,35.74061888888889,899
138.9601275,35.74082166666667,897
138.9602111111111,35.74093888888889,899
138.96034138888888,35.7411275,909
138.9603175,35.74132055555555,909
138.96024916666667,35.741441944444446,908
138.9601275,35.74158416666667,907
138.95991388888888,35.7417275,908
138.95976083333332,35.74179361111111,915
138.95960055555557,35.74180333333333,914
138.9592272222222,35.7417425,918
138.95895277777777,35.74173722222222,919
138.9587388888889,35.74179361111111,927
138.95817472222222,35.74238833333333,928
138.9580672222222,35.74243388888889,929
138.9579611111111,35.742444722222224,937
138.95783833333334,35.74243388888889,934
138.95775472222223,35.74234277777778,932
138.95773972222221,35.742037777777774,935
138.95771694444446,35.741905277777775,937
138.95760194444443,35.74183388888889,939
138.9566875,35.741661111111114,945
138.95644333333334,35.741635277777775,940
138.95621444444444,35.74167638888889,938
138.95419194444443,35.74243388888889,949
138.95399444444445,35.742469722222225,947
138.95374166666667,35.74245444444445,946
138.95355194444446,35.74240888888889,950
138.95341416666668,35.742337222222226,949
138.95325333333332,35.742195,956
138.95294083333334,35.74181305555555,975
138.9528425,35.7417425,977
138.95265138888888,35.74162,978
138.95250611111112,35.74160472222222,977
138.9523388888889,35.74162,979
138.95223166666668,35.74170138888889,979
138.95217833333334,35.74184361111111,979
138.9522163888889,35.74222,979
138.9521936111111,35.74234277777778,978
138.95217833333334,35.74243388888889,978
138.95208722222222,35.742601944444445,982
138.9519875,35.742755,986
138.9517661111111,35.74295222222222,979
138.9514536111111,35.74321694444444,1000
138.95139277777778,35.74337,988
138.95139277777778,35.74353694444444,989
138.9514536111111,35.74370527777778,1002
138.95160666666666,35.74388861111111,996
138.95182805555555,35.7441425,998
138.95192666666668,35.74433555555556,997
138.95194166666667,35.74455472222222,997
138.9519263888889,35.74478388888889,999
138.95186555555554,35.74497138888889,1007
138.95174305555557,35.74516972222222,1007
138.95143083333335,35.74538361111111,1007
138.9512777777778,35.74545944444444,1006
138.95117916666666,35.74542916666667,1010
138.95112583333332,35.74536305555556,1010
138.95112583333332,35.74525111111111,1011
138.95132444444445,35.74489555555556,1012
138.95141555555554,35.744753333333335,1017
138.9514536111111,35.74461027777778,1017
138.9514536111111,35.74446361111111,1017
138.95088944444444,35.74353694444444,1019
138.95082861111112,35.74337,1021
138.95086666666666,35.74321694444444,1028
138.9509425,35.74308444444444,1027
138.95118666666667,35.74286111111111,1026
138.95132444444445,35.74270388888889,1028
138.95139277777778,35.74247944444444,1034
138.95133972222223,35.74230138888889,1035
138.95129305555557,35.742153888888886,1035
138.95101861111112,35.74167638888889,1037
138.95100333333335,35.741502777777775,1060
138.9510563888889,35.741375833333336,1038
138.95117916666666,35.74125444444444,1040
138.95132444444445,35.74108611111111,1049
138.95140055555555,35.74092888888889,1047
138.95139277777778,35.74075527777778,1048
138.95143833333333,35.740613055555556,1049
138.9515372222222,35.740521944444446,1049
138.95169027777777,35.74048611111111,1046
138.95192666666668,35.740450277777775,1045
138.95215555555555,35.74047638888889,1045
138.95253,35.740561944444444,1050
138.95300194444445,35.74068472222222,1053
138.9531625,35.74070416666667,1055
138.9532927777778,35.740654166666666,1059
138.95335333333333,35.74057722222222,1058
138.95340638888888,35.740521944444446,1059
138.95342916666667,35.740384444444445,1060
138.95342944444445,35.74026722222222,1059
138.9532536111111,35.73990166666667,1073
138.95320055555555,35.73975388888889,1079
138.95319305555554,35.739626944444446,1079
138.9532536111111,35.739464166666664,1075
138.95341444444443,35.73913861111111,1075
138.95342944444445,35.739000833333336,1077
138.9533763888889,35.73888916666667,1075
138.9532625,35.73881333333333,1077
138.95310194444446,35.738751388888886,1081
138.95246805555556,35.73862,1087
138.95226194444444,35.73855388888889,1086
138.95204916666665,35.738436666666665,1088
138.95192666666668,35.73833472222222,1099
138.95180555555555,35.73813611111111,1088
138.95171333333334,35.737988888888886,1090
138.95170555555555,35.73779555555556,1097
138.95170555555555,35.737246666666664,1097
138.9516675,35.737119722222225,1101
138.95139305555554,35.73679416666667,1099
138.95136277777777,35.7366975,1097
138.95139305555554,35.736585833333336,1097
138.95146916666667,35.73651972222222,1104
138.95170555555555,35.73647833333333,1105
138.95210277777778,35.736376388888885,1107
138.95226222222223,35.73632111111111,1107
138.95237722222222,35.736219166666665,1106
138.9523925,35.7361225,1106
138.95233916666666,35.73601083333333,1111
138.95223944444444,35.73595972222222,1113
138.95167527777778,35.73571027777778,1113
138.95124,35.73556277777778,1121
138.95101888888888,35.73556277777778,1125
138.9505775,35.7355625,1126
138.9504625,35.7355475,1130
138.95010444444443,35.73531888888889,1132
138.95000444444443,35.73528833333334,1133
138.94959222222224,35.73531888888889,1133
138.94944027777777,35.73531888888889,1134
138.9492872222222,35.735263333333336,1137
138.94916583333332,35.73516138888889,1136
138.94904305555556,35.73511055555556,1136
138.94779222222223,35.73500416666667,1148
138.9477163888889,35.73493777777778,1147
138.94770111111112,35.734810833333334,1146
138.94786833333333,35.734434444444446,1145
138.94790722222223,35.7343475,1143
138.94786833333333,35.734230555555555,1146
138.94775444444446,35.73407861111111,1148
138.94773916666668,35.73394611111111,1148
138.94779222222223,35.73378777777778,1147
138.9478922222222,35.733671666666666,1148
138.9487763888889,35.732979722222225,1171
138.94905111111112,35.73276166666667,1168
138.9491661111111,35.73260305555556,1172
138.9491811111111,35.73249666666667,1177
138.94910416666667,35.732385,1178
138.94900555555554,35.73233944444444,1180
138.94881444444445,35.73234388888889,1181
138.94710583333332,35.73241,1197
138.94689194444445,35.73237944444445,1211
138.94676277777776,35.73231333333333,1210
138.94675527777778,35.73219611111111,1205
138.94676277777776,35.73206388888889,1210
138.94683111111112,35.731921666666665,1198
138.94701472222224,35.73172861111111,1195
138.94707527777777,35.73158111111111,1199
138.94709055555555,35.73137805555555,1212
138.94701472222224,35.7310525,1208
138.94699194444445,35.73070666666667,1230
138.94701472222224,35.7304625,1212
138.94710583333332,35.730269444444446,1218
138.94725111111111,35.730172777777774,1216
138.9477775,35.730106666666664,1217
138.94793805555557,35.73000472222222,1218
138.94804444444443,35.7298875,1225
138.9484263888889,35.728971666666666,1250
138.94892944444445,35.72821444444445,1239
138.94908138888889,35.72801055555556,1247
138.9492875,35.72779777777778,1245
138.94976833333334,35.72745722222222,1243
138.95000472222222,35.727263055555554,1243
138.9502261111111,35.72703944444444,1243
138.9504777777778,35.72676527777778,1242
138.9506763888889,35.72655694444445,1232
138.9511038888889,35.72628666666667,1223
138.9517438888889,35.72558027777778,1223
138.95192722222222,35.725478333333335,1224
138.95227777777777,35.72542722222222,1225
138.9524763888889,35.72535666666667,1235
138.95285055555556,35.72511277777778,1233
138.95304166666668,35.72496972222222,1233
138.95314027777778,35.724761388888886,1232
138.95330083333334,35.7245075,1227
138.95331611111112,35.72439027777778,1221
138.95326305555557,35.72430333333333,1218
138.95316305555556,35.724314166666666,1213
138.9530797222222,35.72436972222222,1210
138.95298722222222,35.7245225,1202
138.9529038888889,35.724715833333335,1199
138.95278222222223,35.72486333333333,1192
138.95260638888888,35.725005555555555,1198
138.9523625,35.72517888888889,1197
138.95217888888888,35.72527,1201
138.95204972222223,35.72529055555555,1199
138.9518663888889,35.72527,1198
138.95153027777778,35.72521888888889,1193
138.95134055555556,35.72523944444445,1193
138.95122555555557,35.725320833333335,1190
138.95101944444446,35.725610555555555,1184
138.95084472222223,35.72582972222222,1178
138.95069166666667,35.72598166666667,1175
138.95044,35.72615527777778,1166
138.94981388888888,35.72636361111111,1155
138.94967722222222,35.72648083333333,1156
138.9496163888889,35.72656222222222,1156
138.949395,35.72687138888889,1155
138.9492647222222,35.72700361111111,1159
138.94912805555555,35.727090555555556,1155
138.94889166666667,35.727177222222224,1156
138.94869333333332,35.727196666666664,1155
138.94838833333333,35.72714694444444,1156
138.94804444444443,35.72705472222222,1154
138.9479075,35.727065555555555,1154
138.94765583333333,35.72712083333333,1158
138.94740416666667,35.727111111111114,1159
138.94685388888888,35.72700361111111,1156
138.9466025,35.72702972222222,1153
138.9464886111111,35.72712083333333,1154
138.9462063888889,35.7274725,1154
138.94610666666668,35.72754833333333,1152
138.94597,35.72759388888889,1154
138.94570305555555,35.72763944444444,1152
138.94560333333334,35.72763944444444,1151
138.94550444444445,35.72757861111111,1150
138.9455272222222,35.72748222222222,1144
138.9456563888889,35.72741055555556,1142
138.94593083333334,35.727380277777776,1145
138.94601555555556,35.72734,1146
138.94614472222221,35.727156666666666,1135
138.9463661111111,35.72678027777778,1143
138.94646583333332,35.726704444444444,1145
138.9466177777778,35.72667416666667,1147
138.94700694444444,35.72667833333333,1132
138.94734222222223,35.72676527777778,1127
138.9475561111111,35.72678027777778,1136
138.94775472222221,35.726770555555554,1133
138.94791527777778,35.72669888888889,1135
138.94818972222222,35.72664805555556,1133
138.94876916666666,35.72667416666667,1136
138.94891444444445,35.72662305555556,1130
138.9490663888889,35.72654611111111,1124
138.94924194444445,35.72625638888889,1123
138.94934083333334,35.72609888888889,1122
138.9494936111111,35.726012222222224,1124
138.9502186111111,35.72521888888889,1110
138.95029444444444,35.725010833333336,1111
138.95031722222222,35.72485361111111,1110
138.95031722222222,35.72459861111111,1107
138.95030222222223,35.72439027777778,1101
138.9503411111111,35.72426333333333,1101
138.95043222222222,35.72419722222222,1101
138.95060055555555,35.72416138888889,1102
138.95077527777778,35.724181944444446,1103
138.95100416666668,35.72412111111111,1103
138.95115722222224,35.724105,1100
138.95134055555556,35.72414611111111,1096
138.9515,35.72416138888889,1095
138.9516911111111,35.724105,1093
138.95174416666666,35.72398888888889,1092
138.9517138888889,35.723886666666665,1092
138.95167583333333,35.72374888888889,1092
138.9517138888889,35.72357111111111,1092
138.95176694444444,35.72347444444444,1092
138.95182888888888,35.72333777777778,1093
138.95178972222223,35.72324111111111,1094
138.9514925,35.72303194444444,1086
138.95140138888888,35.72283888888889,1072
138.95135583333334,35.722696666666664,1072
138.95136333333335,35.72254916666667,1072
138.9514697222222,35.72129833333333,1067
138.95143166666668,35.72107472222222,1065
138.95130138888888,35.72094777777778,1063
138.9508675,35.72073833333334,1053
138.95060055555555,35.72067222222222,1054
138.95041722222223,35.72071361111111,1054
138.95027972222223,35.72081555555555,1050
138.95015055555555,35.721130277777775,1046
138.95016555555554,35.721313611111114,1050
138.95024138888888,35.721445555555555,1052
138.95039444444444,35.72152166666667,1053
138.95063833333333,35.72161388888889,1045
138.95070694444445,35.72165388888889,1046
138.95081305555556,35.721740833333335,1045
138.95092805555555,35.72186222222222,1045
138.95095083333334,35.72199472222222,1044
138.95089027777777,35.72231472222222,1034
138.95090527777776,35.72252861111111,1034
138.95084472222223,35.722696666666664,1031
138.95080555555555,35.72283888888889,1027
138.9507525,35.723169722222224,1018
138.95072972222223,35.72327166666667,1014
138.95060055555555,35.723332222222226,1014
138.95049305555557,35.72331166666667,1015
138.95037916666666,35.72325638888889,1015
138.95018055555556,35.723215277777776,1011
138.94996694444444,35.723215277777776,1011
138.94979138888888,35.72325638888889,1013
138.94963166666668,35.72340388888889,1003
138.9492422222222,35.723663333333334,998
138.94911305555556,35.723795555555554,991
138.94896777777777,35.724181944444446,993
138.94889166666667,35.72429916666667,992
138.94877666666667,35.72436972222222,992
138.94857805555554,35.72455305555555,992
138.9485175,35.72462888888889,992
138.9483263888889,35.72492416666667,993
138.9482277777778,35.725005555555555,996
138.94793805555557,35.725071666666665,994
138.94773944444444,35.72508138888889,989
138.9475788888889,35.72506194444444,988
138.947465,35.724980555555554,987
138.94741944444445,35.724873055555555,987
138.94744222222224,35.724537777777776,978
138.94738027777777,35.72445638888889,978
138.94728916666668,35.724420555555554,975
138.9471438888889,35.72439555555555,974
138.94640388888888,35.724471666666666,978
138.94622916666665,35.72443583333333,977
138.94610666666668,35.724314166666666,976
138.94610666666668,35.72388138888889,959
138.94603083333334,35.72379027777778,959
138.94591583333334,35.72370333333333,956
138.9456638888889,35.72363722222222,956
138.9455425,35.72357111111111,958
138.94541972222223,35.723495,955
138.94526805555554,35.72340388888889,954
138.94499333333334,35.72331194444445,954
138.94487833333332,35.72327194444444,955
138.94472666666667,35.723169722222224,953
138.94460416666666,35.723149166666666,953
138.94452805555557,35.72316444444444,952
138.9444436111111,35.72317944444445,951
138.9442688888889,35.723281666666665,952
138.94419194444444,35.72339888888889,951
138.94417666666666,35.72350472222222,952
138.94419194444444,35.723621944444446,950
138.94425361111112,35.72374888888889,944
138.94431444444444,35.72384111111111,942
138.9443675,35.7239225,944
138.94439027777779,35.72407444444445,943
138.9443525,35.72417111111111,946
138.9441688888889,35.72427305555556,938
138.94403222222223,35.72436972222222,934
138.94397805555556,35.72446611111111,930
138.94397805555556,35.72459861111111,930
138.94400194444444,35.7247875,932
138.94395527777777,35.724873055555555,932
138.94382611111112,35.724914444444444,934
138.94368083333333,35.724914444444444,932
138.94344416666667,35.724848055555555,925
138.9433302777778,35.724806944444445,924
138.9432077777778,35.72482222222222,923
138.94304055555557,35.72490361111111,925
138.94289527777778,35.72492416666667,926
138.9427572222222,35.72490361111111,929
138.9426511111111,35.72482222222222,929
138.94262055555555,35.72462888888889,926
138.9426511111111,35.72434472222222,925
138.94262055555555,35.724248055555556,925
138.94250555555556,35.72419722222222,924
138.94233083333333,35.72412111111111,932
138.94223861111112,35.724019166666665,917
138.9421172222222,35.723729444444444,910
138.94197972222221,35.72365777777778,903
138.94182,35.72363722222222,902
138.941705,35.72367305555556,903
138.9414686111111,35.72374888888889,893
138.9412927777778,35.72381527777778,892
138.94113333333334,35.723953055555555,893
138.9410572222222,35.72407444444445,892
138.94094222222222,35.724644166666664,892
138.94086638888888,35.724761388888886,892
138.94070583333334,35.72488833333333,893
138.94057666666666,35.724980555555554,893
138.94047694444444,35.725097777777776,892
138.94046916666667,35.725228888888886,892
138.9405072222222,35.72533111111111,892
138.94056916666668,35.72544805555555,890
138.94076638888887,35.72555416666667,892
138.94088166666666,35.72571277777778,890
138.9410411111111,35.726104444444445,883
138.94119416666666,35.72654611111111,883
138.94119416666666,35.72667833333333,884
138.9411636111111,35.726836666666664,885
138.94108,35.7269225,885
138.940965,35.726952777777775,888
138.94088166666666,35.726928055555554,897
138.94074361111112,35.72683138888889,890
138.94047694444444,35.726445,875
138.94034,35.7263225,864
138.94015666666667,35.72625638888889,865
138.9399961111111,35.726261666666666,865
138.9396911111111,35.726394166666665,865
138.9394775,35.726505833333334,865
138.93924083333334,35.72653611111111,867
138.9391575,35.72652111111111,868
138.93909555555555,35.72647,878
138.93911944444446,35.72636361111111,871
138.93924083333334,35.726170555555555,862
138.9392636111111,35.725945833333334,855
138.93921805555556,35.725773333333336,854
138.93912694444444,35.72567166666666,854
138.93889055555556,35.725656388888886,854
138.93866944444446,35.7257075,858
138.93853166666668,35.72562083333333,857
138.93853166666668,35.725524166666666,857
138.9386313888889,35.72536138888889,854
138.93866944444446,35.72519861111111,849
138.93855444444443,35.725005555555555,846
138.93857722222222,35.724873055555555,845
138.93890583333334,35.72455305555555,837
138.93900472222222,35.72439027777778,834
138.9390275,35.724248055555556,827
138.93878333333333,35.72388138888889,827
138.938715,35.72372416666666,826
138.93879083333334,35.72355611111111,816
138.93878333333333,35.723286944444446,818
138.93880611111112,35.72309833333333,815
138.9389211111111,35.72280305555555,813
138.93889083333335,35.72267166666666,815
138.938715,35.72261527777778,813
138.93853166666668,35.72260555555555,817
138.9384175,35.72253944444444,818
138.9384327777778,35.72228972222222,815
138.9384327777778,35.72217805555555,814
138.93833305555555,35.722096666666665,812
138.93816583333333,35.722030555555556,815
138.9380586111111,35.721873055555555,807
138.93802055555557,35.721675,802
138.93802805555555,35.72142,797
138.93811916666667,35.72120722222222,798
138.93822666666668,35.72107916666667,797
138.9384025,35.720870833333336,794
138.9384327777778,35.72071361111111,793
138.93839472222223,35.72061138888889,791
138.93825694444445,35.72052027777778,792
138.93812805555555,35.72049972222222,792
138.93728083333335,35.7206375,793
138.93714305555557,35.7206375,794
138.93700611111112,35.72055611111111,795
138.936915,35.72039777777778,794
138.93686833333334,35.720174166666666,795
138.93689111111112,35.72001138888889,796
138.93714305555557,35.719589722222224,775
138.93714305555557,35.71946277777778,775
138.93700611111112,35.71919805555556,783
138.9369911111111,35.718689166666664,778
138.93693027777778,35.71857194444444,776
138.93667861111112,35.718429722222226,772
138.9358313888889,35.71804888888889,754
138.93567083333335,35.71807916666667,746
138.93554166666667,35.71821583333333,741
138.93544305555557,35.71845027777778,743
138.9352822222222,35.71872472222222,744
138.93512944444444,35.71884194444444,744
138.9349775,35.71893305555555,743
138.93487,35.71902,745
138.93471805555555,35.719162222222224,747
138.93464111111112,35.71923916666667,747
138.93451944444445,35.719457222222225,748
138.93449666666666,35.71964611111111,748
138.93449666666666,35.71982388888889,749
138.93460305555556,35.720036388888886,750
138.93479416666668,35.72017972222222,750
138.9349775,35.720306666666666,751
138.93528972222222,35.72033694444445,752
138.93551861111112,35.72033694444445,752
138.93569444444444,35.72031638888889,753
138.93644194444445,35.720194722222224,755
138.93739583333334,35.72004722222222,757
138.937655,35.72000611111111,743
138.93826472222221,35.71999638888889,733
138.9385088888889,35.72001138888889,736
138.93869222222222,35.7200625,734
138.93882888888888,35.720128611111114,734
138.93900472222222,35.72027083333333,728
138.93923361111112,35.72053,727
138.9395763888889,35.72114111111111,717
138.93971416666668,35.72132333333333,718
138.93986722222223,35.721470833333335,725
138.9401263888889,35.72163916666667,705
138.94025555555555,35.72173,704
138.94051472222222,35.72177111111111,717
138.94078166666668,35.721740833333335,719
138.940965,35.72166388888889,720
138.9411561111111,35.72152194444445,722
138.94127,35.7212225,725
138.94119416666666,35.72094777777778,704
138.9409575,35.720622222222225,695
138.94078166666668,35.72044861111111,700
138.94057666666666,35.72033166666667,699
138.94021777777778,35.720149166666666,692
138.9401038888889,35.72009833333333,692
138.9399811111111,35.71997138888889,692
138.9398825,35.71982361111111,690
138.9395763888889,35.71886694444444,676
138.9390425,35.71787527777778,665
138.93860777777778,35.71695527777778,654
138.93855472222222,35.716813333333334,652
138.93843305555555,35.71651277777778,655
138.938395,35.71628361111111,651
138.93844055555556,35.715963611111114,652
138.93865444444444,35.71559722222222,644
138.93873027777778,35.715424722222224,643
138.93876833333334,35.715246666666665,642
138.93876833333334,35.71509916666667,642
138.93876833333334,35.71471722222222,647
138.9387911111111,35.714483888888886,648
138.93882916666666,35.71424944444444,648
138.9388911111111,35.71405083333333,648
138.93896694444445,35.71388388888889,649
138.93908083333332,35.71369,649
138.9392413888889,35.713456666666666,650
138.93971444444443,35.71298361111111,651
138.94024083333332,35.71250055555556,652
138.94109555555556,35.7117425,633
138.94130166666667,35.711483055555554,634
138.9414461111111,35.71122388888889,632
138.94154583333332,35.71093416666667,633
138.94160666666667,35.710567222222224,634
138.94165222222222,35.71042527777778,634
138.9417586111111,35.71028305555556,636
138.94182805555556,35.71018111111111,636
138.941995,35.71005944444445,634
138.9424302777778,35.709668055555554,641
138.94256805555557,35.70945861111111,647
138.9426288888889,35.709204722222225,644
138.94262111111112,35.70899111111111,635
138.94258333333335,35.70883361111111,636
138.94226972222222,35.70819777777778,635
138.94223916666667,35.708065833333336,635
138.94226972222222,35.70789305555556,634
138.94237694444445,35.7077,635
138.9425225,35.70762305555556,643
138.9427275,35.7075925,645
138.9430563888889,35.70762305555556,643
138.94335361111112,35.7077,644
138.94358222222223,35.70775527777778,642
138.9440325,35.707908333333336,645
138.94461972222223,35.70824916666667,646
138.94483333333332,35.7083,643
138.94511555555556,35.70831527777778,642
138.94580194444444,35.708309722222225,642
138.94642805555554,35.708264166666666,644
138.9466561111111,35.70828916666667,643
138.94696972222224,35.708376111111114,643
138.9482888888889,35.708955277777775,643
138.9491438888889,35.70930138888889,637
138.94940305555556,35.709357777777775,635
138.94976888888888,35.709382777777776,632
138.9505313888889,35.70921444444444,632
138.9508525,35.709108055555554,634
138.9510813888889,35.70894,634
138.95122583333332,35.7088075,627
138.95131805555556,35.70865055555556,612
138.9513636111111,35.708417222222224,613
138.9513938888889,35.708173055555555,613
138.95137888888888,35.70793888888889,614
138.95130166666667,35.707633888888886,614
138.95075277777778,35.705980555555556,604
138.950745,35.70580805555556,605
138.95079055555556,35.70561472222222,597
138.95086777777777,35.70554861111111,594
138.9510425,35.70540111111111,595
138.95180638888888,35.70482611111111,595
138.95198861111112,35.704593055555556,592
138.9521036111111,35.704388888888886,593
138.95214166666668,35.70421638888889,596
138.95214166666668,35.703743333333335,596
138.95208833333334,35.70357527777778,587
138.95196583333333,35.70339722222222,581
138.9519202777778,35.70335166666667,581
138.95086805555556,35.702415555555554,567
138.95067694444444,35.70225805555555,571
138.9506011111111,35.70219194444444,572
138.95009,35.70173416666667,576
138.9500052777778,35.70163194444444,577
138.9499675,35.70157666666667,577
138.94973833333333,35.70109388888889,574
138.94969277777778,35.70097694444444,574
138.94965472222222,35.70083361111111,576
138.94965472222222,35.70068194444445,576
138.94967777777777,35.70054416666667,573
138.9497536111111,35.700381388888886,574
138.95026472222222,35.699531666666665,565
138.95033416666666,35.69934388888889,567
138.95035694444445,35.699085,560
138.95035694444445,35.698906944444445,560
138.95033416666666,35.69857611111111,566
138.95034166666667,35.698342777777775,561
138.950395,35.69815944444444,557
138.95059333333333,35.69793583333333,554
138.95084527777777,35.697782777777775,553
138.95106666666666,35.69768611111111,554
138.95155472222223,35.69753333333333,556
138.95198861111112,35.69741611111111,556
138.95224027777778,35.69735111111111,550
138.95241611111112,35.69725888888889,551
138.95267555555554,35.69700944444445,551
138.95284361111112,35.69677611111111,561
138.95291944444443,35.69662861111111,559
138.9529575,35.69645055555556,556
138.952965,35.696267222222225,554
138.95292722222223,35.695728055555556,547
138.9528511111111,35.69524527777778,543
138.95282833333334,35.694944722222225,544
138.95282833333334,35.69478194444444,544
138.95286638888888,35.694584444444445,547
138.95300305555557,35.694319722222225,549
138.9531636111111,35.69416694444445,548
138.95337,35.69406055555555,547
138.95357611111112,35.694024722222224,546
138.95406416666665,35.69408555555555,545
138.9544525,35.69406055555555,545
138.95485722222222,35.694045277777775,544
138.95511666666667,35.69407555555556,544
138.955315,35.694141944444446,541
138.9557425,35.69428388888889,532
138.9559325,35.69428388888889,532
138.95607805555557,35.694208055555556,537
138.95660388888888,35.69381666666666,534
138.9568177777778,35.69362777777778,535
138.9569402777778,35.69346083333333,535
138.95707694444445,35.69327722222222,537
138.95719194444445,35.69309388888889,538
138.95715305555555,35.69293666666667,538
138.95715305555555,35.69283472222222,536
138.95726805555555,35.69276833333333,538
138.95741333333334,35.69276833333333,538
138.957665,35.69289527777778,530
138.9578625,35.69296694444444,532
138.95803083333334,35.69298222222222,535
138.95856444444445,35.69293666666667,533
138.95867944444444,35.692859722222224,534
138.9590677777778,35.69235166666667,526
138.95919055555555,35.692193333333336,528
138.96005194444444,35.691767222222225,526
138.96014416666668,35.69165,525
138.96017472222223,35.691451388888886,526
138.96025055555555,35.69137,528
138.96115083333333,35.69077,538
138.96134194444446,35.69065833333333,538
138.96150138888888,35.69061277777778,536
138.96165444444443,35.69058666666667,535
138.96235638888888,35.69056611111111,532
138.962555,35.69055083333333,535
138.96266888888889,35.69042944444445,538
138.96281416666667,35.690104166666664,534
138.96289027777777,35.690017222222224,534
138.96305055555555,35.68998694444444,537
138.96325555555555,35.69000194444445,537
138.96372861111112,35.69001194444444,531
138.9638663888889,35.68996194444444,535
138.96405,35.68973722222222,534
138.96432444444446,35.68937694444445,527
138.9645761111111,35.68917861111111,525
138.96471277777778,35.68904611111111,525
138.96475194444446,35.68890388888889,527
138.96469,35.688679444444446,526
138.96441555555555,35.688085,517
138.96423972222223,35.68764222222222,509
138.96417888888888,35.68742861111111,508
138.9641638888889,35.687195277777775,507
138.96420166666667,35.687042222222225,508
138.96430166666667,35.68689472222222,506
138.9644536111111,35.6867375,504
138.9656511111111,35.68593361111111,494
138.96596472222222,35.685770833333336,494
138.9662925,35.685653611111114,494
138.9670172222222,35.68552666666667,486
138.96721555555555,35.685450833333334,485
138.96758888888888,35.685246666666664,483
138.96794027777779,35.68505361111111,485
138.96823777777777,35.68494194444445,486
138.96862611111112,35.68486083333333,487
138.968955,35.684845555555555,486
138.96913083333334,35.684845555555555,486
138.96937472222223,35.684845555555555,486
138.96961861111112,35.684820555555554,486
138.9697402777778,35.684754444444444,488
138.96985416666666,35.68466222222222,488
138.96999194444444,35.68442888888889,488
138.97005277777777,35.68423472222222,487
138.97009083333333,35.6840525,488
138.97005277777777,35.683793055555554,487
138.96999944444445,35.68360416666667,488
138.96977833333332,35.68324305555556,498
138.969375,35.68286194444445,497
138.96925222222222,35.68268444444445,497
138.96909166666666,35.68237944444444,497
138.96901583333334,35.68217,495
138.96868805555556,35.681351944444444,497
138.96865,35.681045833333336,498
138.9686425,35.68089388888889,496
138.9686425,35.68057833333334,488
138.96865,35.67972888888889,485
138.96865,35.67954666666667,480
138.96850472222224,35.678737222222225,475
138.9678786111111,35.676678055555556,461
138.96762722222223,35.6760725,453
138.9673752777778,35.67547277777778,453
138.96729166666665,35.67514722222222,454
138.9671538888889,35.674598333333336,455
138.96706277777778,35.674414722222224,457
138.9667275,35.67411416666667,463
138.96613944444445,35.67346888888889,467
138.96601805555557,35.673179166666664,464
138.96598,35.67298611111111,466
138.96594083333332,35.67254333333333,464
138.96595722222222,35.67187722222222,466
138.96601805555557,35.67136305555555,465
138.96605583333334,35.671231666666664,465
138.9660786111111,35.67107333333333,465
138.96602555555555,35.67046361111111,453
138.9660863888889,35.66988833333333,444
138.9660636111111,35.669705,444
138.9659875,35.66940555555556,447
138.96588777777777,35.66912055555556,448
138.96568944444445,35.66865277777778,452
138.96564388888888,35.66849,454
138.9656286111111,35.66807333333333,455
138.96559083333332,35.66773694444444,454
138.96547666666666,35.66727916666667,452
138.96543777777777,35.666964722222225,455
138.96547666666666,35.66675638888889,453
138.96557555555555,35.66659805555555,452
138.9657286111111,35.666471111111115,453
138.96611666666666,35.666313611111114,449
138.9665288888889,35.66618138888889,444
138.96697944444443,35.66602388888889,442
138.96720055555556,35.665911111111114,443
138.96731472222223,35.665840555555555,439
138.96739055555557,35.665728888888886,438
138.9673752777778,35.66541333333333,437
138.96732972222222,35.664340277777775,435
138.96732972222222,35.66415694444444,430
138.96725388888888,35.66397888888889,426
138.96711611111112,35.66372944444444,426
138.9668413888889,35.663424444444445,424
138.96627722222223,35.66280416666667,415
138.9656513888889,35.66220416666667,415
138.96545277777778,35.66201638888889,415
138.9653313888889,35.661808055555554,416
138.96477472222222,35.66039888888889,406
138.96453055555557,35.659865,406
138.96443083333332,35.659554444444446,408
138.9643927777778,35.65927472222222,408
138.96443833333333,35.65904166666667,408
138.9644536111111,35.65903083333333,405
138.96462944444445,35.658858333333335,398
138.96481277777778,35.65878222222222,393
138.9649038888889,35.65870527777778,392
138.96494194444443,35.658614166666666,392
138.9648811111111,35.658496944444444,395
138.96475194444446,35.658298333333335,396
138.9641411111111,35.657474722222226,392
138.96382888888888,35.657088888888886,384
138.9628675,35.65603083333333,384
138.96214277777779,35.65537444444445,376
138.9619138888889,35.655232222222224,377
138.96165472222222,35.65508888888889,376
138.96142555555556,35.654982777777775,375
138.96107527777778,35.65481472222222,375
138.96092972222223,35.6546975,376
138.96070083333333,35.65441333333333,375
138.96038083333335,35.65391527777778,375
138.9603263888889,35.65378277777778,375
138.9603263888889,35.65360916666667,376
138.9604872222222,35.652882222222225,386
138.96069333333332,35.65212944444445,385
138.96076916666667,35.65189083333333,387
138.96089194444446,35.65169222222222,386
138.96122722222222,35.65132111111111,388
138.96160138888888,35.651025833333335,385
138.9621125,35.650757222222225,386
138.962425,35.6505325,385
138.96273722222222,35.65024833333333,382
138.96280666666667,35.650151666666666,381
138.96282944444445,35.65000944444444,382
138.9628522222222,35.649831666666664,383
138.96282944444445,35.64946472222222,382
138.9627913888889,35.649271666666664,379
138.96272972222224,35.64893111111111,377
138.96271444444446,35.64885,377
138.96263888888888,35.648265,377
138.96261611111112,35.64814777777778,377
138.96259333333333,35.64789833333333,376
138.9625313888889,35.647801666666666,376
138.96247805555555,35.64776583333333,375
138.96237944444445,35.64769,376
138.961365,35.64686666666667,376
138.96090694444445,35.64648472222222,377
138.95991555555557,35.64561,375
138.95973222222221,35.645472222222224,376
138.95948027777777,35.64530944444444,375
138.9593502777778,35.645223888888886,374
138.95921361111112,35.645131666666664,377
138.95903,35.64501444444444,375
138.95885444444446,35.644908055555554,375
138.95877833333333,35.64489833333333,375
138.958405,35.64487222222222,373
138.9581763888889,35.64485694444444,374
138.95760361111113,35.64482666666667,375
138.9573288888889,35.64483222222222,375
138.957215,35.644841944444444,375
138.95705444444445,35.64482666666667,375
138.95685583333332,35.644775833333334,373
138.9565661111111,35.644684444444444,370
138.9564675,35.64464861111111,364
138.9562688888889,35.644643333333335,362
138.95620055555557,35.64464861111111,362
138.95613138888888,35.644663888888886,362
138.9560175,35.64465861111111,363
138.95586444444444,35.6446075,366
138.9555138888889,35.64438388888889,366
138.95544444444445,35.64431777777778,361
138.9553913888889,35.64425694444444,361
138.95531527777777,35.64402277777778,357
138.95519277777777,35.6433925,356
138.9551775,35.643143055555555,356
138.95523194444445,35.642782777777775,352
138.95521666666667,35.64250805555555,344
138.9551775,35.642360555555555,342
138.95509416666667,35.642090555555555,333
138.95510166666668,35.642035,333
138.95541416666666,35.641531944444445,336
138.95565055555556,35.64125638888889,336
138.95574277777777,35.64114444444444,336
138.9560325,35.64093611111111,333
138.9561388888889,35.64081888888889,333
138.95620083333333,35.64069194444444,335
138.95635277777777,35.64000083333333,335
138.95635277777777,35.639847777777774,335
138.95633,35.63976666666667,335
138.95627666666667,35.63970055555556,335
138.95620083333333,35.63966472222222,335
138.9561011111111,35.639649722222224,335
138.95596416666666,35.63966055555556,334
138.95555194444444,35.639741666666666,336
138.95540666666668,35.63975138888889,337
138.9552925,35.63972527777778,338
138.95519277777777,35.639675277777776,343
138.95501805555554,35.63956805555556,338
138.95461333333333,35.63921777777778,334
138.95446805555557,35.63908527777778,335
138.95425555555556,35.638850833333336,335
138.95421638888888,35.638759722222225,337
138.95392666666666,35.63865777777778,336
138.95384333333334,35.63860694444445,337
138.95372055555555,35.63850055555555,337
138.95350805555555,35.63828138888889,336
138.95333222222223,35.638082777777775,336
138.9532638888889,35.63803277777778,336
138.95302722222223,35.63788527777778,335
138.95295777777778,35.63780833333333,337
138.95266805555556,35.63728416666667,336
138.95259222222222,35.63715277777778,335
138.95255416666666,35.63706055555556,337
138.95253888888888,35.63694888888889,337
138.95253888888888,35.636649722222224,336
138.952515,35.6365325,337
138.9522025,35.635393055555554,342
138.95194361111112,35.63489388888889,344
138.95194361111112,35.63480277777778,343
138.95192833333334,35.634167222222224,341
138.95190555555556,35.63406527777778,340
138.9518525,35.63399472222222,344
138.95181444444444,35.63395888888889,344
138.9517525,35.63390805555556,347
138.95167666666666,35.63389277777778,347
138.95118083333332,35.63390805555556,362
138.95095166666667,35.63389277777778,364
138.95075333333332,35.633856944444446,358
138.9504636111111,35.633790833333336,360
138.95036472222222,35.633790833333336,360
138.950265,35.63381666666667,355
138.9499297222222,35.634025,363
138.94947972222224,35.634299444444444,364
138.9494263888889,35.63430916666667,362
138.94938083333332,35.634299444444444,362
138.94934194444446,35.63426888888889,362
138.9493038888889,35.63421805555556,352
138.9490825,35.63339916666666,347
138.94902944444445,35.63330777777778,349
138.94894583333334,35.63325138888889,348
138.94884583333334,35.63321138888889,349
138.9479388888889,35.63307361111111,355
138.94755694444444,35.633043055555554,361
138.94687027777778,35.633043055555554,361
138.94661861111112,35.63305833333333,362
138.94651972222223,35.633094166666666,364
138.94642861111112,35.633134166666665,362
138.94609222222223,35.63336861111111,364
138.9459936111111,35.63342472222222,365
138.9458711111111,35.63348555555555,363
138.94566472222223,35.63355166666667,368
138.94558138888888,35.633566944444446,364
138.9454825,35.633566944444446,367
138.94529166666666,35.63352583333333,372
138.94515361111112,35.63345944444445,371
138.94507027777777,35.63339888888889,375
138.94503972222222,35.63336833333334,375
138.94503972222222,35.6333075,378
138.94503972222222,35.633226388888886,378
138.94507777777778,35.63317527777778,382
138.94513083333334,35.63312416666667,379
138.94519166666666,35.63310944444444,387
138.94532944444444,35.63309944444445,389
138.9454825,35.63310944444444,389
138.94584055555555,35.633160277777776,381
138.94593166666667,35.633160277777776,380
138.9459936111111,35.63314527777778,380
138.94606944444445,35.63309944444445,385
138.94651972222223,35.63265138888889,392
138.94660333333334,35.63259055555555,391
138.946955,35.63239222222222,393
138.94706888888888,35.63232583333333,391
138.94735833333334,35.63216861111111,389
138.947405,35.63213277777778,389
138.94761777777777,35.63201111111111,387
138.94770222222223,35.631949444444444,386
138.94777055555556,35.631883333333334,386
138.9478086111111,35.631816944444445,385
138.94790833333334,35.63159388888889,384
138.9479311111111,35.631506944444446,384
138.9480147222222,35.63126833333333,383
138.94809083333334,35.63106,383
138.948145,35.63086666666667,384
138.9481525,35.63081583333334,384
138.9481525,35.630744166666666,384
138.94812861111112,35.630693055555554,384
138.9481211111111,35.63064333333333,384
138.94805277777778,35.63048472222222,385
138.94800722222223,35.63027638888889,386
138.94796916666667,35.63014944444444,386
138.94786944444445,35.630026944444445,386
138.9478313888889,35.629960833333335,386
138.94777055555556,35.629824166666666,387
138.94769472222222,35.62954444444444,386
138.94763277777778,35.62931,385
138.94761777777777,35.62924916666667,385
138.94756444444445,35.62898444444444,384
138.94756444444445,35.628842222222225,384
138.94756444444445,35.62880222222222,384
138.94756444444445,35.62864916666667,384
138.94757972222223,35.62859388888889,384
138.94763277777778,35.62854277777778,384
138.94767944444445,35.62851666666667,382
138.94804527777777,35.62842555555556,379
138.94828944444444,35.62835416666667,378
138.94848027777778,35.628278055555555,376
138.94860194444445,35.628217222222226,376
138.94932666666668,35.627876944444445,374
138.9499525,35.6276425,372
138.95040277777778,35.627495,371
138.95051666666666,35.627118333333335,372
138.95055472222222,35.62694583333333,371
138.95061638888888,35.626650833333336,370
138.95061638888888,35.6264675,370
138.9506925,35.62591861111111,351
138.9507152777778,35.62581111111111,360
138.95075333333332,35.625695,363
138.95086833333335,35.62558777777778,368
138.95098222222222,35.625501944444444,371
138.95112,35.62540972222222,372
138.9513022222222,35.62534361111111,371
138.95198916666666,35.62521111111111,382
138.9523027777778,35.62512,381
138.95255416666666,35.62501805555556,384
138.95269083333332,35.62492694444445,384
138.95280583333334,35.624809722222224,384
138.95302722222223,35.624433333333336,387
138.9531411111111,35.62430111111111,386
138.95329416666667,35.62419472222222,387
138.95350805555555,35.6240775,386
138.95357638888888,35.6240375,384
138.95368277777777,35.62394527777778,384
138.9540188888889,35.62349277777778,386
138.9542013888889,35.623345,387
138.95433916666667,35.623284444444444,386
138.95446833333332,35.62325833333333,385
138.9547286111111,35.623218055555554,386
138.9548577777778,35.62316722222222,385
138.9551397222222,35.62293861111111,385
138.95566583333334,35.622592222222224,387
138.95582638888888,35.62252194444444,387
138.95633,35.62238388888889,386
138.956345,35.62229277777778,385
138.956345,35.622155,385
138.95635277777777,35.621763333333334,384
138.956345,35.621626666666664,383
138.95629194444444,35.621519166666666,391
138.95616944444444,35.62140194444444,392
138.95584166666666,35.62125,397
138.9557886111111,35.62119361111111,396
138.95576583333334,35.62112777777778,398
138.95578083333334,35.621051944444446,398
138.95594027777778,35.62084361111111,393
138.95596416666666,35.62077194444444,392
138.95594027777778,35.620695833333336,392
138.95586444444444,35.62060916666667,394
138.9556886111111,35.620491944444446,395
138.9555063888889,35.62038555555556,396
138.95542944444443,35.620355277777776,397
138.955155,35.62025861111111,397
138.95476666666667,35.620177222222225,399
138.95457555555555,35.62012083333333,400
138.9544302777778,35.620045,403
138.95431638888888,35.61994277777778,404
138.95424027777779,35.61984638888889,404
138.95419361111112,35.61971944444444,406
138.95414055555557,35.61920083333333,404
138.9541025,35.61886972222222,405
138.95405694444443,35.6187375,405
138.95396472222222,35.618610277777776,406
138.95386611111113,35.61851388888889,403
138.95384333333334,35.61848777777778,403
138.953255,35.6181375,393
138.95319444444445,35.6181225,394
138.9530275,35.61807694444445,392
138.95286694444445,35.618071111111114,392
138.95234055555557,35.6181275,386
138.95210416666666,35.61816777777778,381
138.95201944444443,35.61820361111111,381
138.95179055555556,35.61835111111111,385
138.95170694444445,35.61840194444444,381
138.95160833333333,35.618426944444444,376
138.95150083333334,35.61843777777778,374
138.95147055555555,35.61843777777778,374
138.9514022222222,35.618426944444444,375
138.9506775,35.61808638888889,362
138.95057888888888,35.618050555555556,364
138.95043333333334,35.618050555555556,363
138.95015138888888,35.61806138888889,363
138.9495025,35.61804611111111,356
138.9488925,35.617959444444445,355
138.94883083333335,35.617913888888886,355
138.94870166666666,35.617760833333335,350
138.9486636111111,35.61768472222222,350
138.94856388888888,35.617359444444446,322
138.948465,35.61698833333333,351
138.9484575,35.6169675,351
138.94842722222222,35.61681027777778,351
138.94841944444445,35.616728888888886,352
138.94840472222222,35.61585361111111,357
138.94838944444444,35.615005,361
138.94838944444444,35.61461333333333,362
138.94838194444444,35.61456222222222,362
138.94836555555557,35.6139875,365
138.94816805555556,35.613993055555554,364
138.94797722222222,35.613993055555554,364
138.9478697222222,35.61397777777778,364
138.9477025,35.61394722222222,363
138.94755722222223,35.61389638888889,363
138.94722944444445,35.61376833333333,364
138.94690833333334,35.613636944444444,365
138.9459938888889,35.61332138888889,364
138.94595583333333,35.61331138888889,364
138.94559666666666,35.61321888888889,364
138.9453677777778,35.61315277777778,364
138.94530694444444,35.613143055555554,364
138.9450325,35.61307138888889,364
138.94487944444444,35.61302583333333,364
138.94466583333335,35.612944444444445,364
138.94444444444446,35.61283805555556,364
138.94421555555556,35.61273083333333,364
138.94360583333332,35.61243555555556,364
138.94325555555557,35.61226833333333,364
138.94296472222223,35.61276111111111,361
138.94278222222223,35.61307138888889,359
138.94267916666666,35.61301944444445,359
</coordinates>
</LineString>
</Placemark>
</Document>
</kml>
