<?xml version="1.0" encoding="UTF-8"?>
<kml xmlns="http://www.opengis.net/kml/2.2" xmlns:atom="http://www.w3.org/2005/Atom">
<Document>
<name>WCC市民サイクリング案冷水海岸</name>
<atom:author>
<atom:name>WCCsalon</atom:name>
</atom:author> 
<atom:link href="https://latlonglab.yahoo.co.jp/route/watch?id=495e8bf3cf6c4211b4ec69cd43707ed4" />
<description><![CDATA[暖かいシーズンのコース
冷水海岸で昼食]]></description>
<tags><![CDATA[]]></tags>  
<Placemark>
<Style>
<LineStyle>
<color>99ff0000</color>
<width>6</width>
</LineStyle>
</Style>
<LineString>
<coordinates>
135.18707055555555,34.23002694444445,4
135.18707583333332,34.23000972222222,4
135.18713666666667,34.22983166666667,4
135.1872972222222,34.22931333333333,4
135.18741111111112,34.2289825,3
135.1874263888889,34.22893583333333,3
135.1874263888889,34.22893472222222,3
135.18741111111112,34.2289825,3
135.18815138888888,34.22908972222222,3
135.1891202777778,34.22920166666667,3
135.18957805555556,34.229256944444444,4
135.18968444444445,34.22927222222222,4
135.19023472222221,34.22934361111111,4
135.1904397222222,34.22936861111111,4
135.1906611111111,34.22939916666667,4
135.19113388888888,34.22945555555555,4
135.19163722222223,34.229506388888886,4
135.191775,34.22953138888889,4
135.19181305555554,34.229506388888886,4
135.19222527777777,34.2295825,4
135.1922775,34.22959,4
135.1922763888889,34.22959,4
135.1923013888889,34.229593333333334,4
135.1924772222222,34.2295825,4
135.1928352777778,34.229593333333334,4
135.19338416666668,34.2295975,4
135.19362833333332,34.2295975,4
135.19426222222222,34.22960833333333,4
135.19437722222222,34.229618333333335,4
135.19475027777779,34.229684444444445,4
135.1950475,34.22972444444444,4
135.1953838888889,34.229775555555555,4
135.19553555555555,34.22979083333333,4
135.19574944444443,34.22983194444444,4
135.19651222222222,34.229949166666664,4
135.19677166666668,34.230000277777776,4
135.19719916666668,34.230066388888886,4
135.19788583333334,34.23016722222222,5
135.19829055555556,34.23023333333333,5
135.1987636111111,34.23032555555555,5
135.19890027777777,34.230356111111114,5
135.1989988888889,34.230375555555554,5
135.19943416666666,34.23045694444444,5
135.19997555555557,34.230600277777775,5
135.20032694444444,34.230691388888886,5
135.20062444444446,34.23076722222222,5
135.2007775,34.2307575,5
135.201525,34.23073388888889,5
135.2015238888889,34.23073388888889,5
135.20157055555555,34.230732777777774,5
135.2017463888889,34.23071777777778,5
135.2018375,34.23072194444445,5
135.20191333333332,34.23074805555556,5
135.2019752777778,34.23079361111111,5
135.20208916666667,34.23090527777778,5
135.20216527777777,34.23096611111111,5
135.2022725,34.231032222222225,5
135.20261555555555,34.23121583333333,5
135.20268472222222,34.231255555555556,5
135.20295166666668,34.23139888888889,5
135.20392055555556,34.231968611111114,6
135.20413444444443,34.23203888888889,6
135.20456083333335,34.23213111111111,6
135.20473638888888,34.23215611111111,6
135.20485805555555,34.23216583333333,6
135.2057511111111,34.23215611111111,6
135.2062013888889,34.232324444444444,6
135.20653638888888,34.23245138888889,6
135.20668944444444,34.2325425,5
135.20675777777777,34.23260861111111,6
135.20678805555556,34.23263472222222,6
135.20702472222223,34.23287333333333,5
135.2070236111111,34.23287222222222,5
135.20703972222222,34.232888611111115,5
135.20720805555555,34.23284861111111,5
135.2073838888889,34.23284861111111,5
135.20755194444445,34.23285833333333,5
135.2076886111111,34.23287333333333,5
135.20794805555556,34.232883055555554,5
135.20806305555556,34.23289833333333,5
135.20817694444443,34.23291472222222,5
135.20888666666667,34.232975555555555,5
135.20910805555556,34.233000555555556,5
135.20932166666665,34.23305166666667,5
135.20941083333332,34.233065833333335,5
135.20940972222223,34.233065833333335,5
135.20945083333334,34.23307222222222,5
135.20974916666665,34.23314277777778,5
135.20977194444444,34.233240277777774,5
135.2099088888889,34.233199166666665,5
135.210115,34.23320888888889,5
135.2102602777778,34.23319388888889,5
135.21045777777778,34.23316888888889,5
135.21087,34.23312333333333,5
135.21090777777778,34.23311777777778,5
135.21141138888888,34.232975833333334,5
135.21145805555557,34.23299083333333,5
135.21163277777777,34.23302666666667,5
135.211725,34.23302666666667,5
135.2119463888889,34.23296055555556,5
135.21206027777777,34.23294972222222,5
135.21219027777778,34.23296472222222,5
135.2122738888889,34.23299083333333,5
135.21243444444445,34.23307222222222,5
135.21251055555555,34.23314277777778,6
135.2124725,34.233176388888886,7
135.2124725,34.233176388888886,6
135.21251055555555,34.23314277777778,6
135.21260916666665,34.233240555555554,7
135.21263972222224,34.23326,7
135.21297611111112,34.23344888888889,9
135.21296083333334,34.233956666666664,8
135.21296083333334,34.23433277777778,8
135.2131202777778,34.23462361111111,8
135.21315055555556,34.235146666666665,8
135.2131202777778,34.23519777777778,8
135.2131202777778,34.235844444444446,8
135.21311277777778,34.23603194444444,8
135.21309416666668,34.236309722222224,7
135.21309416666668,34.236308888888885,7
135.21307472222222,34.23661694444444,7
135.21305194444443,34.236647222222224,7
135.21305944444444,34.23681555555556,7
135.2131202777778,34.23724722222222,7
135.21317444444443,34.23725833333334,7
135.2132125,34.237298333333335,7
135.21325055555556,34.237705,7
135.21329583333332,34.238350555555556,7
135.21331111111112,34.23847305555555,7
135.21333388888888,34.23864138888889,6
135.21339444444445,34.23880861111111,6
135.2134638888889,34.23894083333333,6
135.21358555555557,34.23912416666667,6
135.2137763888889,34.23934333333333,6
135.2139447222222,34.23949,6
135.2141736111111,34.239648333333335,6
135.21431027777777,34.23972416666667,6
135.21434944444445,34.23974277777778,6
135.21434833333333,34.23974277777778,6
135.21431027777777,34.23972416666667,6
135.21453916666667,34.239739444444446,6
135.21483666666666,34.23975027777778,6
135.21552333333332,34.23983166666667,6
135.21568416666668,34.23985666666667,6
135.21582083333334,34.23985666666667,6
135.21592055555556,34.23984138888889,6
135.21601166666667,34.239800277777775,6
135.21628638888888,34.23962222222222,7
135.21634805555556,34.239576666666665,7
135.2165997222222,34.23950611111111,7
135.21723222222224,34.23947472222222,7
135.21730055555557,34.239465,7
135.2173625,34.239465,7
135.2173625,34.239465,7
135.21737,34.239465,7
135.21743833333332,34.239449722222226,7
135.21750666666668,34.239424722222225,7
135.2175761111111,34.23938888888889,7
135.21764444444443,34.23932277777778,7
135.2177127777778,34.23925111111111,7
135.21775083333333,34.239185,7
135.21823916666668,34.23911472222222,7
135.21848333333332,34.239063888888886,7
135.21867416666666,34.239018055555555,7
135.2189713888889,34.23891611111111,8
135.2191322222222,34.23885972222222,8
135.2192611111111,34.23880888888889,8
135.2193763888889,34.238774166666666,8
135.21954444444444,34.23869694444444,8
135.21979611111112,34.238590555555554,8
135.22013916666666,34.23846805555556,8
135.22019972222222,34.23844861111111,8
135.22065777777777,34.238300833333334,8
135.22073472222223,34.238280277777775,7
135.22114611111112,34.23818388888889,7
135.2214972222222,34.23818388888889,7
135.22155805555556,34.23817277777778,7
135.221825,34.2381175,7
135.2221375,34.23807638888889,7
135.22237388888888,34.238015555555556,7
135.22240555555555,34.238014444444445,7
135.22240555555555,34.238014444444445,7
135.2244761111111,34.23797388888889,6
135.2244761111111,34.23797388888889,6
135.22518416666668,34.23853277777778,5
135.22518416666668,34.23853277777778,5
135.22649305555555,34.2386125,5
135.2265088888889,34.23860083333334,5
135.2267075,34.23907388888889,5
135.22683777777777,34.239374444444444,5
135.22684527777778,34.23938944444444,5
135.22688333333335,34.23948083333333,5
135.22692138888888,34.23955222222222,5
135.22695916666666,34.23960777777778,5
135.22711222222222,34.239760555555556,5
135.22717305555557,34.23983222222222,5
135.22725666666668,34.240025277777775,5
135.22725222222223,34.2400275,5
135.22725222222223,34.240028611111114,5
135.22725666666668,34.240025277777775,5
135.2277447222222,34.239959166666665,5
135.22781416666666,34.239893055555555,5
135.22785972222223,34.239866944444444,5
135.22791305555555,34.23984194444444,5
135.22823305555556,34.23977583333333,5
135.22833305555557,34.239760555555556,5
135.22856944444445,34.239715,5
135.2286227777778,34.23970972222222,5
135.22867583333334,34.23970972222222,5
135.22874416666667,34.239760555555556,5
135.22879833333334,34.239760555555556,5
135.22888194444445,34.23975083333333,5
135.22919416666667,34.2397,6
135.22929416666668,34.239664166666664,6
135.2293625,34.23964888888889,6
135.22950666666668,34.23963361111111,6
135.2296597222222,34.23961861111111,6
135.22975833333334,34.23960777777778,6
135.22987333333333,34.239622777777775,6
135.23001888888888,34.23967388888889,6
135.2300872222222,34.23967388888889,6
135.2304225,34.23963361111111,6
135.23060583333333,34.23960777777778,6
135.23079694444445,34.23958277777778,6
135.23089555555555,34.23958277777778,6
135.2309336111111,34.23958277777778,6
135.2310486111111,34.23960777777778,6
135.23109416666668,34.23960777777778,6
135.23122333333333,34.23955222222222,6
135.23127,34.23952944444444,6
135.23127,34.239530555555554,6
135.23140666666666,34.239465555555554,6
135.2314761111111,34.23952638888889,7
135.23152166666668,34.23952638888889,7
135.23162055555557,34.23950138888889,7
135.23167361111112,34.239465555555554,7
135.23222361111112,34.23941444444444,7
135.23229972222222,34.239399722222224,7
135.23238333333333,34.239359444444446,7
135.2325361111111,34.239267222222225,7
135.232635,34.239267222222225,7
135.23271194444445,34.2392825,7
135.23289416666665,34.23934861111111,7
135.23298666666668,34.23943527777778,7
135.23307,34.239333333333335,7
135.23316111111112,34.239242222222224,7
135.2332986111111,34.239176111111114,7
135.23357333333334,34.239125,7
135.23420694444445,34.23892638888889,7
135.23438166666668,34.23887555555556,7
135.234885,34.238865833333335,7
135.23493166666665,34.23883527777778,7
135.23503805555555,34.238799444444446,7
135.23545055555556,34.238794166666665,7
135.23588555555557,34.238774722222225,7
135.23606027777777,34.238708333333335,7
135.2364347222222,34.23860111111111,7
135.2365863888889,34.23856083333333,7
135.23659305555555,34.238547777777775,7
135.23659305555555,34.238547777777775,7
135.23662555555555,34.23848388888889,7
135.2369,34.23851416666667,7
135.23699888888888,34.238525,7
135.23768527777779,34.23860111111111,7
135.23787638888888,34.23862166666667,7
135.23884527777778,34.23871805555556,7
135.23889083333333,34.23872361111111,7
135.23986,34.23882444444445,7
135.23986,34.238865833333335,7
135.23989777777777,34.23890166666666,7
135.2401497222222,34.238992777777774,8
135.24024833333334,34.23900777777778,8
135.24044694444444,34.239043611111114,8
135.2406,34.23905888888889,8
135.24064555555555,34.239064444444445,8
135.2408061111111,34.23911527777778,7
135.24087444444444,34.239134722222225,8
135.24144638888887,34.239425555555556,8
135.2419113888889,34.23965888888889,8
135.24195694444444,34.23967416666667,8
135.24217083333335,34.23974027777778,8
135.24227055555556,34.23977611111111,8
135.24234666666666,34.23980638888889,8
135.2424225,34.2398575,8
135.2424452777778,34.2398825,8
135.24268194444446,34.24010166666667,8
135.2427361111111,34.24013194444444,8
135.24282194444444,34.24013194444444,8
135.24282083333333,34.24013194444444,8
135.24342194444444,34.24013194444444,8
135.24367361111112,34.24013194444444,8
135.24375833333335,34.240141666666666,8
135.24440611111112,34.240208055555556,8
135.24455916666668,34.24022305555555,8
135.24458194444443,34.24022305555555,8
135.24475,34.24022305555555,8
135.24508527777778,34.24019277777778,8
135.245375,34.240158055555554,8
135.24608444444445,34.24007666666667,8
135.246245,34.24004083333333,8
135.24658027777778,34.239918333333335,8
135.24722166666666,34.23966444444444,8
135.24735944444444,34.23960833333334,8
135.24742,34.239552777777774,8
135.2475513888889,34.23956694444445,8
135.24755027777778,34.23956694444445,8
135.24765666666667,34.239577777777775,8
135.2479463888889,34.23960833333334,8
135.24869388888888,34.23968527777778,8
135.24959444444445,34.23978611111111,8
135.250075,34.23983722222222,8
135.2510438888889,34.23993361111111,8
135.25162333333333,34.24,8
135.25203583333334,34.24004111111111,8
135.2520888888889,34.240050833333335,8
135.25305777777777,34.240141944444446,9
135.25335527777779,34.24017361111111,9
135.25432388888888,34.24026472222222,9
135.25529277777778,34.24033638888889,9
135.25532305555555,34.240340555555555,9
135.25566722222223,34.240340555555555,9
135.2566361111111,34.24033638888889,9
135.25698666666668,34.24033083333333,9
135.25708527777778,34.24033083333333,9
135.25789444444445,34.24033083333333,9
135.2587863888889,34.24032555555556,9
135.2597477777778,34.24032555555556,9
135.25985527777777,34.24032555555556,9
135.26081666666667,34.240315555555554,9
135.26098027777778,34.240315555555554,9
135.26098027777778,34.240315555555554,9
135.26241861111112,34.241025,9
135.26241861111112,34.241025,9
135.2637061111111,34.243065,9
135.26370138888888,34.24305527777778,9
135.26373055555555,34.24304111111111,9
135.26403555555555,34.242889166666664,10
135.26417222222221,34.24280777777778,10
135.26434805555556,34.24268527777778,10
135.26492833333333,34.242130833333334,9
135.26511833333333,34.242060277777775,9
135.2652788888889,34.241998333333335,9
135.26564472222222,34.24191694444445,9
135.2661325,34.241800833333336,10
135.26662083333332,34.24164805555556,10
135.26715583333333,34.241551666666666,10
135.26745305555556,34.24151583333333,10
135.26807055555557,34.24144944444444,10
135.26824638888888,34.241434444444444,10
135.2684297222222,34.24141916666667,10
135.2689936111111,34.24135833333333,10
135.26930611111112,34.2413325,10
135.26960555555556,34.24129,10
135.26960444444444,34.24129,10
135.26977916666667,34.24126611111111,10
135.27004722222222,34.241235833333334,10
135.27042055555555,34.24118472222222,10
135.2706572222222,34.241165277777775,10
135.270795,34.24115,10
135.2711302777778,34.241135,11
135.27150333333333,34.24110888888889,11
135.27179388888888,34.24109361111111,11
135.27220527777777,34.24111416666667,11
135.27257194444445,34.24113916666666,11
135.27277055555555,34.24115,11
135.27300694444443,34.241175,11
135.27322833333332,34.241210833333334,11
135.2733575,34.24122611111111,11
135.2734411111111,34.241235833333334,11
135.27363194444445,34.24126611111111,11
135.27419722222223,34.2413475,11
135.2743413888889,34.241394166666666,11
135.27457805555557,34.24147555555555,11
135.27469305555556,34.24151583333333,12
135.2750661111111,34.241617777777776,12
135.27520416666667,34.241657777777775,12
135.2754938888889,34.24171444444445,12
135.27579111111112,34.24176,12
135.2759288888889,34.24176527777778,12
135.27606555555556,34.24175,12
135.27618055555556,34.241724166666664,12
135.27673916666666,34.24161888888889,12
135.27673805555557,34.24162,12
135.27682805555557,34.2416025,12
135.27683583333334,34.241597222222225,12
135.2778047222222,34.24140944444444,12
135.27799555555555,34.24137361111111,12
135.2780336111111,34.241368055555554,12
135.27849166666667,34.24131722222222,12
135.27860666666666,34.241281388888886,12
135.27879638888888,34.24121638888889,12
135.2789038888889,34.241165277777775,13
135.2792922222222,34.24100694444444,13
135.27937694444444,34.24101777777778,13
135.2799713888889,34.24107305555555,13
135.28077194444444,34.241144722222224,12
135.2817411111111,34.24122611111111,12
135.28216055555555,34.24126611111111,12
135.2831297222222,34.2413475,13
135.28386194444445,34.24141916666667,14
135.28483083333333,34.241506111111114,14
135.28505972222223,34.241530833333336,14
135.2860286111111,34.2416275,15
135.2863638888889,34.24164805555556,15
135.28657,34.24167305555556,15
135.28682194444445,34.24169916666666,16
135.28779055555555,34.24178583333333,16
135.2878436111111,34.24178583333333,16
135.28816916666668,34.241819444444445,16
135.28816805555556,34.241819444444445,16
135.28818,34.241820555555556,16
135.28914916666668,34.24191277777778,16
135.29011777777777,34.241998611111114,16
135.29026972222223,34.24201388888889,16
135.2912386111111,34.24210055555555,16
135.29213166666668,34.24219277777778,16
135.29248972222223,34.242242777777776,16
135.2924138888889,34.242375,16
135.2926197222222,34.24264,16
135.29268027777778,34.24270611111111,16
135.29285611111112,34.24285916666667,16
135.2928638888889,34.24290888888889,16
135.29285611111112,34.24296,16
135.29281833333334,34.243052222222225,16
135.29280527777777,34.243071666666665,15
135.29280527777777,34.243071666666665,16
135.29281833333334,34.243052222222225,16
135.29339,34.24326583333333,16
135.29355055555556,34.24330611111111,16
135.29366444444443,34.24335166666667,16
135.2939163888889,34.24348416666667,16
135.29436666666666,34.24361611111111,16
135.2944588888889,34.24368222222222,16
135.29441972222222,34.24379944444444,16
135.2944275,34.24382444444444,16
135.294435,34.24383,16
135.2954036111111,34.24414027777778,16
135.29548833333334,34.24414027777778,16
135.29557944444446,34.24411,16
135.29583888888888,34.24395694444444,16
135.29591472222222,34.243941666666665,16
135.29606777777778,34.24395138888889,16
135.29638777777777,34.24398305555555,16
135.29666333333333,34.24404361111111,16
135.29683805555555,34.24405888888889,16
135.29697583333333,34.244074166666664,16
135.29715166666668,34.24411416666667,16
135.29728083333333,34.24414027777778,16
135.29740333333334,34.24420111111111,16
135.29739361111112,34.24420972222222,16
135.29739361111112,34.24420972222222,16
135.29740333333334,34.24420111111111,16
135.29763222222223,34.24438444444444,16
135.29802805555556,34.24464361111111,16
135.29816583333334,34.24480111111111,16
135.29821916666666,34.244816388888886,16
135.29866944444444,34.24492361111111,16
135.29905027777778,34.244994166666665,16
135.29915,34.24498444444444,16
135.299455,34.24491833333333,15
135.29953111111112,34.24492361111111,16
135.299875,34.245065833333335,15
135.3004388888889,34.24500944444444,16
135.30090444444446,34.24510166666666,15
135.30098805555556,34.24510166666666,15
135.30151416666666,34.245126666666664,18
135.301805,34.24514166666667,19
135.30196444444445,34.24514722222222,19
135.3020338888889,34.2451625,19
135.30300277777778,34.24534027777778,19
135.3034063888889,34.24539138888889,19
135.3040247222222,34.24565611111111,19
135.30452833333334,34.245885,19
135.3045888888889,34.24592527777778,19
135.3048636111111,34.2460325,19
135.30507916666667,34.246206111111114,19
135.30507805555555,34.246205277777776,19
135.305115,34.24623555555556,19
135.30550444444444,34.24645916666667,19
135.3056413888889,34.24656638888889,19
135.30601555555555,34.24679972222222,19
135.30612944444445,34.24688111111111,19
135.3065038888889,34.2472575,19
135.3066025,34.247283333333336,19
135.3068011111111,34.24731388888889,19
135.30706805555556,34.24755805555556,20
135.30730444444444,34.24771527777778,19
135.30748027777778,34.24780222222222,19
135.30764083333332,34.24784777777778,20
135.30796833333332,34.24796472222222,20
135.30816694444445,34.24808194444444,20
135.30838833333334,34.24809166666667,20
135.3088613888889,34.24811666666667,21
135.30894388888888,34.24812333333333,21
135.3089427777778,34.24812333333333,21
135.3088613888889,34.24811666666667,21
135.3089375,34.248218888888886,20
135.30963916666667,34.24829027777778,19
135.30966194444446,34.24831527777778,19
135.30967722222223,34.2484075,19
135.3097,34.2484325,19
135.30996694444445,34.24854972222222,19
135.30996583333334,34.24857027777778,19
135.30996583333334,34.24857027777778,19
135.311715,34.24909111111111,17
135.311715,34.24909111111111,17
135.31170944444443,34.2495525,16
135.31170805555556,34.2495425,16
135.31200333333334,34.24955111111111,16
135.31239277777777,34.24957722222222,16
135.31255333333334,34.249581666666664,17
135.3128886111111,34.2495925,18
135.31312527777777,34.2495925,19
135.31318611111112,34.2495925,19
135.31326305555555,34.24957722222222,19
135.31367416666666,34.24941444444445,19
135.3138425,34.249358055555554,19
135.3139488888889,34.249318055555555,19
135.31436083333332,34.249185555555556,22
135.31484166666667,34.2490175,21
135.3150552777778,34.24893055555555,23
135.3153375,34.24878416666667,27
135.31571166666666,34.24857472222222,23
135.31590166666666,34.248493333333336,25
135.3162,34.2484075,25
135.3167261111111,34.24822416666667,25
135.31721416666667,34.248066944444446,25
135.3176102777778,34.24795,24
135.31782416666667,34.24789888888889,23
135.31819833333333,34.2478175,21
135.3186488888889,34.247705833333335,22
135.31888527777778,34.24767527777778,25
135.31893861111112,34.247664444444446,25
135.31919,34.24764944444444,27
135.31951,34.24764944444444,27
135.3197011111111,34.24762444444445,25
135.319815,34.247598333333336,24
135.31989944444445,34.24755833333333,27
135.3200286111111,34.24744111111111,27
135.32018916666667,34.24728361111111,26
135.32025,34.24717638888889,24
135.32027277777777,34.24708527777778,24
135.32026527777776,34.24698305555555,23
135.32022722222223,34.24688111111111,26
135.3200363888889,34.246606666666665,24
135.3199375,34.24643416666667,22
135.31986166666667,34.24628111111111,23
135.3198538888889,34.246215,22
135.31987666666666,34.246138888888886,22
135.3199225,34.2460425,22
135.31999083333332,34.24594027777778,22
135.32005138888888,34.24583416666667,22
135.32009805555555,34.24574194444445,22
135.3201361111111,34.24564111111111,22
135.32016638888888,34.24559027777778,22
135.32018916666667,34.24550888888889,23
135.32022722222223,34.2454275,24
135.320235,34.245376388888886,23
135.32028805555555,34.24519305555555,24
135.32031833333335,34.24512694444444,24
135.32031944444444,34.24512694444444,24
135.32035,34.245060555555554,24
135.32048666666665,34.24485222222222,25
135.32068527777778,34.24457777777778,25
135.32073833333334,34.244501944444444,26
135.3207913888889,34.24445083333333,26
135.32082305555556,34.24442472222222,26
135.32091416666665,34.24435861111111,26
135.3211886111111,34.24422722222222,26
135.3213113888889,34.24416111111111,26
135.32160083333332,34.24401805555556,25
135.3217225,34.24392666666667,26
135.3219513888889,34.24385083333333,26
135.3220275,34.24382472222222,26
135.32287444444444,34.24345944444445,27
135.32314916666667,34.2433325,28
135.32340083333332,34.24326611111111,27
135.32388916666667,34.2432,28
135.324065,34.24314361111111,27
135.32420166666665,34.243067777777775,28
135.32447611111112,34.242848611111114,26
135.3246975,34.24264027777778,28
135.3249111111111,34.242507777777774,28
135.32518555555555,34.242350555555554,28
135.3253613888889,34.24229388888889,28
135.32561305555555,34.24216694444444,27
135.32564666666667,34.242198611111114,27
135.32564555555555,34.2421975,23
135.32583444444444,34.242375277777775,23
135.32623916666665,34.242691111111114,23
135.32700944444446,34.243336666666664,21
135.32757333333333,34.2438,20
135.32777194444444,34.24397805555556,20
135.32779055555557,34.243991111111114,20
135.32779055555557,34.243991111111114,20
135.32839027777777,34.24301611111111,20
135.32839027777777,34.24301611111111,20
135.3348275,34.24070138888889,20
135.3348275,34.24070138888889,20
135.33710194444444,34.23791611111111,22
135.33710194444444,34.23791611111111,22
135.33724694444444,34.235548055555554,22
135.33725361111112,34.23560777777778,22
135.3371786111111,34.2356175,22
135.33714722222223,34.235525277777775,22
135.33713972222222,34.23541916666667,22
135.33713972222222,34.23531694444444,22
135.3371786111111,34.23522583333333,22
135.33723944444444,34.23511861111111,22
135.33731555555556,34.23501638888889,22
135.3374227777778,34.234900277777776,22
135.33753666666667,34.234834166666666,22
135.33741416666666,34.234675833333334,22
135.3371625,34.23437638888889,22
135.33712777777777,34.23440027777778,22
135.33712666666668,34.23440027777778,22
135.33691083333332,34.234544444444445,22
135.33686527777778,34.23455972222222,22
135.3368272222222,34.234544444444445,22
135.33669805555556,34.234386111111114,22
135.33663611111112,34.23432,22
135.33647666666667,34.23410166666667,22
135.3363997222222,34.234009444444446,22
135.33621,34.23376138888889,22
135.3359963888889,34.23350194444444,23
135.3358736111111,34.233354444444444,23
135.33575222222223,34.23320138888889,23
135.33561444444445,34.23303333333333,23
135.33541583333334,34.232819444444445,23
135.33505,34.23245388888889,23
135.33457694444445,34.23202638888889,23
135.33448472222221,34.23190916666667,23
135.3344088888889,34.231899444444444,23
135.33403583333333,34.23159444444445,23
135.33368416666667,34.231345,23
135.33359305555555,34.23128416666667,23
135.33353333333332,34.231245,23
135.3335325,34.23124388888889,23
135.33262416666668,34.23063888888889,23
135.33165555555556,34.22999222222222,23
135.3306863888889,34.229351944444446,23
135.33058777777777,34.22916861111111,23
135.33021333333335,34.228878888888886,23
135.32987833333334,34.22856861111111,23
135.32971027777776,34.228395,23
135.32951166666666,34.22811083333333,23
135.32939777777779,34.22806972222222,23
135.32932833333334,34.228029444444445,23
135.32922194444444,34.227891666666665,23
135.32907666666668,34.22766277777778,23
135.3290061111111,34.2275,23
135.3290061111111,34.2275,23
135.3281702777778,34.224965555555556,24
135.3281702777778,34.224965555555556,24
135.32718305555557,34.21698138888889,25
135.32718305555557,34.21698138888889,25
135.32517694444445,34.217708888888886,26
135.32517694444445,34.217708888888886,26
135.3232886111111,34.21456805555555,26
135.3232886111111,34.21456805555555,26
135.31927611111112,34.21149833333333,28
135.31927611111112,34.21149833333333,28
135.315285,34.20954638888889,29
135.315285,34.20954638888889,29
135.31290305555555,34.20713305555556,30
135.31287444444445,34.20708666666667,30
135.3128288888889,34.20711166666667,30
135.31279083333334,34.2071375,31
135.31266805555555,34.20723861111111,32
135.31259972222222,34.20731555555555,32
135.31255416666667,34.207406666666664,33
135.31253916666665,34.20748805555556,33
135.31234083333334,34.20748805555556,36
135.3118677777778,34.207478333333334,35
135.31118833333332,34.20746305555556,39
135.31091388888888,34.20744805555555,44
135.31010555555557,34.20742722222222,51
135.30936583333335,34.207406666666664,52
135.3085411111111,34.20738166666667,53
135.30758722222222,34.20738166666667,54
135.30711444444444,34.20731555555555,55
135.30677916666667,34.20725361111111,56
135.3065122222222,34.20722861111111,56
135.30625305555554,34.20722333333333,56
135.30614555555556,34.20723861111111,56
135.30614444444444,34.20723861111111,56
135.30603166666666,34.207253333333334,56
135.30584055555556,34.20731972222222,56
135.30555083333334,34.207523611111114,55
135.30499416666666,34.207838333333335,54
135.30466555555554,34.20798138888889,54
135.30374361111112,34.20832222222222,53
135.30356777777777,34.20834722222222,52
135.30337666666668,34.2083775,52
135.30288833333333,34.20854583333333,53
135.3027972222222,34.20858166666667,53
135.30182833333333,34.208912222222224,53
135.30127861111112,34.20910527777778,53
135.3010811111111,34.20918138888889,53
135.30092805555554,34.20926277777778,53
135.30059277777778,34.20952194444445,53
135.30020333333334,34.20981166666667,54
135.29956944444444,34.21028472222222,54
135.29936444444445,34.2104225,55
135.29932527777777,34.210478055555555,55
135.29931027777778,34.210458333333335,55
135.29930916666666,34.2104575,55
135.29932527777777,34.210478055555555,55
135.2993177777778,34.210564444444444,55
135.29932527777777,34.210721944444444,55
135.29932527777777,34.210854166666664,55
135.2993177777778,34.21104722222222,54
135.29927972222222,34.211195,54
135.29915055555554,34.21142944444444,54
135.29912777777778,34.21149555555556,54
135.29912777777778,34.21158666666667,53
135.29915055555554,34.21171361111111,53
135.2991886111111,34.211912222222225,53
135.29936444444445,34.21246111111111,52
135.29936444444445,34.2125275,52
135.2993025,34.21258916666667,52
135.2988761111111,34.212761388888886,53
135.29873833333335,34.212827777777775,53
135.29860055555557,34.21296,52
135.2985386111111,34.21295027777778,52
135.2985375,34.21294916666667,52
135.29841833333333,34.21292972222222,52
135.29828805555556,34.21295472222222,52
135.29820444444445,34.21295472222222,51
135.2981513888889,34.21292972222222,51
135.29808972222222,34.21288833333333,52
135.29795305555555,34.212801666666664,52
135.2977772222222,34.212695277777776,52
135.2973888888889,34.21247611111111,52
135.29709027777778,34.212313611111114,52
135.29695361111112,34.212201944444445,52
135.296755,34.212044444444444,52
135.29657944444443,34.211887222222224,53
135.29632,34.21162777777778,53
135.29619083333333,34.21149555555556,53
135.29605305555555,34.211372777777775,54
135.29593916666667,34.21127194444445,55
135.2957786111111,34.211128611111114,53
135.29544361111112,34.210818333333336,55
135.29531333333333,34.21071194444445,55
135.29516805555556,34.21057,56
135.29495527777777,34.21039638888889,57
135.29487055555555,34.21033555555555,56
135.2947413888889,34.210295277777774,56
135.29448222222223,34.210229166666664,55
135.2941686111111,34.210163055555554,53
135.2940927777778,34.21014777777778,52
135.29397111111112,34.210121666666666,52
135.29381805555556,34.210096944444444,52
135.29361944444443,34.210030555555555,51
135.2933525,34.20986777777778,52
135.29295583333334,34.20961833333333,52
135.29272694444444,34.20948583333333,52
135.29262805555555,34.20941972222222,53
135.2920411111111,34.209064166666664,54
135.29197916666666,34.20901861111111,55
135.2917275,34.20886111111111,55
135.29159083333334,34.208753888888886,55
135.2915136111111,34.208662777777775,55
135.29146055555555,34.20859222222222,56
135.29145944444446,34.20859111111111,56
135.2914075,34.20852055555556,56
135.29129333333333,34.208377222222225,56
135.29126944444445,34.20833722222222,57
135.29117083333333,34.20818944444444,57
135.2911327777778,34.20814388888889,57
135.29086583333333,34.20777722222222,59
135.29082027777778,34.207721944444444,59
135.2907888888889,34.20769583333333,59
135.29072083333332,34.207655833333334,59
135.29069027777777,34.207635,59
135.290545,34.20757861111111,58
135.29034,34.20749722222222,58
135.29001888888888,34.20738111111111,58
135.28985166666666,34.20730416666667,58
135.28975194444445,34.20724333333333,59
135.28964555555555,34.207121944444445,59
135.28954555555555,34.206989444444446,59
135.2894925,34.2068875,59
135.28944805555557,34.20676916666667,59
135.28944805555557,34.20676805555556,59
135.28943944444444,34.20674527777778,59
135.28946972222224,34.20667916666667,59
135.2893938888889,34.20627694444445,59
135.28931666666668,34.20587,59
135.2892711111111,34.2057225,59
135.2891647222222,34.20547833333333,59
135.28909638888888,34.205463055555555,59
135.2881277777778,34.20532083333333,59
135.28762333333333,34.205133333333336,59
135.2876222222222,34.205132222222225,59
135.28715888888888,34.20495972222222,59
135.2869677777778,34.20488916666667,59
135.28690694444444,34.204995277777776,59
135.28685277777777,34.20502138888889,58
135.28683,34.205061666666666,58
135.28680722222222,34.20512222222222,58
135.28670861111112,34.20512222222222,58
135.2865175,34.2051125,59
135.28633416666668,34.205102777777775,59
135.28583055555555,34.20507138888889,59
135.2852286111111,34.20503111111111,59
135.28515916666666,34.20502138888889,59
135.28494666666666,34.20500611111111,59
135.28481638888888,34.20498555555555,59
135.2847025,34.20498555555555,59
135.28455694444443,34.20498555555555,59
135.2843813888889,34.20500611111111,59
135.28432055555555,34.20501055555555,59
135.28422944444443,34.20503111111111,59
135.2840752777778,34.20507472222222,59
135.28407416666667,34.20507472222222,59
135.2840688888889,34.20507666666666,59
135.28400805555555,34.2051125,58
135.28393111111112,34.20517888888889,59
135.28383222222223,34.205305833333334,59
135.28377138888888,34.20535666666667,59
135.28369444444445,34.20541277777778,59
135.28356527777777,34.205462777777775,60
135.2834275,34.20549416666667,60
135.28334388888888,34.20551388888889,60
135.28328333333334,34.20549416666667,60
135.28324527777778,34.20545305555556,57
135.28318333333334,34.205280555555554,58
135.28314527777778,34.20516361111111,58
135.283115,34.20501055555555,59
135.2831075,34.20487833333333,59
135.28306944444444,34.204796944444446,59
135.28301638888888,34.20473055555556,59
135.28294694444443,34.20466,59
135.28285555555556,34.20460361111111,59
135.28279805555556,34.204591666666666,59
135.28279722222223,34.204591666666666,59
135.28277972222222,34.20458861111111,59
135.28271777777778,34.20460361111111,59
135.28264194444444,34.204639444444446,59
135.2826038888889,34.204685,59
135.2825963888889,34.20473611111111,59
135.28255833333333,34.204929166666666,57
135.28252833333335,34.20501055555555,58
135.28248166666665,34.20504638888889,58
135.28242833333334,34.205036666666665,57
135.28238277777777,34.20500611111111,56
135.282345,34.204929166666666,57
135.28228416666667,34.20478694444444,57
135.282245,34.20476222222222,57
135.2821538888889,34.204745833333334,56
135.28200972222223,34.20473611111111,57
135.2819325,34.20476222222222,57
135.28180333333333,34.20480222222222,59
135.2817286111111,34.20479777777778,59
135.2817286111111,34.20479777777778,59
135.28116194444445,34.20422277777778,56
135.28116194444445,34.20422277777778,56
135.27794305555557,34.203983055555554,41
135.27794305555557,34.203983055555554,41
135.2763875,34.204320277777775,39
135.27642972222222,34.20437555555556,38
135.2763711111111,34.20442,38
135.27624194444445,34.20448611111111,37
135.27614222222223,34.2045275,38
135.27563111111112,34.204680555555555,37
135.2753563888889,34.204771666666666,38
135.2749061111111,34.20492888888889,37
135.27473138888888,34.20500583333333,39
135.27470861111112,34.20502111111111,38
135.27441805555554,34.205218611111114,38
135.27430388888888,34.205310833333336,38
135.2738461111111,34.205839166666664,33
135.2737325,34.20596166666667,33
135.27367055555555,34.2060225,32
135.2735413888889,34.20609388888889,33
135.27340361111112,34.206139722222225,32
135.2725725,34.20615472222222,30
135.27232083333334,34.206139722222225,29
135.27212972222222,34.20610388888889,32
135.27179444444445,34.20602777777778,29
135.27159583333332,34.20601277777778,29
135.27136694444445,34.20602777777778,29
135.27095472222223,34.206113611111114,29
135.2707336111111,34.20612861111111,28
135.27056638888888,34.20612861111111,28
135.27044388888888,34.20610388888889,28
135.26971916666668,34.206001666666666,29
135.26951166666666,34.206020277777775,29
135.26951083333333,34.206020277777775,29
135.26971916666668,34.206001666666666,29
135.2696963888889,34.205910555555555,29
135.26966583333333,34.20585416666667,31
135.2696202777778,34.205803333333336,31
135.26956722222224,34.20578805555556,40
135.2694825,34.20579333333333,33
135.26935333333333,34.205844444444445,36
135.26929166666667,34.20588472222222,38
135.26922305555556,34.20593138888889,29
135.26911694444445,34.2059975,29
135.26901694444445,34.2060375,29
135.26893333333334,34.206068055555555,29
135.26878055555557,34.20609388888889,29
135.26848305555555,34.20612861111111,29
135.26836916666667,34.20612861111111,28
135.26828472222223,34.20610388888889,29
135.26825416666668,34.20608861111111,29
135.26821611111112,34.20606361111111,28
135.26815555555555,34.206001666666666,29
135.26807833333334,34.20592027777778,28
135.26804805555557,34.20585972222222,29
135.2680327777778,34.20581416666667,29
135.26797972222224,34.205687222222224,28
135.26795694444445,34.205620833333334,27
135.26793416666666,34.205595,27
135.26788083333332,34.20557,26
135.26727027777778,34.20544722222222,28
135.26656833333334,34.20529527777778,24
135.26646944444445,34.205280277777774,23
135.26550805555556,34.20505138888889,19
135.2653325,34.20501,19
135.26495916666667,34.20491888888889,19
135.2648822222222,34.20490361111111,19
135.264585,34.20482222222222,19
135.26457,34.20481138888889,19
135.26448638888888,34.20478111111111,19
135.26441694444443,34.20475611111111,19
135.2642575,34.204684444444446,19
135.2641727777778,34.204654166666664,19
135.26413472222222,34.20463888888889,19
135.26398277777778,34.20456305555555,19
135.26370833333334,34.20441972222222,19
135.2635325,34.20431888888889,19
135.2634175,34.2042625,19
135.26313527777776,34.20411055555556,19
135.26302916666666,34.204054166666666,19
135.26295972222223,34.203963055555555,19
135.2629063888889,34.20387083333333,19
135.26286083333332,34.20371333333333,19
135.26283055555555,34.2036525,19
135.26280777777777,34.20364722222222,19
135.26276972222223,34.203626666666665,19
135.26254833333334,34.20358111111111,19
135.2623575,34.20355611111111,19
135.262315,34.20355611111111,19
135.26231388888888,34.20355611111111,19
135.26225861111112,34.20355611111111,19
135.26209805555555,34.20358111111111,19
135.26196027777777,34.20358638888889,19
135.26180833333333,34.20358638888889,18
135.2612975,34.20354527777778,18
135.26110666666668,34.203535555555554,18
135.26102305555557,34.20353,18
135.26093083333333,34.203494166666665,18
135.260855,34.20345416666667,18
135.26033611111112,34.20309833333334,19
135.2597947222222,34.202731666666665,18
135.25975583333334,34.202706666666664,18
135.25967972222222,34.202670833333336,18
135.2596188888889,34.20265583333333,18
135.25955833333333,34.202645833333335,17
135.25920666666667,34.20262972222222,16
135.25914583333332,34.20262972222222,16
135.25879444444445,34.20261,16
135.25855777777778,34.20261,16
135.25836055555556,34.20260472222222,15
135.2581238888889,34.20260472222222,15
135.257155,34.20260444444445,14
135.256735,34.20260444444445,14
135.25576611111111,34.20260444444445,14
135.25572055555557,34.20260444444445,14
135.25546138888888,34.20260972222222,13
135.25521722222223,34.20263472222222,13
135.25501083333333,34.20266083333333,13
135.25473666666667,34.20265555555556,13
135.25456083333333,34.20262944444445,13
135.25444694444445,34.20262944444445,12
135.25423333333333,34.202645555555556,12
135.25418,34.202645555555556,12
135.2541486111111,34.202645555555556,12
135.25403472222223,34.20263472222222,12
135.25382083333332,34.20258916666667,12
135.253745,34.202579444444446,12
135.25366805555555,34.202579444444446,12
135.25317194444443,34.20266083333333,12
135.253005,34.20267055555556,12
135.25252416666666,34.20268027777778,11
135.25225722222223,34.202685833333334,11
135.25214222222223,34.202685833333334,11
135.25190583333332,34.20266083333333,11
135.25179944444446,34.20265555555556,12
135.25175916666666,34.20265638888889,12
135.25175833333333,34.20265638888889,12
135.25160833333334,34.20266083333333,12
135.25145555555557,34.20267055555556,11
135.25123444444444,34.20266083333333,11
135.25093722222223,34.20263472222222,11
135.25073083333334,34.20263472222222,11
135.2505486111111,34.202645555555556,11
135.25006027777778,34.20268027777778,9
135.24999861111112,34.20268027777778,9
135.24978583333333,34.20267055555556,9
135.2496936111111,34.20267055555556,9
135.2493963888889,34.20267055555556,9
135.24919777777777,34.20267055555556,9
135.24879305555555,34.202685833333334,9
135.2478238888889,34.20269555555556,9
135.24722222222223,34.20270638888889,9
135.246825,34.20270611111111,9
135.2465961111111,34.20267027777778,8
135.24652,34.20266055555555,7
135.2462,34.20266055555555,8
135.2461238888889,34.20263444444444,8
135.24571916666667,34.20230388888889,16
135.2456963888889,34.20225388888889,16
135.24571166666666,34.20168861111111,16
135.24571166666666,34.201587777777775,15
135.2456736111111,34.20149555555555,19
135.2455586111111,34.20119611111111,16
135.24552083333333,34.2010375,14
135.24546,34.20064583333333,9
135.24546,34.20050388888889,8
135.24548277777777,34.20039777777778,7
135.2456736111111,34.199868055555555,5
135.2456963888889,34.199756388888886,6
135.2456736111111,34.19961416666667,6
135.24544472222223,34.19918666666667,8
135.2452086111111,34.19882111111111,14
135.24512388888888,34.19871916666666,14
135.24481138888888,34.19853611111111,16
135.24444555555556,34.19830694444445,18
135.2443988888889,34.19828638888889,18
135.24433055555556,34.19827111111111,18
135.2440863888889,34.19823111111111,17
135.24389555555555,34.198165,18
135.24360583333333,34.19804777777778,19
135.24343861111112,34.19790555555556,18
135.24327055555557,34.19770694444444,17
135.2432325,34.197610555555556,18
135.24320972222222,34.19747805555556,18
135.2432325,34.19725444444445,18
135.24317833333333,34.19660777777778,18
135.2431327777778,34.196130555555555,19
135.24314805555557,34.195703055555555,19
135.2431327777778,34.19558166666667,19
135.2430338888889,34.195281111111115,19
135.24295055555555,34.195097777777775,19
135.24250805555556,34.1947625,19
135.24223361111112,34.19451277777778,26
135.2421563888889,34.194406388888886,26
135.2421488888889,34.19434583333334,26
135.24213361111111,34.1941475,26
135.24207277777776,34.19397388888889,26
135.24205777777777,34.19390333333333,26
135.24205,34.19366361111111,26
135.2420197222222,34.1935875,26
135.2419502777778,34.19347027777778,26
135.2419275,34.19343444444444,25
135.24152388888888,34.19278888888889,14
135.24144694444445,34.19267166666667,14
135.2413861111111,34.19251972222222,14
135.24124944444443,34.19193972222222,12
135.24124166666667,34.19193527777778,12
135.2410811111111,34.19128861111111,12
135.24105833333334,34.19122222222222,13
135.24114833333334,34.19118666666667,13
135.24114833333334,34.19118666666667,13
135.24122555555556,34.19115611111111,13
135.24219444444444,34.190510833333335,15
135.24270666666666,34.19017,16
135.24336194444444,34.189656944444444,18
135.24346944444446,34.189524444444444,18
135.24354527777777,34.18937138888889,18
135.24354527777777,34.189254444444444,19
135.2435377777778,34.18917305555556,19
135.2434075,34.1885275,17
135.2434,34.188497222222225,17
135.2434,34.18834972222222,17
135.24356055555555,34.18788194444444,16
135.2435986111111,34.187755,16
135.24364416666666,34.1876325,16
135.2437438888889,34.18754138888889,17
135.24395777777778,34.187403333333336,17
135.24444583333334,34.187195277777775,17
135.2447963888889,34.18704777777778,17
135.24491916666668,34.186996944444445,16
135.24509361111112,34.186905833333334,16
135.2452847222222,34.1867625,17
135.24544527777778,34.18662027777778,18
135.24614694444443,34.18597472222222,20
135.2462988888889,34.18585777777778,21
135.2464063888889,34.18579166666667,21
135.2465736111111,34.18573083333333,22
135.2472225,34.18553222222222,21
135.24787111111112,34.18533361111111,21
135.24802305555556,34.185273055555555,20
135.24810027777778,34.18521222222222,20
135.24813055555555,34.18517083333333,20
135.24816083333334,34.18515583333333,20
135.24832166666667,34.18474888888889,19
135.24835944444445,34.18466305555555,19
135.24844305555555,34.184555833333334,19
135.24864916666667,34.18438777777778,19
135.24872527777777,34.18430638888889,19
135.24883222222223,34.1842,19
135.24888555555555,34.18413944444445,19
135.24916,34.18382361111111,21
135.24933583333333,34.18360555555556,24
135.24941944444444,34.183482777777776,24
135.24972416666665,34.1828925,26
135.24993055555555,34.182476111111114,27
135.2500986111111,34.182165833333336,27
135.25029722222223,34.18177416666666,27
135.25037305555554,34.18168305555555,27
135.25047194444446,34.181581111111115,28
135.25058694444445,34.18149972222222,28
135.25076277777777,34.181423611111114,28
135.25098305555557,34.18134666666667,27
135.25127361111112,34.18125555555556,27
135.25134972222222,34.18122944444445,27
135.2516238888889,34.18113833333334,29
135.25188333333332,34.18105694444444,28
135.25194416666668,34.18103194444444,28
135.25211972222223,34.18099111111111,28
135.25215777777777,34.180975833333335,28
135.2523336111111,34.180950833333334,28
135.2525625,34.180930277777776,29
135.25266888888888,34.18094,29
135.25280666666666,34.18094,29
135.2530811111111,34.18095527777778,29
135.2532113888889,34.18094,29
135.25331,34.180909722222225,29
135.25340888888888,34.18087388888889,26
135.25356194444444,34.180772777777776,26
135.25366055555557,34.18066555555556,26
135.25391222222223,34.18040611111111,27
135.25411083333333,34.180146944444445,26
135.25417166666668,34.18004055555556,26
135.25429416666665,34.17968888888889,26
135.25438555555556,34.179424166666664,26
135.2544625,34.17924638888889,26
135.25472166666665,34.17871805555556,27
135.25484305555557,34.178463055555554,27
135.25487333333334,34.17843277777778,28
135.25498083333332,34.17817333333333,28
135.25501888888888,34.178133333333335,29
135.2551327777778,34.17804638888889,29
135.2551327777778,34.177909722222225,29
135.25514805555557,34.177771944444444,29
135.25515666666666,34.17774138888889,29
135.25519472222223,34.17762472222222,29
135.2552552777778,34.17746722222222,29
135.25527055555557,34.17742611111111,29
135.2552552777778,34.17738055555556,29
135.25524777777778,34.17734027777778,29
135.2551327777778,34.17713083333334,29
135.2551175,34.177105833333336,29
135.2551175,34.177075555555554,29
135.2551175,34.17704944444444,29
135.2551175,34.17694861111111,29
135.2551327777778,34.176856388888886,29
135.25515666666666,34.176765277777776,29
135.25515666666666,34.17672388888889,29
135.25515666666666,34.17669361111111,29
135.25515666666666,34.1766425,29
135.25514805555557,34.17659694444445,29
135.2551175,34.17655694444444,30
135.25509472222222,34.17653083333333,30
135.25503416666666,34.176500555555556,30
135.25494277777779,34.176449444444444,30
135.2549125,34.17642444444444,30
135.25489611111112,34.17639833333333,30
135.25489611111112,34.176317222222224,32
135.2549125,34.17622583333333,33
135.25492,34.17619,33
135.25494277777779,34.17615972222222,33
135.2549961111111,34.17613472222222,33
135.2551175,34.17605777777778,33
135.25515666666666,34.17603277777778,33
135.25515666666666,34.17599694444444,33
135.25515666666666,34.175940555555556,33
135.25514805555557,34.17574305555556,34
135.2551175,34.17549916666667,35
135.25509472222222,34.175264722222224,34
135.25508722222222,34.17514777777778,34
135.25504916666668,34.17464972222222,34
135.25501888888888,34.17449222222222,34
135.25501888888888,34.17447611111111,34
135.25498083333332,34.17429805555555,32
135.25497333333334,34.17420694444444,31
135.25495805555556,34.17398333333333,32
135.25492,34.17361694444445,34
135.25489611111112,34.17343888888889,34
135.25485833333335,34.17320027777778,34
135.25485833333335,34.17314916666667,34
135.25485833333335,34.173073333333335,34
135.2548811111111,34.17298111111111,34
135.2548811111111,34.17289972222222,33
135.25487333333334,34.17277277777778,33
135.25484305555557,34.17263055555556,33
135.25484305555557,34.172574166666664,33
135.25484305555557,34.17254388888889,33
135.25482027777778,34.17249277777778,33
135.25474444444444,34.172314722222225,32
135.25470638888888,34.17223333333333,31
135.2546686111111,34.17216722222222,31
135.25464472222222,34.17207611111111,31
135.25460666666666,34.17194361111111,31
135.25459916666668,34.1718775,31
135.25438555555556,34.17134388888889,32
135.2543475,34.171216944444446,32
135.25423361111112,34.17073305555556,32
135.25411861111112,34.17019916666667,31
135.25407305555555,34.16997555555555,30
135.2540425,34.16985861111111,30
135.25397416666667,34.16963527777778,32
135.25392,34.16923388888889,36
135.25388194444446,34.169131666666665,36
135.2538438888889,34.169065555555555,37
135.25373,34.168908333333334,35
135.25368333333333,34.16879111111111,35
135.25366833333334,34.16874972222222,33
135.2536225,34.16867388888889,34
135.25356194444444,34.1686175,33
135.25348583333334,34.16855666666667,35
135.25345555555555,34.16854138888889,35
135.2533861111111,34.16849055555556,34
135.25327222222222,34.16847527777778,33
135.2530052777778,34.16848611111111,31
135.2529825,34.16847527777778,31
135.25293583333334,34.16846,31
135.252875,34.16840916666666,32
135.2527838888889,34.16831805555555,31
135.25273083333335,34.16825722222222,31
135.25268416666665,34.168165,34
135.25262333333333,34.1679925,34
135.25253222222221,34.167651666666664,33
135.25239444444443,34.1674325,33
135.2523488888889,34.167341666666665,34
135.25229555555555,34.16721472222222,33
135.25219583333333,34.166959722222224,33
135.25217305555555,34.166919722222225,33
135.2520438888889,34.16673611111111,35
135.25193638888888,34.166583333333335,34
135.25179972222222,34.16645194444445,33
135.25178444444444,34.16643666666667,29
135.25176944444445,34.16641083333333,29
135.2517475,34.16634888888889,29
135.2517475,34.16634777777778,29
135.25174666666666,34.16634444444445,29
135.25174666666666,34.16629361111111,29
135.25174666666666,34.166227222222226,29
135.25178444444444,34.16598305555556,31
135.25174666666666,34.16587694444444,31
135.25145583333332,34.16563277777778,28
135.2512811111111,34.165495,27
135.25123444444444,34.165460277777775,27
135.25112055555556,34.165398333333336,28
135.25100666666665,34.165373333333335,29
135.25094472222221,34.165368055555554,29
135.2506852777778,34.16524111111111,31
135.2506475,34.165210555555554,32
135.25059416666667,34.165174722222226,32
135.25037277777778,34.16491583333333,32
135.25028166666667,34.16484416666667,31
135.25019694444444,34.164768333333335,32
135.24988472222222,34.164590277777776,31
135.24973194444445,34.164478611111115,31
135.24965583333332,34.164406944444444,31
135.24949527777778,34.16419861111111,30
135.24938138888888,34.164076944444446,31
135.24930527777778,34.164010833333336,33
135.2490375,34.16383277777778,32
135.24900694444443,34.16381666666667,31
135.24859583333333,34.16355277777778,33
135.24837444444444,34.163425833333335,36
135.24823666666666,34.16336944444444,35
135.24783305555556,34.1632425,32
135.2475963888889,34.16316555555556,32
135.24751166666667,34.16312527777778,32
135.2473977777778,34.16303416666667,33
135.24722222222223,34.16290194444444,35
135.24698555555557,34.16271861111111,37
135.24665027777777,34.162459166666665,37
135.24649722222222,34.162351666666666,37
135.24636805555556,34.16228666666667,37
135.24604694444446,34.162194722222225,35
135.24591027777777,34.162128611111115,34
135.24587111111111,34.16196583333333,35
135.2458875,34.161625,36
135.24597111111112,34.16103472222222,37
135.24598722222223,34.16095222222222,37
135.24598722222223,34.16095111111111,37
135.2460088888889,34.16084166666667,37
135.24613166666666,34.160536666666665,38
135.2462,34.16036861111111,38
135.24623027777778,34.15994222222222,38
135.2463213888889,34.159753611111114,39
135.24644416666666,34.159376944444446,39
135.2465125,34.15898527777778,39
135.24652,34.158818333333336,39
135.2465125,34.15859361111111,39
135.24645916666665,34.15794833333333,46
135.24644416666666,34.15786694444444,46
135.2464363888889,34.157561944444446,49
135.2464363888889,34.157291944444445,49
135.2464061111111,34.157200555555555,48
135.24635944444444,34.15714972222222,48
135.24628361111112,34.15710416666667,47
135.24614666666668,34.15705305555556,47
135.24553583333332,34.157043333333334,47
135.2446975,34.1569,42
135.24446083333333,34.15692083333333,42
135.24433055555556,34.156885,37
135.24420916666668,34.15682416666667,37
135.2438575,34.156462777777776,31
135.24383472222223,34.15636611111111,31
135.24359833333332,34.15626972222222,31
135.24295805555556,34.156010277777774,30
135.2424697222222,34.155811666666665,30
135.24220944444446,34.15569555555555,29
135.24185888888888,34.155542777777775,29
135.24138583333334,34.15532888888889,28
135.24125666666666,34.155253055555555,28
135.24113416666665,34.155145555555556,28
135.24093583333334,34.154943055555556,28
135.24064611111112,34.15460222222222,28
135.2403486111111,34.15427666666667,28
135.24032916666667,34.154255,28
135.24032916666667,34.154255,28
135.2325011111111,34.15284916666667,19
135.2325011111111,34.15284916666667,19
135.22200833333332,34.15370138888889,9
135.22200833333332,34.15370138888889,9
135.21938527777777,34.15389694444445,7
135.21940305555555,34.15388333333333,7
135.21903416666666,34.15333527777778,7
135.21891166666666,34.153243055555556,7
135.21882055555557,34.15314111111111,8
135.21851444444445,34.15270916666667,8
135.21811083333333,34.152119166666665,8
135.2176,34.15154972222222,9
135.21742416666666,34.151335833333334,9
135.2173711111111,34.15132055555556,9
135.21733305555554,34.15131083333333,9
135.21693583333334,34.15132055555556,9
135.21660055555554,34.15134138888889,9
135.21638694444445,34.15135111111111,8
135.21595944444445,34.15139222222222,8
135.2157836111111,34.1514075,8
135.21576833333333,34.15140972222222,8
135.2157672222222,34.15140972222222,8
135.21553944444443,34.15143777777778,8
135.2152497222222,34.151468333333334,8
135.21519666666666,34.15130111111111,8
135.21505888888888,34.1510875,8
135.21495277777777,34.150868333333335,8
135.21489944444446,34.15079222222222,8
135.21491361111111,34.150531944444445,-17
135.21491361111111,34.150530833333335,8
135.2149222222222,34.15038527777778,8
135.21474666666666,34.150328888888886,8
135.21476166666667,34.150084722222225,8
135.2147238888889,34.149704166666666,8
135.21468583333333,34.14952611111111,9
135.21458583333333,34.149210555555555,9
135.21432666666666,34.14867666666667,8
135.21419,34.14847805555556,8
135.21403694444444,34.148294722222225,8
135.2134575,34.14764944444445,8
135.21323611111112,34.14741055555555,9
135.21267083333333,34.14682027777778,9
135.21225222222222,34.14639277777778,9
135.2119236111111,34.14615416666667,9
135.21167166666666,34.14599138888889,9
135.21143527777778,34.14588388888889,8
135.21117583333333,34.1457625,8
135.21086333333332,34.14562027777778,8
135.21061166666667,34.145543333333336,8
135.2104836111111,34.145512777777775,8
135.2104825,34.145512777777775,8
135.21039777777779,34.145492222222224,8
135.21013861111112,34.145446666666665,8
135.20990972222222,34.14543694444444,8
135.2095138888889,34.14534472222222,8
135.20926222222224,34.14532527777778,8
135.20926222222224,34.14532527777778,8
135.20926222222224,34.14532527777778,8
135.20926222222224,34.14532527777778,8
135.20922305555555,34.145446666666665,7
135.20923833333333,34.14548777777778,7
135.2093,34.14553361111111,7
135.2095138888889,34.1457625,6
135.20958944444445,34.145853611111114,5
135.2096925,34.145988055555556,5
135.2096925,34.145988055555556,5
135.20925722222222,34.146163333333334,4
135.2093088888889,34.14615305555556,4
135.20927722222223,34.145985833333334,4
135.20926222222224,34.145945833333336,4
135.20922305555555,34.14589472222222,5
135.2091775,34.14585888888889,5
135.20904833333333,34.1457775,5
135.208765,34.14562027777778,6
135.20861333333335,34.145558333333334,7
135.2084525,34.145512777777775,7
135.2082161111111,34.14546194444444,8
135.20798722222221,34.14543694444444,9
135.20783527777778,34.145426111111114,9
135.20773527777777,34.14546194444444,9
135.20765944444443,34.14552805555556,9
135.2075986111111,34.145605,9
135.20754888888888,34.145735277777774,9
135.20754888888888,34.145735277777774,9
135.20737722222222,34.146184444444444,9
135.20736222222223,34.14627138888889,9
135.20736222222223,34.146367777777776,9
135.20726222222223,34.14664222222222,9
135.20699527777776,34.146682222222225,9
135.20602666666667,34.14682555555556,8
135.20592805555555,34.146809166666664,8
135.20585972222221,34.14675944444444,7
135.20573694444445,34.14612361111111,5
135.20572166666668,34.14604138888889,4
135.20572166666668,34.14604027777778,4
135.20561555555557,34.14547694444445,2
135.2055611111111,34.14539555555555,0
135.2054777777778,34.14524388888889,0
135.2053788888889,34.14516666666667,0
135.20521083333333,34.145111388888886,1
135.20507305555554,34.145070277777776,2
135.20485916666667,34.14503555555556,2
135.2044402777778,34.14498444444445,4
135.2040661111111,34.14494305555556,2
135.20395194444444,34.14490305555555,1
135.20357777777778,34.14475,6
135.2034261111111,34.14467833333333,9
135.20319722222223,34.14459277777778,6
135.20286083333335,34.14450055555555,0
135.20282277777778,34.144485277777775,0
135.2028,34.144455,3
135.20278472222222,34.144419166666665,0
135.2027772222222,34.14410888888889,4
135.20180833333333,34.1436975,6
135.20146527777777,34.143544444444444,7
135.2012363888889,34.14342722222222,7
135.2011138888889,34.143366666666665,5
135.20091527777777,34.14328527777778,6
135.20062583333333,34.14321888888889,11
135.2004347222222,34.14318333333333,13
135.19966444444444,34.14313777777778,14
135.19939,34.14309194444444,15
135.19910027777777,34.14302583333333,15
135.19894833333333,34.143055277777776,15
135.19894722222222,34.143055277777776,14
135.19891666666666,34.14306166666667,14
135.198765,34.143050833333334,13
135.19867277777777,34.14302583333333,11
135.19804,34.14276111111111,12
135.19794027777778,34.14272527777778,11
135.19776472222222,34.14270027777778,12
135.19751305555556,34.14267972222222,14
135.19731555555555,34.14267972222222,11
135.19713972222223,34.14270027777778,9
135.1970247222222,34.14275138888889,9
135.1969411111111,34.14279138888889,6
135.19677305555555,34.1428425,8
135.19661333333335,34.14286861111111,8
135.19645277777778,34.14286305555556,8
135.1962163888889,34.14283805555556,8
135.19594944444444,34.14279138888889,7
135.1957888888889,34.14273611111111,8
135.19565222222224,34.14272527777778,7
135.19562916666666,34.14261888888889,8
135.195575,34.14256805555556,8
135.1953625,34.142471388888886,9
135.19528527777777,34.14246166666667,9
135.19477416666666,34.14246166666667,9
135.19453805555557,34.14243555555556,9
135.1939661111111,34.14234444444445,9
135.19381305555555,34.14232916666667,9
135.1934475,34.14234444444445,8
135.19334777777777,34.142354166666664,7
135.193315,34.1423575,7
135.19331416666665,34.1423575,7
135.19317305555555,34.14236944444445,7
135.19236361111112,34.14260888888889,5
135.1920738888889,34.142694722222224,4
135.19182972222222,34.14276638888889,5
135.19147916666665,34.14286833333333,5
135.19146833333335,34.142865,5
135.19146722222223,34.14286388888889,5
135.19103666666666,34.142720833333335,7
135.1907925,34.142628333333334,8
135.1907547222222,34.142628333333334,8
135.19070027777778,34.142628333333334,8
135.19051055555556,34.14266972222222,7
135.19050277777777,34.14324472222222,2
135.19050277777777,34.14324472222222,2
135.19050277777777,34.14324361111111,7
135.19051055555556,34.14266972222222,7
135.19042583333334,34.14266972222222,7
135.19002972222222,34.14265888888889,7
135.18980083333332,34.142654444444446,8
135.18966305555554,34.142628333333334,7
135.18947972222222,34.142582777777776,8
135.18881666666667,34.14236916666667,8
135.1887863888889,34.14236916666667,8
135.18852694444445,34.14236916666667,11
135.18841083333334,34.142364722222226,12
135.18841083333334,34.142364722222226,12
135.18729527777776,34.142673611111114,0
135.18729527777776,34.142673611111114,0
135.21138694444446,34.14730888888889,4
135.21138694444446,34.14730888888889,4
135.20743861111112,34.159170555555555,7
135.20743861111112,34.159170555555555,7
135.18696805555555,34.16123,17
135.18696805555555,34.16123,17
135.18096,34.186793888888886,0
135.18096,34.186793888888886,0
135.1710036111111,34.19077,21
135.1710036111111,34.19077,21
135.1710463888889,34.2146925,8
</coordinates>
</LineString>
</Placemark>
</Document>
</kml>
