<?xml version="1.0" encoding="UTF-8"?>
<kml xmlns="http://www.opengis.net/kml/2.2" xmlns:atom="http://www.w3.org/2005/Atom">
<Document>
<name>WCC岡山第1日備前閑谷学校　long</name>
<atom:author>
<atom:name>salon</atom:name>
</atom:author> 
<atom:link href="https://latlonglab.yahoo.co.jp/route/watch?id=65b1935ae7eaf089c71055dc5e433cab" />
<description><![CDATA[宿舎をスタートして閑谷学校から海岸線経由備前焼を見て宿舎へ戻る　48km]]></description>
<tags><![CDATA[自転車]]></tags>  
<Placemark>
<Style>
<LineStyle>
<color>99ff0000</color>
<width>6</width>
</LineStyle>
</Style>
<LineString>
<coordinates>
134.14399527777778,34.81288083333333,26
134.1441886111111,34.81229583333333,27
134.14424916666667,34.812133055555556,27
134.14437833333332,34.811777222222226,28
134.1444402777778,34.811568888888885,28
134.14444777777777,34.81140083333333,28
134.14446305555555,34.811218333333336,29
134.1444402777778,34.81102,29
134.1444011111111,34.810851666666665,29
134.14434805555555,34.81070416666667,29
134.14428722222223,34.810541388888886,29
134.14417333333333,34.810317777777776,29
134.14406583333334,34.810160833333335,28
134.14396722222222,34.81005888888889,28
134.14373833333335,34.80987527777778,27
134.14361555555556,34.80978416666667,26
134.14331083333335,34.80963666666667,25
134.1428,34.80949444444445,24
134.1427563888889,34.80966277777778,24
134.1427563888889,34.80966166666666,24
134.1428,34.80949444444445,24
134.14289861111112,34.80884777777778,24
134.1430061111111,34.80820222222222,24
134.14301361111112,34.80816111111111,24
134.14306694444446,34.80784638888889,24
134.14316555555556,34.807225833333334,24
134.14318944444443,34.8070025,24
134.143235,34.80675277777778,24
134.14332611111112,34.806107222222224,23
134.1434172222222,34.805460555555555,23
134.14344888888888,34.80529777777778,22
134.143555,34.8046525,22
134.1436236111111,34.8040675,23
134.14363138888888,34.80403166666667,23
134.1436388888889,34.80338611111111,23
134.1436388888889,34.80312138888889,24
134.1436388888889,34.80276972222222,0
134.1436388888889,34.80276888888889,24
134.1436388888889,34.80260305555556,24
134.1436161111111,34.80209416666667,23
134.1436161111111,34.80200305555555,23
134.14360861111112,34.80187611111111,23
134.14360083333332,34.801229444444445,23
134.1436388888889,34.800980833333334,23
134.1437388888889,34.800736666666666,24
134.1438375,34.8005175,25
134.14431055555556,34.79987222222222,23
134.14461555555556,34.799459722222224,22
134.1446838888889,34.79938833333333,22
134.1446838888889,34.79938833333333,22
134.1446925,34.79937833333334,22
134.14473055555555,34.79936333333333,23
134.1447761111111,34.79934277777778,26
134.14483694444445,34.79933833333333,27
134.14497472222223,34.7993275,27
134.1459436111111,34.79924611111111,27
134.14691222222223,34.79916472222222,28
134.14722472222223,34.79913444444445,28
134.14727027777778,34.79912888888889,28
134.14823944444444,34.79904305555556,27
134.14920833333332,34.79895638888889,26
134.15017694444444,34.79886944444444,25
134.15029194444443,34.79883916666667,25
134.15043194444445,34.79875555555556,23
134.15043194444445,34.79875555555556,23
134.1515038888889,34.79803638888889,20
134.15153,34.79801361111111,20
134.15205416666666,34.798655833333335,20
134.15213,34.7987425,20
134.15238944444445,34.79906805555556,20
134.1526788888889,34.799459722222224,20
134.15283944444445,34.79973,20
134.15293833333334,34.79989722222222,19
134.153,34.800019722222224,19
134.153305,34.8004625,19
134.153625,34.80084305555555,19
134.1540375,34.801204444444444,19
134.15454833333334,34.801585277777775,20
134.1550288888889,34.80193666666667,20
134.1559902777778,34.8025825,20
134.1566238888889,34.80300444444445,21
134.1575925,34.803615,22
134.15804944444446,34.80390472222222,23
134.15817194444443,34.80397111111111,23
134.15812527777777,34.80402083333333,23
134.15812527777777,34.80402083333333,23
134.15817194444443,34.80397111111111,23
134.15842388888888,34.80412833333333,23
134.15846944444445,34.80415861111111,23
134.15943833333333,34.80478472222222,25
134.1599113888889,34.80508416666667,24
134.16052194444444,34.80542055555556,25
134.16094083333334,34.80562861111111,25
134.16121527777779,34.805770833333334,25
134.1617263888889,34.80601055555555,25
134.1622538888889,34.80620388888889,25
134.16264972222223,34.80632527777778,25
134.16284083333332,34.806376388888886,25
134.16339722222222,34.8064675,25
134.16390055555556,34.80651833333334,25
134.16401555555555,34.80651833333334,25
134.16412194444445,34.8064675,25
134.16419916666666,34.80650333333333,25
134.1642977777778,34.80650861111111,25
134.16437277777777,34.80654555555556,25
134.16437166666665,34.80654555555556,25
134.16438888888888,34.806554166666665,25
134.16443555555554,34.80659555555555,25
134.16445083333332,34.80667694444445,25
134.1644736111111,34.806849444444445,24
134.16454944444445,34.807495,23
134.16457222222223,34.80761777777778,24
134.16500861111112,34.80759805555556,24
134.16500861111112,34.80759805555556,24
134.1665972222222,34.80723027777778,24
134.1665972222222,34.80723027777778,24
134.16891027777777,34.80650083333333,24
134.16891027777777,34.80650083333333,24
134.17159694444445,34.80632111111111,25
134.17159694444445,34.80632111111111,25
134.17509444444445,34.80676861111111,25
134.17509444444445,34.80676861111111,25
134.17607722222223,34.807455833333336,30
134.17607722222223,34.807455833333336,30
134.176435,34.807969444444446,30
134.176435,34.807969444444446,30
134.17650361111112,34.809759444444445,30
134.17650361111112,34.809759444444445,30
134.17619472222222,34.81064027777778,30
134.17619472222222,34.81064027777778,30
134.1771475,34.81088694444445,30
134.1771525,34.81083666666667,30
134.1771525,34.81083666666667,30
134.1771375,34.81076083333333,30
134.17722055555555,34.81079666666667,30
134.1781897222222,34.81086166666667,30
134.17819722222222,34.81086722222222,30
134.17842611111112,34.81092777777778,30
134.1787463888889,34.81103,30
134.1790825,34.81112638888889,30
134.17976083333335,34.811370555555555,30
134.17993666666666,34.81142694444444,30
134.1800513888889,34.81145194444444,30
134.1802638888889,34.811508333333336,30
134.1806536111111,34.81157888888889,30
134.1816225,34.8117525,30
134.1818438888889,34.811792777777775,30
134.1828125,34.811951111111114,30
134.18308694444445,34.811976111111115,30
134.18349944444444,34.811976111111115,30
134.18361333333334,34.811970555555554,30
134.18458222222222,34.811970555555554,30
134.18492527777778,34.811951111111114,30
134.18575722222224,34.811838333333334,30
134.1867261111111,34.81171666666667,30
134.18708416666666,34.811660277777776,30
134.18759527777777,34.811544166666664,30
134.18782416666667,34.811478055555554,30
134.18835916666666,34.811279444444445,30
134.18909888888888,34.81095944444444,30
134.18986916666665,34.81062861111111,30
134.19073833333334,34.810277222222226,30
134.19169944444445,34.80994194444445,30
134.19225722222222,34.809779166666665,31
134.192485,34.809718333333336,31
134.19284416666667,34.80966194444444,31
134.1934463888889,34.80965222222222,33
134.19382083333332,34.80967722222222,34
134.1941486111111,34.80974333333333,35
134.19434694444445,34.80980944444445,35
134.19448472222223,34.80989638888889,35
134.1946213888889,34.810028611111115,35
134.1949338888889,34.810405277777775,35
134.1952475,34.81077638888889,35
134.19564333333332,34.81112666666667,35
134.19636083333333,34.81169638888889,35
134.19650611111112,34.81177777777778,35
134.19667388888888,34.81184388888889,35
134.1969863888889,34.81191027777778,35
134.1969897222222,34.81191027777778,35
134.19698861111112,34.81191027777778,34
134.1971472222222,34.811925277777775,34
134.19745972222222,34.81192,34
134.19809972222222,34.811834166666664,35
134.1989625,34.81174194444444,35
134.19989305555555,34.81164555555556,36
134.2008622222222,34.81153361111111,36
134.2017461111111,34.81142722222222,37
134.202715,34.81131583333333,37
134.20294416666667,34.81128555555556,37
134.20337166666667,34.81123888888889,37
134.20360805555555,34.81121388888889,38
134.20408083333334,34.81116277777778,38
134.20409722222223,34.81116166666666,38
134.2040961111111,34.81116277777778,38
134.20408083333334,34.81116277777778,38
134.20400527777778,34.810517222222224,38
134.2039825,34.81036972222222,38
134.20392055555556,34.80995194444444,38
134.20393472222221,34.80995305555555,38
134.2039336111111,34.80995305555555,38
134.2042188888889,34.80996722222222,38
134.20518666666666,34.81001388888889,38
134.20615555555557,34.81005944444444,39
134.2066436111111,34.81008,39
134.2070938888889,34.81005972222222,39
134.2075213888889,34.80998805555556,39
134.20789583333334,34.80990222222222,39
134.20824638888888,34.80981,40
134.20829833333335,34.8098025,40
134.20829722222223,34.8098025,40
134.208345,34.80979472222222,40
134.20810833333334,34.80916972222222,39
134.20800972222222,34.80886916666667,39
134.20795666666666,34.80861,39
134.2079186111111,34.808193333333335,39
134.20789583333334,34.80754694444445,39
134.20786416666667,34.80690138888889,39
134.20785666666666,34.80688611111111,40
134.20789583333334,34.80629583333333,40
134.20791083333333,34.805843333333335,41
134.20791083333333,34.80547222222222,42
134.20789583333334,34.80512083333333,43
134.20788055555556,34.80492777777778,45
134.20787194444443,34.80482138888889,48
134.20784916666668,34.80471388888889,47
134.2077811111111,34.80459694444444,48
134.20752166666668,34.80430277777778,49
134.2073925,34.80417027777778,49
134.20733083333334,34.80406833333333,49
134.20729277777778,34.80393611111111,49
134.20728527777777,34.80365611111111,53
134.20729277777778,34.80329472222222,55
134.20728527777777,34.80312222222222,56
134.20728527777777,34.80293888888889,56
134.20723194444443,34.80276083333333,58
134.20710944444446,34.80226305555556,58
134.20699555555555,34.80199833333333,58
134.2068575,34.80172916666667,58
134.2067361111111,34.80141888888889,58
134.2066211111111,34.800777777777775,62
134.20660583333333,34.80068111111111,62
134.20660583333333,34.800579166666665,62
134.20663638888888,34.800427222222226,63
134.20668305555554,34.80029472222222,62
134.2067436111111,34.8001875,60
134.2069575,34.79993888888889,62
134.2070486111111,34.79978083333334,67
134.2070713888889,34.79965388888889,69
134.20710944444446,34.79948666666667,72
134.20710944444446,34.79934361111111,76
134.20705611111111,34.79920666666667,76
134.20699583333334,34.79903861111111,77
134.206835,34.79875416666667,77
134.20677444444445,34.798611111111114,76
134.2067438888889,34.79844833333333,77
134.20675916666667,34.798336666666664,77
134.20682,34.798113055555554,78
134.20698055555556,34.797711666666665,78
134.20709444444444,34.797553055555554,78
134.2072475,34.797420833333334,78
134.20759777777778,34.79716166666667,79
134.2078113888889,34.79705527777778,79
134.20797194444444,34.79701416666666,79
134.2080936111111,34.796998888888886,79
134.20824666666667,34.79698916666667,79
134.20921555555555,34.79700972222222,85
134.20930666666666,34.79701416666666,86
134.2100313888889,34.797045555555556,88
134.21026777777777,34.79707055555556,88
134.21123666666668,34.797223611111114,95
134.211405,34.79725388888889,96
134.2123736111111,34.7974525,98
134.2127088888889,34.79752305555556,98
134.21299638888888,34.797580555555555,98
134.21299527777776,34.797580555555555,98
134.21337305555556,34.79765527777778,99
134.21380805555555,34.79768583333333,99
134.2140825,34.79768027777778,101
134.21443305555556,34.79761972222222,105
134.21483,34.79768027777778,107
134.2150436111111,34.79768583333333,108
134.21517277777778,34.797670555555555,108
134.2156838888889,34.79745694444444,112
134.2159822222222,34.797269166666666,117
134.21608111111112,34.79721277777778,118
134.21629472222222,34.79710638888889,118
134.2166452777778,34.79698916666667,118
134.21735444444445,34.79679055555555,117
134.21775916666667,34.79669388888889,109
134.21817166666668,34.79668861111111,108
134.21818583333334,34.79668638888889,108
134.21818472222222,34.79668638888889,108
134.21828555555555,34.79667333333333,109
134.21839305555557,34.79662777777778,108
134.21923166666667,34.79613,99
134.21924055555556,34.796115,99
134.21924055555556,34.796115,99
134.21926972222224,34.79606388888889,98
134.21926972222224,34.79571222222222,99
134.21930777777777,34.79553,98
134.21934555555555,34.79530527777778,99
134.2194075,34.79524472222222,99
134.2196213888889,34.79512305555556,99
134.21962888888888,34.79511222222222,99
134.220055,34.794894166666666,98
134.22023083333335,34.7948225,97
134.22029166666667,34.79465444444445,97
134.22030666666666,34.79457305555555,95
134.2202838888889,34.79448722222222,95
134.22022333333334,34.79439083333333,94
134.22007055555557,34.79425277777778,89
134.21978083333335,34.79405472222222,89
134.21935444444443,34.79371944444444,88
134.21921666666665,34.79365305555555,87
134.21907861111112,34.79361194444444,87
134.21883472222223,34.7936075,87
134.2184538888889,34.793638055555554,87
134.21834638888888,34.793638055555554,87
134.2182325,34.7936075,88
134.21814111111112,34.79356194444444,87
134.21805694444444,34.79349027777778,88
134.21798083333334,34.79339916666667,88
134.21792027777778,34.79325611111111,87
134.2178975,34.79311388888889,89
134.217905,34.7930075,89
134.21808944444444,34.79266777777778,88
134.21808944444444,34.79266777777778,88
134.218225,34.79241722222222,87
134.21856777777776,34.79177166666667,85
134.21836944444445,34.791603333333335,86
134.2181177777778,34.791446111111114,83
134.21747,34.79112083333333,78
134.21721805555555,34.79092222222222,78
134.21686666666668,34.79076388888889,77
134.21678305555557,34.79068777777778,77
134.21670694444444,34.79059138888889,76
134.21669194444445,34.79047416666667,73
134.21669194444445,34.7903375,74
134.216745,34.79025611111111,74
134.21685888888888,34.79013888888889,76
134.2171486111111,34.78998166666667,74
134.21740916666667,34.789808055555554,74
134.21747,34.7897375,71
134.21795805555556,34.78919805555556,73
134.21846916666667,34.78860805555556,69
134.21858305555557,34.788455,66
134.21860583333333,34.78839972222222,67
134.21868305555554,34.787753055555555,67
134.2187436111111,34.787264722222226,68
134.218735,34.787195277777776,68
134.218735,34.787194166666666,68
134.21872083333332,34.78708694444445,70
134.21869805555556,34.78691972222222,70
134.218645,34.78673638888889,68
134.21862972222223,34.78667027777778,67
134.2186602777778,34.78659861111111,67
134.21887388888888,34.786299444444445,69
134.2189422222222,34.786141944444445,71
134.21899555555555,34.785983611111114,70
134.2190486111111,34.78570361111111,73
134.21903333333333,34.7856125,74
134.21898027777777,34.78553111111111,73
134.21888166666668,34.78542916666667,69
134.21862972222223,34.78525666666667,62
134.21858305555557,34.785180555555556,61
134.21853,34.78507861111111,62
134.2185225,34.78497111111111,62
134.21853,34.784905,61
134.21854527777776,34.78484,61
134.21868305555554,34.78463055555556,60
134.2190486111111,34.78435611111111,67
134.21914833333332,34.78425,66
134.21927,34.78404583333333,63
134.21933083333334,34.7838225,62
134.21935472222222,34.78376611111111,60
134.21940777777777,34.783521944444445,62
134.21942305555555,34.783324444444446,62
134.2193697222222,34.78310527777778,64
134.21923194444443,34.782830555555556,62
134.21903333333333,34.78253,62
134.2188425,34.782200277777775,64
134.21875888888889,34.78192055555556,64
134.21869083333334,34.78158527777778,64
134.21856833333334,34.78093861111111,64
134.21846944444445,34.780679166666665,62
134.21822527777778,34.78017027777778,56
134.21792805555555,34.779525,48
134.21762972222223,34.77887944444444,40
134.21759166666666,34.778731944444445,40
134.21758416666665,34.77856361111111,39
134.21758416666665,34.778442222222225,39
134.21762972222223,34.77825888888889,39
134.21769916666668,34.77809611111111,39
134.21782055555556,34.77788777777778,39
134.21811805555555,34.77755694444444,38
134.21817222222222,34.777455,38
134.21817972222223,34.777388888888886,38
134.218195,34.77733777777778,38
134.218195,34.777125,39
134.2182025,34.77709361111111,39
134.21821027777779,34.776448055555555,38
134.21821027777779,34.77633083333333,38
134.21821777777777,34.776112777777776,38
134.21822527777778,34.77610194444444,38
134.21833166666667,34.77545666666666,36
134.21842388888888,34.77487166666667,35
134.2184313888889,34.774663333333336,34
134.21842388888888,34.774566944444445,34
134.21834694444445,34.774368333333335,34
134.21811055555557,34.773981944444444,34
134.2180725,34.77385944444445,33
134.21803472222223,34.7737075,33
134.21797388888888,34.77306111111111,32
134.21793583333334,34.772715833333336,32
134.21790555555555,34.7725325,33
134.21790555555555,34.77229833333333,33
134.21788166666667,34.77200861111111,32
134.21787416666666,34.7719325,32
134.21789805555557,34.771475,31
134.21789805555557,34.77144888888889,32
134.21797388888888,34.771032222222225,31
134.2180422222222,34.77081833333333,29
134.21814194444445,34.77061555555556,29
134.21823333333333,34.770493055555555,32
134.21835472222222,34.770360555555555,32
134.2184925,34.77023916666667,34
134.21866083333333,34.7701425,31
134.21882027777778,34.770065277777775,31
134.21915638888888,34.769959166666666,32
134.21937,34.76989277777778,33
134.21952972222223,34.769801666666666,31
134.21981166666666,34.76923222222222,29
134.21985833333332,34.76916083333333,29
134.2200711111111,34.76891666666667,29
134.22048333333333,34.76850972222222,29
134.22058333333334,34.768433888888886,29
134.22065916666668,34.76838277777778,29
134.22077305555555,34.76826555555556,29
134.22091083333333,34.76809305555555,29
134.22099444444444,34.76788916666667,28
134.2210713888889,34.76772666666667,26
134.2212311111111,34.76716666666667,22
134.22128416666666,34.76701472222222,21
134.22133083333333,34.766892222222225,22
134.22149805555554,34.766643611111114,21
134.22152083333333,34.76652638888889,19
134.22153583333332,34.76647555555556,19
134.22153583333332,34.766394166666664,19
134.22150555555555,34.76619,19
134.22149805555554,34.7660025,19
134.22149805555554,34.76581916666667,19
134.2215675,34.765458055555555,19
134.22160527777777,34.76522472222222,19
134.22171166666666,34.76471027777778,19
134.22173444444445,34.76459861111111,19
134.22178,34.76444138888889,19
134.2218538888889,34.76428611111111,19
134.2218538888889,34.76428611111111,19
134.22187222222223,34.764248055555555,19
134.22113222222222,34.76377,19
134.22089583333334,34.76360722222222,19
134.22088805555555,34.76358222222222,19
134.220835,34.76293555555556,19
134.22075777777778,34.762859444444445,19
134.22059833333333,34.76269138888889,19
134.22046055555555,34.76251888888889,19
134.2203313888889,34.76231583333333,18
134.220285,34.76217805555556,19
134.2201711111111,34.76171027777778,19
134.2202472222222,34.76157833333333,19
134.22025472222222,34.76153277777778,19
134.2203925,34.761207222222225,19
134.22042277777777,34.761161666666666,19
134.22043055555557,34.76109972222222,19
134.22042277777777,34.76088166666667,19
134.2203925,34.76069833333333,19
134.2203675,34.760421666666666,18
134.2203675,34.760420555555555,18
134.22034694444446,34.760194722222224,18
134.2206213888889,34.759569166666665,19
134.2206975,34.75940194444444,19
134.22081138888888,34.7591425,19
134.22093361111112,34.758857222222225,19
134.22119305555555,34.75821166666667,19
134.22126138888888,34.758069444444445,18
134.22146,34.75760638888889,17
134.22171916666667,34.75696083333333,15
134.22184194444444,34.75662,17
134.22191027777777,34.7561925,18
134.22191777777778,34.75612638888889,15
134.22191027777777,34.75597888888889,17
134.22187222222223,34.75580083333333,16
134.22173444444445,34.755475555555556,8
134.2214525,34.75483,8
134.22136138888888,34.75463583333333,8
134.2213463888889,34.75455,8
134.2213463888889,34.75447833333333,8
134.22136916666668,34.75383277777778,8
134.22138416666667,34.75348694444445,9
134.22139944444444,34.753278611111114,9
134.22140694444445,34.75322777777778,9
134.22140694444445,34.753191944444445,9
134.22142222222223,34.753125555555556,9
134.22142222222223,34.75298361111111,9
134.22142222222223,34.752943333333334,9
134.22142222222223,34.7526125,9
134.22142222222223,34.752561388888886,8
134.22141472222222,34.75246472222222,8
134.22139944444444,34.751819166666664,6
134.22139194444443,34.751783333333336,6
134.22136916666668,34.75113694444445,6
134.22136138888888,34.75082777777778,6
134.2213311111111,34.750369722222224,6
134.2213236111111,34.75022666666667,6
134.2213236111111,34.75000305555555,6
134.2213236111111,34.74991194444444,6
134.22130833333333,34.74955055555556,7
134.22126166666666,34.74911361111111,7
134.2212236111111,34.748635,5
134.22116277777778,34.74798944444444,5
134.22109444444445,34.74737861111111,5
134.22107166666666,34.747079166666666,8
134.22101777777777,34.74653472222222,9
134.22101777777777,34.74634694444445,9
134.22111,34.74570138888889,9
134.2211175,34.745695833333336,9
134.2211861111111,34.74534444444444,9
134.2212238888889,34.745238055555554,9
134.22126194444445,34.745171944444444,8
134.2213086111111,34.745085,8
134.22136944444443,34.74497861111111,8
134.22146777777778,34.74482166666667,8
134.2216738888889,34.7446275,7
134.22200916666668,34.744328055555556,8
134.22219277777776,34.74418583333333,7
134.2223077777778,34.744104444444446,7
134.22239888888888,34.74399694444445,7
134.22250527777777,34.743809166666665,7
134.22267333333335,34.74350444444445,7
134.22271138888888,34.743412222222226,7
134.22277305555556,34.743254722222225,8
134.22284916666666,34.742893333333335,8
134.22285666666667,34.7428025,8
134.2228186111111,34.742604166666666,8
134.2228186111111,34.74247166666667,8
134.22291,34.74207444444444,9
134.22304777777777,34.74142888888889,9
134.22309333333334,34.74127583333333,9
134.22313111111112,34.74115444444445,9
134.22319194444444,34.74108805555556,9
134.22326916666665,34.741037222222225,9
134.22332972222222,34.74098611111111,9
134.22339805555555,34.74093083333333,9
134.2234588888889,34.74084416666667,9
134.2236802777778,34.74037666666667,9
134.22397,34.73973,9
134.22414583333332,34.73917111111111,9
134.22432166666667,34.73856027777778,9
134.22433666666666,34.73842777777778,9
134.22432166666667,34.738189444444444,8
134.22429888888888,34.73803638888889,7
134.22426833333333,34.73764027777778,8
134.22423805555556,34.73699472222222,9
134.22420666666667,34.73657166666667,9
134.2241838888889,34.73648055555555,9
134.22403194444445,34.735835,9
134.22394722222222,34.73545305555555,9
134.2236425,34.73504638888889,9
134.22342111111112,34.73475666666667,9
134.22318472222221,34.734298611111114,7
134.22316194444446,34.73418138888889,7
134.22305555555556,34.733536111111114,8
134.22305555555556,34.73339388888889,7
134.22328444444443,34.732818888888886,9
134.2234363888889,34.73232083333333,9
134.22345916666666,34.7321375,8
134.2234363888889,34.732010555555554,7
134.2233225,34.73175555555556,5
134.22309361111112,34.73175555555556,5
134.22303277777777,34.73175555555556,5
134.22287972222222,34.73175555555556,6
134.2226063888889,34.73175111111111,6
134.22260527777777,34.73175,6
134.22233083333333,34.731745833333335,7
134.22136194444445,34.73173611111111,2
134.22111027777777,34.73173055555556,1
134.2209725,34.73173055555556,1
134.22066,34.73169472222222,3
134.220355,34.73162861111111,6
134.22004916666666,34.73151138888889,6
134.2198125,34.73139527777778,4
134.21963055555557,34.73126277777778,4
134.21937111111112,34.731054444444446,3
134.21911944444443,34.730845555555554,2
134.21911194444445,34.73083555555556,2
134.21869944444444,34.730688055555554,1
134.2184325,34.73061222222222,3
134.21825694444445,34.73058611111111,2
134.21803555555556,34.73058611111111,1
134.21783694444446,34.73059694444444,1
134.21749416666665,34.73063722222222,1
134.21728055555556,34.73067277777778,0
134.2169377777778,34.73074861111111,1
134.2165936111111,34.73082027777778,2
134.21631166666666,34.73088638888889,1
134.21614333333332,34.730896111111115,0
134.21560944444445,34.73085611111111,1
134.21545777777777,34.73083527777778,1
134.215,34.73079416666667,3
134.21470916666667,34.73076388888889,3
134.21463333333332,34.73075388888889,2
134.21451166666668,34.73076388888889,2
134.21439666666666,34.73077888888889,2
134.21428277777778,34.730805,3
134.21390083333333,34.73092222222222,1
134.2133061111111,34.731145833333336,2
134.2123375,34.73150694444445,3
134.21227666666667,34.73153194444444,3
134.21173416666667,34.73171527777778,3
134.2114825,34.731770833333336,3
134.21130027777778,34.73178166666667,3
134.2110863888889,34.731770833333336,2
134.21055916666666,34.73166972222222,3
134.21034666666668,34.73161888888889,3
134.2100636111111,34.73157333333333,2
134.20953722222222,34.7315375,4
134.20920944444444,34.7315375,4
134.20824055555556,34.73166444444445,7
134.20785138888888,34.731720833333334,8
134.20756916666667,34.73175527777778,8
134.2069213888889,34.7318475,7
134.20624972222222,34.73193861111111,8
134.2061575,34.73195388888889,8
134.2051888888889,34.73208611111111,8
134.20502166666665,34.73211222222222,8
134.20441083333333,34.73220333333333,8
134.2039225,34.732279444444444,7
134.20366333333334,34.73231527777778,6
134.20342666666667,34.73233583333333,7
134.20322055555556,34.73235638888889,7
134.20302305555555,34.73233583333333,6
134.20268694444445,34.73229444444444,6
134.20227583333335,34.73224361111111,7
134.202,34.73221861111111,6
134.2017711111111,34.73217722222222,6
134.20161166666668,34.73216222222222,6
134.20143583333333,34.7321525,5
134.2010236111111,34.73217722222222,6
134.2003986111111,34.732239166666666,5
134.20003972222221,34.73229027777778,5
134.19969666666665,34.73236083333333,6
134.1994222222222,34.73242694444444,5
134.1992236111111,34.73248777777778,6
134.19908583333333,34.73254416666666,5
134.19894916666667,34.73261027777778,6
134.19873555555554,34.73273722222222,7
134.19788916666667,34.733245833333335,7
134.19781194444445,34.733306666666664,7
134.19711027777777,34.73377972222222,6
134.19701138888888,34.73388611111111,6
134.1969736111111,34.733936944444444,7
134.1966611111111,34.73443611111111,8
134.19658388888888,34.73453722222222,9
134.19650055555556,34.73461416666667,9
134.19619555555556,34.734852777777775,8
134.1955011111111,34.73538638888889,7
134.19501277777778,34.735819444444445,7
134.1949975,34.73583444444444,7
134.19482194444444,34.735976666666666,8
134.19460055555555,34.73606777777778,8
134.193685,34.736444444444444,8
134.19341055555554,34.73657138888889,8
134.19329638888888,34.7366125,9
134.19307527777778,34.73669388888889,9
134.1928386111111,34.73675472222222,9
134.1927475,34.73676,8
134.19177861111112,34.7369075,9
134.19160277777777,34.736937777777776,9
134.19135888888889,34.736978055555554,8
134.19096166666668,34.737044166666664,8
134.19057333333333,34.73712111111111,7
134.1901988888889,34.73726861111111,8
134.19013805555556,34.73730333333334,8
134.18968777777778,34.737497777777776,8
134.1890011111111,34.73788944444444,7
134.18820055555557,34.73836138888889,8
134.18791083333332,34.73858611111111,8
134.18779694444444,34.73868111111111,8
134.18779694444444,34.73868111111111,8
134.1876513888889,34.73880388888889,8
134.18752138888888,34.73896222222222,8
134.18749083333333,34.73911416666667,8
134.18751361111111,34.73925194444445,7
134.1876125,34.73943527777778,8
134.18775027777778,34.73965888888889,8
134.1877577777778,34.73966333333333,8
134.18802472222222,34.74031,5
134.1882611111111,34.740787222222224,7
134.18829888888888,34.74085888888889,8
134.18829888888888,34.74091972222222,7
134.1882611111111,34.74097583333333,7
134.1881775,34.74106277777778,6
134.18845194444444,34.741708333333335,7
134.18847472222222,34.74174416666666,7
134.1885975,34.74194694444444,8
134.18865055555557,34.7419925,8
134.18872638888888,34.74206972222222,8
134.1888025,34.742130277777775,8
134.18886416666666,34.74217055555555,8
134.18897833333332,34.74222694444445,8
134.18908555555555,34.742287777777776,8
134.19005361111113,34.7427,9
134.1904275,34.74286277777778,9
134.19139666666666,34.74321861111111,9
134.19157222222222,34.743285,9
134.1919988888889,34.74348777777778,8
134.19205305555556,34.74351388888889,8
134.19218972222222,34.74355944444444,8
134.19278527777777,34.743697222222224,6
134.19272333333333,34.74415472222222,5
134.1927775,34.744321944444444,5
134.19278527777777,34.74442944444444,5
134.19278527777777,34.74456166666667,5
134.19315083333333,34.74456166666667,5
134.19322666666667,34.74465277777778,5
134.1933113888889,34.74471916666667,5
134.19343305555554,34.74480055555556,5
134.19354805555557,34.74484611111111,5
134.19372388888888,34.74486111111111,5
134.19362388888888,34.745176944444445,6
134.19357083333333,34.74538527777778,7
134.19355555555555,34.745446111111114,8
134.1934025,34.746091666666665,12
134.1933647222222,34.746249722222224,14
134.19363916666666,34.746427777777775,14
134.1939363888889,34.74672722222222,14
134.1940036111111,34.746789166666666,14
134.1940025,34.746788055555555,14
134.1939363888889,34.74672722222222,14
134.19386055555555,34.746738055555554,15
134.19376166666666,34.74672722222222,15
134.19343305555554,34.74659611111111,15
134.19322666666667,34.74652972222222,15
134.19251055555554,34.746335555555554,11
134.19161027777778,34.746091388888885,10
134.1915875,34.74608694444444,10
134.1913586111111,34.74604583333333,11
134.1912738888889,34.74603611111111,11
134.19122083333335,34.74603611111111,11
134.19104611111112,34.74604583333333,10
134.19101472222223,34.74604583333333,10
134.19043527777777,34.74597972222222,7
134.19001527777777,34.746026388888886,7
134.18963472222222,34.74597972222222,6
134.18890222222223,34.745843055555554,7
134.1887113888889,34.7458125,7
134.1885975,34.7458125,8
134.18853555555555,34.7458125,8
134.1885311111111,34.74581027777778,8
134.18853,34.74580916666667,8
134.18847472222222,34.745776666666664,8
134.18820027777778,34.745644444444444,8
134.18775,34.745466388888886,9
134.18739944444445,34.74535888888889,9
134.1869722222222,34.7452375,8
134.18600333333333,34.74496333333333,4
134.1855225,34.74480055555556,2
134.18543888888888,34.74477972222222,2
134.18504944444445,34.744662777777776,3
134.18459916666666,34.74452055555555,4
134.18375305555554,34.74427638888889,6
134.18366083333333,34.74424611111111,6
134.18362277777777,34.74420055555556,6
134.1834786111111,34.744052777777775,6
134.1832875,34.743833611111114,6
134.18320305555557,34.74372722222222,6
134.1830511111111,34.7434875,6
134.1829663888889,34.74335083333333,6
134.18291333333335,34.743269444444444,6
134.18281444444443,34.74312194444445,5
134.18277111111112,34.74314777777778,5
134.18277,34.74314777777778,5
134.18281444444443,34.74312194444445,5
134.18260083333334,34.74281166666667,5
134.18240972222222,34.74254666666667,7
134.1823261111111,34.74242527777778,8
134.18233388888888,34.74241972222222,8
134.18233388888888,34.74241972222222,8
134.1823261111111,34.74242527777778,8
134.18195972222222,34.74256194444445,8
134.18193694444443,34.742760555555556,8
134.18162444444445,34.74274527777778,8
134.18132722222222,34.742735555555555,9
134.1810525,34.74275083333333,9
134.18075416666667,34.74277583333333,11
134.1804872222222,34.74281166666667,10
134.18019,34.742868055555554,12
134.1797625,34.74291361111111,12
134.17954111111112,34.742938611111114,13
134.17928944444444,34.742938611111114,14
134.17896194444444,34.742938611111114,14
134.17893916666668,34.742938611111114,14
134.17876333333334,34.74295361111111,16
134.17872555555556,34.74295361111111,16
134.1786038888889,34.74297972222222,17
134.17853444444444,34.742984166666666,18
134.17792472222223,34.74308611111111,21
134.17778694444445,34.743096944444446,22
134.177635,34.743096944444446,19
134.17749722222223,34.74307638888889,19
134.17735166666668,34.743025277777775,18
134.177215,34.74297972222222,21
134.17719333333332,34.742964444444446,21
134.17719222222223,34.742963333333336,21
134.1771238888889,34.74291361111111,19
134.17703916666667,34.7428625,30
134.17607055555555,34.74245027777778,39
134.17606305555555,34.742445833333335,39
134.17600972222223,34.74241972222222,42
134.1759413888889,34.742404722222226,42
134.17566694444446,34.74231361111111,46
134.17546083333335,34.7422625,48
134.17512444444444,34.74223638888889,45
134.17466638888888,34.742221111111114,44
134.17453722222223,34.742196388888885,43
134.17439194444444,34.742175555555555,41
134.17420194444443,34.742135555555556,39
134.17373666666666,34.74199222222222,36
134.1734847222222,34.74192611111111,35
134.17340027777777,34.74192166666667,35
134.1732863888889,34.741946666666664,34
134.1727375,34.74178388888889,30
134.17269083333332,34.74186,29
134.17263777777777,34.74190111111111,29
134.17256166666667,34.741910833333336,28
134.17250083333334,34.741910833333336,28
134.17177611111111,34.74190111111111,24
134.17162305555556,34.74186,23
134.17151666666666,34.74180444444445,23
134.17096666666666,34.741570277777775,21
134.17077666666665,34.741484444444446,19
134.1700522222222,34.74133472222222,18
134.17005111111112,34.74133472222222,18
134.16986111111112,34.74129555555555,18
134.1690288888889,34.74111222222222,18
134.16861777777777,34.741011388888886,17
134.1676488888889,34.740786666666665,15
134.1674425,34.74072611111111,14
134.1671986111111,34.74065972222222,14
134.1669775,34.74060444444444,13
134.16672555555556,34.74053833333333,11
134.16674083333334,34.740451388888886,11
134.16652722222221,34.740563333333334,12
134.16629055555555,34.740746666666666,12
134.16619194444445,34.740812777777776,12
134.16605388888888,34.74089416666666,12
134.16585555555557,34.74097527777778,12
134.16572638888888,34.74102083333333,13
134.16554305555556,34.74107722222222,13
134.16516222222222,34.741193333333335,14
134.16503944444443,34.74118361111111,14
134.16490166666668,34.741168333333334,15
134.1646272222222,34.74116305555555,16
134.16442972222222,34.74121944444445,16
134.16413888888889,34.74127055555556,17
134.16377333333332,34.74128555555556,18
134.16346083333335,34.74132138888889,18
134.1633913888889,34.741325833333335,18
134.16304861111112,34.74137666666667,19
134.16280444444445,34.741391944444445,19
134.16275472222222,34.74138333333333,16
134.1627536111111,34.74138333333333,19
134.1627122222222,34.74137666666667,19
134.16216333333332,34.741193333333335,21
134.16159888888888,34.740985,21
134.1612788888889,34.74086777777778,22
134.16120194444446,34.7408375,22
134.16098805555555,34.74073666666666,23
134.16069083333332,34.74064972222222,23
134.16041666666666,34.740608611111114,23
134.16008888888888,34.74058361111111,23
134.15998888888888,34.740604166666664,24
134.15976777777777,34.74064972222222,24
134.1595625,34.740674722222224,24
134.1591427777778,34.740700833333335,25
134.15897444444445,34.740720277777775,25
134.15828,34.740791944444446,26
134.15824972222222,34.740791944444446,26
134.15799027777777,34.740791944444446,26
134.15761694444444,34.740791944444446,26
134.15759416666666,34.7407975,26
134.15662555555556,34.7408375,28
134.15616777777777,34.74084305555556,28
134.15599944444443,34.7408375,28
134.15574027777777,34.7408375,28
134.15567194444444,34.74084305555556,28
134.15470277777777,34.74088277777778,29
134.1542677777778,34.74071027777778,29
134.15396277777776,34.74059305555556,28
134.15382527777777,34.74057777777778,28
134.1535888888889,34.74051166666667,27
134.1535127777778,34.74058333333333,28
134.15349,34.74067,28
134.1532913888889,34.740608333333334,28
134.1523225,34.74062888888889,28
134.1520936111111,34.740634444444446,28
134.1518188888889,34.740634444444446,28
134.15172666666666,34.74062888888889,29
134.15155222222222,34.740568055555556,29
134.15151416666666,34.740562777777775,29
134.151155,34.7404,29
134.15066694444445,34.74020138888889,29
134.15047611111112,34.74012555555556,29
134.15035444444445,34.740095,29
134.14988888888888,34.740044166666664,28
134.14982805555556,34.74003416666667,28
134.14962972222222,34.74001916666667,29
134.14943861111112,34.739983333333335,29
134.1488288888889,34.73989638888889,29
134.1487138888889,34.73986055555556,29
134.14814194444443,34.73963722222222,29
134.14804222222222,34.73959166666667,28
134.14794333333333,34.73957083333333,29
134.14760055555556,34.739495,29
134.1474022222222,34.73943416666667,29
134.1473175,34.73940277777778,28
134.14681416666667,34.739154166666665,29
134.14641805555556,34.73898638888889,29
134.1461436111111,34.738910555555556,29
134.14596777777777,34.73885388888889,29
134.14570083333334,34.73876277777778,29
134.14559333333332,34.73873694444445,28
134.14535694444444,34.73871194444445,29
134.1447775,34.73867611111111,29
134.14436,34.73864666666667,29
134.1443588888889,34.73864666666667,29
134.14420583333333,34.73863583333333,29
134.14383166666667,34.73858472222222,29
134.1433661111111,34.73853361111111,28
134.14319138888888,34.738503333333334,28
134.1430763888889,34.7384675,28
134.1429386111111,34.738416388888886,29
134.14197055555556,34.73804555555556,28
134.14195444444445,34.738034722222224,28
134.14141333333333,34.7378775,26
134.1413677777778,34.73786777777778,26
134.14121472222223,34.73782638888889,26
134.14111583333334,34.737786388888885,25
134.1409325,34.737694166666664,25
134.14068083333333,34.737567222222225,24
134.14026944444444,34.73734361111111,23
134.1402077777778,34.73730222222222,23
134.14016972222223,34.7372775,23
134.1400786111111,34.73718638888889,23
134.14002527777777,34.737135277777774,23
134.13981916666665,34.73699305555556,22
134.13949055555557,34.73681944444444,21
134.1394525,34.73679444444444,20
134.1392538888889,34.7366925,21
134.13916277777778,34.7366675,20
134.1390563888889,34.736641666666664,20
134.13874305555555,34.73661111111111,21
134.1386825,34.736601388888886,21
134.13852944444446,34.736545,20
134.13843055555554,34.73649388888889,20
134.13829277777776,34.73636166666667,20
134.138255,34.73632583333333,20
134.1381886111111,34.736262777777775,14
134.1381875,34.736261666666664,20
134.13780444444444,34.73590361111111,20
134.13720222222221,34.73542638888889,20
134.1371188888889,34.735369722222224,20
134.13705694444445,34.73531888888889,20
134.13688222222223,34.735218055555556,20
134.13629444444445,34.73488694444445,20
134.13621833333335,34.73482611111111,20
134.13602,34.734628055555554,20
134.13582888888888,34.73447055555555,20
134.13580611111112,34.73444444444444,20
134.1356313888889,34.7343175,20
134.13526472222222,34.734094166666665,20
134.13516583333333,34.73401694444444,20
134.13500527777776,34.73394638888889,20
134.13435638888888,34.7337025,20
134.13412,34.733595,20
134.13406666666666,34.73354388888889,19
134.13393,34.73337138888889,19
134.13386722222222,34.733309444444444,19
134.1338661111111,34.73330861111111,19
134.13385305555556,34.73329555555556,19
134.1337313888889,34.73322916666667,19
134.13351805555556,34.7331425,19
134.1331436111111,34.73306111111111,18
134.1325263888889,34.732934166666666,18
134.13201527777778,34.732816944444444,17
134.1320075,34.73281138888889,17
134.1317938888889,34.73274527777778,17
134.1310386111111,34.73251194444445,17
134.1308936111111,34.732461111111114,17
134.13010777777777,34.73221138888889,18
134.12971833333333,34.732084444444446,18
134.12948194444445,34.73204444444445,18
134.129345,34.73200861111111,17
134.1291161111111,34.7319425,15
134.12862777777778,34.73184583333333,18
134.12854444444446,34.73181972222222,18
134.12833055555555,34.731743888888886,18
134.12819305555556,34.7316775,17
134.1278577777778,34.73148444444445,18
134.12775805555555,34.731454166666666,17
134.12765916666666,34.731428055555554,18
134.12735416666666,34.73137805555555,18
134.12703305555556,34.731361944444444,17
134.1265525,34.73132722222222,16
134.12611833333332,34.731321666666666,17
134.12590472222223,34.73131194444444,17
134.12559222222222,34.73130111111111,17
134.1255911111111,34.73130111111111,17
134.125515,34.73130111111111,17
134.125065,34.731296666666665,17
134.12502722222223,34.731296666666665,17
134.12488277777777,34.731296666666665,17
134.12444,34.73130111111111,17
134.12402,34.73132722222222,16
134.12330277777778,34.731361944444444,15
134.12280694444445,34.73137805555555,14
134.12245694444445,34.73139333333334,13
134.12231916666667,34.73140305555555,13
134.12163972222223,34.73144333333333,12
134.1215411111111,34.73144333333333,12
134.1212663888889,34.73144333333333,12
134.12118194444446,34.731433611111115,12
134.12106805555555,34.731428055555554,13
134.12084666666667,34.73135222222222,13
134.120685,34.731252222222224,13
134.1206838888889,34.73125111111111,13
134.12064055555555,34.731225277777774,13
134.12051888888888,34.73112861111111,12
134.12035833333334,34.731092777777775,12
134.12022055555556,34.73106777777778,12
134.11965666666666,34.73099611111111,13
134.11945805555555,34.73097138888889,14
134.11906944444445,34.73090944444444,15
134.11890888888888,34.73087888888889,15
134.1187711111111,34.73084333333333,15
134.11859638888888,34.73079222222222,14
134.11842055555556,34.73074666666667,14
134.11826,34.73067611111111,13
134.11789444444443,34.73054361111111,12
134.11771861111112,34.7304775,12
134.11714666666666,34.73025388888889,11
134.11683444444444,34.73012611111111,10
134.11654388888888,34.72998388888889,10
134.11648722222222,34.729956666666666,10
134.1164863888889,34.729955555555556,10
134.11629194444444,34.72986222222222,13
134.11620833333333,34.72981138888889,14
134.11607055555555,34.72973416666667,12
134.1158961111111,34.72962805555556,12
134.11568222222223,34.729546666666664,11
134.11534583333332,34.729419722222225,10
134.115285,34.72940888888889,10
134.11501805555557,34.72933833333333,10
134.1147588888889,34.729287222222226,11
134.11456777777778,34.72927194444444,11
134.11440833333333,34.72925138888889,11
134.11431638888888,34.72924166666667,11
134.11344722222222,34.72920055555556,10
134.11284388888888,34.72919611111111,14
134.11266055555555,34.72916027777778,14
134.1126225,34.729145,14
134.11227222222223,34.729037777777776,13
134.11184472222223,34.72888583333334,11
134.1114175,34.728768611111114,9
134.11094416666666,34.72865138888889,9
134.10997527777778,34.72840722222222,9
134.10996,34.72840166666667,9
134.10930472222222,34.72828027777778,11
134.10924833333334,34.728274722222224,11
134.10924722222222,34.728274722222224,11
134.10919722222224,34.72826944444444,11
134.108885,34.72834638888889,10
134.10874722222223,34.728386666666665,12
134.10865611111112,34.728386666666665,9
134.10838166666667,34.72837138888889,7
134.1083588888889,34.728452777777775,7
134.10838166666667,34.728900833333334,7
134.10838166666667,34.72906361111111,7
134.1083663888889,34.72922111111111,7
134.10826666666668,34.72968861111111,8
134.108145,34.73016694444444,8
134.10813,34.7302125,8
134.10809194444445,34.730385,8
134.10803,34.73072694444444,8
134.10800722222223,34.73090472222222,8
134.10790305555557,34.73092638888889,8
134.10790194444445,34.7309275,8
134.10800722222223,34.73090472222222,8
134.10798444444444,34.73110222222222,8
134.1078552777778,34.731723055555555,9
134.10773277777778,34.732369722222224,10
134.10767194444443,34.73264416666667,13
134.1076338888889,34.732888333333335,10
134.10759611111112,34.733086944444445,10
134.10751888888888,34.73356944444444,10
134.10750388888889,34.733650833333336,10
134.10745833333334,34.733802777777775,10
134.107405,34.73392,10
134.1073063888889,34.73413361111111,10
134.10719138888888,34.734275833333335,12
134.10714583333333,34.734316944444444,12
134.107085,34.73436805555556,14
134.1068938888889,34.73458611111111,11
134.106895,34.73459166666667,11
134.106895,34.734590555555556,11
134.10693194444445,34.734744444444445,12
134.10700805555555,34.73501916666667,11
134.1071836111111,34.735664722222225,12
134.1072063888889,34.735725555555554,12
134.1072063888889,34.736128055555554,10
134.1073063888889,34.736717222222225,12
134.10719138888888,34.737144444444446,13
134.10716861111112,34.73730166666667,14
134.1071836111111,34.73751111111111,14
134.10722166666667,34.73788777777778,13
134.10724444444443,34.73807,10
134.1072975,34.73825333333333,12
134.1073975,34.738503055555555,14
134.10759611111112,34.73885333333333,18
134.10764166666667,34.73896083333333,16
134.10774027777776,34.73960638888889,13
134.10778583333334,34.739845,11
134.10778583333334,34.73994138888889,10
134.10777083333332,34.74003361111111,12
134.10773277777778,34.74019111111111,13
134.10771,34.740293055555554,13
134.10769472222222,34.74061861111111,11
134.10764166666667,34.74095916666667,13
134.1076338888889,34.74124361111111,13
134.10764166666667,34.74167638888889,13
134.10767944444444,34.74196083333333,13
134.10767944444444,34.74202694444445,14
134.10767944444444,34.74211916666667,14
134.10761888888888,34.74240361111111,15
134.10755805555556,34.742800277777775,12
134.10753416666665,34.74287638888889,12
134.1074811111111,34.74295222222222,13
134.10736694444444,34.743075,11
134.10732916666666,34.743135555555554,9
134.1073063888889,34.74319194444445,9
134.10726722222222,34.74330805555555,11
134.10722916666666,34.74371083333333,13
134.1072063888889,34.743786666666665,13
134.10704583333333,34.7441425,15
134.106985,34.744259722222225,13
134.10691666666668,34.744350833333336,13
134.1067788888889,34.74453444444445,11
134.10663472222222,34.7447275,13
134.1065425,34.74480888888889,13
134.10640583333333,34.74492611111111,12
134.10628305555556,34.74505833333333,12
134.10618444444444,34.74518527777778,12
134.10610833333334,34.74529277777778,11
134.1060161111111,34.74548583333333,10
134.10581,34.74613138888889,12
134.1057188888889,34.74641111111111,13
134.10567333333333,34.74664027777778,11
134.10562,34.746791944444446,12
134.10562,34.746899444444445,13
134.10562,34.74697555555556,13
134.10563527777776,34.747128333333336,14
134.10568083333334,34.74743333333333,15
134.10568083333334,34.74756027777778,14
134.10568083333334,34.74762638888889,13
134.10568083333334,34.74780972222222,16
134.1050627777778,34.74845555555556,14
134.10497916666668,34.748536944444446,14
134.10491833333333,34.7485825,15
134.10478055555555,34.74869972222222,15
134.10463611111112,34.74882638888889,15
134.10455916666666,34.7488925,14
134.10407083333334,34.749248333333334,13
134.10370527777778,34.749477222222225,13
134.1033461111111,34.74969111111111,13
134.10269833333334,34.75001666666667,12
134.10239222222222,34.75015888888889,12
134.10198111111112,34.75031166666667,12
134.10158416666667,34.75042361111111,12
134.10115666666667,34.75052,13
134.10076833333332,34.75057638888889,12
134.09979916666666,34.750682777777776,12
134.09948555555556,34.75071861111111,12
134.09862416666667,34.75080027777778,12
134.09765555555555,34.75087638888889,11
134.09759472222223,34.750881666666665,11
134.09662583333332,34.750927222222224,11
134.09612972222223,34.750953333333335,11
134.09529777777777,34.750993333333334,11
134.0943288888889,34.75102916666667,11
134.09394805555556,34.75105,12
134.093345,34.75111027777778,12
134.09309333333334,34.75114083333333,12
134.09284916666667,34.75118638888889,12
134.09262027777777,34.751242777777776,11
134.09212444444444,34.75142611111111,12
134.0914688888889,34.75163444444444,15
134.09098083333333,34.751751666666664,16
134.0907825,34.7518025,15
134.0899122222222,34.75208138888889,11
134.08966027777777,34.752274722222225,11
134.08956166666667,34.752448333333334,10
134.08948583333333,34.75266638888889,10
134.08944666666667,34.75304277777778,10
134.0894238888889,34.75322611111111,10
134.0894086111111,34.75342444444444,10
134.0894238888889,34.7536425,10
134.08946194444445,34.753816111111114,10
134.08968305555555,34.75431972222222,10
134.08984388888888,34.75474194444445,15
134.08995777777778,34.75495027777778,16
134.09021777777778,34.75532638888889,16
134.09036972222222,34.755626944444444,15
134.09048472222221,34.75593194444444,14
134.0905075,34.75622694444444,12
134.0905075,34.75639416666667,14
134.09044583333332,34.75664916666667,15
134.09024833333334,34.75701027777778,13
134.09019388888888,34.757131944444446,12
134.09019388888888,34.757264444444445,12
134.09024833333334,34.75740611111111,10
134.09046194444446,34.75780777777778,12
134.09065944444444,34.75816888888889,14
134.09072138888888,34.75823527777778,17
134.09085805555554,34.75830138888889,24
134.09125527777778,34.758448888888886,18
134.0913463888889,34.7585,16
134.09140722222222,34.75857583333333,16
134.0914686111111,34.75870833333333,14
134.09149916666667,34.75883527777778,15
134.0915675,34.75937444444445,16
134.09162055555555,34.759715,19
134.0916736111111,34.75980722222222,18
134.09205555555556,34.76019333333333,19
134.09213166666666,34.760284722222224,18
134.09224666666665,34.760483055555554,17
134.09233777777777,34.76065138888889,17
134.09267416666665,34.761296944444446,17
134.09271222222222,34.76143472222222,18
134.09271222222222,34.76143472222222,18
134.09271222222222,34.76143361111111,18
134.09271222222222,34.76143472222222,18
134.09278055555555,34.76168833333333,18
134.09288694444444,34.76194777777778,18
134.09300916666666,34.762125555555556,19
134.09303944444446,34.76216138888889,19
134.09352027777777,34.76280722222222,19
134.09358111111112,34.76296,19
134.09368083333334,34.76322472222222,19
134.0937111111111,34.76332583333333,19
134.09383277777778,34.763707777777775,18
134.09388694444445,34.76379861111111,18
134.09397055555556,34.76388,18
134.09445888888888,34.764317222222225,18
134.09473305555557,34.76457222222222,18
134.09493166666667,34.76480111111111,19
134.09506083333332,34.765055,18
134.0952213888889,34.765406666666664,18
134.09536666666668,34.76566611111111,18
134.0956336111111,34.76598055555556,18
134.09598416666665,34.766489166666666,19
134.09615222222223,34.76676055555556,19
134.09615222222223,34.766759444444446,19
134.0961675,34.76678444444445,19
134.09655583333333,34.76743,19
134.0969452777778,34.76806055555556,18
134.09733472222223,34.768706944444446,18
134.0973575,34.76874277777778,18
134.0977611111111,34.76938833333333,18
134.09809722222224,34.76997305555555,18
134.09823416666666,34.77021722222222,17
134.0984175,34.7705425,17
134.0985552777778,34.77078138888889,16
134.09868444444444,34.771005833333334,16
134.0989663888889,34.77164055555556,16
134.09900555555555,34.77171222222222,16
134.0993938888889,34.77227222222222,16
134.09943194444443,34.77232305555555,16
134.09951666666666,34.772438888888885,17
134.09955416666668,34.77249527777778,16
134.0997213888889,34.77273944444445,17
134.10017166666665,34.77332972222222,16
134.10052333333334,34.77373138888889,15
134.10113305555555,34.77430638888889,17
134.10137722222223,34.774478611111114,17
134.10225472222223,34.775124166666664,18
134.1031086111111,34.77572527777778,18
134.10401666666667,34.77637111111111,17
134.10411527777777,34.776446944444444,18
134.10438333333335,34.77682305555555,17
134.1044288888889,34.776914444444444,17
134.104635,34.77706194444445,17
134.10500833333333,34.777347222222225,17
134.10583194444445,34.77782027777778,17
134.1062288888889,34.77802861111111,18
134.10648055555555,34.778196944444446,18
134.1066563888889,34.778374722222225,18
134.10687777777778,34.77863861111111,18
134.1070447222222,34.77892361111111,18
134.10712944444444,34.77918833333333,18
134.1072661111111,34.77980361111111,17
134.10715972222224,34.77990555555556,17
134.10712194444446,34.779945833333336,16
134.1070447222222,34.78010305555556,16
134.10700694444444,34.78024083333333,16
134.10700694444444,34.780388333333335,16
134.1072661111111,34.781034166666664,16
134.10752527777777,34.78168055555555,16
134.10759472222222,34.7818325,16
134.10766305555555,34.78197027777778,16
134.107945,34.78261583333333,16
134.1080525,34.78286527777778,16
134.1082272222222,34.7833275,16
134.10831194444444,34.78356194444444,16
134.10853333333333,34.78420722222222,15
134.10878472222223,34.78485388888889,15
134.10903638888888,34.78549972222222,15
134.10928805555557,34.786145,15
134.10945527777778,34.7865475,16
134.1097375,34.787193055555555,16
134.10974611111112,34.78720305555556,16
134.10995833333334,34.787594722222224,16
134.11017972222223,34.78793527777778,16
134.11043055555555,34.78823361111111,16
134.11042944444443,34.78823277777778,16
134.11054666666666,34.7883725,16
134.11085916666667,34.78869777777778,16
134.1116825,34.789344444444446,16
134.11206416666667,34.78957361111111,17
134.11227805555555,34.78968527777778,16
134.11292694444444,34.789969444444445,17
134.11338361111112,34.79016277777778,17
134.1143525,34.79055972222222,17
134.1153213888889,34.790956666666666,17
134.11629027777778,34.791352777777774,17
134.1170072222222,34.79157194444444,17
134.11742722222223,34.79167833333333,17
134.11773222222223,34.79174444444445,17
134.11813694444444,34.79180083333333,17
134.11910583333332,34.7919225,17
134.119655,34.79195277777778,17
134.12002916666665,34.791963611111115,17
134.1207311111111,34.791943055555556,17
134.12134833333334,34.79190722222222,17
134.1223175,34.79185611111111,17
134.12328638888889,34.791805277777776,17
134.12370611111112,34.791780277777775,16
134.1242777777778,34.791765,16
134.12504055555556,34.791765,17
134.12599444444444,34.79181055555556,18
134.12632194444444,34.79184638888889,19
134.12729083333332,34.7919375,22
134.1279927777778,34.792009166666666,22
134.12896166666667,34.79210583333333,23
134.12993055555555,34.79219694444444,24
134.13028194444445,34.79217194444445,24
134.13111305555555,34.79213611111111,25
134.1320822222222,34.79210583333333,26
134.13289055555555,34.79212111111111,27
134.13363027777777,34.792212222222226,25
134.134455,34.79235527777778,22
134.1348052777778,34.79242583333333,22
134.13577444444445,34.79261916666667,23
134.13674305555554,34.792813333333335,23
134.13771194444445,34.79300111111111,24
134.1386811111111,34.79318861111111,24
134.13933722222222,34.79333638888889,24
134.1395813888889,34.7933775,22
134.14054277777777,34.793483888888886,22
134.14151166666667,34.79358583333333,22
134.1421063888889,34.793703055555554,22
134.14273972222222,34.79384527777778,19
134.14325083333333,34.79397222222222,20
134.14393,34.79421194444444,20
134.14398305555557,34.794227222222226,20
134.14495194444444,34.79450166666667,20
134.1451113888889,34.7945525,20
134.1452872222222,34.79461333333333,20
134.14556166666668,34.794715277777776,20
134.14653055555556,34.795071388888886,20
134.1466761111111,34.79512666666667,20
134.14749194444445,34.795411944444446,20
134.14781194444444,34.79549333333333,20
134.1480875,34.795563888888886,20
134.1481861111111,34.79559,20
134.1484,34.795569444444446,20
134.1489488888889,34.79553888888889,20
134.1491247222222,34.79555416666667,20
134.14941444444443,34.79563,20
134.14970416666668,34.79571138888889,20
134.14994083333335,34.79582861111111,20
134.1502152777778,34.796036666666666,20
134.15057416666667,34.796346944444444,20
134.1508638888889,34.796637777777775,20
134.15119166666668,34.797064166666665,20
134.15146611111112,34.797446111111114,20
134.15161694444444,34.79763611111111,20
134.15161694444444,34.79763611111111,20
134.15017416666666,34.79890416666667,26
134.15017055555555,34.79887055555555,25
134.14920833333332,34.79895638888889,26
134.14823944444444,34.79904305555556,27
134.14727027777778,34.79912888888889,28
134.14722472222223,34.79913444444445,28
134.14691222222223,34.79916472222222,28
134.1459436111111,34.79924611111111,27
134.14497472222223,34.7993275,27
134.14483694444445,34.79933833333333,27
134.1447761111111,34.79934277777778,26
134.14473055555555,34.79936333333333,23
134.1446925,34.79937833333334,22
134.14461555555556,34.799459722222224,22
134.14431055555556,34.79987222222222,23
134.1438375,34.8005175,25
134.1437388888889,34.800736666666666,24
134.1436388888889,34.800980833333334,23
134.14360083333332,34.801229444444445,23
134.14360861111112,34.80187611111111,23
134.1436161111111,34.80200305555555,23
134.1436161111111,34.80209416666667,23
134.1436388888889,34.80260305555556,24
134.1436388888889,34.80312138888889,24
134.1436388888889,34.80338611111111,23
134.14363138888888,34.80403166666667,23
134.1436236111111,34.8040675,23
134.143555,34.8046525,22
134.14344888888888,34.80529777777778,22
134.1434172222222,34.805460555555555,23
134.143375,34.80576333333333,22
134.143375,34.80576222222222,23
134.14332611111112,34.806107222222224,23
134.143235,34.80675277777778,24
134.14318944444443,34.8070025,24
134.14316555555556,34.807225833333334,24
134.14306694444446,34.80784638888889,24
134.14301361111112,34.80816111111111,24
134.1430061111111,34.80820222222222,24
134.14289861111112,34.80884777777778,24
134.1428,34.80949444444445,24
134.14331083333335,34.80963666666667,25
134.14361555555556,34.80978416666667,26
134.14373833333335,34.80987527777778,27
134.14396722222222,34.81005888888889,28
134.14406583333334,34.810160833333335,28
134.14417333333333,34.810317777777776,29
134.14428722222223,34.810541388888886,29
134.14434805555555,34.81070416666667,29
134.1444011111111,34.810851666666665,29
134.1444402777778,34.81102,29
134.14446305555555,34.811218333333336,29
134.14444777777777,34.81140083333333,28
134.1444402777778,34.811568888888885,28
134.14437833333332,34.811777222222226,28
134.14424916666667,34.812133055555556,27
134.1441886111111,34.81229583333333,27
134.14397472222223,34.8129425,25
134.1439552777778,34.813048611111114,25
</coordinates>
</LineString>
</Placemark>
</Document>
</kml>
