<?xml version="1.0" encoding="UTF-8"?>
<kml xmlns="http://www.opengis.net/kml/2.2" xmlns:atom="http://www.w3.org/2005/Atom">
<Document>
<name>WCC和歌山2015年8月例会</name>
<atom:author>
<atom:name>salon</atom:name>
</atom:author> 
<atom:link href="https://latlonglab.yahoo.co.jp/route/watch?id=0c13bf0562ed879e66f2fd4b5e126b94" />
<description><![CDATA[レギュラーコースです。らくらくは多奈川辺で適当にＵターン。]]></description>
<tags><![CDATA[自転車]]></tags>  
<Placemark>
<Style>
<LineStyle>
<color>99ff0000</color>
<width>6</width>
</LineStyle>
</Style>
<LineString>
<coordinates>
135.15237694444446,34.23869305555556,4
135.15292888888888,34.23729111111111,4
135.1529661111111,34.23719611111111,4
135.1529661111111,34.23719611111111,4
135.15209027777777,34.2371975,4
135.15209027777777,34.2371975,4
135.1511975,34.239446944444445,4
135.1511975,34.239446944444445,4
135.14797027777777,34.24105055555555,4
135.14797027777777,34.24105055555555,4
135.14516361111112,34.24314361111111,4
135.14516361111112,34.24314361111111,4
135.14037972222224,34.24031083333333,4
135.14037972222224,34.24031083333333,4
135.13698083333333,34.24207055555556,8
135.13698083333333,34.24207055555556,8
135.13356472222222,34.24319166666667,4
135.13356472222222,34.24319166666667,4
135.12130166666665,34.24818638888889,9
135.12130166666665,34.24818638888889,9
135.11940277777776,34.24684027777778,6
135.11940277777776,34.24684027777778,6
135.09956083333333,34.25707583333333,2
135.09956083333333,34.25707583333333,2
135.0990113888889,34.257600833333335,3
135.0990113888889,34.257600833333335,3
135.10114,34.260892222222225,6
135.1011661111111,34.260925,6
135.10114305555555,34.260936944444445,6
135.1009061111111,34.26101194444445,5
135.10084305555554,34.26105388888889,5
135.10081805555555,34.261111944444444,5
135.1008561111111,34.26128694444444,5
135.10096805555557,34.261721111111115,5
135.10099305555556,34.26187888888889,5
135.10060611111112,34.262011944444446,5
135.10036805555555,34.26212888888889,5
135.10026805555555,34.262186944444444,5
135.10009305555556,34.26231194444444,5
135.09990611111112,34.262478888888886,6
135.0997311111111,34.26265388888889,14
135.09904305555557,34.26339611111111,19
135.09866805555555,34.26378694444445,18
135.0964811111111,34.266128888888886,19
135.09611805555556,34.266486944444445,19
135.0958811111111,34.26667805555556,19
135.09548194444446,34.26695111111111,18
135.09548194444446,34.26695111111111,18
135.0954311111111,34.26698694444445,18
135.09529305555554,34.26705305555556,18
135.0948811111111,34.26725305555556,17
135.0944561111111,34.26741194444445,17
135.09360611111111,34.267645,17
135.0931061111111,34.267786944444445,17
135.08983111111112,34.268636944444445,10
135.08971805555555,34.26872,11
135.0895311111111,34.26875305555556,10
135.08886805555557,34.268878055555554,12
135.08578111111112,34.26977,9
135.08556805555557,34.26986111111111,9
135.08544305555554,34.269936111111114,9
135.08534305555557,34.27002805555556,10
135.08524305555557,34.270153055555554,10
135.08501805555557,34.27050305555556,10
135.0847811111111,34.270845,10
135.08461805555555,34.27097,10
135.0843811111111,34.271095,10
135.08429305555555,34.271145,9
135.08416888888888,34.27122,9
135.08405611111112,34.27131111111111,9
135.08395611111112,34.27142805555555,9
135.08394388888888,34.27157,9
135.08395611111112,34.27191888888889,9
135.08399305555557,34.272711111111114,9
135.08399305555557,34.27292805555555,9
135.0839311111111,34.27326111111111,9
135.0838811111111,34.273428055555556,9
135.0838061111111,34.273628055555555,9
135.0836811111111,34.273878055555556,9
135.08329305555554,34.27451888888889,9
135.0832061111111,34.27461111111111,9
135.0830061111111,34.27478611111111,9
135.08284305555554,34.274926944444445,9
135.0825438888889,34.27509388888889,9
135.0821938888889,34.27522694444445,9
135.08215611111112,34.27522694444445,9
135.0817811111111,34.27521888888889,9
135.08168111111112,34.27520194444445,9
135.0815061111111,34.27514388888889,9
135.0810811111111,34.27496111111111,8
135.08089388888888,34.27489388888889,8
135.0806311111111,34.27485305555555,8
135.0802688888889,34.27482805555555,5
135.07989388888888,34.27481888888889,2
135.0798061111111,34.27481888888889,2
135.0796311111111,34.27481111111111,4
135.0791688888889,34.27461888888889,9
135.0789188888889,34.274636111111114,9
135.0788061111111,34.27468611111111,9
135.0785938888889,34.27481888888889,8
135.0784438888889,34.274901944444444,9
135.0781311111111,34.27502694444444,9
135.0777938888889,34.27531111111111,9
135.0776938888889,34.275351944444445,9
135.0774688888889,34.27536888888889,9
135.07716888888888,34.275393888888885,8
135.0771311111111,34.27540194444445,8
135.0769061111111,34.27541111111111,8
135.0767561111111,34.27543611111111,8
135.07650611111112,34.275526944444444,8
135.0762938888889,34.275618888888886,7
135.0762188888889,34.27565194444445,7
135.07611805555555,34.27563388888889,7
135.07611805555555,34.27563388888889,7
135.0762188888889,34.27565194444445,7
135.0761688888889,34.275711111111114,7
135.07613111111112,34.275801944444446,7
135.07613111111112,34.275951944444444,7
135.07614388888888,34.276026944444446,7
135.0762938888889,34.276451944444446,8
135.0763061111111,34.27651888888889,8
135.07628111111111,34.276626944444445,8
135.0762061111111,34.27676888888889,8
135.07603111111112,34.27696,8
135.0759811111111,34.277051944444445,8
135.07590611111112,34.27736888888889,8
135.07579388888888,34.27786888888889,7
135.0757188888889,34.27821,5
135.0756061111111,34.27874305555556,9
135.0754938888889,34.27921,8
135.0753311111111,34.27986,7
135.0752938888889,34.280035,7
135.0752811111111,34.280235,6
135.0752938888889,34.28032611111111,6
135.0753061111111,34.28049305555555,5
135.0753688888889,34.28062611111111,6
135.0754311111111,34.280768055555555,7
135.0754311111111,34.281085,8
135.0753811111111,34.28120111111111,8
135.0751938888889,34.28146,8
135.0751561111111,34.28151,8
135.07478111111112,34.28180888888889,8
135.07456888888888,34.28200888888889,7
135.0744811111111,34.28215111111111,6
135.0743938888889,34.28231805555556,5
135.07423111111112,34.28279305555556,6
135.07411888888888,34.283076111111114,6
135.0740561111111,34.28325888888889,5
135.07398111111112,34.28341805555556,4
135.07389388888888,34.283501111111114,5
135.07355611111112,34.28380111111111,6
135.0732188888889,34.284058888888886,3
135.07273111111112,34.28454194444444,3
135.07251888888888,34.28474194444444,4
135.0722438888889,34.28495111111111,6
135.07206888888888,34.28507611111111,5
135.07181888888888,34.28520888888889,4
135.0712938888889,34.28547611111111,11
135.07116888888888,34.28554194444445,11
135.0710688888889,34.28560888888889,11
135.0709938888889,34.285716944444445,12
135.07093111111112,34.28585888888889,11
135.0709061111111,34.28600888888889,9
135.07093111111112,34.286225,8
135.07105611111112,34.28645888888889,2
135.0712438888889,34.2867,3
135.0716688888889,34.287241944444446,6
135.0717561111111,34.28740888888889,5
135.0718061111111,34.28795,3
135.0718938888889,34.28808305555555,2
135.07196888888888,34.288133055555555,2
135.0723311111111,34.28820805555556,6
135.07239388888888,34.288225,5
135.0727061111111,34.28828388888889,7
135.07298111111112,34.28836694444445,8
135.0733688888889,34.288525,8
135.0737938888889,34.28870888888889,8
135.07388111111112,34.28875,8
135.07398111111112,34.28880888888889,8
135.0740811111111,34.289225,7
135.07410611111112,34.28933305555555,7
135.07420611111112,34.28975805555555,6
135.07433111111112,34.290283055555555,8
135.0743938888889,34.29038305555556,8
135.0745188888889,34.29049194444445,9
135.07478111111112,34.29063305555555,8
135.07489388888888,34.2907,9
135.0750938888889,34.29080805555556,9
135.07556888888888,34.2911,9
135.0757438888889,34.29119194444444,9
135.0758688888889,34.29121694444444,8
135.07603111111112,34.29125,8
135.0762061111111,34.291291944444446,9
135.07638111111112,34.291375,13
135.0764188888889,34.291466944444444,14
135.0764061111111,34.29160805555556,16
135.07634388888889,34.29175,17
135.07625611111112,34.2919,19
135.0761688888889,34.29205,19
135.07603111111112,34.292475,18
135.07603111111112,34.29258305555555,17
135.0760688888889,34.2927,16
135.07649388888888,34.29306694444445,18
135.0765688888889,34.293175,18
135.0766188888889,34.293275,19
135.0766561111111,34.29349194444445,19
135.0766561111111,34.29355805555556,20
135.0766438888889,34.293666944444446,20
135.07650611111112,34.294025,25
135.07648111111112,34.29423305555556,27
135.07650611111112,34.294783055555556,32
135.0765688888889,34.295175,35
135.0765311111111,34.29535,38
135.0765311111111,34.29541611111111,38
135.0765188888889,34.295566111111114,38
135.07641194444443,34.29570888888889,43
135.07641194444443,34.29570888888889,43
135.0765188888889,34.295566111111114,38
135.0765311111111,34.29541611111111,38
135.0765311111111,34.29535,38
135.0765688888889,34.295175,35
135.0766561111111,34.2955,37
135.0767938888889,34.295925,37
135.07751888888887,34.29727388888889,37
135.07851888888888,34.298766111111114,37
135.08146888888888,34.30360694444445,37
135.0824061111111,34.30511611111111,21
135.0826811111111,34.30544888888889,15
135.0829061111111,34.30562388888889,13
135.0830811111111,34.30574111111111,11
135.0832061111111,34.30580805555555,9
135.0839938888889,34.306131944444445,5
135.0846938888889,34.30644111111111,2
135.0848061111111,34.306491111111114,2
135.0850561111111,34.30659111111111,2
135.0854561111111,34.30676611111111,5
135.08576805555555,34.30689888888889,2
135.0866311111111,34.30716611111111,4
135.0868811111111,34.30722388888889,3
135.0870561111111,34.30726611111111,3
135.0874311111111,34.30734888888889,0
135.0876311111111,34.30741611111111,1
135.08780611111112,34.30750694444444,0
135.08805611111111,34.30768305555556,0
135.08861805555554,34.30829888888889,0
135.0887561111111,34.30844888888889,0
135.0889061111111,34.30862388888889,0
135.08906805555554,34.30879888888889,0
135.0892061111111,34.30899888888889,0
135.08928111111112,34.30914111111111,0
135.0893561111111,34.30924111111111,0
135.08971805555555,34.30954111111111,0
135.09004305555555,34.30974888888889,0
135.09039305555555,34.30986611111111,2
135.0905811111111,34.30996611111111,2
135.09168111111111,34.31064111111111,3
135.09198111111112,34.31079111111111,0
135.09268111111112,34.311098888888885,3
135.09286805555556,34.311191111111114,0
135.0930561111111,34.311281944444445,1
135.09339305555557,34.31164888888889,1
135.0936561111111,34.31187388888889,4
135.09413111111112,34.31229111111111,3
135.0942061111111,34.31237388888889,1
135.09424305555555,34.31247388888889,2
135.09438111111112,34.31287388888889,0
135.0944561111111,34.312956944444444,1
135.0945311111111,34.313006944444446,0
135.0945561111111,34.313023888888885,0
135.09471805555555,34.31313194444444,2
135.09473111111112,34.31314888888889,2
135.09489305555556,34.31341611111111,2
135.09496805555557,34.313431944444446,2
135.0953311111111,34.313381944444444,6
135.09539305555555,34.31339111111111,8
135.0954561111111,34.31339111111111,8
135.09559694444445,34.31341,10
135.09559694444445,34.31341,10
135.09569305555556,34.31342388888889,11
135.09595611111112,34.31346611111111,15
135.0961561111111,34.313541111111114,17
135.09639305555555,34.31382388888889,13
135.0964811111111,34.31390694444445,14
135.09661805555555,34.31401611111111,12
135.09694305555556,34.31414888888889,12
135.09769305555557,34.31442388888889,11
135.09781805555556,34.31444888888889,0
135.098205,34.31446611111111,0
135.09834305555555,34.31449888888889,0
135.098455,34.31457388888889,0
135.098855,34.314906944444445,0
135.098955,34.314973888888886,0
135.09958,34.31521611111111,8
135.09968,34.31528194444444,4
135.09978,34.31539111111111,4
135.09981805555555,34.31547388888889,4
135.09983,34.31552388888889,4
135.09994305555554,34.316015,6
135.09996805555556,34.31614,7
135.10024305555555,34.31679,3
135.10031805555556,34.31692388888889,1
135.10061805555554,34.31714888888889,5
135.10066805555556,34.31722388888889,5
135.10089305555556,34.317548888888886,6
135.10108,34.31774,3
135.10129305555554,34.31787388888889,3
135.10153,34.318015,4
135.10186694444445,34.318156944444446,7
135.101955,34.31819,7
135.10224194444444,34.31825694444444,8
135.102555,34.318265,9
135.10371694444444,34.31818194444445,9
135.103905,34.31814888888889,9
135.10483,34.31782388888889,9
135.10518,34.317706944444446,9
135.10534305555555,34.317681944444445,9
135.10569305555555,34.317681944444445,9
135.10581805555555,34.31764,9
135.10616694444445,34.317431944444444,10
135.10628,34.31741611111111,11
135.10639194444445,34.317391111111114,12
135.10646805555555,34.31734888888889,14
135.10688,34.31706611111111,13
135.10698,34.31701611111111,15
135.107105,34.31699888888889,16
135.107455,34.31698194444444,19
135.10773,34.316898888888886,23
135.10789194444445,34.316856944444446,19
135.10808,34.316806944444444,18
135.10821694444445,34.31681611111111,17
135.10844194444445,34.31689111111111,18
135.10859194444444,34.316898888888886,14
135.10913,34.316873888888885,13
135.109205,34.316856944444446,13
135.10938,34.31679888888889,15
135.109605,34.31669888888889,17
135.11001694444445,34.316473888888886,17
135.110105,34.31644111111111,18
135.110505,34.31629888888889,15
135.11076694444444,34.31610805555555,13
135.110955,34.315981944444445,12
135.11114194444446,34.31583194444445,13
135.11174194444445,34.31547388888889,14
135.11274194444445,34.31479111111111,19
135.11296694444445,34.314633055555554,23
135.1131288888889,34.31455694444445,23
135.1133538888889,34.31451611111111,22
135.1139038888889,34.314456944444444,20
135.11426694444444,34.31439888888889,14
135.1144538888889,34.31438305555555,12
135.1146038888889,34.31439888888889,10
135.1146488888889,34.31441,10
135.1146488888889,34.31441,10
135.1147038888889,34.31442388888889,10
135.1148538888889,34.31449111111111,10
135.11500388888888,34.31456611111111,10
135.11622888888888,34.31516611111111,9
135.1166538888889,34.31540694444445,9
135.11686694444444,34.31559111111111,9
135.11779194444443,34.31649888888889,9
135.1180038888889,34.316656944444446,9
135.11814194444443,34.31672388888889,9
135.11836694444443,34.316831944444445,9
135.1186788888889,34.31692388888889,9
135.11874194444445,34.31694111111111,9
135.1190288888889,34.31704111111111,9
135.11930388888888,34.31714111111111,9
135.11985388888888,34.31733194444445,9
135.11997888888888,34.31736611111111,9
135.12007888888888,34.317391111111114,9
135.12045388888887,34.317456944444444,9
135.1205038888889,34.31746611111111,9
135.12076694444445,34.317481944444445,9
135.12097888888889,34.31746611111111,8
135.12136694444445,34.31740694444444,8
135.1216038888889,34.31737388888889,7
135.12190388888888,34.31734888888889,7
135.12206694444444,34.31734888888889,7
135.12222888888888,34.31736611111111,6
135.12347888888888,34.31760694444444,5
135.12382888888888,34.31769888888889,6
135.12452888888888,34.31734111111111,6
135.12472888888888,34.31722388888889,6
135.12499111111111,34.317033055555555,7
135.1251161111111,34.31692388888889,8
135.12529111111112,34.31671611111111,8
135.12541611111112,34.31654888888889,8
135.1255038888889,34.31642388888889,8
135.1256911111111,34.316116111111114,8
135.1258288888889,34.31597388888889,9
135.1260538888889,34.31579111111111,9
135.12632888888888,34.31565805555555,9
135.12656611111112,34.315581944444446,9
135.1267161111111,34.31554888888889,9
135.1268161111111,34.315533055555555,9
135.12711611111112,34.31551611111111,9
135.1273038888889,34.315533055555555,9
135.1276411111111,34.315598888888886,13
135.12777888888888,34.31563194444445,14
135.12904111111112,34.315956944444444,18
135.1291911111111,34.315981944444445,18
135.1293288888889,34.31597388888889,18
135.12950388888888,34.31594111111111,17
135.1295788888889,34.31590805555555,17
135.1296911111111,34.31586611111111,17
135.1302538888889,34.31547388888889,18
135.13052888888888,34.315308055555555,17
135.13074111111112,34.31524111111111,17
135.1311038888889,34.31522388888889,17
135.1313288888889,34.31524888888889,17
135.1314661111111,34.31529111111111,17
135.13166611111112,34.31539111111111,16
135.1321788888889,34.315783055555556,8
135.1325788888889,34.316048888888886,5
135.1327411111111,34.316133055555554,5
135.1330661111111,34.316231944444446,4
135.13336611111112,34.31628194444444,4
135.1339411111111,34.31629111111111,4
135.13412805555555,34.31629888888889,4
135.13497805555556,34.31633194444444,4
135.13510305555556,34.316341111111115,4
135.13517805555554,34.316341111111115,4
135.13570305555555,34.31635694444444,4
135.1362411111111,34.316383055555555,4
135.13650305555555,34.31639111111111,4
135.1367161111111,34.31639888888889,4
135.13754111111112,34.31642388888889,4
135.13782805555556,34.31645694444445,4
135.13837805555556,34.316541111111114,3
135.1389411111111,34.316673888888886,2
135.13905305555556,34.31670694444445,2
135.1390661111111,34.31670694444445,2
135.13992805555554,34.316898888888886,2
135.14050305555557,34.31704111111111,1
135.14147805555555,34.31722388888889,2
135.14219111111112,34.31734111111111,2
135.14217805555555,34.31738305555555,2
135.14214805555557,34.317438055555556,2
135.14214694444445,34.317438055555556,2
135.14212805555556,34.31747388888889,2
135.1420911111111,34.31754111111111,2
135.14184111111112,34.31791611111111,1
135.14162805555554,34.31824888888889,0
135.14170305555555,34.31831611111111,0
135.1422411111111,34.318558055555556,1
135.14275305555554,34.31869888888889,1
135.14375305555555,34.31914111111111,0
135.143915,34.31923194444445,0
135.14405305555556,34.31933194444444,1
135.144115,34.31943305555556,1
135.14414,34.31954888888889,0
135.14412805555557,34.319656944444446,0
135.14407805555555,34.31977388888889,0
135.143965,34.319966111111114,0
135.14394,34.32004111111111,0
135.14394,34.32014888888889,0
135.14397805555555,34.32024888888889,0
135.144365,34.32075694444445,0
135.144415,34.320856944444444,0
135.14459,34.321081944444444,0
135.14475305555555,34.32120694444444,0
135.144915,34.32129111111111,0
135.145115,34.321373888888886,0
135.14519,34.32140694444445,0
135.14559,34.321556944444445,0
135.14597805555556,34.32172388888889,0
135.147715,34.32266611111111,0
135.14785305555554,34.32274888888889,0
135.14810305555557,34.32290694444445,0
135.14825305555556,34.323031944444445,0
135.148365,34.32318194444444,0
135.148415,34.32330694444445,0
135.14847805555556,34.32364,0
135.14872805555555,34.32484,5
135.148915,34.32574805555556,1
135.14897805555555,34.325865,0
135.149115,34.32598194444444,1
135.14919,34.32604805555555,2
135.14935305555557,34.32619805555556,8
135.14964,34.32653194444445,6
135.149815,34.32683194444444,5
135.15000194444445,34.32704805555556,5
135.150215,34.327198055555556,5
135.15044,34.32749805555556,4
135.150515,34.32768194444444,3
135.150565,34.327815,4
135.150665,34.327956944444445,3
135.150815,34.32809805555556,4
135.15087805555555,34.32813194444444,1
135.15100305555555,34.328165,3
135.15122805555555,34.328248055555555,3
135.15129,34.32829,3
135.15140194444444,34.328448055555555,3
135.151415,34.328606944444445,3
135.15150194444445,34.328765,5
135.15167694444443,34.32898111111111,7
135.15182694444445,34.32915611111111,4
135.15192694444445,34.32924,4
135.152115,34.329365,6
135.15270194444443,34.329906111111114,4
135.15279,34.33005611111111,6
135.15284,34.330265,5
135.15292694444443,34.330465,3
135.15292694444443,34.33067305555556,3
135.15295194444445,34.330756111111114,3
135.1530488888889,34.330891944444446,3
135.1530488888889,34.330891944444446,3
135.15307694444445,34.33093111111111,3
135.15330194444445,34.33110611111111,6
135.15349,34.331215,4
135.15364,34.33128111111111,3
135.15387694444445,34.33134,2
135.15407694444445,34.33137305555555,4
135.15425194444444,34.331381111111114,4
135.15435194444444,34.33137305555555,3
135.15475194444446,34.33129805555556,5
135.155015,34.331315,6
135.155515,34.33139,3
135.155765,34.331448055555555,2
135.15615194444445,34.331565,3
135.15635194444445,34.331648055555554,5
135.15657694444445,34.33175611111111,5
135.15668888888888,34.33180611111111,2
135.15677694444443,34.331831111111114,2
135.1568638888889,34.331831111111114,3
135.15700194444443,34.331831111111114,4
135.15712694444446,34.33180611111111,3
135.15727694444445,34.331765,6
135.15737694444445,34.331698055555556,5
135.15767694444443,34.331473055555556,4
135.1577388888889,34.33145611111111,4
135.15782694444445,34.331465,3
135.15795194444445,34.33149805555556,4
135.15806388888888,34.331515,4
135.15828888888888,34.33149805555556,4
135.15871388888888,34.33143111111111,5
135.1588888888889,34.331381111111114,4
135.15897694444445,34.33134,4
135.1590888888889,34.33124,5
135.15916388888888,34.331198055555554,6
135.15932694444444,34.33113111111111,5
135.1595638888889,34.33108111111111,7
135.16017694444446,34.33099,8
135.16043888888888,34.330956111111114,7
135.16075194444446,34.33097305555555,7
135.16087694444445,34.330981111111115,7
135.16137694444444,34.331048055555556,5
135.16191388888888,34.33113111111111,2
135.1620388888889,34.33114,0
135.16213888888888,34.33114805555556,0
135.1626638888889,34.33119,0
135.1635138888889,34.33134,0
135.16355194444444,34.33119,1
135.16362694444445,34.331181111111114,2
135.1636638888889,34.33124,1
135.16377694444444,34.331315,1
135.16410194444444,34.331415,2
135.1643638888889,34.33154,1
135.1646388888889,34.331665,0
135.16465194444444,34.331665,0
135.1648888888889,34.33179805555555,1
135.16530111111112,34.33204805555555,0
135.1660388888889,34.332548055555556,0
135.16643888888888,34.33284805555556,0
135.16665111111112,34.33294,0
135.16721388888888,34.33308111111111,1
135.1672888888889,34.33309,1
135.1676511111111,34.33312305555555,1
135.1681638888889,34.33313111111111,2
135.16858888888888,34.333198055555556,3
135.16870111111112,34.33323111111111,3
135.1687388888889,34.333265,3
135.16913888888888,34.33358111111111,3
135.1693261111111,34.33374,3
135.16961388888888,34.33385611111111,3
135.1698638888889,34.33394,3
135.16992611111112,34.33423111111111,2
135.16992611111112,34.33425611111111,2
135.16995111111112,34.33443888888889,2
135.1699761111111,34.33455611111111,1
135.1700888888889,34.33483888888889,0
135.1704511111111,34.33477305555556,1
135.17061388888888,34.33478888888889,0
135.1706888888889,34.33481388888889,0
135.1708888888889,34.33488111111111,1
135.17116388888888,34.33500611111111,0
135.1713388888889,34.335123055555556,0
135.1717261111111,34.335348055555556,0
135.1723888888889,34.33573888888889,1
135.1725888888889,34.335881111111114,1
135.17300111111112,34.33618111111111,1
135.1733638888889,34.33632305555555,1
135.1740511111111,34.336548055555554,5
135.17426305555554,34.336623055555556,5
135.17445111111113,34.33668111111111,5
135.1748511111111,34.33681388888889,5
135.17525111111112,34.33694805555555,5
135.17586305555557,34.33714805555555,4
135.17596805555556,34.33718611111111,3
135.17596805555556,34.33718611111111,3
135.1759761111111,34.33718888888889,3
135.17617611111112,34.33698111111111,3
135.1764261111111,34.33671388888889,3
135.17652611111112,34.336623055555556,3
135.17676305555557,34.33642305555556,4
135.17696305555555,34.33629805555555,4
135.1771261111111,34.33622305555556,6
135.17755111111111,34.33606388888889,7
135.1779511111111,34.33598111111111,7
135.17990111111112,34.33578888888889,7
135.18025111111112,34.335748055555555,7
135.1803011111111,34.33575611111111,7
135.1805511111111,34.33573111111111,7
135.18082611111112,34.33570611111111,5
135.18092611111112,34.33568888888889,6
135.18172694444445,34.335595,7
135.18172694444445,34.335595,8
135.18846416666668,34.336236944444444,6
135.18846416666668,34.336236944444444,6
135.1929788888889,34.33626527777778,9
135.1929788888889,34.33626527777778,9
135.1977511111111,34.338235555555556,7
135.1977511111111,34.338235555555556,7
135.2020427777778,34.340475,7
135.20238694444444,34.34038888888889,8
135.20257388888888,34.34025611111111,8
135.2026238888889,34.34021388888889,9
135.20266194444446,34.34017305555555,9
135.20269888888888,34.34013111111111,9
135.20277388888888,34.34003111111111,10
135.2028611111111,34.33989805555556,11
135.2029738888889,34.33963888888889,14
135.20301111111112,34.33955611111111,14
135.20303611111112,34.339438888888886,15
135.2030611111111,34.33928888888889,15
135.2030861111111,34.33913888888889,15
135.2030738888889,34.33896388888889,16
135.20279888888888,34.337473055555556,18
135.2026488888889,34.336623055555556,20
135.2026238888889,34.336515,21
135.20261194444444,34.33629,22
135.2026238888889,34.336123055555554,22
135.20263694444444,34.33608111111111,22
135.20267388888888,34.335973055555556,23
135.20277388888888,34.33582305555556,24
135.2028738888889,34.335698055555554,24
135.20296194444444,34.335615,26
135.20308694444444,34.335523055555555,26
135.20316111111111,34.33546888888889,26
135.20316111111111,34.33546888888889,26
135.20323694444446,34.335415,26
135.20366194444443,34.33579,26
135.20381111111112,34.336548055555554,23
135.2038488888889,34.336623055555556,22
135.2038611111111,34.33665611111111,22
135.20402388888888,34.33685611111111,20
135.2045738888889,34.33748111111111,18
135.2047488888889,34.33765611111111,18
135.20492388888889,34.33779805555555,17
135.20529888888888,34.338073055555554,16
135.2056488888889,34.33830611111111,16
135.2060111111111,34.33858111111111,15
135.2061361111111,34.33867305555555,14
135.2061361111111,34.33867305555555,14
135.20618611111112,34.33868888888889,14
135.2063361111111,34.33870611111111,14
135.20674888888888,34.33875611111111,14
135.2071738888889,34.33882305555556,13
135.2075111111111,34.33886388888889,14
135.2075738888889,34.33887305555555,14
135.20791111111112,34.33893111111111,14
135.20834888888888,34.339038888888886,14
135.20847388888888,34.33909805555555,13
135.20854888888888,34.339123055555554,13
135.20904805555554,34.33931388888889,13
135.2092111111111,34.339373055555555,13
135.21009805555556,34.339731111111114,10
135.2103361111111,34.33983111111111,9
135.21061111111112,34.34001388888889,8
135.21087305555557,34.340198055555554,8
135.2110111111111,34.34029805555556,10
135.21104805555555,34.34032305555556,10
135.21122305555556,34.34043111111111,11
135.21141111111112,34.34048888888889,11
135.21161111111113,34.34053111111111,11
135.21194805555555,34.34063111111111,12
135.2122361111111,34.34077305555556,13
135.21297305555555,34.34113888888889,13
135.21308305555556,34.34116888888889,13
135.21308305555556,34.34116888888889,13
135.21309805555555,34.34117305555556,13
135.21319805555555,34.34118111111111,14
135.21331111111112,34.34114805555556,14
135.2136361111111,34.34137305555556,13
135.21464805555556,34.34202194444445,15
135.21466,34.34203888888889,15
135.21516,34.34236388888889,16
135.216235,34.34305611111111,16
135.21672305555555,34.343313888888886,15
135.218535,34.344073055555555,11
135.22037194444445,34.34483888888889,12
135.22072194444445,34.34498111111111,13
135.22169694444443,34.34538111111111,12
135.22174694444445,34.345396944444445,12
135.2234588888889,34.34611388888889,7
135.22392194444444,34.34629694444445,11
135.22578388888888,34.34706388888889,15
135.22612194444446,34.34720611111111,17
135.2267061111111,34.347435,16
135.2267061111111,34.347435,16
135.2267588888889,34.347456111111114,16
135.22684611111112,34.347496944444444,16
135.2269711111111,34.34755611111111,17
135.2277838888889,34.34787194444444,13
135.2281088888889,34.348013888888886,12
135.2282588888889,34.348081111111114,12
135.22840888888888,34.34813888888889,12
135.2289088888889,34.348346944444444,13
135.2292711111111,34.34849694444444,14
135.2304088888889,34.34896388888889,19
135.2306211111111,34.349055,19
135.23077111111112,34.349105,19
135.23218305555557,34.349696944444446,16
135.23363305555554,34.350296944444445,17
135.23538305555556,34.35103,17
135.23587111111112,34.35123,17
135.237095,34.35173888888889,15
135.23725805555554,34.351805,15
135.23772,34.351405,16
135.23820805555556,34.35098888888889,18
135.23847,34.350771944444446,18
135.23938305555555,34.35008111111111,20
135.24022,34.34938888888889,22
135.240645,34.34903888888889,23
135.24107,34.348771944444444,24
135.24167,34.348346944444444,26
135.242795,34.347456111111114,29
135.24352,34.34694694444445,29
135.24452,34.34617305555555,29
135.24540694444445,34.34543111111111,32
135.24555694444444,34.34532305555555,32
135.245995,34.34502305555556,32
135.24630694444446,34.34486388888889,33
135.24653194444446,34.34477305555556,33
135.24670694444444,34.344723055555555,33
135.246795,34.34470611111111,33
135.24722,34.344681111111115,32
135.24755694444445,34.344656111111114,32
135.2477438888889,34.344615,32
135.24798194444443,34.344523055555555,32
135.24808194444444,34.344465,32
135.2486688888889,34.344031111111114,34
135.24875694444444,34.343965,34
135.24924388888888,34.34368111111111,34
135.24966111111112,34.34348305555555,34
135.24966111111112,34.34348305555555,34
135.25029388888888,34.343181111111114,34
135.25049388888888,34.34309,34
135.25051888888888,34.34307305555556,34
135.25068194444444,34.342998055555555,34
135.25074388888888,34.342973055555554,34
135.25131888888887,34.342706944444444,33
135.25176888888888,34.34249,32
135.25200694444445,34.342373055555555,31
135.25208194444446,34.34234,31
135.2523938888889,34.34219,31
135.25300694444445,34.34189805555555,34
135.2533688888889,34.34173194444445,35
135.25390694444445,34.341481944444446,36
135.25428194444444,34.34135694444444,38
135.25469388888888,34.34124,38
135.2551061111111,34.34114888888889,39
135.25539388888888,34.34109888888889,39
135.25618111111112,34.341006944444445,38
135.2564188888889,34.34099888888889,38
135.25675611111112,34.34099888888889,38
135.25716888888888,34.34102388888889,38
135.2574811111111,34.341056944444446,38
135.25774388888888,34.34109,38
135.2581188888889,34.341165,38
135.25878111111112,34.34134888888889,38
135.25910611111112,34.341456944444445,38
135.2592688888889,34.341515,38
135.2594061111111,34.34157388888889,37
135.26014388888888,34.341948055555555,36
135.2604188888889,34.342115,35
135.2605438888889,34.34218194444444,35
135.2609811111111,34.34244,34
135.26150611111112,34.34274805555555,31
135.26204305555555,34.34220694444444,33
135.2622061111111,34.34200694444444,33
135.2622311111111,34.341965,33
135.26226805555555,34.341881944444445,34
135.26231805555557,34.34169,34
135.26231805555557,34.34132388888889,37
135.26230611111112,34.34043194444445,43
135.26234305555556,34.34029,43
135.26240611111112,34.34017388888889,44
135.26249305555555,34.34009,44
135.2626061111111,34.33999,43
135.26276805555557,34.339915,43
135.26343111111112,34.33974111111111,45
135.26354305555554,34.339706944444444,45
135.26388111111112,34.33962388888889,44
135.2640561111111,34.33958194444445,43
135.26429305555556,34.33952388888889,45
135.26459305555557,34.33912388888889,47
135.26474305555556,34.338923888888885,47
135.26490611111112,34.33877388888889,47
135.26521805555555,34.33850694444445,46
135.26533111111112,34.33842388888889,45
135.26536805555557,34.338366111111114,45
135.26541805555556,34.33830694444445,45
135.26548111111111,34.338206944444444,44
135.26558111111112,34.33802388888889,44
135.26561805555556,34.33797388888889,45
135.26566805555555,34.33784888888889,45
135.26586805555556,34.33739888888889,47
135.26594305555557,34.337206944444446,48
135.26601805555555,34.33691611111111,49
135.2660561111111,34.33667388888889,49
135.2660811111111,34.33662388888889,49
135.26615611111112,34.33645694444444,49
135.2663061111111,34.33617388888889,49
135.26638111111112,34.33607388888889,49
135.2664561111111,34.33599888888889,49
135.26670611111112,34.335881944444445,49
135.2668561111111,34.335816111111114,49
135.2669811111111,34.33574888888889,50
135.26714305555555,34.33567388888889,58
135.2674561111111,34.335481944444446,61
135.26770611111112,34.335258055555556,61
135.26804305555555,34.334873888888886,60
135.26814305555556,34.33474888888889,60
135.26819305555554,34.33468305555556,60
135.26856805555556,34.334133055555554,61
135.26926805555556,34.333125,63
135.26931805555554,34.333016111111114,63
135.26933111111111,34.33293305555556,64
135.26934305555557,34.33284111111111,65
135.26933111111111,34.332175,63
135.26936805555556,34.33205,63
135.26946805555556,34.33191611111111,63
135.2700311111111,34.33143305555556,61
135.2701561111111,34.331341944444446,61
135.27029305555556,34.331291944444445,60
135.27045611111112,34.33125,62
135.2706061111111,34.33121694444444,62
135.2707561111111,34.33116694444445,64
135.2709311111111,34.33108305555555,64
135.27113111111112,34.330925,65
135.2712811111111,34.33080805555556,65
135.27136805555557,34.330675,66
135.27155611111112,34.33031694444445,66
135.2716061111111,34.33014194444444,67
135.2716561111111,34.32998305555556,66
135.27170611111111,34.32989194444445,67
135.27196805555556,34.329616944444446,66
135.27198194444443,34.329588055555554,66
135.27198194444443,34.329588055555554,66
135.27200611111112,34.32954194444444,67
135.27201805555555,34.329475,67
135.2719561111111,34.329325,65
135.27189305555555,34.329208888888886,66
135.27178111111112,34.3291,65
135.2714311111111,34.328716944444444,66
135.27124305555554,34.328491944444444,67
135.27119305555556,34.32836694444445,67
135.27114305555557,34.327916944444446,68
135.27099305555555,34.327491944444446,69
135.27084305555556,34.32714194444444,70
135.27064305555555,34.32675111111111,70
135.27046805555557,34.32645888888889,72
135.2704061111111,34.32625111111111,74
135.27039305555556,34.32612611111111,75
135.27031805555555,34.32605888888889,75
135.27014305555556,34.32589194444444,75
135.26999305555555,34.32568388888889,75
135.26961805555555,34.32515111111111,76
135.2695061111111,34.32488388888889,78
135.2694561111111,34.32465888888889,78
135.2694561111111,34.32452611111111,78
135.26949305555556,34.32433388888889,79
135.26955611111111,34.32411694444444,79
135.26971805555556,34.32355111111111,79
135.2697311111111,34.32335111111111,79
135.26974305555555,34.32322611111111,79
135.26978111111112,34.32255888888889,82
135.26976888888888,34.32217611111111,83
135.26965611111112,34.32163388888889,84
135.2696061111111,34.32138388888889,85
135.2695938888889,34.32120888888889,87
135.26961888888889,34.321043055555556,86
135.2696811111111,34.32090888888889,87
135.26975611111112,34.320818055555556,85
135.2698311111111,34.32080111111111,86
135.2700438888889,34.32083388888889,87
135.2701311111111,34.32082611111111,88
135.27021888888888,34.32080111111111,88
135.2702688888889,34.32075888888889,87
135.2703061111111,34.32068388888889,87
135.27033111111112,34.320458888888886,86
135.27031888888888,34.32028388888889,87
135.2702938888889,34.320193055555556,87
135.2701688888889,34.319876111111114,88
135.27009388888888,34.31965111111111,88
135.2700311111111,34.319493055555554,88
135.26998111111112,34.319335,88
135.2699188888889,34.31920111111111,88
135.2699061111111,34.319135,88
135.26999388888888,34.31874305555556,89
135.27010611111112,34.31857611111111,89
135.2701811111111,34.318435,89
135.2702688888889,34.31822611111111,89
135.27043111111112,34.317751111111114,92
135.27045611111112,34.31760111111111,91
135.2703688888889,34.317326944444446,93
135.2703438888889,34.315785,94
135.2703438888889,34.31536805555555,93
135.2703438888889,34.31521,100
135.27033111111112,34.315035,100
135.2703061111111,34.31486,102
135.27019388888888,34.31441888888889,104
135.2701438888889,34.314126944444446,106
135.2701688888889,34.31382694444444,105
135.2701561111111,34.31361,105
135.27008111111112,34.313185,104
135.2700188888889,34.31266111111111,104
135.2700311111111,34.31249388888889,103
135.27000611111112,34.311951944444445,100
135.26999388888888,34.31174388888889,100
135.2700188888889,34.311036111111115,107
135.27000611111112,34.31066888888889,106
135.26996888888888,34.31001888888889,107
135.26996888888888,34.30966111111111,108
135.2699561111111,34.30929388888889,109
135.2699188888889,34.30905194444444,109
135.2698438888889,34.30881111111111,113
135.2697938888889,34.30868611111111,113
135.26974388888888,34.30854388888889,115
135.26963111111112,34.30821111111111,116
135.2696061111111,34.30809388888889,115
135.26955611111111,34.30752805555556,114
135.2694938888889,34.306868888888886,114
135.2694438888889,34.30631888888889,113
135.2693438888889,34.30538611111111,118
135.26933111111111,34.30520305555556,118
135.26930611111112,34.30428611111111,127
135.26933111111111,34.30415305555555,126
135.26940611111112,34.303795,127
135.2694811111111,34.30363611111111,129
135.2695688888889,34.30347,129
135.26965611111112,34.303345,129
135.26974388888888,34.30325305555556,132
135.2699061111111,34.30312,136
135.2700188888889,34.303095,137
135.2701561111111,34.303111111111114,138
135.2702811111111,34.30317,138
135.2705811111111,34.303378055555555,140
135.2707061111111,34.30342805555556,141
135.2708061111111,34.30343611111111,143
135.27100611111112,34.30341111111111,146
135.27111888888888,34.30336111111111,146
135.2712061111111,34.30327805555556,143
135.27125611111111,34.303145,142
135.2715061111111,34.302295,143
135.27155611111112,34.30220305555556,143
135.2716438888889,34.30212,143
135.27189388888888,34.30195305555556,145
135.2720438888889,34.30182805555555,145
135.27215611111112,34.301653055555555,146
135.2721811111111,34.30151194444444,146
135.27215611111112,34.301403055555554,146
135.27214388888888,34.30127,147
135.2720561111111,34.301003055555555,148
135.27201888888888,34.300845,148
135.2719938888889,34.30063694444444,149
135.2720561111111,34.300353055555554,148
135.2722061111111,34.29996194444445,149
135.27223111111113,34.299886944444445,149
135.27223111111113,34.29977,151
135.2722138888889,34.299683888888886,150
135.2722138888889,34.299683888888886,150
135.2721938888889,34.29958694444444,149
135.2721938888889,34.29951194444445,150
135.27236888888888,34.29916194444444,152
135.2727311111111,34.29862,156
135.2731061111111,34.29788694444444,159
135.2732188888889,34.29755388888889,164
135.27328111111112,34.297153888888886,164
135.2733061111111,34.29680388888889,169
135.2732938888889,34.296486944444446,173
135.2732188888889,34.29608694444445,175
135.2731311111111,34.29575388888889,176
135.27294388888888,34.29528694444444,175
135.2727561111111,34.29490388888889,180
135.2725188888889,34.29455388888889,181
135.2724061111111,34.29441194444444,181
135.2716311111111,34.293613055555554,186
135.2712811111111,34.29316305555555,187
135.2711938888889,34.29302111111111,187
135.2711438888889,34.29272888888889,187
135.27109388888888,34.292003888888885,172
135.2710811111111,34.29188805555555,166
135.27108194444443,34.29183805555556,166
135.27098194444446,34.29172111111111,164
135.2709188888889,34.291578888888886,162
135.2709438888889,34.29142111111111,160
135.27099388888888,34.29137111111111,160
135.27110694444445,34.291313055555555,156
135.27124388888888,34.291246111111114,156
135.2712688888889,34.29119611111111,155
135.27124388888888,34.29107888888889,154
135.2712688888889,34.29096305555556,152
135.27131888888889,34.290863055555555,151
135.27135611111112,34.29084611111111,153
135.27156888888888,34.29079611111111,152
135.2715938888889,34.29077111111111,147
135.2716061111111,34.29057111111111,144
135.27189388888888,34.290238055555555,142
135.2722061111111,34.29022111111111,144
135.2721938888889,34.290103888888886,144
135.2720561111111,34.290103888888886,140
135.2718561111111,34.29012888888889,136
135.27115694444444,34.29064611111111,137
135.27110694444445,34.29065388888889,134
135.27099388888888,34.29055388888889,137
135.27098194444446,34.29051305555556,137
135.27100694444445,34.290463055555556,134
135.27146888888888,34.289988055555554,121
135.2715938888889,34.289788055555555,119
135.2717188888889,34.28951305555555,119
135.2718811111111,34.28934611111111,119
135.27234388888888,34.28897111111111,107
135.2724188888889,34.288913055555554,107
135.2724938888889,34.28883,104
135.27258111111112,34.28866305555555,103
135.2726561111111,34.288446111111114,103
135.2727438888889,34.28812111111111,101
135.27279388888888,34.28792111111111,97
135.2729561111111,34.287638055555554,96
135.2729561111111,34.287555,95
135.2728688888889,34.28736305555555,97
135.2728811111111,34.28728,97
135.27316888888888,34.287038055555556,91
135.2732188888889,34.28693805555555,92
135.2732061111111,34.28673805555555,94
135.27339388888888,34.28626305555556,89
135.27406888888888,34.284421944444446,84
135.27408111111112,34.28438,84
135.2741311111111,34.28409694444444,85
135.2740938888889,34.28382194444445,87
135.27416888888888,34.28373888888889,87
135.2744688888889,34.28356388888889,77
135.2745688888889,34.28346388888889,73
135.2745811111111,34.28337194444445,74
135.27449388888888,34.28288888888889,76
135.27453111111112,34.282496944444446,77
135.27453111111112,34.28218,77
135.2745438888889,34.28187194444445,71
135.2746688888889,34.28140611111111,67
135.27475611111112,34.280746944444445,64
135.2747061111111,34.28047194444444,65
135.2746061111111,34.28031388888889,66
135.2741438888889,34.27981388888889,69
135.2740938888889,34.279738888888886,68
135.27405611111112,34.27963111111111,67
135.2740061111111,34.279471944444445,67
135.2739688888889,34.279156111111114,68
135.2739188888889,34.27901388888889,68
135.2737688888889,34.27876388888889,65
135.2734188888889,34.27826388888889,58
135.2730938888889,34.277771944444446,54
135.2728561111111,34.27743111111111,50
135.2724188888889,34.27678888888889,45
135.2718361111111,34.275936944444446,39
135.2718361111111,34.275936944444446,39
135.27183194444444,34.27593111111111,39
135.27163194444444,34.27563111111111,38
135.27155694444446,34.27551388888889,37
135.27153194444443,34.27548111111111,38
135.27109388888888,34.27483111111111,35
135.27103194444445,34.27470611111111,34
135.2709438888889,34.27448111111111,34
135.27073194444444,34.273873055555555,29
135.27050694444443,34.273223055555555,28
135.27035694444444,34.272956111111114,27
135.27030694444446,34.27289805555556,26
135.2700188888889,34.27252305555555,24
135.26999388888888,34.27247305555556,24
135.26990694444444,34.272173055555555,24
135.26963194444446,34.271273055555554,22
135.26915694444443,34.271315,22
135.26890694444444,34.27133111111111,22
135.26878194444444,34.271115,22
135.26810694444444,34.27004,19
135.26804388888888,34.269931944444444,19
135.26633194444443,34.26729,14
135.26544388888888,34.26589888888889,13
135.26540694444444,34.26584,13
135.26515694444444,34.265456944444445,13
135.2646938888889,34.26474888888889,13
135.2637638888889,34.26330388888889,13
135.2637638888889,34.26330388888889,13
135.26374388888888,34.26327388888889,13
135.26378194444445,34.263173888888886,13
135.26383194444443,34.26309888888889,13
135.26395694444443,34.26307388888889,13
135.26568194444445,34.26315694444445,13
135.2658688888889,34.26314111111111,13
135.26598194444443,34.26312388888889,13
135.26614388888888,34.26305694444444,13
135.26640694444444,34.26286611111111,13
135.2665438888889,34.26269111111111,13
135.2667438888889,34.26244888888889,13
135.26680694444445,34.26236611111111,13
135.26704388888888,34.26251611111111,13
135.26763194444445,34.26284888888889,13
135.2679688888889,34.263016111111114,14
135.26794388888888,34.262856944444444,14
135.2677688888889,34.26244888888889,13
135.26743194444444,34.26175805555555,13
135.26728194444445,34.26144111111111,13
135.26723194444443,34.26134111111111,13
135.2671938888889,34.26125694444445,13
135.26700694444443,34.26084111111111,13
135.2667688888889,34.26034111111111,13
135.26655694444443,34.26002388888889,13
135.2665438888889,34.259881944444444,13
135.26653194444444,34.25984111111111,13
135.26640694444444,34.25959888888889,13
135.26628194444444,34.259408055555554,13
135.2661688888889,34.25926611111111,13
135.26611888888888,34.259191111111114,13
135.26595694444444,34.25894888888889,13
135.26593194444445,34.25892388888889,13
135.2658188888889,34.25866611111111,13
135.2657188888889,34.25843305555556,13
135.26568194444445,34.258316111111114,13
135.26560694444444,34.25812388888889,12
135.26558194444445,34.25804111111111,12
135.26556888888888,34.25801611111111,12
135.26540694444444,34.257558055555556,12
135.26528194444444,34.25729111111111,12
135.2651438888889,34.25700805555555,12
135.26511888888888,34.25687388888889,12
135.26498194444446,34.25686611111111,12
135.26465694444445,34.256841111111115,12
135.2645688888889,34.25683305555555,12
135.26454388888888,34.25667388888889,12
135.26443194444445,34.25650805555556,11
135.26419388888888,34.2562,11
135.26418194444443,34.25618305555555,11
135.26407,34.25606611111111,11
135.26403194444444,34.256033055555555,11
135.26377,34.25568305555556,11
135.26358194444444,34.2554,11
135.26348194444444,34.25528305555556,11
135.26320694444445,34.255,11
135.26315694444443,34.254933055555554,11
135.26312,34.254875,11
135.26310694444444,34.25484111111111,11
135.26297,34.25476611111111,11
135.26286305555556,34.25472305555556,11
135.26286305555556,34.25472305555556,11
135.26252,34.25458305555556,11
135.26242,34.25451611111111,11
135.261945,34.25448305555555,10
135.26083194444445,34.254308055555555,10
135.26037,34.254241111111114,10
135.260045,34.25416611111111,10
135.259945,34.25414111111111,10
135.25887,34.25380805555555,10
135.25843194444445,34.2537,10
135.25843194444445,34.253633055555554,10
135.25842,34.2533,10
135.25840805555555,34.253008055555554,10
135.25832111111112,34.24666694444444,11
135.25832111111112,34.246583888888885,12
135.2580788888889,34.246543055555556,11
135.2580788888889,34.246543055555556,11
135.25832111111112,34.246583888888885,12
135.25828305555555,34.246475,9
135.25813305555556,34.246425,9
135.25760805555555,34.246325,9
135.2574461111111,34.246291944444444,9
135.25725805555555,34.246275,9
135.25727111111112,34.246183888888886,9
135.2573461111111,34.24578388888889,9
135.25735805555556,34.24565888888889,10
135.2574211111111,34.24541694444444,10
135.2572461111111,34.24538388888889,10
135.256905,34.245308055555554,10
135.2569038888889,34.245308055555554,10
135.25672111111112,34.245266944444445,10
135.25630805555556,34.24516694444444,9
135.25583305555554,34.245066944444446,9
135.25557111111112,34.24500888888889,9
135.2552961111111,34.244951111111114,9
135.2551711111111,34.24492611111111,9
135.2540711111111,34.24467611111111,9
135.25375805555555,34.24460888888889,9
135.2536211111111,34.24457611111111,9
135.2532711111111,34.24449194444445,9
135.2528338888889,34.24435888888889,9
135.2522588888889,34.24414194444444,9
135.25193388888889,34.243991944444446,9
135.2515961111111,34.24381694444445,9
135.2509838888889,34.24348388888889,8
135.2497338888889,34.24281694444444,8
135.2492838888889,34.24256694444444,8
135.24903,34.242448055555556,8
135.24903,34.242448055555556,8
135.2489461111111,34.24240888888889,8
135.24889611111112,34.24239194444444,8
135.24867111111112,34.242308888888886,8
135.2481588888889,34.24223388888889,8
135.2478211111111,34.242241944444444,8
135.24743388888888,34.24231694444445,8
135.24722111111112,34.24237611111111,8
135.2468088888889,34.242491944444446,8
135.2458088888889,34.242758888888886,9
135.24544694444444,34.24288388888889,9
135.24505888888888,34.243091944444444,9
135.24474694444444,34.24328388888889,9
135.24397194444444,34.24385111111111,9
135.2439238888889,34.24388611111111,9
135.2439238888889,34.24388611111111,9
135.24397194444444,34.24385111111111,9
135.2436588888889,34.24339194444445,9
135.24359694444445,34.243291944444444,9
135.24355888888888,34.24322611111111,9
135.24345888888888,34.242891944444445,9
135.24339694444444,34.24263388888889,9
135.2433838888889,34.24259194444444,9
135.24337194444445,34.24190888888889,8
135.24337194444445,34.241883888888886,8
135.24335888888888,34.24178388888889,8
135.24334694444445,34.241591944444444,8
135.2433088888889,34.24097611111111,8
135.2433088888889,34.24093388888889,8
135.24333388888888,34.240743055555555,8
135.2433838888889,34.24037611111111,8
135.24342194444444,34.24013388888889,8
135.24342194444444,34.23998388888889,8
135.24342194444444,34.23983388888889,8
135.2434338888889,34.23945111111111,8
135.24348388888887,34.23913388888889,7
135.2436588888889,34.23835111111111,7
135.24392194444445,34.237918055555554,7
135.24404694444445,34.23761694444445,7
135.24419694444444,34.23733388888889,7
135.24428694444444,34.23695,7
135.24428694444444,34.23695,7
135.24429694444444,34.23690888888889,7
135.2439838888889,34.236868055555554,7
135.24392194444445,34.23685888888889,7
135.2436088888889,34.236826111111114,7
135.24322194444446,34.23680888888889,7
135.24255888888888,34.23680888888889,7
135.24243388888888,34.23680111111111,7
135.24179694444445,34.236758888888886,7
135.2411338888889,34.236758888888886,7
135.2410588888889,34.23676694444445,7
135.24073388888888,34.23676694444445,7
135.23924694444443,34.23680111111111,7
135.23837194444445,34.236826111111114,7
135.23732194444443,34.236826111111114,7
135.23671,34.23684305555555,7
135.23582305555556,34.236868055555554,7
135.23534805555556,34.23687611111111,7
135.23535,34.23688611111111,7
135.23535,34.23688611111111,7
135.23534805555556,34.23687611111111,7
135.23532194444445,34.23639305555555,6
135.235335,34.23628388888889,6
135.23534805555556,34.23605888888889,6
135.23534805555556,34.23580888888889,6
135.23536,34.235483888888886,6
135.23521,34.23542611111111,6
135.23472305555555,34.23526694444445,6
135.234685,34.235258888888886,6
135.23448888888888,34.23522694444444,6
135.23448888888888,34.23522611111111,6
135.234435,34.235216944444446,6
135.23411,34.23515888888889,6
135.23376,34.23510111111111,6
135.23349694444445,34.23502611111111,6
135.23322305555556,34.23495111111111,6
135.23292194444446,34.23485888888889,6
135.23262194444445,34.234743055555555,6
135.23257305555555,34.234718055555554,6
135.232385,34.23462611111111,5
135.23222305555555,34.234543055555555,5
135.23207305555556,34.23450111111111,5
135.23182305555557,34.23444305555556,5
135.231635,34.23437611111111,5
135.23141,34.23432611111111,5
135.23062305555555,34.23415111111111,5
135.22992305555556,34.23399194444445,5
135.22974805555555,34.233918055555556,5
135.22952305555555,34.23380111111111,5
135.22944805555557,34.233758888888886,5
135.22932305555557,34.23356694444445,5
135.22921,34.23347611111111,5
135.22899805555556,34.23334194444445,5
135.22889805555556,34.23325888888889,5
135.22869805555555,34.23312611111111,5
135.22864805555557,34.233108888888886,5
135.22863611111111,34.233108888888886,5
135.22828194444443,34.233035,5
135.2282811111111,34.233035,5
135.22819805555557,34.233018055555554,5
135.22803611111112,34.23298388888889,5
135.22783611111112,34.23295111111111,5
135.22757305555555,34.23295111111111,5
135.22729805555556,34.232976111111114,5
135.22727305555554,34.23298388888889,5
135.22714805555555,34.233018055555554,5
135.22712305555555,34.23302611111111,5
135.22691694444444,34.233055,5
135.22691694444444,34.233055,5
135.2268861111111,34.23305888888889,5
135.22647305555554,34.23305888888889,5
135.2262111111111,34.23292611111111,5
135.22524805555557,34.23242611111111,6
135.22494805555556,34.23230111111111,6
135.22359805555556,34.231701111111114,8
135.22248611111112,34.23120888888889,9
135.22228611111112,34.231118055555555,9
135.2221088888889,34.23106888888889,9
</coordinates>
</LineString>
</Placemark>
</Document>
</kml>
