<?xml version="1.0" encoding="UTF-8"?>
<kml xmlns="http://www.opengis.net/kml/2.2" xmlns:atom="http://www.w3.org/2005/Atom">
<Document>
<name>WCC和歌山　白崎らくらくコース</name>
<atom:author>
<atom:name>salon</atom:name>
</atom:author> 
<atom:link href="https://latlonglab.yahoo.co.jp/route/watch?id=04811cde625ee335086ca1da62992737" />
<description><![CDATA[]]></description>
<tags><![CDATA[自転車]]></tags>  
<Placemark>
<Style>
<LineStyle>
<color>99ff0000</color>
<width>6</width>
</LineStyle>
</Style>
<LineString>
<coordinates>
135.1444611111111,33.92640388888889,9
135.1443111111111,33.92686305555556,9
135.1440611111111,33.92682111111111,9
135.1440861111111,33.92672888888889,9
135.14414805555555,33.92635388888889,9
135.1443111111111,33.92575388888889,9
135.1440611111111,33.92572888888889,9
135.14382305555554,33.92567888888889,9
135.14327305555557,33.92560388888889,9
135.1428611111111,33.92554611111111,9
135.14222305555555,33.92557111111111,9
135.14192305555557,33.92561305555556,9
135.1418611111111,33.92560388888889,9
135.14177305555555,33.92560388888889,9
135.14162305555556,33.92557111111111,9
135.14153611111112,33.925538055555556,9
135.14119805555555,33.92542111111111,9
135.1410611111111,33.92537111111111,9
135.14074888888888,33.92527888888889,8
135.14053611111112,33.92523805555555,8
135.14018611111112,33.92516305555556,8
135.1395738888889,33.925038055555554,8
135.13872388888888,33.924838055555554,8
135.1384611111111,33.92477888888889,8
135.13789888888888,33.92464611111111,8
135.1372988888889,33.924503888888886,9
135.1371611111111,33.92447888888889,9
135.13609888888888,33.92422888888889,9
135.13472388888889,33.92390388888889,9
135.1345488888889,33.92383805555556,9
135.13441194444445,33.923763055555554,9
135.13438694444446,33.923746111111114,9
135.13427388888888,33.92364611111111,9
135.1340988888889,33.92344611111111,9
135.13378694444444,33.92306305555555,9
135.1336488888889,33.92289611111111,9
135.13339888888888,33.92258805555556,9
135.13306194444445,33.92228,9
135.13298694444444,33.922221111111114,9
135.13286194444444,33.92217111111111,9
135.13223694444446,33.92198,9
135.13171194444445,33.92181305555555,9
135.13136194444445,33.92171305555556,9
135.13113694444445,33.92164611111111,9
135.13088694444446,33.92157111111111,9
135.13011194444445,33.921405,9
135.12968694444444,33.92131305555556,9
135.1291238888889,33.92119611111111,9
135.12826194444443,33.92102111111111,9
135.127275,33.92082111111111,9
135.12675,33.92071305555555,9
135.12616194444445,33.920588055555555,9
135.125725,33.92049611111111,9
135.12516194444444,33.92038,8
135.12466194444445,33.92028805555555,8
135.1245,33.920255,8
135.1242,33.92019611111111,9
135.123925,33.920138055555555,9
135.1237,33.920105,10
135.123525,33.920113055555554,10
135.12343694444445,33.92013,10
135.12335,33.920155,10
135.123125,33.920255,11
135.123025,33.92031305555555,11
135.12223694444444,33.92082111111111,11
135.12111194444444,33.92149611111111,14
135.1209,33.92162111111111,14
135.120825,33.92167111111111,13
135.12048805555557,33.92185388888889,13
135.11975,33.92223805555555,13
135.11895,33.92257111111111,13
135.118375,33.92272111111111,13
135.11791305555556,33.92279611111111,13
135.11731305555554,33.92282888888889,14
135.11636305555555,33.92282888888889,15
135.11546305555555,33.92282111111111,15
135.11531305555556,33.92282111111111,15
135.1152011111111,33.92281305555556,15
135.11418805555556,33.92272111111111,16
135.11263805555555,33.92259611111111,18
135.11221305555554,33.92256305555556,18
135.1113761111111,33.92250388888889,18
135.1098388888889,33.92250388888889,18
135.1094261111111,33.92242888888889,20
135.1092888888889,33.92239611111111,20
135.10912611111112,33.92236305555556,21
135.1085511111111,33.92217888888889,24
135.1077011111111,33.921863055555555,27
135.1074011111111,33.92170388888889,27
135.1070638888889,33.92147111111111,29
135.1065638888889,33.92113805555555,32
135.1062761111111,33.92098,32
135.1060511111111,33.92092111111111,31
135.10586388888888,33.92089611111111,30
135.10562611111112,33.92093,30
135.10540111111112,33.921005,38
135.10506388888888,33.92111305555556,39
135.1047638888889,33.92113,39
135.1042138888889,33.92112111111111,39
135.1039761111111,33.92108805555556,39
135.1034388888889,33.921013055555555,46
135.10317694444444,33.920946111111114,43
135.10282694444444,33.92086305555556,44
135.10257694444445,33.920838055555556,46
135.1023638888889,33.92086305555556,45
135.10200194444445,33.92091305555556,56
135.10190194444445,33.92092111111111,56
135.10115194444444,33.92097111111111,54
135.10092694444444,33.920955,56
135.10006388888888,33.92071305555555,59
135.09941388888888,33.920405,66
135.09900194444444,33.92026305555556,66
135.09872694444445,33.920188055555556,68
135.0985138888889,33.920163055555555,68
135.0982888888889,33.92018,68
135.0981138888889,33.92021305555556,68
135.09757694444446,33.920363055555555,64
135.09720194444444,33.92043805555556,65
135.09680194444445,33.92046305555556,65
135.09637694444444,33.92041305555556,54
135.09574,33.92026305555556,54
135.09540194444443,33.92022111111111,47
135.095015,33.92023805555556,53
135.09362694444445,33.920338055555554,48
135.09330194444445,33.920363055555555,46
135.09302805555555,33.92033,42
135.09265194444444,33.92022111111111,34
135.092415,33.92018,33
135.092215,33.92018,33
135.09164,33.920205,33
135.09142694444444,33.92017111111111,30
135.091265,33.92013,29
135.09092694444445,33.920005,29
135.09042805555555,33.919805,29
135.09009,33.91969611111111,29
135.08990305555557,33.91964611111111,27
135.08949,33.91954611111111,24
135.08939,33.91952111111111,25
135.088915,33.919405,25
135.08874,33.91937111111111,26
135.08859,33.91936305555556,27
135.08852805555554,33.91938,26
135.08845305555556,33.919405,26
135.08839,33.91949611111111,27
135.08830305555554,33.919713055555555,27
135.088215,33.920005,27
135.088165,33.920155,25
135.08810305555556,33.92027111111111,21
135.088015,33.92034611111111,18
135.08792805555555,33.920388055555556,17
135.08780305555555,33.920405,15
135.08765305555556,33.92039611111111,15
135.08744,33.92037111111111,15
135.08725305555555,33.92039611111111,15
135.08710305555556,33.92046305555556,13
135.08665305555556,33.92068,10
135.08645305555555,33.920763055555554,11
135.0863161111111,33.92079611111111,9
135.08620305555556,33.92079611111111,9
135.08605305555557,33.92078,9
135.0857411111111,33.92068805555556,11
135.08562805555556,33.92067111111111,12
135.08550305555556,33.92067111111111,11
135.0849161111111,33.92071305555555,7
135.08445305555554,33.92067111111111,9
135.08442805555555,33.920838055555556,8
135.08444111111112,33.92091305555556,7
135.08447805555556,33.920988055555554,7
135.08462805555556,33.92113,6
135.0846911111111,33.92114611111111,6
135.0846911111111,33.92114611111111,6
135.08462805555556,33.92113,6
135.08447805555556,33.920988055555554,7
135.08444111111112,33.92091305555556,7
135.08442805555555,33.920838055555556,8
135.08445305555554,33.92067111111111,9
135.0834911111111,33.920555,9
135.0831411111111,33.92046305555556,7
135.0830161111111,33.920455,5
135.08300305555557,33.920538055555554,5
135.08285305555555,33.92084611111111,7
135.08282805555555,33.92099611111111,6
135.08277805555556,33.92111305555556,5
135.08267805555556,33.921205,5
135.08260305555555,33.92127111111111,6
135.08251611111112,33.921396111111115,7
135.08247805555555,33.92148805555556,7
135.08247805555555,33.921596111111114,7
135.0826911111111,33.922113055555556,7
135.08287805555557,33.92243805555555,6
135.08297805555554,33.92270388888889,8
135.08305305555555,33.92330388888889,9
135.0831161111111,33.92382888888889,14
135.08315305555556,33.92419611111111,15
135.0831411111111,33.924411944444444,14
135.08309111111112,33.92456305555555,15
135.0830411111111,33.92465388888889,15
135.08290305555556,33.92477888888889,21
135.08250305555555,33.92490388888889,28
135.0821411111111,33.92490388888889,28
135.08202805555555,33.92494611111111,27
135.08177805555556,33.925136944444446,28
135.0816661111111,33.92521305555555,24
135.08159111111112,33.92527111111111,27
135.08155305555556,33.92534611111111,24
135.08155305555556,33.925463055555554,23
135.08165305555556,33.92555388888889,26
135.08184111111112,33.92567888888889,23
135.08194111111112,33.92577111111111,26
135.08206611111112,33.92599611111111,25
135.08215305555555,33.92623694444445,23
135.0821161111111,33.92631194444444,23
135.0819911111111,33.92639611111111,24
135.0817661111111,33.92642111111111,24
135.0815661111111,33.92642111111111,24
135.08142805555556,33.92645388888889,26
135.0811911111111,33.92667111111111,22
135.08102805555555,33.92682888888889,18
135.08060305555554,33.927078888888886,16
135.08040305555556,33.927211944444444,17
135.08017805555556,33.92735388888889,12
135.07979111111112,33.927661944444445,8
135.0789161111111,33.928595,8
135.07882805555556,33.92866194444444,7
135.07867805555554,33.928711944444444,7
135.07841611111112,33.928711944444444,6
135.0782538888889,33.92872,6
135.0780411111111,33.928736944444445,5
135.07787888888888,33.928778888888885,4
135.07774111111112,33.92881194444445,4
135.0775788888889,33.92890388888889,5
135.0774411111111,33.929003888888886,5
135.0769411111111,33.92942,7
135.0768911111111,33.92952888888889,8
135.0769411111111,33.92967888888889,9
135.07802805555556,33.93077,7
135.07822805555554,33.930895,9
135.0787411111111,33.93113694444445,8
135.0789661111111,33.93127,8
135.0796411111111,33.931936944444445,15
135.0806161111111,33.933236944444445,37
135.08085305555556,33.933445,37
135.08149111111112,33.93376194444444,46
135.08182805555555,33.93387,48
135.08215305555555,33.93387805555555,49
135.08271611111113,33.933753055555556,41
135.08287805555557,33.93377805555556,36
135.08297805555554,33.93387,36
135.08302805555556,33.93407,33
135.0831411111111,33.93422,34
135.08342805555554,33.93438611111111,29
135.083765,33.934445,22
135.08394,33.93441111111111,26
135.084215,33.934178055555556,27
135.08439,33.934153055555555,24
135.084515,33.93422805555556,23
135.08460305555556,33.934595,21
135.08469,33.93472,17
135.08550305555556,33.934945,15
135.08564,33.93505305555556,14
135.08570305555557,33.93521111111111,15
135.08574,33.935845,15
135.085765,33.936095,14
135.08577805555555,33.936245,14
135.085715,33.93633611111111,17
135.0856488888889,33.936368888888886,16
135.0856488888889,33.936368888888886,16
135.085565,33.93641111111111,15
135.08534,33.936461111111115,17
135.085215,33.936545,11
135.08520305555555,33.93660305555556,13
135.08524,33.936703055555554,15
135.08530305555556,33.93680305555556,14
135.085415,33.93687805555555,15
135.08580305555554,33.93702805555556,14
135.08592805555554,33.93711111111111,13
135.08602805555554,33.93721111111111,16
135.086165,33.937511111111114,12
135.086165,33.93771111111111,8
135.08619,33.93778611111111,6
135.086365,33.937978055555554,5
135.08665194444444,33.93814388888889,0
135.08672694444445,33.93826111111111,0
135.08677694444444,33.93839388888889,0
135.08675194444444,33.93902805555555,0
135.08665194444444,33.93941111111111,0
135.08659,33.93954388888889,1
135.086465,33.93963611111111,1
135.08622805555555,33.939753055555556,1
135.08585305555556,33.93987805555555,1
135.08570305555557,33.93996111111111,6
135.08537805555557,33.94025194444445,17
135.08525305555557,33.94029388888889,14
135.084965,33.94029388888889,13
135.08482805555556,33.94030305555555,13
135.08375305555555,33.940551944444444,21
135.08360305555556,33.94058611111111,24
135.08345305555557,33.940643888888886,23
135.083365,33.94071111111111,24
135.08334,33.940776944444444,24
135.08340305555555,33.94086111111111,28
135.083515,33.94092805555555,33
135.08364,33.94101888888889,31
135.08380305555556,33.94110194444445,34
135.08392805555556,33.94113611111111,32
135.08419,33.94115194444444,33
135.08437805555556,33.94118611111111,35
135.08452805555555,33.94124388888889,33
135.08462805555556,33.94131888888889,35
135.08474,33.94161111111111,42
135.08475305555555,33.94171111111111,43
135.084765,33.941876944444445,43
135.084815,33.941901944444446,41
135.08492805555557,33.94191111111111,41
135.08552694444444,33.94166888888889,45
135.08564,33.94161888888889,43
135.08575305555556,33.94159388888889,45
135.08614,33.94156888888889,42
135.08635305555555,33.94157805555555,40
135.086565,33.94159388888889,35
135.087365,33.94166111111111,35
135.08762694444445,33.94168611111111,33
135.08797805555557,33.941628055555555,35
135.088215,33.94156888888889,25
135.08837805555555,33.941586111111114,25
135.08854,33.941628055555555,25
135.088665,33.94164388888889,26
135.088965,33.94159388888889,25
135.08925194444444,33.941586111111114,22
135.08955194444445,33.94151111111111,24
135.08979,33.941386111111115,20
135.08997694444443,33.94114388888889,22
135.09034,33.94091888888889,17
135.09052694444443,33.940826944444446,17
135.09074,33.94066888888889,17
135.090865,33.94061888888889,18
135.09100194444446,33.94063611111111,17
135.09114,33.94072805555555,16
135.09124,33.94085194444445,16
135.09127694444445,33.94091888888889,17
135.09127694444445,33.94101888888889,18
135.09127694444445,33.94109388888889,18
135.09124,33.94113611111111,23
135.09112694444445,33.94136888888889,26
135.090965,33.94156888888889,25
135.09087694444443,33.94172694444445,25
135.09079,33.94186888888889,27
135.09062694444444,33.942143888888886,25
135.090615,33.942236111111114,25
135.090615,33.942326944444446,25
135.09069,33.94267694444444,25
135.09075194444443,33.94283611111111,23
135.09087694444443,33.94296888888889,22
135.09104,33.94307694444444,15
135.091215,33.94313611111111,9
135.09139,33.94316111111111,13
135.09214,33.943151944444445,17
135.0922388888889,33.94316888888889,18
135.09232694444444,33.94322694444445,20
135.0923388888889,33.943376944444445,27
135.09227694444445,33.943551944444444,25
135.09217694444445,33.943843888888885,23
135.09212694444443,33.94417694444444,27
135.0920888888889,33.94427694444445,23
135.09162694444444,33.944676944444446,34
135.091515,33.94486888888889,34
135.09144,33.94502694444444,34
135.091415,33.945101944444446,34
135.09137694444445,33.94517694444444,35
135.09130194444444,33.94522694444444,36
135.09119,33.945285,39
135.09109,33.945301944444445,41
135.09084,33.945326944444446,40
135.090665,33.94536,42
135.09059,33.94541888888889,42
135.090465,33.94561,46
135.09037694444444,33.94576,45
135.09029,33.945793888888886,46
135.09017694444444,33.945785,46
135.08990194444445,33.945701944444444,43
135.08977694444445,33.94571,51
135.08964,33.945751944444446,51
135.08950194444444,33.94581888888889,53
135.08944,33.94589388888889,54
135.089365,33.94602694444445,57
135.089365,33.946151944444445,56
135.08939,33.94629388888889,55
135.089465,33.946401944444446,56
135.08957694444445,33.94654388888889,57
135.08960194444444,33.94665194444445,56
135.089565,33.94675194444444,55
135.089465,33.947001944444445,55
135.089465,33.947093055555555,55
135.08950194444444,33.947185,55
135.08959,33.947293055555555,56
135.08967694444445,33.94735194444444,55
135.08995194444444,33.947485,55
135.08999,33.94752694444445,55
135.08999,33.947635,55
135.08985194444443,33.94786805555555,55
135.089815,33.94801805555556,56
135.08980194444445,33.94809305555555,56
135.08982694444444,33.94815194444445,56
135.08989,33.94821,57
135.09005194444444,33.94826,54
135.090265,33.948276944444444,52
135.09037694444444,33.94831805555555,49
135.09085194444444,33.94851,44
135.091315,33.94865194444444,37
135.09142694444444,33.94869305555556,32
135.09192694444445,33.94869305555556,33
135.09210194444444,33.948735,35
135.0922388888889,33.948818055555556,34
135.09235194444443,33.94885194444444,34
135.09261388888888,33.948726944444445,34
135.0926638888889,33.948593055555556,37
135.09271388888888,33.948526944444446,36
135.09280194444443,33.948485,33
135.09302694444443,33.948501944444445,27
135.0931388888889,33.94851805555555,25
135.09322694444444,33.94845194444444,24
135.09338888888888,33.94817694444444,27
135.09348888888888,33.948076944444445,27
135.09367694444444,33.94801805555556,22
135.09377694444444,33.94795194444445,25
135.09383888888888,33.947885,24
135.09387694444445,33.947743055555556,24
135.09387694444445,33.94755194444444,16
135.09390194444444,33.94737694444444,16
135.09393888888889,33.94731888888889,17
135.09405194444443,33.947268888888885,16
135.0942638888889,33.947235,13
135.09455194444445,33.947135,10
135.0947888888889,33.94701,8
135.09508888888888,33.94679388888889,7
135.0952388888889,33.94671888888889,6
135.09535194444445,33.94671,6
135.09588888888888,33.946785,4
135.0961388888889,33.94689388888889,6
135.09635194444445,33.94701888888889,8
135.09617694444444,33.94735194444444,5
135.09607694444443,33.94766805555555,4
135.09605194444444,33.94784305555556,3
135.0960638888889,33.94797694444444,0
135.09612694444445,33.948168055555556,3
135.0962888888889,33.94842694444444,4
135.09647694444445,33.948635,7
135.09667694444445,33.948768055555554,8
135.0968638888889,33.948835,7
135.0973138888889,33.94891805555555,7
135.09748888888888,33.94894305555555,7
135.0976138888889,33.948993055555555,7
135.09771388888888,33.94905194444444,7
135.0978388888889,33.949185,7
135.09807694444444,33.94966,6
135.09817694444445,33.94971805555556,6
135.0982888888889,33.94974305555556,6
135.09881388888888,33.94974305555556,4
135.09906388888888,33.94972694444444,3
135.09985111111112,33.949635,3
135.10020111111112,33.94950194444444,3
135.10028888888888,33.94947694444444,2
135.1004511111111,33.94949305555556,2
135.10063888888888,33.94956805555555,0
135.1008011111111,33.94970194444444,0
135.10110111111112,33.95010111111111,0
135.1012638888889,33.95032611111111,1
135.10133888888888,33.95046,1
135.10145111111112,33.950635,3
135.10141388888889,33.95081,1
135.10142611111112,33.95124305555556,3
135.1016011111111,33.95169305555556,3
135.1021638888889,33.95241,3
135.10326388888888,33.953468055555554,4
135.10350111111111,33.953693055555554,4
135.1038511111111,33.953968055555556,7
135.1045261111111,33.95446805555556,7
135.1049011111111,33.95475888888889,8
135.10546305555556,33.955083888888886,6
135.10591305555556,33.95529305555556,6
135.10620694444444,33.95536,6
135.10620694444444,33.95536,6
135.1066011111111,33.95545111111111,6
135.10848805555557,33.95558388888889,6
135.10861305555557,33.95560111111111,6
135.1087761111111,33.955618055555554,5
135.10898805555556,33.95565888888889,3
135.1091761111111,33.955708888888886,0
135.10931305555556,33.95579305555555,0
135.1095511111111,33.95595111111111,0
135.10978805555555,33.956116944444446,0
135.10983805555554,33.95614194444445,0
135.10993805555555,33.95617611111111,0
135.11008805555556,33.95620888888889,0
135.11031305555557,33.95621805555555,0
135.1111261111111,33.956226111111114,0
135.11208805555555,33.95623388888889,0
135.11268805555557,33.956243055555554,0
135.113225,33.95625111111111,0
135.11326305555556,33.95625888888889,0
135.11338805555556,33.95627611111111,0
135.11343805555555,33.95628388888889,0
135.114175,33.95650111111111,0
135.114525,33.95660111111111,0
135.11558805555555,33.956966944444446,6
135.11568805555555,33.95700111111111,7
135.11605,33.95718388888889,8
135.116,33.95740111111111,7
135.11575,33.95805111111111,4
135.11541305555556,33.958933888888886,1
135.115375,33.95900888888889,1
135.115225,33.95939194444444,0
135.115175,33.95959194444445,0
135.11503805555554,33.95975111111111,0
135.114675,33.96012611111111,0
135.11431305555556,33.96047611111111,2
135.11426305555557,33.96052611111111,2
135.113175,33.96055111111111,4
135.113,33.96055888888889,7
135.11295,33.96058388888889,7
135.11291305555557,33.96060111111111,7
135.112775,33.96071694444444,7
135.11271305555556,33.96083388888889,8
135.112675,33.96093388888889,8
135.1127,33.96102611111111,8
135.11286305555555,33.96116694444444,8
135.11321305555555,33.9614,9
135.113325,33.96151694444445,9
135.113375,33.96158388888889,9
135.113425,33.961666944444445,8
135.11358805555557,33.961908888888885,9
135.11385,33.96239194444444,8
135.113675,33.962691944444444,7
135.11355,33.96293388888889,6
135.1134,33.963208888888886,4
135.11321305555555,33.96349194444444,3
135.11308805555555,33.96364194444445,3
135.11291305555557,33.963858888888886,5
135.11283805555556,33.963925,5
135.11281305555556,33.96394194444444,5
135.1124511111111,33.964283055555555,7
135.1124011111111,33.96434194444444,8
135.11207611111112,33.964525,8
135.11191305555556,33.964575,8
135.11172611111112,33.96460805555556,8
135.1114511111111,33.96463305555555,8
135.1110261111111,33.964641944444445,8
135.10981305555555,33.964691944444446,9
135.1092261111111,33.964708055555555,9
135.1090511111111,33.964691944444446,9
135.1088261111111,33.964675,9
135.10838805555557,33.96459194444444,9
135.10836305555554,33.96458305555556,9
135.10791305555554,33.9645,9
135.10780111111112,33.964483055555554,9
135.1076011111111,33.964508055555555,8
135.10732611111112,33.96456694444444,8
135.1073011111111,33.964575,8
135.10703805555556,33.96465,8
135.1066011111111,33.964775,8
135.1062761111111,33.96481694444444,9
135.10597611111112,33.96478305555556,9
135.10538888888888,33.96465,7
135.10507611111112,33.96455805555556,8
135.1047011111111,33.96445,7
135.10436388888888,33.96436694444444,6
135.1035511111111,33.96420805555555,7
135.10337611111112,33.96414194444444,8
135.1031888888889,33.96405,6
135.1028638888889,33.96390805555556,6
135.1026511111111,33.96386694444445,7
135.1024261111111,33.96385,5
135.10235111111112,33.963858055555555,5
135.10222611111112,33.96389194444444,5
135.1020638888889,33.963991944444444,0
135.1019638888889,33.964108055555556,0
135.10190111111112,33.96423305555555,4
135.10188888888888,33.964325,0
135.1019511111111,33.9646,1
135.10202611111112,33.964725,3
135.10211388888888,33.96480805555556,7
135.1024011111111,33.965075,5
135.1026138888889,33.96530805555555,6
135.1027138888889,33.96543305555556,7
135.10281388888887,33.965608055555556,7
135.1028511111111,33.96581611111111,3
135.1028638888889,33.96596611111111,0
135.1027511111111,33.9665,4
135.1027261111111,33.966683055555556,4
135.1027388888889,33.966833055555554,4
135.1028511111111,33.96706611111111,4
135.10290111111112,33.96718305555556,4
135.10290111111112,33.967308055555556,3
135.1028511111111,33.96755805555556,3
135.1027511111111,33.967975,7
135.1021511111111,33.967825,6
135.1013888888889,33.96755805555556,5
135.10121388888888,33.967475,5
135.10088888888887,33.967325,6
135.10053888888888,33.96713305555556,7
135.1004761111111,33.967058055555555,7
135.1004388888889,33.96696611111111,6
135.1004388888889,33.966816111111115,6
135.1004761111111,33.96638305555555,1
135.1003888888889,33.96610805555556,0
135.10031388888888,33.966,0
135.10010111111112,33.965783055555555,3
135.1000511111111,33.965675,2
135.1000261111111,33.9655,0
135.0999138888889,33.96505,0
135.0998138888889,33.964733055555556,0
135.0997761111111,33.964525,3
135.0997638888889,33.96415,3
135.0997888888889,33.963858055555555,0
135.09975111111112,33.963675,1
135.09962611111112,33.96338305555555,1
135.09962611111112,33.9633,1
135.0996761111111,33.962875,0
135.09961388888888,33.962558888888886,1
135.0995888888889,33.961875,1
135.0995638888889,33.96116694444444,5
135.09950111111112,33.960725,5
135.09948888888889,33.9606,4
135.0994388888889,33.960475,5
135.09917611111112,33.95999194444445,2
135.09896388888887,33.95980111111111,5
135.0988011111111,33.959691944444444,3
135.0985138888889,33.95960888888889,6
135.09816388888888,33.95947611111111,7
135.09756388888889,33.95919194444444,1
135.09715194444445,33.95895111111111,3
135.09637694444444,33.95840111111111,1
135.09570194444444,33.95793388888889,2
135.09547694444444,33.95783388888889,5
135.0952638888889,33.95780111111111,4
135.09495194444443,33.957791944444445,5
135.09465194444445,33.95782611111111,2
135.09445194444444,33.957858888888886,1
135.09385194444445,33.95800888888889,7
135.09367694444444,33.958016944444445,7
135.09335194444444,33.95798388888889,1
135.0926388888889,33.957841944444446,4
135.0924138888889,33.95782611111111,4
135.09180194444446,33.95786694444445,1
135.09132694444443,33.957791944444445,8
135.0910638888889,33.95771694444444,5
135.090515,33.95764194444445,1
135.09035194444445,33.95764194444445,0
135.09022694444445,33.95771694444444,7
135.09013305555555,33.957771944444445,7
135.09013305555555,33.957771944444445,7
135.089715,33.958016944444445,7
135.089515,33.958191944444444,5
135.08897694444445,33.95871694444445,8
135.088915,33.95876694444444,8
135.088515,33.95901694444444,6
135.08845194444444,33.95908388888889,6
135.08842694444445,33.95915888888889,5
135.08839,33.95948388888889,6
135.08832694444445,33.95959194444445,7
135.08820194444445,33.959691944444444,9
135.088065,33.959741944444445,10
135.08792694444443,33.959725,14
135.087765,33.95963388888889,16
135.08754,33.959541944444446,15
135.08732805555556,33.959558888888886,19
135.08715305555555,33.95963388888889,17
135.08677694444444,33.95965,22
135.08667694444443,33.959625,22
135.08655194444444,33.95948388888889,25
135.08647805555555,33.959425,21
135.08634,33.95939194444444,22
135.086165,33.95939194444444,22
135.08604,33.95945888888889,24
135.085665,33.95979194444445,23
135.08540194444444,33.959875,21
135.08515194444445,33.95990888888889,23
135.085015,33.95995888888889,22
135.084915,33.96004194444444,22
135.08490194444445,33.960125,23
135.08487805555555,33.960525,23
135.08484,33.96066694444445,26
135.08474,33.96098388888889,24
135.08482805555556,33.96139194444444,24
135.08489,33.96154194444444,26
135.085065,33.9618,24
135.08512694444445,33.96196694444444,26
135.08514,33.96225,24
135.08524,33.96263305555556,26
135.085265,33.962766944444446,25
135.08525194444445,33.962966944444446,25
135.085165,33.963166944444446,24
135.085015,33.963391944444446,24
135.085015,33.96355805555555,24
135.085115,33.9638,27
135.08512694444445,33.96393305555556,26
135.08507805555556,33.96416611111111,23
135.085065,33.96429111111111,23
135.08510305555555,33.96438305555556,22
135.08532805555555,33.96465805555555,23
135.085415,33.964875,16
135.08545305555555,33.965091111111114,16
135.08559,33.965325,16
135.08584,33.96570805555555,13
135.08629,33.966141111111114,8
135.08639,33.966258055555556,8
135.086465,33.966375,6
135.08650194444445,33.96651611111111,8
135.086515,33.966923888888886,3
135.08640194444445,33.96761611111111,1
135.08620305555556,33.96825805555556,1
135.08602805555554,33.96869111111111,2
135.08584,33.96901611111111,2
135.08565305555555,33.96930694444445,2
135.08545305555555,33.96954111111111,3
135.08510305555555,33.96978305555555,6
135.08482805555556,33.969923888888886,5
135.08465305555555,33.96999888888889,3
135.084365,33.97007388888889,3
135.08379,33.97013194444445,3
135.08344,33.97013194444445,4
135.08317805555555,33.97009111111111,6
135.082615,33.96994888888889,6
135.08226611111112,33.96989111111111,7
135.0816661111111,33.969856944444444,7
135.08114111111112,33.96986611111111,8
135.08079111111113,33.96989111111111,8
135.0804411111111,33.96989888888889,6
135.08026611111111,33.969856944444444,1
135.08004111111111,33.96974888888889,2
135.07985305555556,33.96970694444445,4
135.07972805555556,33.96971611111111,3
135.0796161111111,33.969791111111114,4
135.07946611111112,33.96991611111111,6
135.07937805555557,33.970033055555554,6
135.07927805555556,33.97029111111111,4
135.07930305555556,33.97035694444445,1
135.0793661111111,33.97041611111111,3
135.07955305555555,33.97054111111111,3
135.07962805555556,33.970666111111115,4
135.07966611111112,33.97079111111111,3
135.07965305555555,33.97100694444445,3
135.0796161111111,33.97126611111111,4
135.0795911111111,33.97145694444445,6
135.07947805555557,33.97174111111111,5
135.07932805555555,33.97199111111111,3
135.0791661111111,33.97214888888889,7
135.07902805555557,33.972273888888886,7
135.07887805555555,33.972456944444446,6
135.0788161111111,33.972631944444444,7
135.07879111111112,33.97278194444444,8
135.07876611111112,33.972965,7
135.07867805555554,33.973065,8
135.07782805555556,33.97354,6
135.0771161111111,33.97389888888889,8
135.0769911111111,33.97394,5
135.0765661111111,33.97392388888889,4
135.0764411111111,33.973965,3
135.0763661111111,33.974065,4
135.0763411111111,33.97424,5
135.0763038888889,33.97453194444444,5
135.07626611111112,33.974715,7
135.07617888888888,33.97493194444444,6
135.0760911111111,33.97512305555556,6
135.0756788888889,33.97562305555556,7
135.07550388888887,33.97578194444444,7
135.0750538888889,33.97609,5
135.0746661111111,33.976331944444446,5
135.0744288888889,33.97643111111111,5
135.0741661111111,33.976548055555554,4
135.0738661111111,33.97663111111111,5
135.07356611111112,33.97669805555556,6
135.0730288888889,33.97678111111111,15
135.07289111111112,33.97687305555556,16
135.0726788888889,33.97704,18
135.0725788888889,33.97712305555556,17
135.07254111111112,33.977215,16
135.07254111111112,33.97729805555556,14
135.07254111111112,33.97729805555556,14
135.07254111111112,33.977215,16
135.0725788888889,33.97712305555556,17
135.0726788888889,33.97704,18
135.07289111111112,33.97687305555556,16
135.0730288888889,33.97678111111111,15
135.07356611111112,33.97669805555556,6
135.0738661111111,33.97663111111111,5
135.0741661111111,33.976548055555554,4
135.0744288888889,33.97643111111111,5
135.0746661111111,33.976331944444446,5
135.0750538888889,33.97609,5
135.07550388888887,33.97578194444444,7
135.0756788888889,33.97562305555556,7
135.0760911111111,33.97512305555556,6
135.07617888888888,33.97493194444444,6
135.07626611111112,33.974715,7
135.0763038888889,33.97453194444444,5
135.0763411111111,33.97424,5
135.0763661111111,33.974065,4
135.0764411111111,33.973965,3
135.0765661111111,33.97392388888889,4
135.0769911111111,33.97394,5
135.0771161111111,33.97389888888889,8
135.07782805555556,33.97354,6
135.07867805555554,33.973065,8
135.07876611111112,33.972965,7
135.07879111111112,33.97278194444444,8
135.0788161111111,33.972631944444444,7
135.07887805555555,33.972456944444446,6
135.07902805555557,33.972273888888886,7
135.0791661111111,33.97214888888889,7
135.07932805555555,33.97199111111111,3
135.07947805555557,33.97174111111111,5
135.0795911111111,33.97145694444445,6
135.0796161111111,33.97126611111111,4
135.07965305555555,33.97100694444445,3
135.07966611111112,33.97079111111111,3
135.07962805555556,33.970666111111115,4
135.07955305555555,33.97054111111111,3
135.0793661111111,33.97041611111111,3
135.07930305555556,33.97035694444445,1
135.07927805555556,33.97029111111111,4
135.07937805555557,33.970033055555554,6
135.07946611111112,33.96991611111111,6
135.0796161111111,33.969791111111114,4
135.07972805555556,33.96971611111111,3
135.07985305555556,33.96970694444445,4
135.08004111111111,33.96974888888889,2
135.08026611111111,33.969856944444444,1
135.0804411111111,33.96989888888889,6
135.08079111111113,33.96989111111111,8
135.08114111111112,33.96986611111111,8
135.0816661111111,33.969856944444444,7
135.08226611111112,33.96989111111111,7
135.082615,33.96994888888889,6
135.08317805555555,33.97009111111111,6
135.08344,33.97013194444445,4
135.08379,33.97013194444445,3
135.084365,33.97007388888889,3
135.08465305555555,33.96999888888889,3
135.08482805555556,33.969923888888886,5
135.08510305555555,33.96978305555555,6
135.08545305555555,33.96954111111111,3
135.08565305555555,33.96930694444445,2
135.08584,33.96901611111111,2
135.08602805555554,33.96869111111111,2
135.08620305555556,33.96825805555556,1
135.08640194444445,33.96761611111111,1
135.086515,33.966923888888886,3
135.08650194444445,33.96651611111111,8
135.086465,33.966375,6
135.08639,33.966258055555556,8
135.08629,33.966141111111114,8
135.08584,33.96570805555555,13
135.08559,33.965325,16
135.08545305555555,33.965091111111114,16
135.085415,33.964875,16
135.08532805555555,33.96465805555555,23
135.08510305555555,33.96438305555556,22
135.085065,33.96429111111111,23
135.08507805555556,33.96416611111111,23
135.08512694444445,33.96393305555556,26
135.085115,33.9638,27
135.085015,33.96355805555555,24
135.085015,33.963391944444446,24
135.085165,33.963166944444446,24
135.08525194444445,33.962966944444446,25
135.085265,33.962766944444446,25
135.08524,33.96263305555556,26
135.08514,33.96225,24
135.08512694444445,33.96196694444444,26
135.085065,33.9618,24
135.08489,33.96154194444444,26
135.08482805555556,33.96139194444444,24
135.08474,33.96098388888889,24
135.08484,33.96066694444445,26
135.08487805555555,33.960525,23
135.08490194444445,33.960125,23
135.084915,33.96004194444444,22
135.085015,33.95995888888889,22
135.08515194444445,33.95990888888889,23
135.08540194444444,33.959875,21
135.085665,33.95979194444445,23
135.08604,33.95945888888889,24
135.086165,33.95939194444444,22
135.08634,33.95939194444444,22
135.08647805555555,33.959425,21
135.08655194444444,33.95948388888889,25
135.08667694444443,33.959625,22
135.08677694444444,33.95965,22
135.08715305555555,33.95963388888889,17
135.08732805555556,33.959558888888886,19
135.08754,33.959541944444446,15
135.087765,33.95963388888889,16
135.08792694444443,33.959725,14
135.088065,33.959741944444445,10
135.08820194444445,33.959691944444444,9
135.08832694444445,33.95959194444445,7
135.08839,33.95948388888889,6
135.08842694444445,33.95915888888889,5
135.08845194444444,33.95908388888889,6
135.088515,33.95901694444444,6
135.088915,33.95876694444444,8
135.08897694444445,33.95871694444445,8
135.089515,33.958191944444444,5
135.089715,33.958016944444445,7
135.09022694444445,33.95771694444444,7
135.09035194444445,33.95764194444445,0
135.090515,33.95764194444445,1
135.0910638888889,33.95771694444444,5
135.09132694444443,33.957791944444445,8
135.09180194444446,33.95786694444445,1
135.0924138888889,33.95782611111111,4
135.0926388888889,33.957841944444446,4
135.09335194444444,33.95798388888889,1
135.09367694444444,33.958016944444445,7
135.09385194444445,33.95800888888889,7
135.09445194444444,33.957858888888886,1
135.09465194444445,33.95782611111111,2
135.09495194444443,33.957791944444445,5
135.0952638888889,33.95780111111111,4
135.09535888888888,33.957816111111114,4
135.09535888888888,33.957815,4
135.09547694444444,33.95783388888889,5
135.09570194444444,33.95793388888889,2
135.09637694444444,33.95840111111111,1
135.09715194444445,33.95895111111111,3
135.09756388888889,33.95919194444444,1
135.09816388888888,33.95947611111111,7
135.0985138888889,33.95960888888889,6
135.0988011111111,33.959691944444444,3
135.09896388888887,33.95980111111111,5
135.09917611111112,33.95999194444445,2
135.0994388888889,33.960475,5
135.09948888888889,33.9606,4
135.09950111111112,33.960725,5
135.0995638888889,33.96116694444444,5
135.0995888888889,33.961875,1
135.09961388888888,33.962558888888886,1
135.0996761111111,33.962875,0
135.09962611111112,33.9633,1
135.09962611111112,33.96338305555555,1
135.09975111111112,33.963675,1
135.0997888888889,33.963858055555555,0
135.0997638888889,33.96415,3
135.0997761111111,33.964525,3
135.0998138888889,33.964733055555556,0
135.0999138888889,33.96505,0
135.1000261111111,33.9655,0
135.1000511111111,33.965675,2
135.10010111111112,33.965783055555555,3
135.10031388888888,33.966,0
135.1003888888889,33.96610805555556,0
135.1004761111111,33.96638305555555,1
135.1004388888889,33.966816111111115,6
135.1004388888889,33.96696611111111,6
135.1004761111111,33.967058055555555,7
135.10053888888888,33.96713305555556,7
135.10088888888887,33.967325,6
135.10121388888888,33.967475,5
135.1013888888889,33.96755805555556,5
135.1021511111111,33.967825,6
135.1027511111111,33.967975,7
135.1028511111111,33.96755805555556,3
135.10290111111112,33.967308055555556,3
135.10290111111112,33.96718305555556,4
135.1028511111111,33.96706611111111,4
135.1027388888889,33.966833055555554,4
135.1027261111111,33.966683055555556,4
135.1027511111111,33.9665,4
135.1028638888889,33.96596611111111,0
135.1028511111111,33.96581611111111,3
135.10281388888887,33.965608055555556,7
135.1027138888889,33.96543305555556,7
135.1026138888889,33.96530805555555,6
135.1024011111111,33.965075,5
135.10211388888888,33.96480805555556,7
135.10202611111112,33.964725,3
135.1019511111111,33.9646,1
135.10188888888888,33.964325,0
135.10190111111112,33.96423305555555,4
135.1019638888889,33.964108055555556,0
135.1020638888889,33.963991944444444,0
135.10222611111112,33.96389194444444,5
135.10235111111112,33.963858055555555,5
135.1024261111111,33.96385,5
135.1026511111111,33.96386694444445,7
135.1028638888889,33.96390805555556,6
135.1031888888889,33.96405,6
135.10337611111112,33.96414194444444,8
135.1035511111111,33.96420805555555,7
135.10436388888888,33.96436694444444,6
135.1047011111111,33.96445,7
135.10507611111112,33.96455805555556,8
135.10538888888888,33.96465,7
135.10597611111112,33.96478305555556,9
135.1062761111111,33.96481694444444,9
135.1066011111111,33.964775,8
135.10703805555556,33.96465,8
135.1073011111111,33.964575,8
135.10732611111112,33.96456694444444,8
135.1076011111111,33.964508055555555,8
135.10780111111112,33.964483055555554,9
135.10791305555554,33.9645,9
135.10836305555554,33.96458305555556,9
135.10838805555557,33.96459194444444,9
135.1088261111111,33.964675,9
135.1090511111111,33.964691944444446,9
135.1092261111111,33.964708055555555,9
135.10981305555555,33.964691944444446,9
135.1110261111111,33.964641944444445,8
135.1114511111111,33.96463305555555,8
135.11172611111112,33.96460805555556,8
135.11191305555556,33.964575,8
135.11207611111112,33.964525,8
135.1124011111111,33.96434194444444,8
135.1124511111111,33.964283055555555,7
135.11281305555556,33.96394194444444,5
135.11283805555556,33.963925,5
135.11291305555557,33.963858888888886,5
135.11308805555555,33.96364194444445,3
135.11321305555555,33.96349194444444,3
135.1134,33.963208888888886,4
135.11355,33.96293388888889,6
135.113675,33.962691944444444,7
135.11385,33.96239194444444,8
135.11358805555557,33.961908888888885,9
135.113425,33.961666944444445,8
135.113375,33.96158388888889,9
135.113325,33.96151694444445,9
135.11321305555555,33.9614,9
135.11286305555555,33.96116694444444,8
135.1127,33.96102611111111,8
135.112675,33.96093388888889,8
135.11271305555556,33.96083388888889,8
135.112775,33.96071694444444,7
135.11291305555557,33.96060111111111,7
135.11295,33.96058388888889,7
135.113,33.96055888888889,7
135.113175,33.96055111111111,4
135.11426305555557,33.96052611111111,2
135.11431305555556,33.96047611111111,2
135.114675,33.96012611111111,0
135.11503805555554,33.95975111111111,0
135.115175,33.95959194444445,0
135.11533805555555,33.95963388888889,0
135.11618805555557,33.95984194444444,0
135.11643694444444,33.95992611111111,0
135.11668805555556,33.95997611111111,0
135.11695,33.96001694444445,0
135.117275,33.96002611111111,0
135.117675,33.95997611111111,0
135.11778805555556,33.959966944444446,0
135.119025,33.95982611111111,4
135.119725,33.95980111111111,7
135.119775,33.95980111111111,7
135.12006194444444,33.95982611111111,8
135.12031194444444,33.959876111111114,8
135.1204,33.95989194444444,8
135.12066194444444,33.95995111111111,8
135.12101194444443,33.96005888888889,8
135.12106194444445,33.960076111111114,8
135.12223694444444,33.96042611111111,9
135.122625,33.96065111111111,9
135.12275,33.96073388888889,9
135.122875,33.96085111111111,9
135.12295,33.960951111111115,9
135.12299694444445,33.96101,9
135.12299694444445,33.96101,9
135.12305,33.96107611111111,9
135.12308694444445,33.96111694444444,9
135.1231,33.96113388888889,9
135.12323694444444,33.961376111111115,9
135.12333694444445,33.96155111111111,9
135.12343694444445,33.96176694444444,9
135.1235,33.961908888888885,9
135.12355,33.96218388888889,9
135.12348694444444,33.96368388888889,9
135.12346194444444,33.9638,9
135.1234,33.96391694444444,9
135.123075,33.96409194444445,9
135.12291194444444,33.96414194444444,9
135.12413694444444,33.965475,8
135.1253238888889,33.96678305555555,15
135.1266488888889,33.968333055555554,16
135.12751194444445,33.96928305555556,18
135.12761694444444,33.96938611111111,18
</coordinates>
</LineString>
</Placemark>
</Document>
</kml>
