<?xml version="1.0" encoding="UTF-8"?>
<kml xmlns="http://www.opengis.net/kml/2.2" xmlns:atom="http://www.w3.org/2005/Atom">
<Document>
<name>WCC海南駅－長保寺　旧街道</name>
<atom:author>
<atom:name>wccsalon</atom:name>
</atom:author> 
<atom:link href="https://latlonglab.yahoo.co.jp/route/watch?id=64911d7d8e7a16885f662cf4747ade06" />
<description><![CDATA[南行き危険箇所は国道横断箇所2カ所です。帰りは横断しないが、クルマと並走になる。]]></description>
<tags><![CDATA[]]></tags>  
<Placemark>
<Style>
<LineStyle>
<color>99ff0000</color>
<width>6</width>
</LineStyle>
</Style>
<LineString>
<coordinates>
135.21415194444444,34.15430083333333,6
135.21417472222223,34.1540925,6
135.21415944444445,34.15404138888889,6
135.2142127777778,34.15373666666667,6
135.21422777777778,34.15366083333333,6
135.2142736111111,34.153599166666666,6
135.2142736111111,34.15356861111111,6
135.21425833333333,34.153507777777776,6
135.21431916666666,34.15314111111111,7
135.21442638888888,34.152495555555554,7
135.21448722222223,34.15239361111111,7
135.21451,34.15225138888889,7
135.2145402777778,34.152211111111114,7
135.21456305555554,34.15217555555556,7
135.21467055555556,34.152124444444446,7
135.21470861111112,34.152094166666664,7
135.21474666666666,34.152052777777776,7
135.21478444444443,34.15199194444445,7
135.214815,34.15151916666667,8
135.21488444444444,34.15087361111111,8
135.21489944444446,34.15079222222222,8
135.2149222222222,34.15038527777778,8
135.2149222222222,34.15026805555556,8
135.21492138888888,34.150243333333336,8
135.21492138888888,34.150242222222225,8
135.21491472222223,34.1499375,8
135.2148225,34.149454722222224,9
135.21476166666667,34.14924638888889,9
135.21467055555556,34.14902722222222,9
135.21448722222223,34.14867666666667,8
135.2141975,34.14824361111111,8
135.21426472222223,34.14821666666667,8
135.2142636111111,34.14821666666667,8
135.2141975,34.14824361111111,8
135.21415194444444,34.14825888888889,8
135.21409,34.14827944444445,8
135.21403694444444,34.148294722222225,8
135.2134575,34.14764944444445,8
135.21323611111112,34.14741055555555,9
135.21267083333333,34.14682027777778,9
135.21225222222222,34.14639277777778,9
135.2119236111111,34.14615416666667,9
135.21167166666666,34.14599138888889,9
135.21143527777778,34.14588388888889,8
135.21117583333333,34.1457625,8
135.21086333333332,34.14562027777778,8
135.21085916666667,34.145627777777776,8
135.21085916666667,34.145627777777776,8
135.21081027777777,34.14571138888889,7
135.2108252777778,34.14585888888889,7
135.21076472222222,34.145985833333334,6
135.21073416666667,34.14602166666667,6
135.2105586111111,34.14632666666667,5
135.21056055555556,34.14632777777778,5
135.21055944444444,34.14632666666667,5
135.2105586111111,34.14632666666667,5
135.21042833333334,34.14631138888889,4
135.21024583333335,34.14631138888889,4
135.20996277777778,34.146341944444444,3
135.20981083333334,34.1463625,3
135.20968833333333,34.146367777777776,3
135.20955166666667,34.14638305555555,3
135.20938361111112,34.1464025,3
135.20841472222222,34.14651,6
135.20791111111112,34.146570833333335,7
135.20751416666667,34.146611666666665,8
135.20726222222223,34.14664222222222,9
135.20699527777776,34.146682222222225,9
135.20602666666667,34.14682555555556,8
135.20592805555555,34.146809166666664,8
135.2059172222222,34.14680166666667,8
135.20591611111112,34.14680055555556,8
135.20585972222221,34.14675944444444,7
135.20573694444445,34.14612361111111,5
135.20561555555557,34.14547694444445,2
135.2055611111111,34.14539555555555,0
135.2054777777778,34.14524388888889,0
135.2053788888889,34.14516666666667,0
135.20521083333333,34.145111388888886,1
135.20507305555554,34.145070277777776,2
135.20485916666667,34.14503555555556,2
135.2044402777778,34.14498444444445,4
135.2040661111111,34.14494305555556,2
135.20395194444444,34.14490305555555,1
135.20357777777778,34.14475,6
135.2034261111111,34.14467833333333,9
135.20319722222223,34.14459277777778,6
135.20286083333335,34.14450055555555,0
135.20282277777778,34.144485277777775,0
135.2028,34.144455,3
135.20278472222222,34.144419166666665,0
135.2027772222222,34.14410888888889,4
135.20273583333332,34.14409138888889,4
135.202735,34.14409027777778,4
135.20180833333333,34.1436975,6
135.20146527777777,34.143544444444444,7
135.2012363888889,34.14342722222222,7
135.2011138888889,34.143366666666665,5
135.20091527777777,34.14328527777778,6
135.20062583333333,34.14321888888889,11
135.2004347222222,34.14318333333333,13
135.19966444444444,34.14313777777778,14
135.19939,34.14309194444444,15
135.19910027777777,34.14302583333333,15
135.19891666666666,34.14306166666667,14
135.198765,34.143050833333334,13
135.19867277777777,34.14302583333333,11
135.19804,34.14276111111111,12
135.19794027777778,34.14272527777778,11
135.19776472222222,34.14270027777778,12
135.19751305555556,34.14267972222222,14
135.19731555555555,34.14267972222222,11
135.19713972222223,34.14270027777778,9
135.1970247222222,34.14275138888889,9
135.1969411111111,34.14279138888889,6
135.19677305555555,34.1428425,8
135.19661333333335,34.14286861111111,8
135.19645277777778,34.14286305555556,8
135.1962163888889,34.14283805555556,8
135.19594944444444,34.14279138888889,7
135.1957888888889,34.14273611111111,8
135.19565222222224,34.14272527777778,7
135.19562916666666,34.14261888888889,8
135.195575,34.14256805555556,8
135.1953625,34.142471388888886,9
135.19528527777777,34.14246166666667,9
135.19477416666666,34.14246166666667,9
135.19453805555557,34.14243555555556,9
135.1939661111111,34.14234444444445,9
135.19381305555555,34.14232916666667,9
135.1934475,34.14234444444445,8
135.19334777777777,34.142354166666664,7
135.19317305555555,34.14236944444445,7
135.19236361111112,34.14260888888889,5
135.1920738888889,34.142694722222224,4
135.19182972222222,34.14276638888889,5
135.19147916666665,34.14286833333333,5
135.19103666666666,34.142720833333335,7
135.1907925,34.142628333333334,8
135.1907547222222,34.142628333333334,8
135.19070027777778,34.142628333333334,8
135.19051055555556,34.14266972222222,7
135.19042583333334,34.14266972222222,7
135.19002972222222,34.14265888888889,7
135.18980083333332,34.142654444444446,8
135.18966305555554,34.142628333333334,7
135.18947972222222,34.142582777777776,8
135.18881666666667,34.14236916666667,8
135.1887863888889,34.14236916666667,8
135.18859527777778,34.14236916666667,10
135.1885922222222,34.14236916666667,10
135.18852694444445,34.14236916666667,11
135.18829055555557,34.142359444444445,12
135.18819055555556,34.14235388888889,11
135.18809194444444,34.14230833333333,13
135.18796194444445,34.142201944444444,14
135.1878252777778,34.14208472222222,16
135.18761138888888,34.14191111111111,16
135.18756583333334,34.14188638888889,16
135.18746611111112,34.14187111111111,16
135.18713833333334,34.14186138888889,15
135.18705472222223,34.14185055555556,16
135.1869625,34.141825555555556,16
135.1867411111111,34.14169305555556,18
135.18580277777778,34.141662777777775,28
135.18574944444444,34.141845,18
135.18571138888888,34.14189611111111,18
135.18565083333334,34.14192638888889,17
135.18560527777777,34.14194277777778,17
135.18553583333335,34.14194277777778,19
135.1854675,34.141937222222225,19
135.1853913888889,34.14189611111111,24
135.18521555555554,34.141795,25
135.18472777777777,34.14157055555555,31
135.18431527777778,34.1413525,33
135.1842025,34.14127,33
135.1842002777778,34.14126777777778,32
135.1840863888889,34.14118416666667,32
135.18372833333333,34.140975833333336,36
135.18360555555554,34.140904166666665,35
135.18337666666667,34.14078277777778,37
135.1832552777778,34.140726388888886,37
135.18306416666667,34.14067111111111,37
135.182805,34.14060472222222,37
135.18183583333334,34.14040611111111,36
135.18180583333333,34.14039638888889,36
135.18157694444446,34.140319444444444,38
135.1813936111111,34.140253333333334,36
135.18042444444444,34.13978027777778,36
135.18038666666666,34.139760555555554,36
135.17987555555555,34.13960222222222,37
135.17950222222223,34.13953611111111,38
135.17932638888888,34.139520833333336,38
135.17847916666668,34.139485,36
135.1783047222222,34.13946,36
135.17818944444446,34.139445,38
135.17806805555554,34.13940916666667,37
135.17789972222224,34.13934277777778,37
135.17771638888888,34.13925166666667,36
135.1768397222222,34.13876888888889,37
135.17637416666668,34.138508333333334,36
135.1762136111111,34.13839222222222,36
135.17613777777777,34.13832611111111,37
135.17607694444445,34.13827555555556,36
135.1757252777778,34.13793916666667,37
135.17519166666668,34.13741388888889,38
135.17519166666668,34.13741388888889,38
135.17506916666667,34.13729333333333,39
135.1748413888889,34.137253333333334,43
135.1747413888889,34.137278333333335,47
135.17455055555556,34.13735,51
135.17446694444445,34.13735,51
135.1741738888889,34.137190277777776,52
135.174175,34.137190277777776,55
135.17358916666666,34.13687138888889,55
135.17372694444444,34.13670305555556,54
135.17384083333334,34.1366175,54
135.17403944444445,34.136520833333336,55
135.17423055555557,34.13639277777778,56
135.17425333333333,34.13632777777778,54
135.17417083333333,34.13615194444444,48
135.17417083333333,34.13615194444444,48
135.17415444444444,34.136118333333336,47
135.17397861111112,34.13603694444444,44
135.1738875,34.136021666666664,43
135.17371166666666,34.13603694444444,41
135.17366611111112,34.136027222222225,40
135.17347527777778,34.13592083333333,33
135.17341444444443,34.13583416666667,30
135.1734297222222,34.135752777777775,33
135.1734675,34.135711388888886,37
135.17360444444444,34.13563583333333,38
135.17390277777778,34.135508888888886,39
135.17395583333334,34.135463333333334,39
135.17403944444445,34.13514194444444,43
135.17405472222222,34.135060555555555,47
135.17402416666667,34.13500972222222,52
135.17395583333334,34.13497916666667,52
135.17385611111112,34.13498472222222,51
135.17366611111112,34.13503583333333,46
135.1735663888889,34.13504555555556,45
135.1734525,34.13503027777778,44
135.17323861111112,34.134928333333335,46
135.1731161111111,34.13488805555556,42
135.17301722222223,34.13487833333333,42
135.17295666666666,34.134863055555556,40
135.17287944444445,34.13481222222222,37
135.17285666666666,34.134750277777776,38
135.17286444444446,34.13466888888889,37
135.17288722222222,34.134640833333336,38
135.17288722222222,34.134640833333336,38
135.1729186111111,34.13460277777778,39
135.17301722222223,34.13451694444444,41
135.17313222222222,34.13444555555556,44
135.17317777777777,34.13440527777778,44
135.17321583333333,34.13431833333333,45
135.17321583333333,34.13425222222222,45
135.17316277777778,34.13416111111111,49
135.17307805555555,34.13412,57
135.17295666666666,34.134095,53
135.1726277777778,34.13411,45
135.17256694444444,34.134095,41
135.17250638888888,34.13406888888889,41
135.17245305555556,34.13401361111111,29
135.17246833333334,34.13387027777778,41
135.17252916666666,34.1336925,40
135.17266694444444,34.13352,46
135.1727275,34.133402777777775,52
135.1727275,34.133336666666665,54
135.1725747222222,34.133245555555554,50
135.17250638888888,34.133230555555556,57
135.1723536111111,34.13325527777778,49
135.1722775,34.13325527777778,48
135.17205611111112,34.133179444444444,49
135.17198027777778,34.13319472222222,48
135.17171333333334,34.13332138888889,45
135.17159083333334,34.13332666666667,43
135.17149972222222,34.13329638888889,41
135.17147666666668,34.13321916666667,41
135.17149972222222,34.13302222222222,41
135.17156805555555,34.132802777777776,46
135.17157555555556,34.13272138888889,52
135.1715375,34.13263472222222,53
135.17127833333333,34.13246222222222,52
135.1711175,34.13225388888889,54
135.1710263888889,34.13216694444444,57
135.1708886111111,34.13209638888889,58
135.17076722222222,34.132060833333334,58
135.17053055555556,34.132060833333334,60
135.1703775,34.13211166666667,64
135.1701563888889,34.13223861111111,51
135.17011833333333,34.132263611111114,49
135.17000444444446,34.132263611111114,48
135.16966805555555,34.13218777777778,55
135.16955416666667,34.13220277777778,59
135.1693936111111,34.13227888888889,51
135.1693025,34.13229388888889,53
135.16922,34.13230055555555,53
135.16921916666666,34.13230055555555,53
135.16915722222222,34.13230472222222,54
135.1689661111111,34.132284166666665,51
135.16839444444443,34.13213666666667,50
135.16801361111112,34.132085555555555,51
135.16794416666667,34.13207583333333,50
135.1677997222222,34.131994444444445,57
135.16769222222223,34.13195861111111,56
135.16730388888888,34.13191305555556,52
135.16718138888888,34.1318525,52
135.16712805555557,34.131771111111114,53
135.16710527777778,34.13141944444445,57
135.16706722222222,34.13134361111111,53
135.16699027777778,34.13127194444444,53
135.16687638888888,34.13116,52
135.166655,34.131145,50
135.16645666666668,34.13112972222222,47
135.16638833333334,34.13112972222222,47
135.16624305555555,34.13108416666667,44
135.16609111111111,34.13102777777778,46
135.16593055555555,34.13094638888889,44
135.16534333333334,34.130605555555555,46
135.16516777777778,34.130493888888886,44
135.16510694444443,34.13046361111111,46
135.1648325,34.130295277777776,38
135.1647175,34.130204166666665,38
135.16462611111112,34.130111944444444,38
135.16456444444444,34.130026111111114,38
135.164405,34.129776666666665,35
135.16434416666667,34.12970083333333,37
135.16425194444443,34.12963444444444,34
135.16411527777777,34.129578055555555,35
135.1639925,34.12954222222222,31
135.1638786111111,34.12953805555556,30
135.16386555555556,34.12953805555556,30
135.16386444444444,34.12953805555556,30
135.1636802777778,34.12953805555556,30
135.16355777777778,34.129511944444445,33
135.16344388888888,34.12947166666667,35
135.1633136111111,34.129385,35
135.16319194444443,34.12930361111111,34
135.163115,34.12926777777778,33
135.16306944444443,34.129242777777776,33
135.16290222222221,34.129222222222225,29
135.16241416666668,34.129150555555555,27
135.16231416666668,34.12916138888889,26
135.16223833333333,34.129197222222224,26
135.16213833333333,34.12926777777778,27
135.16178805555555,34.12968,21
135.16170444444444,34.12973638888889,22
135.1616197222222,34.12977111111111,21
135.16150583333334,34.129776666666665,21
135.16141472222222,34.12976138888889,22
135.1611163888889,34.12963444444444,22
135.1610327777778,34.12961388888889,22
135.16091777777777,34.129619444444444,21
135.1607888888889,34.12963444444444,20
135.16062833333334,34.129685555555554,22
135.1604536111111,34.12977111111111,18
135.16020194444445,34.129888333333334,20
135.16014,34.12990361111111,22
135.16005638888888,34.12989388888889,20
135.1599263888889,34.12987861111111,20
135.15954527777777,34.12974638888889,19
135.15943027777777,34.12972555555555,19
135.1593163888889,34.12973638888889,19
135.1592327777778,34.12973638888889,18
135.15913305555554,34.12972027777778,18
135.1588888888889,34.129655,13
135.15874472222222,34.12963444444444,14
135.15864472222222,34.12962916666667,15
135.1585763888889,34.12960416666667,15
135.15840055555554,34.12946083333333,15
135.15826388888888,34.129385,12
135.15816416666667,34.12936,12
135.15804277777778,34.129354444444445,12
135.15792027777778,34.12936,11
135.15782916666666,34.129379444444446,10
135.15772916666666,34.129420833333334,9
135.15760777777777,34.12947611111111,11
135.15751666666668,34.129511944444445,10
135.15743194444445,34.12951722222222,10
135.1572561111111,34.12949666666667,10
135.15728,34.12939472222222,9
135.1572952777778,34.12931861111111,9
135.15734083333334,34.1292525,9
135.15743194444445,34.12920166666667,9
135.15745694444445,34.12919388888889,9
135.15745583333333,34.12919388888889,9
135.15753166666667,34.12917111111111,9
135.15764583333333,34.12916138888889,9
135.15784416666668,34.12917111111111,9
135.158005,34.129150555555555,9
135.15810333333334,34.12912027777778,9
135.15820222222223,34.129059444444444,9
135.15827916666666,34.12897805555556,9
135.15831722222222,34.12890194444444,9
135.15831722222222,34.12880972222222,9
135.15830194444445,34.1286525,9
135.15827916666666,34.128368333333334,9
135.15827916666666,34.128326944444446,9
135.15822527777777,34.12768166666667,9
135.15819472222222,34.12739638888889,9
135.15815666666666,34.12685277777778,9
135.15806555555557,34.126435,9
135.15806555555557,34.12643055555556,9
135.15794305555556,34.125927222222224,9
135.15791916666666,34.12591722222222,9
135.15791805555557,34.12591638888889,9
135.15784416666668,34.125885833333335,9
135.1573938888889,34.125687222222226,8
135.1568525,34.12546944444444,7
135.1565161111111,34.125326111111114,7
135.15634138888888,34.125255833333334,7
135.15567777777778,34.12496055555555,7
135.1554563888889,34.12486944444444,7
135.15505166666668,34.12471111111111,8
135.15487694444445,34.12464472222222,8
135.15475416666666,34.12459388888889,8
135.1543886111111,34.124542777777776,8
135.1543875,34.124542777777776,8
135.15435833333333,34.12453861111111,8
135.15436583333334,34.12421305555556,8
135.15440388888888,34.12396888888889,9
135.15445694444443,34.12370416666667,8
135.15424333333334,34.12361305555556,8
135.1543886111111,34.122976944444446,8
135.1544188888889,34.12277888888889,8
135.15440388888888,34.122636666666665,8
135.15440388888888,34.122570555555555,8
135.15436583333334,34.12251416666667,8
135.15428888888889,34.12247833333333,8
135.15395388888888,34.12242277777778,8
135.15369444444445,34.12235138888889,8
135.1535186111111,34.12229583333333,9
135.15344916666666,34.122245,9
135.15344805555554,34.122245,9
135.1534275,34.12222972222222,9
135.15342,34.12216361111111,9
135.15342,34.12192916666667,9
135.15346555555556,34.121629722222224,9
135.15346555555556,34.121522222222225,9
135.15344277777777,34.12138,9
135.15334277777777,34.12106444444444,9
135.1532897222222,34.1209125,9
135.1532897222222,34.12071944444445,9
135.1532897222222,34.120627222222225,9
135.15324416666667,34.120535833333335,9
135.15315305555555,34.120464444444444,9
135.15293916666667,34.12033777777778,9
135.15289361111112,34.12027138888889,9
135.1528786111111,34.12020527777778,9
135.15295444444445,34.12002722222222,9
135.15295444444445,34.11998166666667,9
135.1528013888889,34.11958027777778,9
135.15273305555556,34.11949361111111,9
135.15258,34.11940666666667,9
135.15234361111112,34.11932083333333,9
135.15228277777777,34.11928527777778,9
135.1522675,34.119239444444446,9
135.1522525,34.11897916666667,9
135.152375,34.11898138888889,9
135.1523738888889,34.11898138888889,9
135.1522525,34.11897916666667,9
135.15217666666666,34.11871,9
135.15217666666666,34.11867,9
135.15220722222222,34.11854722222222,9
135.15232111111112,34.11790194444445,9
135.15234388888888,34.117845555555554,9
135.1525802777778,34.1172,9
135.15281666666667,34.116569444444444,9
135.15283944444445,34.11656416666667,9
135.1529088888889,34.11653805555556,9
135.1529088888889,34.116370833333335,9
135.1528786111111,34.11629388888889,9
135.15285472222223,34.11623861111111,9
135.15280166666668,34.116172222222225,9
135.1527561111111,34.11608138888889,9
135.15274083333333,34.11601527777778,9
135.15274083333333,34.11588722222222,9
135.1527788888889,34.11568972222222,9
135.1528397222222,34.11532305555556,9
135.1528788888889,34.11513,9
135.15289388888888,34.11506361111111,9
135.15293194444445,34.115027777777776,9
135.15303055555555,34.114936666666665,9
135.15315333333334,34.114870555555555,9
135.15322138888888,34.11484027777778,9
135.15338944444446,34.11476416666667,9
135.1534577777778,34.114738055555556,9
135.1535186111111,34.114738055555556,9
135.1536336111111,34.114738055555556,9
135.1537172222222,34.11474361111111,9
135.15377805555556,34.11441277777778,9
135.15387027777777,34.11378805555555,9
135.15389305555556,34.11344611111111,9
135.1538875,34.11336138888889,9
135.1538875,34.11336027777778,9
135.15389305555556,34.11344611111111,9
135.15399166666666,34.11342111111111,9
135.1540525,34.113390833333334,9
135.15410666666668,34.113355,9
135.15412944444444,34.11331916666666,9
135.15440416666667,34.1129025,9
135.15460277777777,34.11283638888889,9
135.1555402777778,34.11257166666667,9
135.1555402777778,34.11246527777778,9
135.1555402777778,34.11221583333333,9
135.1555563888889,34.11218,9
135.15564,34.11208888888889,9
135.15580805555555,34.111961944444445,9
135.15592972222223,34.111890555555554,9
135.15621944444445,34.11175361111111,9
135.1565013888889,34.11163111111111,9
135.15663138888888,34.111555,9
135.1567452777778,34.11144777777778,9
135.15677694444443,34.111396666666664,9
135.15680722222223,34.111335833333335,9
135.1568452777778,34.111330555555554,9
135.15689083333334,34.11128055555555,9
135.15698944444443,34.111173055555554,9
135.15708944444444,34.11107111111111,9
135.15720333333334,34.11094,9
135.1572336111111,34.11091916666667,9
135.15729555555555,34.110862777777776,9
135.15734111111112,34.11082277777778,9
135.15741694444444,34.11078694444444,9
135.1575775,34.110705555555555,9
135.15774472222222,34.11065444444444,9
135.15823305555554,34.11048666666667,10
135.1585388888889,34.11040527777778,11
135.1588602777778,34.110304444444445,12
</coordinates>
</LineString>
</Placemark>
</Document>
</kml>
