<?xml version="1.0" encoding="UTF-8"?>
<kml xmlns="http://www.opengis.net/kml/2.2" xmlns:atom="http://www.w3.org/2005/Atom">
<Document>
<name>WCC東北の旅２０１３　２日目実走</name>
<atom:author>
<atom:name>さむ</atom:name>
</atom:author> 
<atom:link href="https://latlonglab.yahoo.co.jp/route/watch?id=3e684b0fcc60f29e62bce5e011479ae2" />
<description><![CDATA[Camp→虹の湖→弘前城→西目→Camp]]></description>
<tags><![CDATA[]]></tags>  
<Placemark>
<Style>
<LineStyle>
<color>99ff0000</color>
<width>6</width>
</LineStyle>
</Style>
<LineString>
<coordinates>
140.86604527777777,40.41386833333333,403
140.86582944444444,40.41393027777778,403
140.86540194444444,40.414032222222225,405
140.86443305555557,40.414255555555556,407
140.86347916666668,40.4146775,408
140.86251027777777,40.415105277777776,408
140.8615411111111,40.41553277777778,409
140.8605725,40.415954444444445,409
140.85977166666666,40.4164125,408
140.85942888888889,40.41676833333333,406
140.8590925,40.417296666666665,403
140.8589252777778,40.417465,404
140.85828416666666,40.41811055555556,409
140.85779583333334,40.418461666666666,409
140.85697222222223,40.41902611111111,409
140.85674333333333,40.41927027777778,409
140.85670416666667,40.41938722222222,409
140.85679638888888,40.41952944444444,409
140.85697222222223,40.41988527777778,409
140.85693333333333,40.420318333333334,409
140.85684194444445,40.42050583333333,409
140.85618555555556,40.421080833333335,409
140.85600333333332,40.42172638888889,409
140.85597194444443,40.42182861111111,409
140.85600333333332,40.42247416666667,414
140.85601083333333,40.422485,414
140.85601083333333,40.42313027777778,416
140.85601083333333,40.42319638888889,416
140.85597194444443,40.42333861111111,414
140.85585805555556,40.4235525,413
140.8554075,40.42393861111111,424
140.85537722222222,40.42458527777778,423
140.85536972222224,40.42461027777778,423
140.8553086111111,40.42525555555556,424
140.85523916666668,40.4259025,425
140.85523166666667,40.42591222222222,425
140.85527055555556,40.42617138888889,423
140.85553,40.42681722222222,416
140.8557663888889,40.42740305555556,409
140.8557663888889,40.42804833333334,409
140.8557588888889,40.42823611111111,409
140.85568194444446,40.428470555555556,409
140.85520888888888,40.429116111111114,410
140.85489638888887,40.42952833333333,410
140.85497972222223,40.429787777777776,409
140.85497972222223,40.43000138888889,409
140.85475944444445,40.430194722222225,409
140.85438527777777,40.43035166666667,409
140.8534161111111,40.43063166666666,409
140.85244722222222,40.43091166666667,409
140.85231805555554,40.430951666666665,409
140.85209666666665,40.43112,409
140.85201972222222,40.43160833333334,413
140.8519286111111,40.43200972222222,415
140.85183,40.43211138888889,413
140.8516463888889,40.43210166666667,414
140.85080694444446,40.43163416666667,413
140.85055527777777,40.43163416666667,414
140.8503186111111,40.431725,414
140.85005916666665,40.431954166666664,414
140.8497925,40.43250305555556,412
140.84954833333333,40.43271138888889,411
140.8492813888889,40.43282861111111,411
140.8485186111111,40.4330175,412
140.84773277777776,40.43357611111111,411
140.8471675,40.433861388888886,413
140.84677916666666,40.434135833333336,414
140.84634416666665,40.43478138888889,414
140.84590138888888,40.435426944444444,414
140.8454586111111,40.43607361111111,414
140.84539805555556,40.43615916666667,414
140.8452611111111,40.43664305555556,413
140.84531416666667,40.43728888888889,413
140.84532194444444,40.43734527777778,413
140.8453827777778,40.43797027777778,412
140.84543583333334,40.43861555555556,411
140.84544333333332,40.43877388888889,409
140.84544333333332,40.43885972222222,409
140.84542055555556,40.43893666666666,409
140.84480333333335,40.43958222222222,410
140.844185,40.44022805555556,411
140.8440711111111,40.44034527777778,412
140.84378138888889,40.44050333333333,413
140.84305666666666,40.44045222222222,415
140.84287305555554,40.44058472222222,417
140.84287305555554,40.440823333333334,418
140.84315527777778,40.441402777777775,415
140.8433311111111,40.442033333333335,417
140.84334638888888,40.44235888888889,417
140.84334638888888,40.442593055555555,417
140.84301,40.443198333333335,416
140.8426822222222,40.4434675,414
140.84171333333333,40.443823333333334,416
140.8416677777778,40.443843888888885,416
140.8409961111111,40.44449027777778,413
140.84031666666667,40.44513611111111,410
140.83992083333334,40.445506944444446,408
140.8394175,40.446152777777776,409
140.8389825,40.4467025,409
140.83880666666667,40.446976944444444,409
140.8388675,40.44725694444445,409
140.83885222222222,40.4479025,409
140.83882944444446,40.448548055555555,409
140.83882166666666,40.44866527777778,409
140.83882166666666,40.449310833333335,409
140.8388213888889,40.4499575,409
140.8388213888889,40.45008888888889,409
140.83902,40.45068444444444,409
140.83914277777777,40.450898333333335,409
140.8395538888889,40.4511825,409
140.84001194444446,40.45182888888889,409
140.84046972222222,40.45247444444445,409
140.84082,40.4529575,409
140.8411563888889,40.453542222222225,411
140.84139277777777,40.454188888888886,410
140.84142333333332,40.45424944444444,410
140.84143833333334,40.45432,410
140.8415675,40.454966666666664,410
140.8415675,40.45511416666667,410
140.8415447222222,40.4552,410
140.8411336111111,40.45572416666667,409
140.84088166666666,40.45607555555556,408
140.84074388888888,40.45624277777778,408
140.8402252777778,40.45688916666667,408
140.83971416666665,40.45753472222222,407
140.83920333333333,40.45818027777778,407
140.8386925,40.458826944444446,407
140.8381813888889,40.4594725,406
140.8376702777778,40.460118055555554,406
140.83715805555556,40.46076444444444,406
140.837105,40.460972777777776,406
140.8370972222222,40.460992222222224,406
140.83696055555555,40.46163888888889,408
140.8368988888889,40.461913611111115,409
140.83673166666668,40.46217277777778,409
140.8367163888889,40.46219361111111,409
140.8363422222222,40.46283888888889,409
140.83620555555555,40.4630625,409
140.835945,40.46360166666667,409
140.83564777777778,40.46424722222222,409
140.83570083333333,40.464665,409
140.83577777777776,40.465310277777775,409
140.83584638888888,40.46595583333333,409
140.83584638888888,40.466271666666664,409
140.83560972222222,40.46688694444445,407
140.8354111111111,40.46728944444445,405
140.83539583333334,40.467304722222224,405
140.834885,40.46795,408
140.83429777777778,40.46843277777778,409
140.83352,40.46907972222222,409
140.83325944444445,40.46947111111111,408
140.83264972222221,40.47011666666667,408
140.8320463888889,40.47076222222222,408
140.83144444444446,40.4714075,408
140.83084222222223,40.472054166666666,408
140.83071972222223,40.47220611111111,408
140.83020861111112,40.472853055555554,408
140.8300175,40.4734225,408
140.82964416666667,40.4740375,409
140.82955972222223,40.474154722222224,409
140.82910944444444,40.474800277777774,408
140.82866,40.47544583333333,406
140.82820972222223,40.4760925,405
140.82775944444444,40.47673805555556,404
140.82758361111112,40.47713944444445,405
140.82750777777778,40.47777083333333,406
140.8275152777778,40.47784111111111,406
140.82754583333335,40.47848694444444,407
140.8275761111111,40.47913361111111,408
140.8275988888889,40.47977916666667,409
140.82764444444445,40.48001333333333,409
140.82809444444445,40.480471111111115,409
140.82852194444445,40.48080638888889,409
140.82858277777777,40.480826944444445,409
140.82860555555555,40.48083694444444,409
140.82874333333334,40.48088777777778,416
140.82884972222223,40.48090305555556,415
140.82981833333332,40.481005,409
140.83019277777777,40.4811375,409
140.83028388888889,40.48119805555555,409
140.83094805555555,40.48163,409
140.83129083333333,40.481854722222224,409
140.83225944444445,40.482485,409
140.83289333333335,40.4829125,409
140.8332286111111,40.48316111111111,409
140.8333436111111,40.48325333333333,409
140.83344222222223,40.483329166666664,409
140.83355722222223,40.4835275,409
140.83349555555554,40.48378694444445,409
140.8332663888889,40.48402027777778,409
140.83322083333334,40.48403638888889,409
140.83289333333335,40.484188333333336,409
140.83212277777778,40.48426972222222,409
140.83203055555555,40.484285,409
140.831985,40.484295833333334,409
140.8310161111111,40.484411944444446,416
140.83087166666667,40.48446833333333,416
140.8307188888889,40.48467111111111,415
140.83050527777777,40.4850625,417
140.83045972222223,40.48513416666667,422
140.83032194444445,40.485419722222225,425
140.83028388888889,40.485550833333335,424
140.83024583333332,40.48563222222222,424
140.8299561111111,40.48627888888889,427
140.8296588888889,40.48672611111111,433
140.82919333333334,40.48710222222222,434
140.8285825,40.48732583333334,435
140.82838388888888,40.48744305555555,433
140.82827,40.487702222222225,432
140.82824722222222,40.487768611111115,434
140.82828527777778,40.487900833333335,436
140.82846111111112,40.48806361111111,437
140.82905555555556,40.4882925,444
140.82940694444446,40.488521666666664,446
140.82948277777777,40.48866916666667,446
140.82942222222223,40.48907583333333,448
140.82933,40.48972138888889,451
140.8292538888889,40.48976694444445,451
140.82900972222222,40.4897875,457
140.82866722222224,40.48945222222222,465
140.82843055555554,40.48903027777778,467
140.82832333333334,40.488770833333334,469
140.82817138888888,40.488638333333334,472
140.82801833333335,40.48860277777778,474
140.82790444444444,40.48867861111111,476
140.82794222222222,40.4888925,474
140.82824722222222,40.48945222222222,476
140.8282927777778,40.4897625,475
140.8282927777778,40.48997638888889,478
140.8282927777778,40.49062166666667,485
140.82811694444445,40.49077888888889,489
140.8274313888889,40.4909775,493
140.82708722222222,40.49093194444445,496
140.82611833333334,40.49082027777778,504
140.82554666666667,40.49068777777778,508
140.8254936111111,40.4906825,509
140.82489777777778,40.49063694444445,522
140.82457027777778,40.49062722222222,524
140.82447027777778,40.49069222222222,527
140.82447027777778,40.49076916666667,527
140.824555,40.490850555555554,528
140.82504333333333,40.49101777777778,525
140.8254088888889,40.491261944444446,527
140.82544694444445,40.491394166666666,533
140.8253711111111,40.49149611111111,535
140.8251725,40.4915875,537
140.8250888888889,40.4915875,538
140.82448666666667,40.4915875,551
140.8242338888889,40.49155277777778,560
140.82396694444444,40.4915625,565
140.8237922222222,40.49161888888889,570
140.82373027777777,40.491725,567
140.8238075,40.491866944444446,565
140.82403638888889,40.49194416666667,561
140.82464611111112,40.49213722222222,567
140.8256147222222,40.4924325,576
140.82658388888888,40.49272638888889,586
140.8273163888889,40.49304222222222,589
140.828285,40.493454444444446,594
140.82854416666666,40.49370833333333,594
140.82854416666666,40.49388638888889,596
140.82842277777777,40.49406972222222,606
140.82842277777777,40.49424222222222,605
140.82852916666667,40.49432916666667,604
140.82905527777777,40.49435944444444,615
140.82949805555555,40.49442555555556,612
140.82960444444444,40.4945375,614
140.82956638888888,40.49473611111111,622
140.82956638888888,40.494974444444445,630
140.82977222222223,40.49525444444444,623
140.82977222222223,40.49541166666667,622
140.82962027777776,40.49552888888889,625
140.82905527777777,40.49579361111111,636
140.82905527777777,40.495935833333334,636
140.8292536111111,40.496185277777776,632
140.82926111111112,40.49620055555555,633
140.82940666666667,40.49684583333333,637
140.82950527777777,40.49700444444444,640
140.82983305555555,40.49753277777778,653
140.82997083333333,40.497593611111114,654
140.83011638888888,40.49756861111111,654
140.8304288888889,40.49733416666667,647
140.8307336111111,40.49697861111111,651
140.83091694444445,40.49680055555555,654
140.83103083333333,40.49680055555555,660
140.8311461111111,40.49686138888889,662
140.8312825,40.49722777777778,668
140.8317175,40.497527222222224,664
140.8317175,40.497593611111114,662
140.8316338888889,40.49770083333333,662
140.83092472222222,40.497975555555556,669
140.82995555555556,40.49834111111111,678
140.82965833333333,40.49841277777778,683
140.82950527777777,40.49838777777778,686
140.82945222222222,40.4983575,686
140.82859277777777,40.49787444444444,687
140.82859166666665,40.49787333333333,687
140.82848333333334,40.497812777777774,687
140.82833055555557,40.497751944444445,686
140.82814833333333,40.49776166666667,688
140.82790416666666,40.49790388888889,698
140.8276977777778,40.497818055555555,698
140.82750694444445,40.49783333333333,698
140.82678222222222,40.49847861111111,692
140.82615611111112,40.49903305555556,686
140.8256525,40.49932833333333,683
140.8246838888889,40.4998825,675
140.82383,40.50027861111111,672
140.82286083333332,40.500726666666665,667
140.82189194444445,40.501169166666664,663
140.8209613888889,40.501560833333336,662
140.81999222222223,40.50196777777778,660
140.81981638888888,40.50208388888889,660
140.819695,40.50242027777778,654
140.8196722222222,40.50270972222222,651
140.81975583333335,40.50329972222222,652
140.81984805555555,40.503661111111114,651
140.81998472222222,40.503752222222225,651
140.8205563888889,40.50371638888889,651
140.82115944444445,40.503752222222225,646
140.82123555555555,40.50380888888889,645
140.8212736111111,40.50396611111111,647
140.82104444444445,40.504195,645
140.8204575,40.50463222222222,636
140.82000722222222,40.504708055555554,633
140.81985527777778,40.50476444444445,632
140.81984777777777,40.50487611111111,631
140.8199236111111,40.504931666666664,630
140.82040444444445,40.505135555555555,634
140.8205336111111,40.50524194444444,633
140.82058027777776,40.50534388888889,632
140.8209838888889,40.50559888888889,637
140.8209913888889,40.50566944444444,638
140.82083194444445,40.50580166666666,639
140.82003,40.50561416666667,626
140.82000722222222,40.505608611111114,626
140.8198313888889,40.505608611111114,625
140.81886277777778,40.50575083333333,617
140.8186186111111,40.50579194444445,615
140.81848194444444,40.50590805555556,615
140.81840583333334,40.50655444444445,609
140.81832888888889,40.507083055555555,605
140.8175736111111,40.50772972222222,594
140.8168186111111,40.508375,584
140.8163075,40.508806944444444,577
140.81615444444444,40.50886861111111,576
140.81540666666666,40.509010833333335,579
140.81510944444443,40.509035833333336,578
140.8144925,40.508832777777776,576
140.81423305555555,40.508832777777776,575
140.81372083333332,40.50904111111111,568
140.81317944444444,40.50898472222222,563
140.81283666666667,40.508984444444444,556
140.8126988888889,40.509010555555555,556
140.81207361111112,40.50953888888889,553
140.81182972222223,40.50953888888889,546
140.81112027777777,40.509391388888886,540
140.8101513888889,40.509279722222225,532
140.80976166666667,40.509234166666666,529
140.8096175,40.50911694444444,527
140.80965527777778,40.50897472222222,523
140.80979222222223,40.50889333333333,523
140.81050944444445,40.50899,524
140.81084583333333,40.50902583333333,527
140.81096722222222,40.50886833333333,521
140.8109975,40.50869055555555,524
140.81093694444445,40.508649166666665,526
140.80996777777779,40.50839,519
140.80964805555556,40.50829861111111,517
140.80945722222222,40.50829861111111,517
140.80870944444445,40.50848111111111,514
140.80832,40.50864388888889,515
140.80793138888887,40.50893888888889,512
140.807595,40.50918305555555,504
140.80751916666668,40.50926,503
140.80667277777778,40.509905833333335,493
140.8066186111111,40.50994166666667,493
140.80618444444445,40.51006833333334,493
140.8060238888889,40.510200555555556,487
140.8059861111111,40.51034277777778,482
140.805795,40.5105,482
140.8052311111111,40.51042416666667,485
140.80453666666668,40.51040888888889,472
140.80379666666667,40.5100325,461
140.80338416666666,40.50982416666667,462
140.80305666666666,40.50965611111111,455
140.8027747222222,40.509574722222226,452
140.80246861111112,40.50955972222222,449
140.80201833333334,40.50953888888889,450
140.80139333333332,40.509565,451
140.80042444444445,40.50973194444445,447
140.79986027777778,40.50983388888889,445
140.79905861111112,40.50973194444445,444
140.79850972222224,40.50973194444445,443
140.798235,40.50980888888889,444
140.7976088888889,40.51015944444445,439
140.79711305555554,40.51035805555556,438
140.79614416666666,40.510530555555555,437
140.79553444444446,40.510643333333334,436
140.7950688888889,40.51078,435
140.7949625,40.51087666666667,436
140.79488555555557,40.51098388888889,436
140.79467944444445,40.511629444444445,434
140.79446666666666,40.512275,432
140.79445027777777,40.512301111111114,432
140.79435916666668,40.512458333333335,430
140.79339027777777,40.51294111111111,425
140.7926125,40.51333833333333,422
140.7923075,40.51341,422
140.79140694444445,40.51338388888889,417
140.79078083333334,40.513374166666665,415
140.7903697222222,40.513374166666665,415
140.78940083333333,40.513800555555555,417
140.78924777777777,40.513872222222226,417
140.7882788888889,40.514355,410
140.78792055555556,40.514538055555555,408
140.78750083333333,40.51471611111111,406
140.78662333333332,40.514625277777775,406
140.78597555555555,40.51472166666667,404
140.78513555555554,40.51495583333333,401
140.7847622222222,40.51506777777778,402
140.78379333333334,40.515296666666664,404
140.7837011111111,40.515321666666665,405
140.78302305555556,40.51551472222222,404
140.78268666666668,40.5159325,400
140.78245777777778,40.516222222222225,399
140.78196166666666,40.516867777777776,396
140.78196166666666,40.517091388888886,398
140.78212222222223,40.51734638888889,396
140.78251944444443,40.51799166666667,393
140.7825347222222,40.51801666666667,393
140.78273194444444,40.518663333333336,396
140.7828088888889,40.51916666666666,389
140.78280138888888,40.519197222222225,388
140.7827786111111,40.519842777777775,388
140.78276333333332,40.520489166666664,387
140.7826102777778,40.52075833333333,387
140.78229777777779,40.521012222222225,387
140.78202333333334,40.521140277777775,385
140.7817638888889,40.52115555555555,384
140.78092416666667,40.520875555555556,391
140.7808102777778,40.52083972222222,392
140.78002388888888,40.520625833333334,388
140.77971888888888,40.52066722222222,387
140.7794975,40.52080388888889,387
140.77942166666668,40.52093083333333,386
140.77930666666666,40.52119027777778,386
140.77904722222223,40.5216075,386
140.77868166666667,40.52189194444444,386
140.77820083333333,40.52207527777778,382
140.778025,40.52207527777778,381
140.7770561111111,40.52207527777778,376
140.7766211111111,40.52211638888889,377
140.77620972222223,40.5222325,376
140.77619472222221,40.52224361111111,376
140.77522555555555,40.52270111111111,375
140.77425666666667,40.52315361111111,375
140.77373805555555,40.52335638888889,367
140.77334083333332,40.52331083333333,364
140.77237222222223,40.523204444444445,357
140.77200638888888,40.523229444444446,358
140.77170055555555,40.523331666666664,356
140.77147166666666,40.52350416666667,354
140.77131972222222,40.52361555555556,354
140.77118194444444,40.523865,352
140.77109833333333,40.52447611111111,351
140.7710225,40.525121666666664,349
140.77090722222223,40.52553388888889,348
140.7707313888889,40.526179166666665,348
140.77057166666665,40.52636277777778,348
140.76968666666667,40.52666222222222,347
140.76965638888888,40.52667722222222,347
140.7686872222222,40.52706361111111,346
140.7686036111111,40.52712555555556,345
140.7677336111111,40.527770833333335,341
140.76719972222222,40.52824944444444,339
140.76689472222222,40.5287375,339
140.76663555555555,40.52916361111111,339
140.76627638888888,40.52938833333333,339
140.76612333333333,40.5295,338
140.76526166666667,40.530145833333336,337
140.76440666666667,40.53033888888889,333
140.76412444444443,40.53039527777778,332
140.76317083333333,40.53063916666667,331
140.76220222222221,40.530883333333335,330
140.76123305555555,40.5311275,329
140.76026416666667,40.53136611111111,328
140.75929527777777,40.531605,327
140.75832722222222,40.531844444444445,326
140.75825777777777,40.53183888888889,326
140.7572888888889,40.53183888888889,324
140.75682361111112,40.531863888888886,322
140.75623666666667,40.531956111111114,320
140.75551194444444,40.53228166666667,324
140.75468833333332,40.5326225,325
140.7543063888889,40.53263222222222,323
140.7533375,40.532647222222224,318
140.75298694444444,40.5326225,318
140.75247611111112,40.53258666666667,319
140.75221583333334,40.53249972222222,318
140.7512477777778,40.532195,318
140.7502788888889,40.53189,317
140.74931,40.53158944444444,317
140.74892055555554,40.53140166666667,317
140.74847027777778,40.53095888888889,316
140.7478213888889,40.53031333333333,315
140.74741777777777,40.530033333333336,313
140.74648694444446,40.52938805555556,308
140.74568638888888,40.52878805555556,308
140.7452361111111,40.5285275,308
140.74490833333334,40.528370277777775,307
140.74437333333333,40.52822805555556,306
140.7434047222222,40.52798388888889,305
140.74243583333333,40.52774,303
140.74207777777778,40.527653055555554,303
140.74110861111112,40.52742416666667,304
140.74014,40.52719527777778,304
140.73989583333332,40.527164722222224,305
140.73962138888888,40.52717027777778,304
140.7393238888889,40.527256944444446,306
140.73869027777778,40.52735361111111,306
140.73841583333333,40.52735361111111,306
140.73825527777777,40.5272875,306
140.7372863888889,40.52690555555556,308
140.73707277777777,40.52677861111111,309
140.73694361111112,40.526651666666666,308
140.73628722222222,40.526004722222225,307
140.73605055555555,40.525735833333336,303
140.73568527777778,40.5255275,306
140.7349225,40.52505472222222,307
140.73484527777777,40.52500361111111,307
140.73387666666667,40.52436222222222,307
140.73337333333333,40.52404777777778,305
140.7329002777778,40.52388916666666,305
140.73250416666667,40.52380361111111,304
140.73211444444445,40.52380361111111,304
140.73114583333333,40.52380361111111,305
140.73017694444445,40.52380361111111,305
140.7297113888889,40.5237525,303
140.72935333333334,40.52367111111111,296
140.7286363888889,40.52341166666667,292
140.72854527777778,40.523381388888886,292
140.72757638888888,40.52308083333333,288
140.72714888888888,40.523005,285
140.72676722222224,40.52298972222222,282
140.7264775,40.52298972222222,282
140.72614194444444,40.52305583333333,282
140.72596638888888,40.52308638888889,282
140.7255538888889,40.52325444444445,282
140.725135,40.52349861111111,286
140.72482916666667,40.523670833333334,287
140.7241425,40.52416888888889,277
140.72393,40.52431222222222,277
140.72336472222221,40.52475361111111,277
140.72275472222222,40.525196111111114,270
140.72209083333334,40.525735555555556,268
140.72180111111112,40.52591888888889,268
140.7214886111111,40.52608166666667,270
140.721175,40.52619333333333,272
140.72066416666667,40.526310555555554,276
140.7204502777778,40.526335555555555,277
140.7198025,40.526401666666665,281
140.71964194444445,40.526447222222224,282
140.719375,40.52648861111111,281
140.71909305555556,40.526584722222225,280
140.71876416666666,40.52672138888889,280
140.71823777777777,40.527031944444445,277
140.71726916666665,40.52759722222222,271
140.71630027777778,40.52816111111111,265
140.71594222222222,40.52834444444444,265
140.71531611111112,40.528954166666665,262
140.71485055555556,40.52933083333333,257
140.71447722222223,40.529584722222225,258
140.71367694444444,40.52993611111111,257
140.7127988888889,40.53027138888889,256
140.71215027777777,40.53049583333333,253
140.71190611111112,40.53059694444445,249
140.71176166666666,40.53065333333333,249
140.71110555555555,40.5309125,248
140.71038833333333,40.53118694444444,248
140.70954944444443,40.53153722222222,248
140.70858055555556,40.531934444444445,248
140.70816861111112,40.53222944444445,247
140.70800027777778,40.532361944444446,247
140.70719944444446,40.533007222222224,245
140.7064063888889,40.533652777777775,243
140.7060775,40.53394361111111,242
140.70561305555555,40.534507777777776,240
140.70508583333333,40.535153333333334,238
140.70455944444444,40.5358,237
140.70404083333332,40.53644527777778,235
140.703545,40.53708666666667,232
140.70304916666666,40.537732222222225,230
140.7025536111111,40.5383775,228
140.70253083333333,40.53851972222222,227
140.7024927777778,40.538718333333335,226
140.7024925,40.53907972222222,225
140.7025761111111,40.53926305555556,224
140.7026911111111,40.53949194444444,226
140.70295027777777,40.54013722222222,226
140.70320972222223,40.54078277777778,227
140.70339194444443,40.54123638888889,227
140.70343861111112,40.54165305555556,227
140.70343861111112,40.542258333333336,226
140.70346916666668,40.542695555555554,226
140.70340055555556,40.543015555555556,227
140.703255,40.54336722222222,226
140.7031022222222,40.543570277777775,225
140.70285055555556,40.54378388888889,225
140.7024925,40.544043055555555,225
140.70179055555556,40.54439888888889,223
140.70141611111112,40.54455194444444,224
140.70130972222222,40.544582222222225,224
140.70034083333334,40.54485138888889,223
140.7003102777778,40.54486222222222,223
140.69934166666667,40.54512583333333,224
140.69869277777778,40.54527861111111,224
140.69818944444444,40.54532416666667,222
140.69811333333334,40.54532944444444,222
140.69714444444443,40.54535027777778,224
140.69641222222222,40.545365277777776,223
140.69564194444445,40.54567027777778,217
140.6954888888889,40.54571583333333,217
140.69482472222222,40.546102222222224,216
140.6942302777778,40.546525,215
140.6938027777778,40.546956944444446,217
140.693475,40.54734861111111,215
140.69345972222223,40.54736916666667,215
140.69335555555554,40.547513611111114,214
140.69335555555554,40.547513611111114,214
140.6929947222222,40.54801472222222,212
140.69278833333334,40.54831,208
140.69265055555556,40.54856916666667,206
140.69258222222223,40.54882305555556,208
140.6925138888889,40.54911805555555,209
140.6924911111111,40.54944361111111,211
140.6924911111111,40.54975944444445,213
140.6926427777778,40.55007388888889,214
140.6929411111111,40.5505525,214
140.69358888888888,40.55119777777778,213
140.6938027777778,40.551407222222224,213
140.6940013888889,40.5517425,205
140.6941,40.552388055555554,206
140.69413916666667,40.5526225,206
140.6941075,40.553267777777776,203
140.6941,40.553385,202
140.69402416666668,40.554030833333336,203
140.69401638888888,40.55406638888889,203
140.69383305555556,40.55471222222222,206
140.69381777777778,40.554743611111114,206
140.69365083333332,40.55510916666667,204
140.69332972222222,40.55564833333333,203
140.69304,40.5561875,202
140.69270472222223,40.55683305555556,200
140.69254416666666,40.55707722222222,200
140.69213944444445,40.55772277777778,199
140.69175083333334,40.55835861111111,205
140.6916511111111,40.55849083333333,204
140.6911702777778,40.5591375,204
140.69068972222223,40.55978277777778,204
140.6901938888889,40.560322222222226,202
140.68986611111112,40.560606388888885,201
140.6892638888889,40.56115555555556,201
140.68856944444445,40.56180194444445,200
140.687875,40.5624475,199
140.6877675,40.56267111111111,195
140.68771444444445,40.563159444444445,198
140.6877525,40.563790555555556,198
140.6877525,40.56416611111111,198
140.68776,40.564216944444446,198
140.68780666666666,40.564863611111114,198
140.68781416666667,40.565463888888885,198
140.68782194444444,40.56601805555555,199
140.68782944444445,40.56666361111111,200
140.68782944444445,40.56730916666667,201
140.68780666666666,40.56760444444444,203
140.68763833333333,40.568021944444446,205
140.68737916666666,40.56836694444444,206
140.68706666666668,40.568646944444446,206
140.68665416666667,40.56896694444445,210
140.68583083333334,40.56961361111111,218
140.6856322222222,40.56979166666667,215
140.68541833333333,40.57004083333333,213
140.6852425,40.57038166666667,212
140.68516666666667,40.57069611111111,213
140.6852275,40.570996666666666,213
140.6853425,40.571332222222225,212
140.68551722222222,40.57167277777778,215
140.6859063888889,40.57231916666667,209
140.6863025,40.572964722222224,203
140.686425,40.57315805555555,201
140.6868147222222,40.573748333333334,199
140.68701194444444,40.57409861111111,205
140.68710444444446,40.574261388888885,204
140.68718027777777,40.57467888888889,202
140.68720305555556,40.574846111111114,204
140.6870663888889,40.57529861111111,205
140.686425,40.57594527777778,203
140.68640222222223,40.575964722222224,203
140.68622638888888,40.576321666666665,202
140.68614305555556,40.57669694444444,202
140.6861125,40.57734361111111,202
140.6860822222222,40.57798916666667,203
140.68606694444443,40.578269166666665,203
140.686105,40.578564166666666,203
140.68625666666668,40.579073055555554,203
140.68645527777778,40.57937777777778,202
140.68680777777777,40.57964694444444,203
140.68680666666666,40.57964583333333,203
140.68698138888888,40.57977944444445,204
140.6879502777778,40.580221944444446,203
140.68832472222223,40.580394444444444,202
140.68847666666667,40.58048138888889,201
140.68944527777776,40.581020555555554,201
140.69041416666667,40.58156388888889,201
140.69138333333333,40.58210861111111,201
140.6916275,40.58224638888889,201
140.69182583333333,40.582479722222224,205
140.6919863888889,40.582861666666666,204
140.69206222222223,40.58318194444445,205
140.69205472222222,40.583191666666664,205
140.6919938888889,40.58383805555555,205
140.69194083333332,40.58448361111111,205
140.6918863888889,40.58512916666667,205
140.6918713888889,40.58522583333333,204
140.69181805555556,40.58587222222222,200
140.69180305555557,40.58602972222222,203
140.69191694444444,40.586553611111114,204
140.69203944444445,40.58687916666667,205
140.69233666666668,40.58746416666666,199
140.69261111111112,40.58810944444444,201
140.6927638888889,40.588455555555555,202
140.69284,40.58870944444445,204
140.69289305555554,40.58910111111111,205
140.69287805555555,40.58967611111111,199
140.69284,40.59032194444445,201
140.69279444444444,40.590968333333336,202
140.69278666666668,40.59103888888889,202
140.6927411111111,40.59168555555556,201
140.69269555555556,40.59233111111111,200
140.69268805555555,40.5924125,199
140.69268055555557,40.59262583333334,201
140.6926652777778,40.593271666666666,202
140.6926488888889,40.593917222222224,203
140.6926413888889,40.593937777777775,203
140.6926877777778,40.594319722222224,201
140.6928927777778,40.59473638888889,198
140.69313694444443,40.595036944444445,198
140.69321416666668,40.59511805555555,198
140.69348861111112,40.5953775,198
140.69426666666666,40.596023055555555,199
140.69442722222223,40.596155555555555,199
140.69460194444446,40.596312777777776,200
140.6949913888889,40.59664361111111,200
140.69528833333334,40.597213333333336,199
140.69547944444443,40.59785888888889,199
140.69550222222222,40.59793055555556,199
140.69558694444444,40.59845444444444,199
140.69546416666665,40.59890138888889,198
140.69522777777777,40.59943527777778,198
140.6949,40.59986833333333,198
140.6946861111111,40.60006138888889,197
140.6942511111111,40.60055472222222,199
140.69381583333333,40.600925833333335,197
140.69305305555557,40.60117972222222,194
140.69208444444445,40.60140333333333,191
140.69164944444444,40.601510833333336,189
140.69068027777777,40.60169861111111,186
140.6898872222222,40.60186138888889,183
140.68891833333333,40.60207472222222,185
140.68881194444444,40.60210083333333,185
140.6880025,40.60241555555555,173
140.68797972222222,40.60242638888889,172
140.6871788888889,40.602934166666664,175
140.68661472222223,40.60352972222222,169
140.68631722222221,40.604033333333334,156
140.68624027777778,40.60416,153
140.68587472222222,40.604684166666665,156
140.68550027777778,40.60532972222222,157
140.68511944444444,40.60597527777778,158
140.68481333333332,40.60648388888889,158
140.68435666666667,40.60701777777778,149
140.68423,40.60711972222222,148
140.68423,40.60711972222222,148
140.68375361111111,40.607501666666664,142
140.68317416666667,40.60779138888889,136
140.68305916666668,40.60782722222222,135
140.68209027777777,40.60810166666667,132
140.6815411111111,40.608243888888886,129
140.68067083333332,40.60845722222222,127
140.67970222222223,40.608691666666665,124
140.67873333333333,40.608925,122
140.67776527777778,40.609159444444444,120
140.67715444444445,40.60932638888889,121
140.67661305555555,40.60936777777778,120
140.67629194444444,40.609383055555554,120
140.67598694444445,40.60936777777778,121
140.67574277777777,40.60933194444444,122
140.67529277777777,40.60924083333333,125
140.67488916666667,40.60916916666667,128
140.67394305555555,40.60896638888889,125
140.6729738888889,40.60876777777778,122
140.67200527777777,40.60856916666667,119
140.67173833333334,40.608533333333334,116
140.67142583333333,40.60852888888889,113
140.67111222222223,40.60855388888889,110
140.6708377777778,40.60858972222222,109
140.66986888888889,40.60870111111111,106
140.66901472222222,40.60884333333333,107
140.66830555555555,40.60910805555555,108
140.6677175,40.6093425,106
140.6670925,40.609586666666665,106
140.66652694444446,40.60993166666667,106
140.6663675,40.61006944444444,107
140.66581861111112,40.6105575,107
140.66548972222222,40.61094388888889,105
140.6651772222222,40.61148305555555,105
140.6648875,40.612073333333335,106
140.6645663888889,40.61253527777778,106
140.6643386111111,40.61284138888889,107
140.66410194444444,40.61311027777778,108
140.66370472222223,40.61345111111111,112
140.66282694444445,40.61409638888889,113
140.66271305555554,40.614177777777776,113
140.66227833333335,40.614468611111114,114
140.66174444444445,40.61481916666666,113
140.66081333333332,40.61536805555556,121
140.65994416666666,40.615967777777776,121
140.65901333333332,40.61660916666667,122
140.65880694444445,40.61674166666667,122
140.65783833333333,40.61735138888889,124
140.6575638888889,40.61754,125
140.6574411111111,40.617625555555556,124
140.65656444444446,40.618272222222224,122
140.65609138888888,40.618586944444445,122
140.65513,40.619233333333334,121
140.6543597222222,40.61970111111111,119
140.65339055555555,40.62028055555555,116
140.65324527777778,40.62036194444445,117
140.65227666666667,40.62089666666667,117
140.6513075,40.621430277777776,118
140.65033861111112,40.62194916666667,117
140.64936972222222,40.6224675,116
140.64840083333334,40.62298611111111,116
140.64743194444443,40.62350472222222,115
140.64646305555556,40.624023055555554,114
140.64549416666668,40.62454722222222,114
140.64469333333332,40.62498444444444,113
140.64372444444444,40.62549305555556,112
140.64275527777778,40.62600194444445,111
140.64197777777778,40.62641333333333,110
140.64100861111112,40.626932777777775,108
140.64070388888888,40.6271,108
140.63973472222222,40.62757305555556,106
140.63936805555556,40.62775638888889,105
140.63855222222222,40.62814777777778,97
140.6377286111111,40.628391944444445,98
140.63706472222222,40.62855472222222,97
140.6367522222222,40.62860555555555,93
140.63648416666666,40.628656666666664,92
140.63551527777778,40.62882388888889,90
140.63482944444445,40.62889,88
140.63386055555554,40.62900722222222,87
140.6336922222222,40.62903277777778,86
140.63273138888889,40.62910333333333,86
140.6318925,40.62913916666667,85
140.6311286111111,40.629124166666664,83
140.630405,40.629088333333335,80
140.6297561111111,40.62901222222222,79
140.62948916666667,40.62898194444445,79
140.62883277777777,40.62888,77
140.62811555555555,40.62871166666667,76
140.62727694444445,40.62848805555556,75
140.62725416666666,40.628482777777776,75
140.6266811111111,40.628279722222224,68
140.62578944444445,40.62792833333334,63
140.62545305555557,40.62777083333334,65
140.62502555555557,40.62754777777778,63
140.62405777777778,40.62705388888889,60
140.6240263888889,40.62703333333334,60
140.6230575,40.626545,62
140.6227147222222,40.6263725,62
140.62249333333332,40.62625527777778,61
140.62246305555556,40.626240277777775,61
140.62149416666668,40.6257975,61
140.62067055555556,40.62550777777778,60
140.61984611111112,40.62528972222222,60
140.61974722222223,40.62525388888889,60
140.61935777777776,40.6251725,59
140.6192286111111,40.62515722222222,59
140.6187175,40.625080277777776,59
140.6181675,40.625014166666666,59
140.61773333333332,40.62498361111111,58
140.61729083333333,40.62494777777778,58
140.6169088888889,40.62493805555555,58
140.61660416666666,40.62493805555555,57
140.61640555555556,40.624898055555555,57
140.61570361111112,40.624964166666665,56
140.61563527777778,40.62497388888889,56
140.61515444444444,40.62505,56
140.61446777777778,40.625187777777775,56
140.61407166666666,40.625278888888886,56
140.61356805555556,40.625416666666666,56
140.61333166666665,40.62547194444444,55
140.61311027777776,40.625548888888886,55
140.61203416666666,40.625970833333334,55
140.61129416666665,40.62630611111111,55
140.6110575,40.626423333333335,55
140.61068444444444,40.62659583333333,54
140.61027944444444,40.626779166666665,54
140.6080822222222,40.62779138888889,52
140.60340583333334,40.62992222222222,48
140.6018575,40.63063916666667,47
140.60111,40.63095361111111,47
140.59992,40.6314225,46
140.59839333333332,40.63196138888889,45
140.5973177777778,40.632286944444445,44
140.59595944444445,40.6326775,43
140.59547138888888,40.63280527777778,43
140.59406833333333,40.633135277777775,42
140.59236694444445,40.633471666666665,41
140.59161944444443,40.63359861111111,40
140.59063555555556,40.63373527777778,40
140.58926944444445,40.63389333333333,37
140.58799555555555,40.634015,36
140.58674472222222,40.63409638888889,37
140.5837075,40.634279722222225,36
140.58238083333333,40.63435555555556,36
140.58200638888889,40.634370833333335,35
140.58147277777778,40.63440638888889,35
140.57904666666667,40.63451388888889,35
140.57749833333332,40.63453888888889,34
140.5755075,40.63451388888889,33
140.574645,40.634478055555554,32
140.5733938888889,40.63438583333333,32
140.57257027777777,40.634304444444446,31
140.5719825,40.63423916666667,31
140.57131083333334,40.63413722222222,31
140.57028111111111,40.633989722222225,31
140.56909833333333,40.63376083333333,30
140.56778666666668,40.633445,30
140.56678722222222,40.633160833333335,30
140.56577277777777,40.63285583333333,30
140.56504833333332,40.63258555555556,29
140.56448305555554,40.632371944444444,29
140.56397194444443,40.63216361111111,29
140.5634,40.631904166666665,28
140.56291944444445,40.631680555555555,28
140.5619886111111,40.63122277777778,28
140.5616836111111,40.63106,28
140.56133333333332,40.63084638888889,28
140.56053138888888,40.63034305555556,28
140.5601125,40.63006861111111,28
140.55907444444443,40.62937194444444,27
140.55841138888889,40.628863055555556,27
140.55653444444445,40.62750472222222,26
140.5559236111111,40.62709805555556,28
140.55526055555555,40.62670611111111,28
140.5545361111111,40.626295,28
140.55419972222222,40.62611166666667,27
140.55342166666668,40.62574472222222,27
140.55292583333335,40.625526666666666,27
140.5525211111111,40.62537916666667,27
140.5517738888889,40.62508944444444,27
140.5508047222222,40.62478888888889,27
140.55077444444444,40.62477916666667,27
140.55040888888888,40.624671666666664,27
140.54944,40.624433055555556,27
140.54895194444444,40.62431138888889,27
140.54798277777778,40.624112777777775,27
140.54758583333333,40.62403138888889,27
140.54661694444445,40.623823055555555,27
140.54650305555555,40.62379722222222,27
140.54553416666667,40.623579166666666,27
140.54456527777776,40.623354444444445,27
140.5444652777778,40.623329444444444,26
140.54394694444446,40.623197222222224,26
140.5436725,40.623110277777776,26
140.5427036111111,40.62280527777778,26
140.54204805555557,40.622596944444446,27
140.54107944444445,40.62228666666667,26
140.54011055555554,40.62197638888889,26
140.53914166666667,40.62166055555556,26
140.53900388888889,40.621615,26
140.5389661111111,40.62131027777778,26
140.53887472222223,40.621295,26
140.53879777777777,40.62131027777778,26
140.5387597222222,40.621345833333336,26
140.53873694444445,40.62137083333333,26
140.53869138888888,40.62139694444444,26
140.53863833333332,40.62139694444444,26
140.53766944444445,40.62108666666666,26
140.53670055555557,40.62077083333333,26
140.53595305555555,40.62052666666666,26
140.53572416666665,40.620455,26
140.53572416666665,40.620455,26
140.53572416666665,40.620455,26
140.53595305555555,40.62052666666666,26
140.53670055555557,40.62077083333333,26
140.53766944444445,40.62108666666666,26
140.53863833333332,40.62139694444444,26
140.53869138888888,40.62139694444444,26
140.53873694444445,40.62137083333333,26
140.5387597222222,40.621345833333336,26
140.53879777777777,40.62131027777778,26
140.53887472222223,40.621295,26
140.5389661111111,40.62131027777778,26
140.53900388888889,40.621615,26
140.538035,40.62131027777778,26
140.5370661111111,40.621005277777776,26
140.53609722222222,40.62069916666667,26
140.53512833333335,40.62039444444444,26
140.53415972222223,40.620089444444446,26
140.53319083333332,40.61978444444444,26
140.53222166666666,40.61947861111111,26
140.53139083333335,40.619215,26
140.53042194444444,40.618899166666665,25
140.53007888888888,40.6187875,25
140.52922388888888,40.61848666666667,25
140.52856027777779,40.618187222222225,25
140.52816416666667,40.61799861111111,25
140.5275761111111,40.61770333333333,25
140.52727861111111,40.61756111111111,24
140.52666166666666,40.617220555555555,24
140.52656166666668,40.61729638888889,24
140.5264011111111,40.617455,24
140.5263025,40.61754583333333,25
140.52617333333333,40.61751,25
140.5259127777778,40.617469722222225,25
140.52573833333332,40.61745472222222,25
140.52520444444446,40.61741333333333,25
140.52456305555555,40.6173625,25
140.52375472222224,40.6173125,25
140.52306805555557,40.617286388888886,25
140.52287722222223,40.617286388888886,25
140.52264833333334,40.6173125,25
140.52244972222223,40.61734722222222,25
140.52215222222222,40.61740361111111,25
140.52152722222223,40.617560833333336,25
140.5214122222222,40.61758694444445,25
140.52113777777777,40.61763805555555,25
140.5209011111111,40.61765277777778,25
140.52064972222223,40.6176725,25
140.52041333333332,40.6176725,25
140.5199022222222,40.61765277777778,25
140.5197263888889,40.61765277777778,25
140.51956583333333,40.6176725,25
140.5194138888889,40.61770277777778,25
140.51931416666667,40.61772888888889,25
140.518345,40.61804472222222,25
140.51778861111111,40.618226944444444,25
140.51753694444446,40.61827777777778,24
140.51733083333335,40.618293055555554,24
140.51692722222222,40.618292777777775,24
140.51666777777777,40.61826777777778,24
140.5164388888889,40.618226666666665,24
140.51635416666667,40.61821138888889,24
140.5156761111111,40.61801833333333,23
140.5147075,40.617738333333335,23
140.51436333333334,40.6176375,22
140.51373833333332,40.61745416666667,22
140.51320361111112,40.61729555555556,22
140.51223472222222,40.617021111111114,23
140.51185388888888,40.616909444444445,23
140.51146444444444,40.616772777777776,23
140.51142638888888,40.616751944444445,23
140.51140361111112,40.616751944444445,23
140.51124305555555,40.61669555555556,23
140.51069416666667,40.61645138888889,23
140.51013,40.6161725,24
140.5097252777778,40.615968611111114,24
140.5092675,40.61566361111111,24
140.50915361111112,40.61555222222222,24
140.5088561111111,40.615251666666666,24
140.50837583333333,40.614646111111114,24
140.50835305555555,40.61462111111111,24
140.50805472222223,40.614335833333335,24
140.50771944444443,40.614112222222225,24
140.50688833333334,40.613705555555555,24
140.5053313888889,40.612876388888886,25
140.50526305555556,40.61284611111111,25
140.504455,40.61240333333333,25
140.50406527777778,40.61219,25
140.50315722222223,40.61168638888889,25
140.50186833333333,40.61096916666666,25
140.50155583333333,40.610796666666666,25
140.50086916666666,40.610460277777776,25
140.50067833333333,40.610395277777776,25
140.500495,40.61032888888889,25
140.50025833333333,40.61028777777778,25
140.49981666666667,40.61022166666667,25
140.49883277777778,40.61013472222222,24
140.49870277777777,40.61011944444444,24
140.49807666666666,40.61006416666667,24
140.4978172222222,40.610038055555556,24
140.49654361111112,40.60989611111111,24
140.49650583333334,40.60988638888889,24
140.49494222222222,40.6097125,24
140.4946663888889,40.609677777777776,25
140.49419444444445,40.60962111111111,25
140.4940036111111,40.609585555555554,25
140.49369,40.60950416666667,25
140.49333944444444,40.60937166666667,25
140.4932938888889,40.60934666666667,25
140.49305722222223,40.609235,25
140.49279027777777,40.6090875,25
140.49128027777778,40.608105277777774,25
140.49019638888888,40.607418611111115,27
140.49009,40.607352222222225,27
140.48985333333334,40.607205,27
140.48959444444444,40.60702722222222,27
140.48886944444445,40.60657027777778,27
140.4882661111111,40.60617861111111,28
140.48802972222222,40.60602027777778,28
140.48783111111112,40.605893333333334,29
140.48738944444443,40.60561333333333,29
140.48730472222223,40.6055525,29
140.4865575,40.60507944444444,30
140.4860463888889,40.60475388888889,30
140.4856961111111,40.60454555555555,30
140.48552777777778,40.604464166666666,30
140.48514583333332,40.60432194444444,31
140.48491805555557,40.604260277777776,30
140.48466638888888,40.60422972222222,30
140.48439055555556,40.604214722222224,31
140.4841463888889,40.60422,31
140.48387194444445,40.60425583333333,31
140.48317777777777,40.6043775,31
140.48276666666666,40.60446972222222,31
140.48260611111112,40.604509722222225,31
140.48101972222221,40.604835,31
140.48035555555555,40.604977222222224,31
140.48020694444443,40.60465583333333,22
140.48020583333334,40.604655,31
140.48006583333333,40.604352222222225,31
140.4797675,40.60373166666667,33
140.47946277777777,40.60308611111111,34
140.4792338888889,40.602602222222224,35
140.47893666666667,40.601956666666666,35
140.47864694444445,40.60135666666667,35
140.4785936111111,40.60126,35
140.47828,40.60061361111111,35
140.47918083333334,40.600410555555555,36
140.47926527777778,40.60039444444445,36
140.47926416666667,40.60039444444445,36
140.47918083333334,40.600410555555555,36
140.47828,40.60061361111111,35
140.47738055555556,40.60113722222222,35
140.4766786111111,40.601595277777776,35
140.47654083333333,40.60167666666667,35
140.4756172222222,40.60220611111111,35
140.47464861111112,40.60272444444445,34
140.47439694444444,40.60286111111111,33
140.47405388888888,40.60304472222222,33
140.47399333333334,40.603095555555555,33
140.4739086111111,40.603161944444444,33
140.47324555555556,40.6038075,32
140.4732075,40.60384333333333,32
140.47314555555556,40.60390388888889,32
140.47291666666666,40.6040775,32
140.47289388888888,40.6041025,32
140.47240583333334,40.604325833333334,33
140.47193277777777,40.604503888888885,34
140.4715975,40.60458527777778,35
140.47126972222222,40.60465138888889,38
140.47083472222224,40.6047175,38
140.46986555555554,40.60485527777778,38
140.46987972222223,40.604915,38
140.46987972222223,40.60491388888889,38
140.46986555555554,40.60485527777778,38
140.46915611111112,40.604951944444444,40
140.46883583333334,40.6049975,40
140.46786694444444,40.60513527777778,40
140.4678463888889,40.605048333333336,36
140.4678463888889,40.6050475,40
140.46772166666668,40.604529722222225,40
140.46763027777777,40.604153333333336,41
140.46756888888888,40.6037975,42
140.4675536111111,40.603655277777776,42
140.46754611111112,40.60352722222222,43
140.46750916666667,40.60337416666667,43
140.46750916666667,40.60337305555556,43
140.46750805555556,40.60337,43
140.46747,40.60331444444444,43
140.46741694444444,40.60326777777778,43
140.46734083333334,40.603252777777776,43
140.4672563888889,40.6032375,43
140.4671727777778,40.60324305555555,43
140.46686027777778,40.60330361111111,43
140.46673,40.603318888888886,43
140.4657611111111,40.60347194444444,43
140.46496027777778,40.60360416666666,44
140.46483,40.60357833333333,44
140.4648225,40.60355333333333,44
140.46476944444444,40.603496944444444,44
140.46470861111112,40.603252777777776,44
140.46373972222221,40.60342083333333,44
140.46277083333334,40.603589166666666,43
140.46275583333335,40.603593333333336,43
140.46274805555555,40.60359888888889,43
140.46189083333334,40.60375194444445,44
140.46188972222222,40.60375194444445,44
140.46177916666667,40.60377138888889,44
140.46157305555556,40.60386805555556,43
140.46148194444444,40.60393944444444,43
140.4613061111111,40.604076944444444,41
140.4612213888889,40.604234444444444,40
140.46109222222222,40.60481388888889,38
140.46103166666666,40.60492111111111,38
140.4609313888889,40.6050275,38
140.46077222222223,40.60511972222222,37
140.4602688888889,40.605220833333334,36
140.45960472222222,40.60532805555555,33
140.4593225,40.60540944444445,32
140.45859777777778,40.605780555555555,32
140.45785777777778,40.60608527777778,32
140.4568888888889,40.60642166666667,32
140.45669777777778,40.60648777777778,32
140.45660666666666,40.60650305555556,32
140.45650694444444,40.60651277777778,32
140.4556061111111,40.606747222222225,32
140.45511027777778,40.60689472222222,32
140.4547902777778,40.60706166666667,32
140.45382166666667,40.60756055555556,32
140.4537075,40.60761055555555,32
140.45331055555556,40.60781444444444,32
140.45234166666665,40.60830277777778,33
140.45217333333332,40.608378888888886,33
140.4515636111111,40.60865861111111,34
140.45059444444445,40.609095833333335,35
140.450485,40.609144722222226,35
140.4504838888889,40.609144722222226,33
140.45059444444445,40.609095833333335,35
140.45006083333334,40.608668333333334,32
140.44951194444445,40.608226944444446,33
140.44894666666667,40.60790138888889,33
140.44803083333332,40.60745333333333,33
140.44718444444445,40.6071125,33
140.44687222222223,40.60698555555555,33
140.4465825,40.606838055555556,33
140.4464675,40.60676194444444,33
140.44623083333335,40.606609166666665,33
140.44608555555556,40.60650277777778,33
140.44548333333333,40.60604472222222,33
140.44494972222222,40.60552083333334,33
140.4448575,40.60540888888889,34
140.4443463888889,40.60476222222222,34
140.44404916666667,40.60437611111111,34
140.44383527777777,40.60404638888889,34
140.44373666666667,40.6038425,35
140.44362166666667,40.60361888888889,36
140.44350777777777,40.603384444444444,36
140.4432563888889,40.603145833333336,36
140.44314888888889,40.60304388888889,37
140.44305777777777,40.60296777777778,37
140.442295,40.60237222222222,37
140.44225694444444,40.6023375,37
140.44218,40.60225055555556,37
140.4416611111111,40.601605,37
140.4415475,40.60167,37
140.44138361111112,40.60176666666667,37
140.44138361111112,40.60176666666667,37
140.4415475,40.60167,37
140.4416611111111,40.601605,37
140.4415325,40.60147694444444,37
140.4411352777778,40.601171944444445,37
140.44016638888888,40.60062305555556,37
140.44008277777777,40.60057194444445,37
140.43996,40.60051111111111,37
140.4391975,40.60017055555556,37
140.4388622222222,40.600027222222224,37
140.43885472222223,40.60002305555555,37
140.43788583333333,40.59966166666667,40
140.43777833333334,40.59963138888889,40
140.43680972222222,40.59936111111111,40
140.43591,40.59916361111111,41
140.43533722222222,40.59905611111111,40
140.43436833333334,40.598888055555555,40
140.43340055555555,40.59872083333333,40
140.43307194444444,40.59867,40
140.43210277777777,40.598465833333336,40
140.43204972222222,40.59845083333333,40
140.4314475,40.59831833333333,42
140.43084444444443,40.59816111111111,42
140.43028777777778,40.59798833333333,43
140.42957055555556,40.59775944444444,43
140.42901388888887,40.597545833333335,43
140.42858666666666,40.5973375,42
140.4280138888889,40.59702166666667,43
140.427495,40.59670166666667,43
140.4270611111111,40.596396666666664,43
140.4266338888889,40.59603,43
140.4264961111111,40.595892222222226,43
140.42607722222223,40.595435277777774,43
140.42573333333334,40.59505361111111,43
140.42549666666667,40.59477916666667,43
140.4249325,40.59413361111111,44
140.42474944444444,40.593935,44
140.42455083333334,40.59396,44
140.42428388888888,40.593935,43
140.423315,40.593808055555556,42
140.42308583333335,40.59377638888889,41
140.42298722222222,40.59374611111111,42
140.4220186111111,40.5932275,43
140.42104944444444,40.59270333333333,43
140.4208888888889,40.59261222222222,43
140.42059916666668,40.592505833333334,44
140.42020222222223,40.592393055555554,43
140.41923333333332,40.592220555555556,42
140.41860833333334,40.592103333333334,42
140.41763944444443,40.59194055555555,42
140.41731166666668,40.59188527777778,42
140.41673444444444,40.591816944444446,43
140.41673333333333,40.591816944444446,43
140.41670861111112,40.591813611111114,43
140.41593833333334,40.59178861111111,43
140.41518305555556,40.5917475,44
140.41421416666665,40.59169194444444,44
140.41398527777778,40.591676666666665,44
140.41329833333333,40.59166027777778,50
140.412475,40.59162027777778,51
140.41150611111112,40.591518055555554,50
140.41122388888888,40.59148777777778,50
140.41065111111112,40.59139666666667,51
140.40968222222222,40.59124361111111,50
140.40871333333334,40.59109055555555,48
140.40852361111112,40.59106027777778,48
140.40755472222222,40.59092361111111,48
140.40753944444444,40.590918055555555,48
140.40709666666666,40.59088777777778,48
140.40612777777778,40.59083138888889,48
140.40560944444445,40.59079666666667,47
140.40499833333334,40.59073055555555,50
140.40402944444443,40.590587222222226,50
140.4035411111111,40.59051111111111,50
140.40319833333334,40.59048638888889,50
140.40222972222222,40.59045583333333,50
140.40126055555555,40.590424166666665,50
140.40029166666667,40.59038944444445,50
140.39978833333333,40.59036888888889,50
140.39881944444446,40.5903125,50
140.3978886111111,40.59025166666667,50
140.39691944444445,40.59014527777778,50
140.39614916666667,40.59005305555556,50
140.39555333333334,40.58996194444445,50
140.39518805555556,40.58986,50
140.39481361111112,40.58974277777778,50
140.39446333333333,40.58958527777778,49
140.39416583333335,40.589437777777775,50
140.39372333333333,40.58913722222222,50
140.3930363888889,40.58861861111111,51
140.3928,40.58845138888889,51
140.39242694444445,40.58822694444444,51
140.3919613888889,40.588008888888886,51
140.39185388888887,40.587963333333335,51
140.39115194444443,40.58775388888889,50
140.39085472222223,40.58768861111111,50
140.39054222222222,40.587626944444445,50
140.389955,40.58757583333333,51
140.3889863888889,40.58757583333333,53
140.38851333333332,40.58757138888889,54
140.38845916666668,40.58756611111111,55
140.38749,40.587494444444445,56
140.3870636111111,40.587469444444444,56
140.38659055555556,40.58740888888889,56
140.38625416666667,40.58739361111111,55
140.3858888888889,40.58738805555556,55
140.38582805555555,40.58739361111111,55
140.38539277777778,40.58741861111111,56
140.38485138888888,40.58747916666667,57
140.38459972222222,40.58752055555556,58
140.3843013888889,40.58757138888889,58
140.38391277777777,40.58768861111111,59
140.38351583333332,40.587851111111114,61
140.3834625,40.58788583333333,61
140.38306555555556,40.588095277777775,64
140.38266166666668,40.588343888888886,64
140.38226472222223,40.588563055555554,63
140.3816388888889,40.5888375,63
140.38112777777778,40.58900027777778,64
140.38061666666667,40.58910222222222,65
140.38012833333335,40.58916833333333,67
140.37975527777778,40.58920861111111,66
140.37917472222222,40.58920277777778,64
140.3789,40.58920277777778,63
140.37815277777779,40.58920277777778,65
140.37762666666666,40.58920277777778,67
140.3766575,40.58919861111111,67
140.37660444444444,40.589193055555555,67
140.3759175,40.58923444444444,67
140.37554416666666,40.589295,66
140.3752763888889,40.58934611111111,65
140.37501694444444,40.589391666666664,66
140.3747425,40.589508888888886,63
140.37453638888888,40.5896,60
140.37394944444443,40.589935277777776,60
140.37371305555556,40.59007861111111,60
140.3735372222222,40.590225833333335,65
140.3732777777778,40.5906175,67
140.3728502777778,40.59126305555556,67
140.37242388888887,40.59190888888889,66
140.3719963888889,40.592554166666666,66
140.3716763888889,40.5930325,66
140.37151583333332,40.5933375,67
140.37108055555555,40.59392777777778,66
140.3710047222222,40.59399944444444,66
140.37066166666668,40.59434972222222,67
140.36995222222222,40.594786944444444,69
140.36973833333334,40.59488361111111,70
140.36952472222222,40.59493444444445,74
140.3691275,40.59498555555555,72
140.36854083333333,40.595036388888886,75
140.36757166666666,40.59514277777778,75
140.3668622222222,40.59522416666667,76
140.36656472222222,40.59526,75
140.36621333333332,40.59526,75
140.3655038888889,40.59532611111111,73
140.36491694444445,40.595376944444446,71
140.36456638888887,40.59540194444445,71
140.36436777777777,40.595418055555555,70
140.36417694444444,40.59543333333333,70
140.36388722222222,40.595483333333334,73
140.36346722222223,40.595575555555556,74
140.36319277777778,40.59563638888889,74
140.36250611111112,40.595844722222225,73
140.36197972222223,40.59609416666667,73
140.36139277777778,40.59639472222222,74
140.3607288888889,40.59677527777778,72
140.36045416666667,40.5968925,71
140.3602177777778,40.59695861111111,70
140.35982805555557,40.59699888888889,71
140.35924138888888,40.597009722222225,75
140.35898194444445,40.596968333333336,75
140.35843194444445,40.59683611111111,75
140.3581802777778,40.59675027777778,75
140.3580663888889,40.59669944444445,75
140.3577688888889,40.596510555555554,75
140.35766916666665,40.59644,75
140.357425,40.59622638888889,75
140.3573413888889,40.59612416666667,74
140.35730361111112,40.59605805555555,74
140.3570063888889,40.59546805555556,71
140.3568686111111,40.59520861111111,69
140.35653333333335,40.594563055555554,74
140.35649416666666,40.594502222222225,75
140.3561513888889,40.59406944444444,75
140.35564027777778,40.593561944444446,75
140.35519027777778,40.59326138888889,75
140.35500694444445,40.59314944444444,75
140.35446555555555,40.59285972222222,76
140.35438944444445,40.59283388888889,76
140.35362666666666,40.592595,79
140.35268083333332,40.59232611111111,81
140.35262,40.592309722222225,81
140.35165111111112,40.59209166666667,82
140.35068222222222,40.5918725,83
140.34971333333334,40.591654444444444,84
140.34874444444443,40.59144055555556,85
140.34841583333332,40.59136888888889,85
140.3482561111111,40.59133305555556,84
140.3472875,40.59112472222222,81
140.34631861111112,40.590916388888886,79
140.34563944444446,40.59077444444444,80
140.34518166666666,40.59067777777778,80
140.34477694444445,40.59059083333333,81
140.34445694444443,40.590535555555554,80
140.34412166666667,40.59049972222222,80
140.34358,40.59050944444444,85
140.34319083333332,40.590560555555555,85
140.34264166666668,40.59067777777778,85
140.3420688888889,40.59089111111111,85
140.34177166666666,40.59104305555555,85
140.34115416666666,40.59138388888889,85
140.34097833333334,40.59148583333333,85
140.3409175,40.59151611111111,85
140.34075694444445,40.59157694444445,85
140.34059638888888,40.59162805555555,85
140.34042166666666,40.59164305555556,85
140.33979583333334,40.59166916666667,86
140.33968194444444,40.591658333333335,86
140.33943027777778,40.59164861111111,87
140.33900277777778,40.591567222222224,87
140.3380338888889,40.59120166666667,87
140.33776722222223,40.591094166666664,87
140.33735472222222,40.590967222222226,87
140.3368436111111,40.59086527777778,88
140.33615694444444,40.590763333333335,89
140.33518833333332,40.590626388888886,91
140.33421916666666,40.590494166666666,93
140.33378416666667,40.590428055555556,93
140.33319722222222,40.590382222222225,93
140.33267111111113,40.590381944444445,93
140.33253333333334,40.590381944444445,93
140.3324575,40.59039194444444,93
140.33188555555554,40.59043305555556,93
140.33174,40.59045805555556,93
140.33077111111112,40.59061638888889,94
140.33050416666666,40.59065666666667,94
140.33013,40.59068166666667,94
140.32991722222224,40.59068166666667,94
140.32981777777778,40.59068166666667,94
140.3294825,40.590651111111114,94
140.3290625,40.59055027777778,94
140.32809361111111,40.59032555555556,94
140.32804805555554,40.590310555555554,94
140.32755972222222,40.59016277777778,95
140.32659083333334,40.58987861111111,96
140.32562194444444,40.58959333333333,97
140.3247063888889,40.589324166666664,97
140.32466083333333,40.58930888888889,97
140.32369194444445,40.58904416666667,98
140.32272333333333,40.58878472222222,99
140.32209055555555,40.588612222222224,99
140.32112166666667,40.58835305555556,99
140.32048805555556,40.58818472222222,99
140.31951916666668,40.58793527777778,99
140.31920666666667,40.587874444444445,99
140.31889333333334,40.58781805555556,100
140.31792416666667,40.587869166666664,101
140.31726916666668,40.58791027777778,101
140.31684916666666,40.587869166666664,102
140.31588027777778,40.587609722222226,103
140.31491166666666,40.58735027777778,104
140.314675,40.58728416666667,104
140.31415638888888,40.587136666666666,105
140.31327861111112,40.58687305555556,106
140.3123097222222,40.58658222222222,107
140.31213527777777,40.58653666666667,106
140.3112952777778,40.586018055555556,106
140.31093722222224,40.58573361111111,106
140.3100825,40.5850925,106
140.30939666666666,40.584700833333336,107
140.30928166666666,40.58464027777778,107
140.3083127777778,40.58432972222222,109
140.30787027777777,40.584182222222225,110
140.3075275,40.584065,110
140.30655833333333,40.583745,111
140.30631416666668,40.58366361111111,112
140.30534555555556,40.5833575,115
140.30481166666667,40.58316,115
140.3043463888889,40.582950833333335,116
140.3042236111111,40.582885555555556,116
140.3040261111111,40.58277805555556,116
140.30385027777777,40.582636111111114,116
140.3034761111111,40.58231055555556,116
140.30320916666668,40.58205111111111,116
140.30299555555555,40.581807222222224,116
140.30256916666667,40.58131916666667,116
140.3020961111111,40.58074944444444,117
140.30193555555556,40.580550833333334,117
140.30160027777777,40.58020027777778,118
140.30109694444445,40.579635,118
140.30073777777778,40.57921833333333,119
140.30012805555555,40.57857305555556,119
140.30009666666666,40.578541666666666,119
140.30008138888888,40.57853166666667,119
140.29973527777778,40.57815083333333,120
140.29973416666667,40.57814972222222,120
140.29949444444443,40.57788611111111,120
140.2993111111111,40.577600833333335,120
140.2991975,40.577245,120
140.29915944444446,40.57714277777778,120
140.29905944444445,40.576609166666664,121
140.29905944444445,40.57615138888889,120
140.29907472222223,40.57600388888889,120
140.29911277777776,40.57580083333333,120
140.2990822222222,40.57572944444444,120
140.29903666666667,40.57566861111111,120
140.29901388888888,40.575653333333335,120
140.29896083333333,40.575607777777776,120
140.29874694444445,40.57547527777778,118
140.29866361111112,40.57541888888889,116
140.29853333333332,40.575291944444444,115
140.29813611111112,40.5747375,106
140.29808305555557,40.574661666666664,106
140.29797666666667,40.57457472222222,105
140.29780833333334,40.57451944444445,104
140.29711444444445,40.57454972222222,107
140.29645888888888,40.57443277777778,108
140.29571027777777,40.57426,106
140.2956875,40.57422444444445,105
140.29563416666667,40.574152777777776,101
140.29555833333333,40.57403111111111,101
140.2951611111111,40.57338444444444,102
140.29479583333332,40.5728,110
140.29479583333332,40.57261222222222,111
140.294925,40.57222055555555,113
140.2951386111111,40.57157472222222,117
140.2953525,40.570928055555555,121
140.29542083333334,40.57076111111111,121
140.29552055555556,40.570593055555555,122
140.29571055555556,40.57038472222222,124
140.29510055555556,40.569738055555554,120
140.29500944444445,40.56964166666667,120
140.29490222222222,40.56947888888889,120
140.2948111111111,40.56928555555555,123
140.2946125,40.56864,120
140.2944063888889,40.567994444444444,118
140.29423833333334,40.567485833333336,116
140.2941397222222,40.5673175,120
140.29394861111112,40.56707888888889,121
140.29381194444446,40.566900833333335,120
140.2936361111111,40.56672722222222,116
140.2934225,40.566560277777775,109
140.29308694444444,40.56630527777778,109
140.29261416666668,40.565960277777776,120
140.29164527777777,40.56533944444445,128
140.2913088888889,40.56512027777778,131
140.29126333333335,40.565084444444445,133
140.29106472222222,40.56500861111111,133
140.29085972222222,40.5649425,136
140.29066111111112,40.56489694444444,137
140.29050805555556,40.564861111111114,138
140.29030972222222,40.56482527777778,138
140.28993666666668,40.56477972222222,137
140.28966194444445,40.56474388888889,136
140.28869305555557,40.56459638888889,138
140.2879986111111,40.564484444444446,138
140.28702972222223,40.5643325,138
140.28613694444445,40.564185,137
140.28592333333333,40.56415361111111,137
140.28571055555557,40.56411888888889,136
140.28551194444444,40.56406777777778,136
140.2853286111111,40.564011388888886,135
140.28515277777777,40.56393555555555,136
140.28498583333334,40.56385944444445,136
140.2848402777778,40.563767222222225,137
140.28471,40.563670555555554,137
140.2845961111111,40.56355888888889,137
140.2844975,40.56346222222222,137
140.2843975,40.56333,136
140.28431416666666,40.56319333333333,136
140.28425333333334,40.563045555555554,133
140.2841611111111,40.56281166666667,132
140.2840625,40.56252611111111,128
140.28384111111112,40.561880555555554,118
140.28374888888888,40.56164722222222,117
140.28366555555556,40.56135222222222,116
140.28365027777778,40.56129583333333,119
140.28359722222223,40.561051666666664,123
140.28359722222223,40.56089638888889,124
140.28359722222223,40.560895277777774,124
140.28359722222223,40.56086833333333,125
140.28361222222222,40.56068583333333,125
140.28367305555557,40.56034555555556,128
140.28370333333334,40.56021305555556,127
140.28370333333334,40.560085,127
140.28370333333334,40.55995388888889,126
140.28368833333334,40.55982138888889,128
140.28365027777778,40.559643333333334,127
140.28358944444443,40.55941888888889,126
140.28351361111112,40.55921055555556,126
140.28339083333333,40.55896194444444,126
140.28333777777777,40.558844722222226,127
140.28274222222223,40.55819805555556,122
140.28259055555554,40.558035277777776,120
140.2824222222222,40.55777194444445,119
140.28235388888888,40.5574975,119
140.28235388888888,40.55729361111111,121
140.28239944444445,40.556693333333335,122
140.28238416666667,40.5563375,124
140.2823386111111,40.55610305555555,127
140.28223888888888,40.555792777777775,128
140.2821025,40.55551861111111,128
140.2819113888889,40.55522888888889,128
140.2818127777778,40.55507166666667,128
140.28163694444444,40.5548275,128
140.2813852777778,40.55448138888889,129
140.28114861111112,40.554186111111115,128
140.28090444444445,40.55390611111111,131
140.280485,40.55352,134
140.27979027777778,40.55287444444444,139
140.2791036111111,40.55222777777778,144
140.2787986111111,40.55195333333333,145
140.27850166666667,40.55170388888889,144
140.27825,40.55153111111111,144
140.27797527777778,40.551338055555554,144
140.27781472222222,40.55124694444444,144
140.27773888888888,40.55119583333333,145
140.27734916666665,40.55097138888889,147
140.276785,40.550711944444444,150
140.2762136111111,40.55046361111111,152
140.27577833333334,40.55028027777778,155
140.27535083333333,40.550086944444445,156
140.27501555555557,40.549913333333336,157
140.274855,40.5498125,157
140.27472583333332,40.54974638888889,157
140.27448944444444,40.54958777777778,157
140.2742288888889,40.549394722222225,156
140.2739013888889,40.54910527777778,153
140.27380277777777,40.54899361111111,152
140.27361166666665,40.548795,152
140.2733372222222,40.54844444444444,151
140.27312361111112,40.54814388888889,149
140.27284138888888,40.54774777777778,149
140.27239111111112,40.54710111111111,149
140.27194111111112,40.54645583333333,149
140.27148305555556,40.545810277777775,153
140.27110222222223,40.54528083333334,157
140.27067472222222,40.544635,157
140.2704386111111,40.54427944444444,157
140.2700413888889,40.54363277777778,163
140.2699275,40.54345472222222,164
140.2697061111111,40.54306305555556,166
140.26966805555554,40.5429925,166
140.26932416666668,40.542345833333336,167
140.26928611111111,40.54218861111111,167
140.2692636111111,40.54202027777778,167
140.2692788888889,40.54186305555555,168
140.26932444444444,40.54166472222222,169
140.26941666666667,40.541486666666664,168
140.2695686111111,40.54125777777778,169
140.2697672222222,40.54104944444445,168
140.2700188888889,40.54078027777778,168
140.27052972222222,40.54013361111111,163
140.2705913888889,40.540057777777776,163
140.27062972222222,40.539865,163
140.27067527777777,40.539656666666666,163
140.27071333333333,40.539295277777775,163
140.27077416666665,40.538649722222225,163
140.2709497222222,40.53823194444445,161
140.27108,40.5379725,162
140.2714002777778,40.537327222222224,165
140.27171277777776,40.53668166666667,167
140.2718125,40.536299722222225,176
140.2718277777778,40.53591333333333,176
140.27166694444443,40.535313611111114,178
140.27152166666667,40.534906666666664,181
140.27129305555556,40.53426,186
140.27106527777778,40.533614444444446,192
140.27091222222222,40.53339527777778,192
140.27046194444443,40.53274972222222,193
140.27043916666668,40.53273472222222,193
140.26972972222222,40.532088888888886,194
140.26887583333334,40.531565,187
140.26833333333335,40.531417222222224,193
140.26736444444444,40.53116333333333,203
140.26644222222222,40.531396666666666,196
140.2662361111111,40.53148361111111,197
140.26526722222223,40.53187527777778,197
140.26487,40.53217444444444,201
140.2640311111111,40.53282111111111,210
140.26369472222223,40.53321722222222,220
140.26326083333333,40.53373694444444,232
140.26282555555557,40.53425527777778,245
140.26269555555555,40.53434111111111,245
140.26177972222223,40.53498777777778,244
140.26090333333335,40.53523194444445,243
140.26015555555554,40.535338333333335,242
140.25919416666667,40.53525666666667,241
140.25851527777778,40.53507361111111,241
140.25837083333334,40.53503333333333,231
140.25836222222222,40.53502777777778,231
140.2575463888889,40.53473805555556,244
140.2567302777778,40.53444861111111,257
140.2565925,40.5343975,265
140.25570083333332,40.53409694444444,268
140.25473194444444,40.53377138888889,272
140.2546397222222,40.53374111111111,270
140.25406027777777,40.53355333333333,257
140.25348833333334,40.533364444444445,244
140.253305,40.53337527777778,249
140.25275638888888,40.533390555555556,261
140.25274,40.533395,261
140.2517711111111,40.53352722222222,249
140.25080305555556,40.533655277777775,237
140.250535,40.533634722222224,235
140.2495663888889,40.533568333333335,227
140.2485975,40.5335075,218
140.24762972222223,40.53344555555555,210
140.24762083333334,40.53344138888889,210
140.24665305555556,40.53324805555555,201
140.24653083333334,40.533186388888886,204
140.24643194444445,40.53312,201
140.2462561111111,40.53298777777778,206
140.2460425,40.53265805555556,199
140.24598916666667,40.532179722222224,197
140.2459663888889,40.53185416666667,195
140.24595888888888,40.53172166666667,194
140.24588944444446,40.53159472222222,192
140.24566805555557,40.53147333333333,189
140.24470055555557,40.53101,190
140.24439444444445,40.530862222222225,190
140.24416555555555,40.530771111111115,192
140.24402111111112,40.53071472222222,194
140.2430675,40.53030777777778,193
140.24289166666668,40.53021666666667,191
140.24224305555555,40.52961694444444,192
140.24206833333332,40.529515,194
140.24181666666667,40.529423888888886,196
140.24090833333332,40.529291111111114,195
140.23989416666666,40.529265,185
140.23925277777778,40.529265,189
140.2386811111111,40.529265,193
140.23846722222223,40.52922916666667,194
140.2383686111111,40.52914777777778,195
140.2378336111111,40.52842111111111,197
140.23778055555556,40.52834527777778,196
140.23748333333333,40.527923055555554,197
140.23734555555555,40.52778,196
140.23711666666668,40.527586666666664,195
140.23662083333335,40.52724166666667,195
140.23631583333332,40.527098611111114,193
140.2360338888889,40.527032222222225,193
140.23564416666667,40.52703777777778,194
140.23482083333334,40.527195,189
140.2341947222222,40.527323055555556,190
140.2333788888889,40.52743888888889,196
140.2328222222222,40.52726638888889,201
140.2313425,40.526630555555556,207
140.23071638888888,40.526406944444446,206
140.23061,40.52635611111111,205
140.23019805555555,40.526136944444445,206
140.2297325,40.526025,207
140.22967944444446,40.52600555555556,207
140.22920638888888,40.52590361111111,206
140.22885583333334,40.52586222222222,208
140.22877861111112,40.525847222222225,208
140.2283977777778,40.52578638888889,208
140.22804638888888,40.52578638888889,208
140.22742916666667,40.52592416666667,207
140.2271925,40.525913333333335,206
140.2270472222222,40.525913333333335,206
140.22642222222223,40.52573,206
140.22617055555557,40.525689722222225,206
140.22595666666666,40.525663888888886,206
140.22498777777778,40.52563888888889,201
140.22407222222222,40.52561388888889,196
140.2231336111111,40.525578055555556,200
140.22286666666668,40.52553694444445,200
140.22256944444445,40.52548138888889,200
140.2223936111111,40.52540444444445,201
140.22188277777778,40.525191666666665,202
140.2212338888889,40.5249475,202
140.2211352777778,40.52489111111111,202
140.22104416666667,40.52480444444444,203
140.2206925,40.52434638888889,205
140.22047111111112,40.52411305555555,206
140.22023472222222,40.523945,206
140.21989194444444,40.52374638888889,208
140.21964777777777,40.52310638888889,211
140.21960222222222,40.52299472222222,212
140.21938083333333,40.522348055555554,214
140.21938083333333,40.52218083333333,213
140.21943416666667,40.52207361111111,213
140.21943416666667,40.52194111111111,212
140.2193125,40.52173833333333,214
140.21924638888888,40.52162527777778,215
140.2192452777778,40.52162444444444,215
140.2193125,40.52173833333333,214
140.21943416666667,40.52194111111111,212
140.21943416666667,40.52207361111111,213
140.21938083333333,40.52218083333333,213
140.21938083333333,40.522348055555554,214
140.21960222222222,40.52299472222222,212
140.21964777777777,40.52310638888889,211
140.21989194444444,40.52374638888889,208
140.21976194444446,40.52369111111111,208
140.21938083333333,40.52348722222222,209
140.21879277777776,40.523182222222225,213
140.2183361111111,40.52294361111111,213
140.2173672222222,40.52244972222222,214
140.21722194444445,40.522311944444446,212
140.2169702777778,40.52198666666666,213
140.21687583333335,40.521863055555556,213
140.21687472222223,40.521861944444446,213
140.21647444444446,40.52134111111111,213
140.21604694444446,40.52071611111111,214
140.21579527777777,40.52044583333333,215
140.21571194444445,40.520430833333336,217
140.21475805555556,40.52081694444445,215
140.2144986111111,40.5208225,215
140.21379666666667,40.5208475,215
140.21367416666666,40.5208625,215
140.2127052777778,40.520939444444444,214
140.2120575,40.52104583333333,214
140.211745,40.52105666666667,215
140.21163777777778,40.521030555555555,215
140.21154638888888,40.52092861111111,212
140.21146944444445,40.52068,214
140.21134805555556,40.520471666666666,214
140.21122527777777,40.52032444444445,213
140.21093555555555,40.52019194444444,212
140.21090527777778,40.520181111111114,212
140.20993666666666,40.520023611111114,214
140.20905972222224,40.519870555555556,214
140.20863222222223,40.519870555555556,215
140.20839583333333,40.5199325,213
140.20761055555556,40.51989666666667,214
140.20728166666666,40.51988138888889,218
140.20708305555556,40.51985527777778,219
140.2068627777778,40.519825,221
140.20589388888888,40.51969805555556,226
140.20562583333333,40.51968277777778,226
140.20488583333332,40.51966222222222,226
140.20461166666666,40.51966222222222,225
140.20451277777778,40.51966222222222,226
140.2038488888889,40.51977388888889,226
140.2035363888889,40.51977388888889,226
140.20329972222223,40.51969805555556,225
140.2032011111111,40.51960694444445,223
140.2030861111111,40.51952,222
140.20278861111112,40.51927055555556,215
140.20259777777778,40.51918916666666,216
140.20244472222222,40.51907194444444,214
140.20222444444445,40.51887888888889,215
140.20208666666667,40.5188125,215
140.2017363888889,40.51882361111111,213
140.2015986111111,40.518787777777774,212
140.20148361111112,40.51869638888889,214
140.20136194444444,40.518528333333336,209
140.20114833333332,40.518055277777776,206
140.20098777777778,40.51755722222222,203
140.20091944444445,40.51748027777778,203
140.20076,40.51748027777778,199
140.20059916666668,40.517516111111114,198
140.2005386111111,40.51754638888889,197
140.20017166666668,40.51772444444445,200
140.19997333333333,40.51801944444444,213
140.19995805555556,40.51804,214
140.19978333333333,40.51839583333334,217
140.19974416666668,40.518528333333336,215
140.1996986111111,40.51864527777778,214
140.1996,40.51871583333333,214
140.19931027777778,40.51878194444444,215
140.19913444444444,40.518838333333335,221
140.19886,40.51904138888889,220
140.1986388888889,40.51914861111111,220
140.19839472222222,40.51914861111111,221
140.1983338888889,40.51911277777778,220
140.19824916666667,40.518970833333334,224
140.1981125,40.51881222222222,225
140.19794444444443,40.51869611111111,227
140.19762416666666,40.51867027777778,229
140.19725,40.518655,231
140.19713611111112,40.51855305555556,230
140.1970211111111,40.518390277777776,234
140.1968613888889,40.518274166666664,235
140.1962352777778,40.51797361111111,233
140.1958613888889,40.51770444444445,240
140.19538944444446,40.51737888888889,245
140.19527444444444,40.51737361111111,245
140.1951363888889,40.517424444444444,245
140.1950225,40.51743972222222,245
140.1949238888889,40.517424444444444,245
140.1947252777778,40.5173225,248
140.19457222222223,40.5173075,253
140.194275,40.51739861111111,255
140.1940763888889,40.517403888888886,254
140.19398527777778,40.51737888888889,254
140.1934588888889,40.517088055555554,265
140.19337444444446,40.51707305555556,265
140.19332111111112,40.51709916666667,267
140.1932225,40.51747,266
140.19314527777777,40.51757222222222,266
140.19303916666667,40.51761222222222,267
140.192695,40.51763833333333,268
140.19253555555557,40.51772944444444,268
140.19235972222222,40.517871666666665,268
140.19218416666666,40.517937777777774,267
140.19204722222221,40.517937777777774,267
140.19196277777777,40.517897777777776,266
140.19178833333334,40.51768833333333,267
140.1916125,40.51753638888889,268
140.19137583333332,40.51746472222222,266
140.19083444444445,40.51746472222222,262
140.1907736111111,40.51742888888889,263
140.19068916666666,40.517286666666664,263
140.19053722222222,40.517154444444444,265
140.19041444444446,40.517180277777776,267
140.1903613888889,40.51724111111111,266
140.19027027777778,40.517337777777776,263
140.19020083333334,40.517455,263
140.1901247222222,40.51752111111111,263
140.19003361111112,40.517515833333334,263
140.18938472222223,40.517271666666666,256
140.18932416666667,40.5172975,258
140.18932416666667,40.517337777777776,258
140.1894075,40.51743972222222,256
140.1894761111111,40.51753638888889,256
140.18944555555555,40.517587222222225,254
140.18936194444444,40.51763833333333,255
140.18840055555555,40.517672777777776,250
140.18750805555555,40.51779,254
140.18732444444444,40.51776944444445,249
140.18683638888888,40.51757194444444,236
140.18628722222223,40.5173625,233
140.18617333333333,40.51737861111111,231
140.1860886111111,40.517428611111114,227
140.18585972222223,40.5176425,240
140.1857838888889,40.51771388888889,244
140.18566222222222,40.51776944444445,244
140.18553972222222,40.51776944444445,245
140.1850513888889,40.517672777777776,242
140.18487555555555,40.51767805555556,242
140.1847236111111,40.51776944444445,243
140.1846238888889,40.517805,240
140.18454777777777,40.517780277777774,240
140.18447194444445,40.51763805555556,244
140.18434944444445,40.517494722222224,242
140.18409,40.51739833333333,242
140.18389916666666,40.5173125,242
140.18382333333332,40.517246388888886,242
140.18382333333332,40.51713888888889,243
140.1837625,40.51707277777778,243
140.18364,40.5170575,243
140.18348805555556,40.51706305555555,242
140.18329694444444,40.51712361111111,234
140.18257222222223,40.517297222222226,236
140.18190805555557,40.517428611111114,237
140.18152722222223,40.51745472222222,233
140.1812213888889,40.5173625,231
140.18093916666666,40.51722027777778,236
140.18074944444444,40.517021666666665,240
140.18053555555556,40.51677333333333,243
140.18026138888888,40.51650305555555,244
140.18006277777778,40.51644777777778,242
140.17978833333333,40.5164325,244
140.1796125,40.516396666666665,243
140.17943666666667,40.51632083333333,242
140.17932277777777,40.516198055555556,242
140.17921527777779,40.51604527777778,241
140.1791088888889,40.51603,233
140.17871194444444,40.51616222222222,244
140.17869666666667,40.51627944444444,246
140.17872694444443,40.51641194444444,248
140.17879638888888,40.51658972222222,254
140.17890277777778,40.516731944444444,251
140.17902444444445,40.51684888888889,252
140.17936083333333,40.51700611111111,254
140.17962777777777,40.51712333333333,247
140.17967333333334,40.51722,246
140.17965055555555,40.517271111111114,246
140.17955916666668,40.51734694444445,246
140.1789711111111,40.51767777777778,246
140.17869666666667,40.51787111111111,247
140.1785361111111,40.518029444444444,248
140.17847527777778,40.518145555555556,246
140.17837666666668,40.518395,246
140.1782386111111,40.51889861111111,248
140.17797194444444,40.51937138888889,248
140.17777333333333,40.51968166666666,248
140.1775986111111,40.519865,245
140.17732416666666,40.51996166666667,246
140.17702555555556,40.52003777777778,244
140.17647666666667,40.52008861111111,243
140.17632361111112,40.520145,243
140.1759275,40.52055611111111,244
140.17582777777778,40.52068833333333,245
140.17575166666666,40.52082083333333,247
140.17573666666667,40.52101388888889,248
140.17575166666666,40.52115611111111,245
140.17579722222223,40.52129388888889,241
140.1759502777778,40.521547777777776,236
140.1761488888889,40.5218125,237
140.17643833333332,40.52211305555556,232
140.17652194444443,40.52220416666667,231
140.17693416666665,40.522646944444446,232
140.1770025,40.52270222222222,235
140.17713277777779,40.52276416666667,234
140.17736166666666,40.522779444444446,236
140.17758305555554,40.522819444444444,233
140.17778805555557,40.522595833333334,229
140.17818527777777,40.52252,228
140.17897083333332,40.522845555555556,229
140.17906305555556,40.522845555555556,228
140.17916194444444,40.52280416666667,228
140.1792377777778,40.52274361111111,228
140.1793225,40.52261111111111,228
140.17936055555555,40.52247888888889,228
140.17945916666667,40.52203166666666,227
140.17945916666667,40.52193944444444,227
140.1794136111111,40.52185388888889,226
140.1793377777778,40.52179722222222,226
140.17919972222222,40.52173111111111,226
140.17902416666666,40.521680277777776,226
140.17891,40.521613888888886,226
140.17882666666668,40.521528333333336,226
140.1786888888889,40.52130388888889,225
140.17859,40.52117694444444,225
140.17851305555556,40.52113694444444,225
140.17834583333334,40.52113138888889,225
140.17814722222224,40.52113138888889,225
140.1777275,40.521186388888886,226
140.17765916666667,40.52117666666667,226
140.17765916666667,40.52113666666666,226
140.17768944444444,40.521065,226
140.17768944444444,40.521065,226
</coordinates>
</LineString>
</Placemark>
</Document>
</kml>
