<?xml version="1.0" encoding="UTF-8"?>
<kml xmlns="http://www.opengis.net/kml/2.2" xmlns:atom="http://www.w3.org/2005/Atom">
<Document>
<name>wcc月例走行会　2013年5月</name>
<atom:author>
<atom:name>ひまわりパパ</atom:name>
</atom:author> 
<atom:link href="https://latlonglab.yahoo.co.jp/route/watch?id=4ba7a5c03f375ec361a46c70411394ef" />
<description><![CDATA[]]></description>
<tags><![CDATA[]]></tags>  
<Placemark>
<Style>
<LineStyle>
<color>99ff0000</color>
<width>6</width>
</LineStyle>
</Style>
<LineString>
<coordinates>
135.18905972222223,34.21409138888889,3
135.18918888888888,34.213995,3
135.18921166666667,34.213857222222224,3
135.18922694444444,34.21383222222222,3
135.18925083333335,34.21376583333333,3
135.1894786111111,34.21333416666667,3
135.1895252777778,34.213226666666664,3
135.18966194444445,34.21283527777778,3
135.1899136111111,34.21252055555556,3
135.19006666666667,34.2123275,3
135.19016555555555,34.212225277777776,3
135.1905397222222,34.21184888888889,3
135.19053444444444,34.211844444444445,2
135.19053222222223,34.2118425,3
135.1905397222222,34.21184888888889,3
135.19057777777778,34.21180777777778,3
135.19069166666668,34.21174138888889,3
135.19127972222222,34.21138555555556,3
135.19224888888888,34.21080111111111,3
135.19228555555554,34.21080861111111,3
135.19228444444445,34.21080861111111,3
135.19241666666667,34.210836666666665,3
135.19266083333332,34.2108825,3
135.19282777777778,34.21091805555555,3
135.19296583333335,34.21095388888889,3
135.19311,34.21099944444445,3
135.1933238888889,34.21108638888889,3
135.19332916666667,34.21107777777778,3
135.19332916666667,34.21107777777778,3
135.19348444444444,34.210836666666665,3
135.1935375,34.21077611111111,3
135.1937286111111,34.21064361111111,3
135.19395,34.210435277777776,3
135.19398777777778,34.21039416666667,3
135.19410166666665,34.21029305555555,3
135.1941788888889,34.210125,3
135.19428527777777,34.210053333333335,3
135.19432305555554,34.210053333333335,3
135.19434055555556,34.210053333333335,3
135.19433944444444,34.210053333333335,3
135.19459,34.210053333333335,3
135.1949263888889,34.21005888888889,3
135.19507833333333,34.21005888888889,3
135.1950838888889,34.210054444444445,3
135.1950838888889,34.210054444444445,3
135.19514777777778,34.210007777777776,3
135.1952388888889,34.20991111111111,3
135.19542222222222,34.20970722222222,3
135.1955513888889,34.209585833333335,3
135.19565138888888,34.209525,3
135.1959788888889,34.20936694444445,3
135.19600166666666,34.20931138888889,3
135.19629916666668,34.20906194444444,3
135.19636083333333,34.20902611111111,3
135.19651277777777,34.20894472222222,3
135.1966277777778,34.20885888888889,3
135.19681111111112,34.20871138888889,3
135.19708583333335,34.20849222222222,3
135.1972147222222,34.20838583333333,3
135.1975663888889,34.20814166666667,3
135.19784055555556,34.20797888888889,3
135.1979088888889,34.20793777777778,3
135.19800027777777,34.20789222222222,3
135.19815305555557,34.207835833333334,3
135.19823666666667,34.20780111111111,3
135.19829083333335,34.207795555555556,3
135.1984125,34.207770555555555,3
135.19864916666666,34.20771972222222,3
135.1988247222222,34.207704444444445,3
135.19898444444445,34.20768388888889,3
135.19899194444446,34.20768277777778,3
135.19899083333334,34.20768277777778,3
135.1992977777778,34.20765388888889,3
135.199465,34.2076125,3
135.1996863888889,34.207546388888886,3
135.19982416666667,34.207500833333334,3
135.20005305555554,34.20744555555556,4
135.2001138888889,34.20742472222222,4
135.2002125,34.20738361111111,4
135.2002897222222,34.20735333333333,4
135.20047305555556,34.207277222222224,4
135.20060972222223,34.20724138888889,4
135.20116638888888,34.20722611111111,4
135.20213527777778,34.20720138888889,4
135.2023638888889,34.207185,4
135.2025475,34.20717527777778,4
135.20270027777778,34.20716,4
135.20286,34.20715472222222,4
135.20295222222222,34.207145,4
135.20303555555554,34.20712972222222,4
135.20311166666667,34.20710361111111,4
135.2031736111111,34.207033055555556,4
135.20334055555554,34.206809444444445,4
135.20363694444444,34.2065275,4
135.20363694444444,34.2065275,4
135.20364666666666,34.20651888888889,4
135.20428666666666,34.20641277777778,4
135.20450055555557,34.20639222222222,4
135.20469916666667,34.20639222222222,5
135.20521027777778,34.20644305555555,5
135.20537833333333,34.20644305555555,5
135.20553777777778,34.206428055555556,5
135.20559972222222,34.20641805555555,5
135.20579722222223,34.20637694444444,5
135.2059275,34.20634666666667,5
135.20642333333333,34.20619361111111,5
135.20662944444445,34.206161944444446,5
135.20662833333333,34.20616305555556,5
135.20669027777777,34.20615333333333,6
135.2067888888889,34.206138333333335,6
135.20768916666665,34.206229444444446,6
135.20822305555555,34.20630083333333,6
135.20822527777779,34.20629111111111,5
135.20822527777779,34.20629,7
135.2082763888889,34.20606333333333,11
135.2082763888889,34.20606222222222,6
135.208285,34.20602638888889,6
135.20894027777777,34.20616305555556,6
135.20911611111111,34.20619888888889,6
135.210085,34.20636722222222,5
135.21026083333334,34.20638777777778,5
135.21039,34.20636722222222,5
135.21073388888888,34.20625972222222,5
135.21087083333333,34.20620861111111,5
135.21096194444445,34.20614361111111,4
135.2109888888889,34.20612083333334,4
135.2109888888889,34.20612083333334,4
135.21096194444445,34.20614361111111,4
135.21100083333334,34.205578333333335,4
135.21098583333332,34.20556305555556,4
135.2110463888889,34.205213055555554,3
135.21118305555555,34.20456611111111,3
135.21132111111112,34.203920555555555,2
135.2113513888889,34.20380888888889,2
135.21137416666667,34.20368611111111,2
135.21137416666667,34.20360055555555,2
135.21141222222224,34.20339638888889,2
135.21151194444445,34.20275111111111,2
135.21155,34.20252222222222,2
135.21156527777777,34.20243555555555,2
135.2116638888889,34.20182027777778,2
135.21164861111112,34.201810555555554,2
135.21164222222222,34.20180944444444,2
135.2116411111111,34.20180944444444,2
135.21142722222223,34.201769166666665,3
135.2113513888889,34.201744166666664,3
135.21142722222223,34.20171805555555,3
135.21163361111113,34.20168777777778,2
135.2116713888889,34.20166277777778,3
135.21170305555555,34.20164222222222,2
135.21171055555556,34.201611944444444,2
135.21172583333333,34.20156083333333,3
135.21173333333334,34.20144361111111,3
135.21177138888888,34.201205,3
135.21180166666667,34.20113888888889,3
135.21184722222222,34.20111388888889,3
135.21190055555556,34.20109305555555,3
135.21233527777778,34.200895,3
135.21235805555557,34.20087,2
135.21237333333335,34.20083416666667,2
135.21241111111112,34.2007375,2
135.21245027777778,34.200671388888885,3
135.21249583333332,34.20062027777778,2
135.21257166666666,34.20059444444444,2
135.212625,34.20056944444445,2
135.2126477777778,34.200538888888886,2
135.21280833333333,34.20039694444444,2
135.21287666666666,34.200355555555554,2
135.21296138888889,34.20031,2
135.2130113888889,34.20028611111111,2
135.21301027777778,34.20028611111111,2
135.21309805555555,34.20024388888889,2
135.21311333333333,34.200203611111114,2
135.2131588888889,34.20009638888889,2
135.21317194444444,34.2000975,2
135.21317083333332,34.2000975,2
135.21353305555556,34.20012222222222,2
135.2136711111111,34.20015277777778,2
135.21425027777778,34.20021888888889,2
135.21499805555555,34.20031,2
135.21527138888888,34.20034138888889,2
135.2152702777778,34.20034138888889,2
135.21531055555556,34.20034583333333,2
135.2153725,34.2001375,2
135.21543305555556,34.19994333333333,2
135.21552416666665,34.19969472222222,2
135.2155775,34.19950166666667,2
135.21560027777778,34.19938472222222,2
135.21562416666666,34.19920138888889,2
135.21563166666667,34.19916111111111,2
135.21572277777778,34.19851444444444,2
135.2157761111111,34.198230277777775,2
135.21579888888888,34.19815333333333,2
135.2158086111111,34.19813361111111,2
135.2158086111111,34.1981325,2
135.21586055555557,34.19802194444444,2
135.21588333333332,34.198011111111114,2
135.21595166666665,34.19800138888889,2
135.21663833333332,34.19789388888889,2
135.21717222222222,34.19780277777778,2
135.21728611111112,34.1977875,2
135.2182475,34.197630555555556,2
135.2192163888889,34.197471944444445,2
135.21946055555554,34.197426388888886,2
135.21959833333332,34.19738638888889,2
135.21963,34.19736694444445,2
135.21962888888888,34.19736694444445,2
135.21968944444444,34.19733,2
135.21972722222222,34.197269166666665,2
135.22004833333332,34.197314722222224,2
135.22065055555555,34.19738638888889,3
135.2209327777778,34.197426388888886,3
135.22097083333333,34.19743722222222,3
135.22127666666665,34.1974775,3
135.2214136111111,34.19746222222222,3
135.22149805555554,34.197471944444445,3
135.22202444444446,34.19756861111111,3
135.22233694444444,34.197630555555556,3
135.22318444444446,34.1977725,3
135.22333583333332,34.19781277777778,3
135.2238013888889,34.19788972222222,3
135.2243102777778,34.197964722222224,3
135.22430916666667,34.19796361111111,3
135.22435805555557,34.19797111111111,3
135.224435,34.19766083333333,4
135.22449583333332,34.197269166666665,4
135.22464888888888,34.19662388888889,4
135.22478555555554,34.19605416666667,4
135.22492333333332,34.1954075,4
135.22498416666667,34.195168611111114,4
135.22499944444445,34.195123055555555,4
135.22506,34.19498,4
135.22513722222223,34.194589444444446,4
135.22525861111112,34.194156666666665,4
135.22525861111112,34.19403944444444,4
135.22525861111112,34.194003611111114,4
135.22528916666667,34.1939125,4
135.22531083333334,34.19383666666667,4
135.22531083333334,34.19383555555556,4
135.22531194444446,34.19383111111111,4
135.2253575,34.193765,4
135.22560166666668,34.193505555555554,5
135.22560916666666,34.19346,5
135.22560916666666,34.19341444444444,5
135.22552555555555,34.19325166666667,5
135.22551055555556,34.19318,5
135.22554416666668,34.193038055555554,5
135.22554416666668,34.193036944444444,5
135.2255636111111,34.19295666666667,5
135.22574694444444,34.192971666666665,5
135.22585333333333,34.19296638888889,5
135.2268222222222,34.19295666666667,6
135.22708277777778,34.19294611111111,6
135.2273972222222,34.19291222222222,6
135.22739638888888,34.19291333333334,6
135.22746361111112,34.192905833333334,6
135.22753944444443,34.192905833333334,6
135.22758583333334,34.192905833333334,6
135.22764666666666,34.19291555555556,6
135.2277225,34.19293611111111,6
135.2278375,34.19296222222222,6
135.22815,34.192996944444445,6
135.2282261111111,34.1930025,6
135.228775,34.19296222222222,6
135.2292711111111,34.19295694444445,7
135.22948472222222,34.192930833333335,7
135.2296225,34.19292111111111,7
135.23016388888888,34.19289055555556,8
135.23073583333334,34.192860277777775,9
135.2311102777778,34.19285472222222,9
135.23132388888888,34.192845,9
135.23168166666667,34.19285472222222,11
135.2323988888889,34.19285472222222,11
135.23244444444444,34.19285472222222,11
135.23292527777778,34.19284944444444,12
135.23389416666666,34.192839722222224,13
135.2339863888889,34.192839722222224,13
135.23416972222222,34.192839722222224,13
135.23501611111112,34.192859166666665,14
135.235015,34.192859166666665,14
135.23506166666667,34.192860277777775,14
135.2351072222222,34.192794166666665,14
135.23526027777777,34.19232138888889,14
135.2353511111111,34.19212805555556,14
135.2354586111111,34.191990277777776,17
135.2358861111111,34.1915475,18
135.23603805555555,34.19143138888889,17
135.23700694444443,34.19086638888889,17
135.23710694444443,34.190805833333336,17
135.23733583333333,34.19070361111111,17
135.23754833333334,34.190673333333336,17
135.23766333333333,34.190673333333336,16
135.2380063888889,34.19072444444444,13
135.23801944444443,34.190665833333334,13
135.23801944444443,34.19066472222222,13
135.2380986111111,34.19029666666667,15
135.2382125,34.18965111111111,16
135.23827333333332,34.18934111111111,16
135.23831222222222,34.189096944444444,18
135.23832,34.18879638888889,18
135.23835027777778,34.188298333333336,18
135.23832,34.18776444444445,18
135.23831222222222,34.18772861111111,18
135.23825055555557,34.187373055555554,18
135.23815944444445,34.18716472222222,18
135.23802138888888,34.186971666666665,19
135.23754833333334,34.1864475,19
135.23749527777778,34.18636611111111,19
135.2374725,34.18627388888889,19
135.23743444444443,34.18573027777778,19
135.23738138888888,34.18555777777778,18
135.23731944444444,34.18542027777778,19
135.23706027777777,34.185115277777776,19
135.23680833333333,34.184820277777774,19
135.23684194444445,34.18476916666667,14
135.23684194444445,34.18476916666667,19
135.23680833333333,34.184820277777774,19
135.23674777777777,34.18473888888889,19
135.23662611111112,34.1846825,18
135.2360836111111,34.184525,19
135.2358622222222,34.18445333333333,19
135.23574861111112,34.184398055555555,19
135.23547416666668,34.184199444444445,19
135.23541333333333,34.184174722222224,19
135.2351225,34.184153888888886,18
135.23502055555556,34.18414305555556,18
135.23501944444445,34.18414194444444,18
135.23498583333333,34.18413888888889,18
135.234925,34.18413888888889,18
135.23486305555556,34.184133333333335,17
135.23451277777778,34.18394027777778,15
135.23410805555557,34.18378722222222,14
135.2339863888889,34.183746944444444,14
135.23361972222222,34.183746944444444,14
135.23297194444444,34.183746944444444,13
135.23292527777778,34.183746944444444,13
135.23287194444444,34.18372111111111,13
135.2327961111111,34.18365472222222,12
135.23275055555555,34.183605,12
135.2327202777778,34.18358861111111,12
135.23265083333334,34.18353861111111,12
135.23189555555555,34.183279444444445,10
135.23181944444445,34.18324805555555,10
135.23133916666666,34.18279111111111,10
135.23128583333335,34.18272916666667,10
135.2311861111111,34.18254694444445,10
135.2310875,34.18243944444445,10
135.23087361111112,34.18223111111111,10
135.230775,34.18214,10
135.23065,34.18204472222222,11
135.23064916666667,34.18204361111111,11
135.23062194444444,34.182022777777775,12
135.23052305555555,34.18196638888889,12
135.2304613888889,34.18212388888889,13
135.2302325,34.181890555555555,13
135.2301336111111,34.1817375,13
135.23001222222223,34.18157472222222,14
135.22991222222223,34.18149888888889,14
135.2297213888889,34.181356944444445,14
135.22967583333335,34.18132111111111,14
135.22870666666665,34.18084805555556,14
135.2286611111111,34.180821944444446,14
135.22857,34.180771944444444,14
135.22824888888888,34.18060388888889,14
135.2281727777778,34.18055833333333,14
135.22798194444445,34.18051722222222,14
135.22789833333334,34.18045638888889,14
135.2278375,34.18038027777778,14
135.22777583333334,34.180329444444446,14
135.22763916666668,34.18026305555556,14
135.22760861111112,34.180237222222225,14
135.2274711111111,34.18008944444444,14
135.22741027777778,34.18004944444444,14
135.22715861111112,34.17989638888889,14
135.22698277777778,34.179739166666664,15
135.22693722222223,34.17972388888889,15
135.22656305555554,34.17963611111111,15
135.22656194444446,34.17963611111111,15
135.22654777777777,34.179632777777776,15
135.22658583333333,34.17953083333333,14
135.22660972222224,34.17941361111111,14
135.22662472222223,34.1793475,14
135.2267463888889,34.17902194444444,13
135.22678416666668,34.178955555555554,13
135.2268386111111,34.17885361111111,13
135.22684611111112,34.17879833333333,13
135.22685361111112,34.17869527777778,13
135.22685361111112,34.178694166666666,13
135.2268613888889,34.17859,13
135.22650972222223,34.178446666666666,12
135.2264338888889,34.17843694444444,12
135.22619722222223,34.17847277777778,12
135.2257013888889,34.1784575,12
135.22511333333333,34.17841638888889,10
135.224435,34.17839138888889,10
135.22429722222222,34.178396944444444,10
135.2241138888889,34.1784575,11
135.22367222222223,34.17859972222222,12
135.22359555555556,34.17860527777778,12
135.22355,34.17859972222222,12
135.2234511111111,34.17850861111111,12
135.22326027777777,34.178355555555555,12
135.22314527777777,34.17832527777778,11
135.2230236111111,34.17831555555556,10
135.22257333333334,34.17843166666667,9
135.2225202777778,34.17843694444444,9
135.22210027777777,34.17837083333333,9
135.2219472222222,34.178355555555555,9
135.22187888888888,34.17836111111111,9
135.22091,34.17836527777778,9
135.22081888888889,34.17837083333333,9
135.21985027777777,34.17837083333333,9
135.2196211111111,34.178330555555554,9
135.21956055555555,34.178330555555554,9
135.2192088888889,34.17835027777778,9
135.21901027777778,34.178355555555555,9
135.21817166666668,34.17840638888889,9
135.2181261111111,34.17840638888889,9
135.2176986111111,34.17843138888889,9
135.21716472222224,34.178461666666664,8
135.21672222222222,34.17848222222222,8
135.21644,34.178487777777775,7
135.2162338888889,34.1784975,7
135.21595944444445,34.1784975,7
135.2155013888889,34.1784975,6
135.21540277777777,34.1784975,6
135.2150738888889,34.1784975,6
135.2147236111111,34.1784975,6
135.21446416666666,34.178487777777775,8
135.21418972222222,34.17844638888889,7
135.21415916666666,34.17843666666667,7
135.213785,34.178355277777776,5
135.21373944444446,34.178355277777776,5
135.21358666666666,34.178396666666664,5
135.21327416666668,34.178487777777775,6
135.21321333333333,34.1784975,6
135.21315916666666,34.178512777777776,6
135.21238,34.17844111111111,6
135.21237888888888,34.17844111111111,6
135.21233555555557,34.17843666666667,6
135.21227472222222,34.178955277777774,6
135.212225,34.17894027777778,6
135.2122238888889,34.17894027777778,5
135.2121911111111,34.17893055555555,5
135.211985,34.178823055555554,6
135.21173333333334,34.17874694444444,5
135.21126027777777,34.17865583333333,5
135.2110236111111,34.17864083333333,5
135.2109086111111,34.17863,5
135.21068722222222,34.178605,5
135.2105125,34.17858972222222,5
135.21032194444444,34.17850833333333,5
135.20990972222222,34.17830444444444,5
135.20977277777777,34.17824888888889,5
135.2094213888889,34.177999444444445,5
135.2093225,34.177933333333335,5
135.2092152777778,34.177770555555554,5
135.20916194444445,34.17768916666667,5
135.20904055555556,34.177683611111114,5
135.20878861111112,34.177439444444445,5
135.20846,34.177195555555556,5
135.20760611111112,34.17654972222222,5
135.20758,34.17653166666667,5
135.2075788888889,34.17653055555556,5
135.20751388888888,34.17648388888889,5
135.2073002777778,34.17639694444444,5
135.2067361111111,34.176275555555556,5
135.20657666666668,34.176275555555556,5
135.20649944444443,34.17620388888889,5
135.20640083333333,34.17618861111111,5
135.20627805555554,34.17609222222222,6
135.20618694444445,34.17599027777778,6
135.2061338888889,34.175975,6
135.20544694444445,34.17619944444444,6
135.20476,34.176315555555554,5
135.20446388888888,34.1763025,5
135.2044627777778,34.1763025,5
135.2044097222222,34.17630027777778,5
135.20437916666666,34.17630027777778,5
135.20430222222222,34.176315555555554,5
135.20422638888888,34.176320833333335,5
135.20391416666666,34.17619944444444,6
135.20346388888888,34.17602027777778,6
135.2034486111111,34.17601583333333,6
135.20323472222222,34.175913888888886,6
135.20298305555556,34.1757925,7
135.20201416666666,34.17532388888889,7
135.20141083333334,34.17502888888889,8
135.20086194444445,34.174729444444445,8
135.2003738888889,34.17429194444444,7
135.20031305555557,34.17423027777778,6
135.20005361111112,34.173966666666665,5
135.19980944444444,34.17368111111111,5
135.19956527777777,34.17333055555556,3
135.1995275,34.173274166666666,3
135.1991911111111,34.172674444444446,3
135.1990238888889,34.17217111111111,3
135.19900333333334,34.17210055555555,3
135.19900333333334,34.17209944444444,3
135.19893916666666,34.17188138888889,3
135.19876472222222,34.17201361111111,3
135.19861166666666,34.17209944444444,3
135.19852805555556,34.17214055555556,3
135.19821472222222,34.17223166666667,3
135.19800111111113,34.172288333333334,3
135.19797833333334,34.17229805555556,3
135.19751277777777,34.17236416666667,3
135.19710138888888,34.17244,4
135.19698861111112,34.172469444444445,3
135.1969875,34.172469444444445,3
135.19694083333334,34.17248138888889,3
135.19690277777778,34.1725475,3
135.19684,34.1726875,3
135.1968411111111,34.1726875,3
135.19683444444445,34.17270055555556,3
135.19682694444444,34.17274027777778,3
135.19682694444444,34.17277083333333,3
135.196865,34.17286305555555,3
135.19697888888888,34.173122222222226,3
135.1970472222222,34.173340555555555,3
135.1971775,34.17357472222222,3
135.19725333333332,34.1737625,3
135.19733805555555,34.173900277777776,3
135.1973988888889,34.17415416666667,3
135.1974138888889,34.17420527777778,3
135.1974747222222,34.17431694444444,3
135.19755722222223,34.17454166666667,3
135.19755722222223,34.17454055555555,3
135.19756694444445,34.174566666666664,3
135.19684972222223,34.174683611111114,3
135.19671194444444,34.174708333333335,3
135.19665111111112,34.174708333333335,3
135.19659027777777,34.17468777777778,3
135.19647527777778,34.174662777777776,3
135.1963613888889,34.17462166666667,3
135.19629972222222,34.17459138888889,3
135.1962161111111,34.174530555555556,3
135.19618555555556,34.174525,3
135.19615861111112,34.17451861111111,3
135.1961575,34.1745175,3
135.19614777777778,34.17451527777778,3
135.19591111111112,34.17455555555556,3
135.1956975,34.17458138888889,3
135.19565194444445,34.174596666666666,3
135.19553666666667,34.17464777777778,3
135.19542277777776,34.174708333333335,3
135.1952775,34.174774722222224,3
135.1951636111111,34.174840833333334,3
135.19490416666667,34.17495805555556,3
135.1948661111111,34.17496222222222,3
135.19480444444446,34.17498833333333,3
135.19461444444445,34.17512083333333,3
135.1944613888889,34.175222777777776,3
135.19441583333332,34.17524777777778,4
135.19437833333333,34.175262777777775,4
135.19435444444446,34.175287777777775,4
135.19424027777777,34.17534972222222,4
135.19411027777778,34.175420277777775,4
135.19407222222222,34.175466944444445,4
135.19395083333333,34.175558055555555,4
135.1938975,34.175598055555554,4
135.1936611111111,34.175781666666666,4
135.19363833333333,34.17578694444445,4
135.19359916666667,34.17578694444445,4
135.1935611111111,34.17579666666666,4
135.19354388888888,34.17580111111111,4
135.19354277777776,34.17580111111111,4
135.1935611111111,34.17579666666666,4
135.19359916666667,34.17578694444445,4
135.19363833333333,34.17578694444445,4
135.1936611111111,34.175781666666666,4
135.1938975,34.175598055555554,4
135.19395083333333,34.175558055555555,4
135.19375222222223,34.17544083333333,4
135.1936988888889,34.175420277777775,4
135.19344722222223,34.17529861111111,4
135.19338527777776,34.17537472222222,4
135.19337777777778,34.17538972222222,4
135.19330194444444,34.17545611111111,4
135.1930272222222,34.17572083333334,4
135.1929286111111,34.17581194444445,4
135.19276027777778,34.175964722222226,4
135.19259222222223,34.17611222222222,4
135.1924825,34.17619583333333,4
135.1924825,34.17619583333333,4
135.19247833333333,34.17619916666666,4
135.1922113888889,34.176320555555556,4
135.19206583333334,34.17639638888889,4
135.1919975,34.176432222222225,4
135.191875,34.17653972222222,4
135.19177611111112,34.17664055555556,4
135.19163833333334,34.17671222222222,4
135.19153972222222,34.17679916666667,4
135.19144083333333,34.176920555555554,4
135.1912272222222,34.177124722222224,4
135.19107416666668,34.17729722222222,4
135.1909363888889,34.17742416666667,4
135.19081472222223,34.17756166666667,4
135.19065416666666,34.17780583333333,4
135.1906011111111,34.17792305555555,4
135.19057833333332,34.17798916666667,4
135.19041,34.178445833333335,3
135.190305,34.1784275,3
135.19030388888888,34.1784275,3
135.18980055555556,34.17833972222222,3
135.18978444444446,34.17833638888889,3
135.18978333333334,34.17833638888889,3
135.18980055555556,34.17833972222222,3
135.18966277777778,34.17849694444445,4
135.18962472222222,34.17855333333333,4
135.18957916666668,34.17861416666667,4
135.18944916666666,34.178756388888885,4
135.18936555555555,34.17883777777778,4
135.18926666666667,34.178939722222225,4
135.1892125,34.17901138888889,4
135.189015,34.17921944444444,4
135.18887722222223,34.1794375,4
135.18877833333335,34.179499166666666,4
135.1886786111111,34.179544722222225,4
135.18821305555556,34.179722777777776,4
135.18822083333333,34.17975,4
135.18822083333333,34.17974888888889,4
135.18821305555556,34.179722777777776,4
135.18812972222221,34.179499166666666,4
135.18803833333334,34.179270277777775,4
135.18802333333332,34.17917361111111,4
135.18802333333332,34.1791325,4
135.1879538888889,34.179030555555556,4
135.18792333333334,34.17899583333333,4
135.18781694444445,34.17869555555556,4
135.18777916666667,34.17861944444444,4
135.1877247222222,34.17848722222222,4
135.18758805555555,34.177947777777774,4
135.1874861111111,34.17792722222222,4
135.187485,34.17792722222222,4
135.18741222222224,34.177912222222226,4
135.186615,34.17778194444445,4
135.1866138888889,34.17778194444445,4
135.18741222222224,34.177912222222226,4
135.18758805555555,34.177947777777774,4
135.1877247222222,34.17848722222222,4
135.18777916666667,34.17861944444444,4
135.18781694444445,34.17869555555556,4
135.18792333333334,34.17899583333333,4
135.1879538888889,34.179030555555556,4
135.18802333333332,34.1791325,4
135.18802333333332,34.17917361111111,4
135.18803833333334,34.179270277777775,4
135.18812972222221,34.179499166666666,4
135.18821305555556,34.179722777777776,4
135.1882511111111,34.179855277777776,4
135.18841166666667,34.18028694444445,4
135.18844972222223,34.180419444444446,4
135.18848,34.18051611111111,4
135.18852666666666,34.18076555555555,4
135.18854194444444,34.180907777777776,4
135.18854944444445,34.18123833333333,4
135.18854944444445,34.181355555555555,4
135.18854194444444,34.181670277777776,4
135.18854194444444,34.18199583333333,4
135.18851694444444,34.18199694444444,4
135.18851583333333,34.18199694444444,4
135.18854194444444,34.18199583333333,4
135.18852666666666,34.182296388888886,4
135.18852666666666,34.18237222222222,4
135.18852666666666,34.18242333333333,4
135.18850277777779,34.182703333333336,4
135.18848777777777,34.183038333333336,4
135.18848,34.183278055555554,4
135.188465,34.18347111111111,4
135.18844972222223,34.18360361111111,4
135.18844222222222,34.18378583333333,4
135.18844222222222,34.183903055555554,4
135.18842694444444,34.184020277777776,4
135.18838888888888,34.184243611111114,4
135.18840416666666,34.18431972222222,4
135.18836833333333,34.18431861111111,4
135.1883672222222,34.18431861111111,4
135.18840416666666,34.18431972222222,4
135.18841166666667,34.18438166666667,4
135.18840416666666,34.184645277777776,4
135.18838888888888,34.1847775,4
135.18842694444444,34.184894722222225,4
135.18850277777779,34.18510277777778,4
135.18852666666666,34.18515388888889,4
135.18861027777777,34.18524611111111,4
135.18871666666666,34.18530694444444,4
135.188915,34.18547944444445,7
135.18896055555555,34.18555638888889,7
135.18909055555557,34.185744166666666,6
135.18907555555555,34.18586138888889,4
135.18907555555555,34.18588722222222,4
135.18907555555555,34.18588611111111,4
135.18907555555555,34.18593722222222,4
135.18906027777777,34.18611527777778,4
135.18909055555557,34.18618138888889,4
135.18937277777778,34.18661861111111,4
135.1894638888889,34.18685305555555,4
135.18951055555556,34.18698,4
135.1895411111111,34.18701027777778,4
135.18954861111112,34.18703638888889,4
135.18961694444445,34.187086388888886,4
135.18972333333335,34.187172777777775,4
135.18987638888888,34.18734638888889,4
135.18997611111112,34.1874475,4
135.19015083333332,34.18749833333333,4
135.19027333333332,34.18763083333333,4
135.19034166666665,34.18777277777778,4
135.19038722222223,34.18791083333333,4
135.19046444444444,34.188164722222226,4
135.19048722222223,34.18831222222222,4
135.19050222222222,34.188429444444445,4
135.19050222222222,34.188694166666664,4
135.19042861111112,34.1886975,4
135.1904275,34.1886975,4
135.19050222222222,34.188694166666664,4
135.19054027777779,34.189120555555554,4
135.19054027777779,34.189186666666664,4
135.19054805555555,34.18938083333333,4
135.19054805555555,34.18953833333333,4
135.19052527777777,34.18969527777778,4
135.19050222222222,34.1898375,4
135.19047944444443,34.18997,4
135.19044805555555,34.19004694444445,4
135.19034166666665,34.19023472222222,4
135.1903113888889,34.19029111111111,4
135.1903113888889,34.19029111111111,4
135.1902038888889,34.190488611111114,4
135.19018888888888,34.19050361111111,4
135.19034166666665,34.19056027777778,4
135.19027333333332,34.19074361111111,4
135.19026583333334,34.19076416666667,4
135.19018888888888,34.190976944444444,4
135.19018888888888,34.19101805555555,4
135.1901736111111,34.191246944444444,4
135.1901736111111,34.1912775,4
135.19016611111113,34.19144555555555,4
135.19015083333332,34.191536666666664,4
135.19015083333332,34.191602777777774,4
135.19016611111113,34.19175583333333,4
135.1901736111111,34.191811111111114,4
135.1901736111111,34.19184694444444,4
135.1902038888889,34.191963888888885,4
135.19022777777778,34.19209638888889,4
135.19025055555556,34.19224388888889,3
135.19025055555556,34.19232,3
135.1902125,34.19232,3
135.19021166666667,34.19232,3
135.18989916666666,34.19232,3
135.18985361111112,34.19232,3
135.1898611111111,34.19251833333333,3
135.18987638888888,34.19260972222222,3
135.1898913888889,34.19272138888889,3
135.18960166666668,34.1927625,3
135.18928916666667,34.192818055555556,3
135.18928916666667,34.192895,3
135.18927416666668,34.193128333333334,2
135.18927416666668,34.19320527777778,2
135.18928916666667,34.193351666666665,2
135.18930444444445,34.19347972222222,2
135.18931194444446,34.19357083333333,2
135.1893347222222,34.1936275,2
135.18940305555554,34.19376944444444,2
135.1894638888889,34.193911666666665,2
135.18952583333333,34.194068888888886,2
135.1896622222222,34.19434444444445,2
135.18971527777776,34.194450555555555,2
135.18973916666667,34.19454722222222,1
135.18973916666667,34.1945775,1
135.18973916666667,34.19463416666667,1
135.18964694444443,34.19492916666667,1
135.18961666666667,34.195101666666666,1
135.18962416666668,34.19535555555556,1
135.1896775,34.19558444444444,1
135.18973916666667,34.195885,1
135.1897847222222,34.19614444444444,2
135.1898911111111,34.196596944444444,3
135.18995944444444,34.19692222222222,3
135.18997583333334,34.19699388888889,3
135.18999861111112,34.197094722222225,3
135.1900288888889,34.19724222222222,3
135.1900288888889,34.197334444444444,3
135.1900138888889,34.19740083333333,4
135.18983805555555,34.19802583333333,4
135.1898,34.198209166666665,4
135.18975444444445,34.198285,4
135.1893725,34.198768888888885,3
135.1892511111111,34.198926388888886,2
135.18899916666666,34.19923638888889,2
135.18889194444444,34.19938388888889,2
135.18858694444444,34.19979638888889,2
135.18883861111112,34.19997861111111,2
135.1889525,34.20004472222222,3
135.18906,34.20008583333333,3
135.1891738888889,34.20010111111111,4
135.1892738888889,34.20010111111111,4
135.1895863888889,34.200070833333335,4
135.18964694444443,34.20005027777778,4
135.18972305555556,34.20001972222222,4
135.1898,34.19998388888889,4
135.19030361111112,34.19974527777778,4
135.19037944444443,34.199709444444444,4
135.19050194444443,34.19967916666667,4
135.19066166666667,34.19965305555556,4
135.19097527777777,34.19963777777778,4
135.1913863888889,34.19961277777778,4
135.19227916666668,34.199571666666664,4
135.19247777777778,34.199576944444445,4
135.19259916666667,34.19958694444444,4
135.19269138888887,34.19961722222222,4
135.19267083333332,34.1995325,4
135.19266972222223,34.199531388888886,4
135.19269138888887,34.19961722222222,4
135.192775,34.19969416666667,4
135.19326333333333,34.20012611111111,4
135.19328611111112,34.20014138888889,4
135.19397305555555,34.200788055555556,4
135.19410194444444,34.20086944444444,4
135.19420944444445,34.20090944444444,4
135.19456,34.20097027777778,4
135.19463694444445,34.20100055555555,4
135.19480416666667,34.20128611111111,4
135.19444055555556,34.20126638888889,4
135.19443944444444,34.20126638888889,4
135.19480416666667,34.20128611111111,4
135.1957727777778,34.201346944444445,4
135.19674166666667,34.2014075,4
135.19697833333333,34.20142805555555,4
135.1977713888889,34.20146944444444,4
135.19864944444444,34.20150944444445,4
135.19877194444445,34.201520555555554,4
135.19898472222224,34.20153555555556,4
135.19995333333333,34.201586666666664,4
135.19995555555556,34.201586666666664,4
135.19995333333333,34.201586666666664,4
135.20017472222221,34.20159638888889,4
135.20091472222222,34.20162666666667,4
135.20092222222223,34.20156055555555,4
135.2009525,34.20150944444445,4
135.20099916666666,34.20146944444444,4
135.2010752777778,34.20144333333333,7
135.20118916666667,34.201418333333336,9
135.20138777777777,34.20137722222222,10
135.2015863888889,34.20132611111111,5
135.20181527777777,34.20125027777778,6
135.20193777777777,34.20120472222222,4
135.20203666666666,34.201144166666666,4
135.20298277777778,34.2004975,4
135.20301305555554,34.20047805555556,4
135.20301305555554,34.20047805555556,4
135.2030122222222,34.200476944444446,3
135.20268555555555,34.200162222222225,3
135.20247166666667,34.19996361111111,4
135.2023663888889,34.19981055555556,4
135.20236527777777,34.19980944444445,4
135.20234916666666,34.19978555555556,4
135.20244888888888,34.19962833333334,4
135.20247166666667,34.199460277777774,4
135.20248694444444,34.19940916666667,4
135.20254,34.199200833333336,4
135.20263888888888,34.19882027777778,4
135.2027463888889,34.198478333333334,4
135.2028222222222,34.198275555555554,4
135.2028375,34.19820388888889,4
135.20287527777776,34.198010833333335,4
135.20289805555555,34.19786861111111,4
135.20297527777777,34.1977775,4
135.2030511111111,34.19767,4
135.20308472222223,34.19764305555555,4
135.20308472222223,34.19764305555555,4
135.20312722222224,34.197609444444446,4
135.2031661111111,34.19715138888889,4
135.20316722222222,34.19714388888889,4
135.20316722222222,34.19714277777778,4
135.20321944444444,34.196515833333336,4
135.203265,34.19587027777778,4
135.20308916666667,34.195855,4
135.20297527777777,34.195855,4
135.2027613888889,34.195885277777776,4
135.20263888888888,34.195855,4
135.20260083333332,34.195855,4
135.20257805555556,34.195855,4
135.20241,34.19591027777778,5
135.20239027777777,34.1958875,5
135.20238916666668,34.19588638888889,5
135.20228833333334,34.19576833333333,7
135.20219722222222,34.19571166666667,9
135.2020975,34.19565111111111,9
135.20205166666668,34.195635833333334,9
135.2019911111111,34.19562055555556,9
135.2019138888889,34.19561083333333,9
135.20183805555556,34.19561083333333,9
135.2015863888889,34.19562055555556,7
135.20144083333332,34.19562055555556,6
135.20138777777777,34.19562611111111,6
135.20129694444444,34.19564666666667,6
135.20121333333333,34.19564666666667,6
135.2011286111111,34.195635833333334,6
135.2010527777778,34.19561083333333,6
135.20096166666667,34.19558055555556,6
135.20093777777777,34.19556,4
135.2008238888889,34.195503333333335,5
135.20064805555555,34.195437222222225,6
135.20051138888888,34.195412222222224,6
135.20036583333334,34.19542194444445,7
135.20022916666667,34.195412222222224,8
135.20022916666667,34.195305,7
135.19980166666667,34.19520388888889,7
135.19972472222221,34.195213611111114,8
135.1996638888889,34.19520388888889,8
135.19958777777777,34.195168055555555,8
135.1994652777778,34.195096666666664,8
135.19937305555555,34.195034722222225,8
135.19937194444444,34.195033611111114,8
135.19929805555554,34.19498472222222,8
135.19919833333333,34.19480138888889,7
135.19919833333333,34.19480138888889,4
135.19919833333333,34.19480138888889,4
135.19919833333333,34.19480138888889,4
135.19919833333333,34.19480138888889,4
135.19919833333333,34.19480138888889,4
135.19919833333333,34.19480138888889,4
135.19919833333333,34.19480138888889,4
135.19919833333333,34.19480138888889,4
135.19919833333333,34.19480138888889,8
135.19939694444443,34.19468527777778,8
135.19964861111112,34.194293611111114,12
135.19968666666668,34.19420138888889,13
135.19970194444446,34.19417638888889,13
135.19970944444444,34.19412,14
135.19970944444444,34.19407972222222,14
135.19974861111112,34.19401916666666,14
135.19980166666667,34.1939475,14
135.1998775,34.193845555555555,14
135.19991555555555,34.19376416666667,13
135.19982444444443,34.19373916666667,14
135.19962583333333,34.19370333333333,16
135.1993361111111,34.19365222222222,17
135.19908444444445,34.193621944444445,17
135.19903888888888,34.19360138888889,17
135.19877194444445,34.193555833333335,19
135.19868722222222,34.19352,19
135.1986036111111,34.19350472222222,19
135.19839,34.19346888888889,18
135.19839,34.19346888888889,18
135.1986036111111,34.19350472222222,19
135.19868722222222,34.19352,19
135.19877194444445,34.193555833333335,19
135.19903888888888,34.19360138888889,17
135.19908444444445,34.193621944444445,17
135.1993361111111,34.19365222222222,17
135.19962583333333,34.19370333333333,16
135.19982444444443,34.19373916666667,14
135.19991555555555,34.19376416666667,13
135.20046472222222,34.19378472222222,10
135.20052638888887,34.19379444444444,10
135.2006025,34.19380527777778,9
135.20084666666668,34.19383027777778,8
135.20096166666667,34.193845555555555,8
135.20106027777777,34.19343888888889,9
135.20109083333332,34.19326083333333,9
135.20109083333332,34.19326083333333,9
135.20109083333332,34.19325972222222,9
135.20109083333332,34.19319472222222,9
135.2012286111111,34.19320555555556,8
135.20137277777778,34.19323055555556,7
135.20180027777778,34.193311944444446,6
135.20215055555556,34.19332722222222,5
135.20257805555556,34.19330638888889,4
135.2026236111111,34.19327055555556,4
135.20266166666667,34.19306777777778,4
135.20268555555555,34.19304722222222,4
135.20272333333332,34.19302666666667,4
135.20291444444445,34.19301138888889,4
135.2035361111111,34.192991666666664,4
135.203535,34.192991666666664,4
135.2037,34.19298638888889,4
135.20366194444443,34.193245833333336,3
135.20363805555556,34.193378055555556,3
135.20362305555557,34.19343888888889,3
135.20424916666667,34.193510555555555,4
135.2048286111111,34.193601666666666,4
135.2051952777778,34.193667777777776,4
135.20616388888888,34.19383611111111,4
135.20633972222222,34.193871666666666,4
135.20641361111112,34.19388361111111,4
135.2064125,34.19388361111111,4
135.20726194444444,34.19401944444444,4
135.20734666666667,34.19403444444445,4
135.20831555555554,34.19419722222222,4
135.20896333333334,34.194293888888886,4
135.20959694444446,34.19437972222222,4
135.20978027777778,34.194405555555555,4
135.21074916666666,34.19452722222222,5
135.210825,34.19425277777778,5
135.2108477777778,34.19416583333334,5
135.21098583333332,34.19352055555556,5
135.21106916666668,34.19298111111111,5
135.21115277777778,34.19233555555556,5
135.21109972222223,34.192315,5
135.2112375,34.19200027777778,5
135.21151194444445,34.19135388888889,6
135.21096194444445,34.19121166666667,5
135.2108477777778,34.19117166666667,5
135.21093916666666,34.191090277777775,5
135.21107694444444,34.19088083333333,5
135.2111375,34.19078,6
135.21117555555554,34.190713611111114,6
135.21121472222222,34.19058138888889,5
135.2112375,34.19047944444444,6
135.2113361111111,34.190398055555555,6
135.21139694444443,34.19034694444444,6
135.21156527777777,34.19015388888889,6
135.21197,34.18965583333333,5
135.2124886111111,34.189009444444444,5
135.21299972222224,34.188363611111114,5
135.21341166666667,34.18786027777778,5
135.21346472222223,34.18776361111111,5
135.2134725,34.18766194444444,5
135.2134725,34.18759583333333,5
135.2134497222222,34.18749916666667,5
135.21355583333334,34.18758722222222,12
135.213555,34.18758611111111,5
135.21373944444446,34.187738055555556,5
135.2139836111111,34.18752972222222,5
135.21405194444444,34.18749916666667,5
135.21413527777779,34.1873625,5
135.2144338888889,34.18717361111111,5
135.21450972222223,34.18707166666667,5
135.21454777777777,34.18704666666667,5
135.21468555555555,34.186995833333334,6
135.21468555555555,34.186594166666666,6
135.2146627777778,34.186548611111114,7
135.2146236111111,34.18651277777778,7
135.214525,34.18645638888889,6
135.21450222222222,34.18643138888889,7
135.21448694444445,34.186299166666664,8
135.21447166666667,34.18612111111111,10
135.21446416666666,34.18607027777778,10
135.21442611111112,34.18604527777778,10
135.2142125,34.185988888888886,11
135.2144111111111,34.18554638888889,15
135.21441972222223,34.18542055555555,16
</coordinates>
</LineString>
</Placemark>
</Document>
</kml>
