<?xml version="1.0" encoding="UTF-8"?>
<kml xmlns="http://www.opengis.net/kml/2.2" xmlns:atom="http://www.w3.org/2005/Atom">
<Document>
<name>WCC片上線サイクリング第1日目</name>
<atom:author>
<atom:name>salon</atom:name>
</atom:author> 
<atom:link href="https://latlonglab.yahoo.co.jp/route/watch?id=4693eee1c312c3a2d2961d1ac8b9f86a" />
<description><![CDATA[鵜飼谷温泉→閑谷学校→備前片上駅→備前焼会館→片上線スタート→和気駅→鵜飼谷温泉泊]]></description>
<tags><![CDATA[自転車]]></tags>  
<Placemark>
<Style>
<LineStyle>
<color>99ff0000</color>
<width>6</width>
</LineStyle>
</Style>
<LineString>
<coordinates>
134.14396722222222,34.8129825,25
134.14397472222223,34.8129425,25
134.1441886111111,34.81229583333333,27
134.14424916666667,34.812133055555556,27
134.14437833333332,34.811777222222226,28
134.1444402777778,34.811568888888885,28
134.14444777777777,34.81140083333333,28
134.14446305555555,34.811218333333336,29
134.1444402777778,34.81102,29
134.1444011111111,34.810851666666665,29
134.14434805555555,34.81070416666667,29
134.14428722222223,34.810541388888886,29
134.14417333333333,34.810317777777776,29
134.14406583333334,34.810160833333335,28
134.14396722222222,34.81005888888889,28
134.14373833333335,34.80987527777778,27
134.14361555555556,34.80978416666667,26
134.14331083333335,34.80963666666667,25
134.1428,34.80949444444445,24
134.14278472222222,34.809555277777775,24
134.14278472222222,34.809554166666665,24
134.1428,34.80949444444445,24
134.14289861111112,34.80884777777778,24
134.1430061111111,34.80820222222222,24
134.14301361111112,34.80816111111111,24
134.14306694444446,34.80784638888889,24
134.14316555555556,34.807225833333334,24
134.14318944444443,34.8070025,24
134.143235,34.80675277777778,24
134.14332611111112,34.806107222222224,23
134.1434172222222,34.805460555555555,23
134.14344888888888,34.80529777777778,22
134.143555,34.8046525,22
134.1436236111111,34.8040675,23
134.14363138888888,34.80403166666667,23
134.1436388888889,34.80338611111111,23
134.1436388888889,34.80312138888889,24
134.1436388888889,34.80260305555556,24
134.1436161111111,34.80209416666667,23
134.1436161111111,34.80200305555555,23
134.14360861111112,34.80187611111111,23
134.14360194444444,34.801362777777776,23
134.14360194444444,34.801361666666665,23
134.14360083333332,34.801229444444445,23
134.1436388888889,34.800980833333334,23
134.1437388888889,34.800736666666666,24
134.1438375,34.8005175,25
134.14431055555556,34.79987222222222,23
134.14461555555556,34.799459722222224,22
134.1446925,34.79937833333334,22
134.14473055555555,34.79936333333333,23
134.1447761111111,34.79934277777778,26
134.14483694444445,34.79933833333333,27
134.14497472222223,34.7993275,27
134.1459436111111,34.79924611111111,27
134.14691222222223,34.79916472222222,28
134.14722472222223,34.79913444444445,28
134.14727027777778,34.79912888888889,28
134.14823944444444,34.79904305555556,27
134.14904777777778,34.798970555555556,26
134.14904666666666,34.798970555555556,26
134.14920833333332,34.79895638888889,26
134.15017694444444,34.79886944444444,25
134.15029194444443,34.79883916666667,25
134.15048305555555,34.79872527777778,23
134.15048305555555,34.79872527777778,23
134.1503622222222,34.79838,21
134.1503622222222,34.79838,21
134.1506261111111,34.79864777777778,21
134.1506261111111,34.79864777777778,21
134.15148638888888,34.798028611111114,20
134.15151277777778,34.7979975,20
134.15152777777777,34.79801055555556,20
134.15205416666666,34.798655833333335,20
134.15213,34.7987425,20
134.15238944444445,34.79906805555556,20
134.1526788888889,34.799459722222224,20
134.15283944444445,34.79973,20
134.15293833333334,34.79989722222222,19
134.153,34.800019722222224,19
134.153305,34.8004625,19
134.153625,34.80084305555555,19
134.1540375,34.801204444444444,19
134.15454833333334,34.801585277777775,20
134.1550288888889,34.80193666666667,20
134.1559902777778,34.8025825,20
134.1564297222222,34.80287527777778,20
134.15642861111112,34.80287416666667,20
134.1566238888889,34.80300444444445,21
134.1575925,34.803615,22
134.15804944444446,34.80390472222222,23
134.15817194444443,34.80397111111111,23
134.15842388888888,34.80412833333333,23
134.15846944444445,34.80415861111111,23
134.15943833333333,34.80478472222222,25
134.1599113888889,34.80508416666667,24
134.16052194444444,34.80542055555556,25
134.16094083333334,34.80562861111111,25
134.16121527777779,34.805770833333334,25
134.1617263888889,34.80601055555555,25
134.1622538888889,34.80620388888889,25
134.16264972222223,34.80632527777778,25
134.16284083333332,34.806376388888886,25
134.16339722222222,34.8064675,25
134.16390055555556,34.80651833333334,25
134.16401555555555,34.80651833333334,25
134.16412194444445,34.8064675,25
134.16419916666666,34.80650333333333,25
134.1642977777778,34.80650861111111,25
134.16436944444445,34.80654444444444,25
134.16436833333333,34.80654333333333,25
134.16438888888888,34.806554166666665,25
134.16443555555554,34.80659555555555,25
134.16445083333332,34.80667694444445,25
134.1644736111111,34.806849444444445,24
134.16454944444445,34.807495,23
134.16457222222223,34.80761777777778,24
134.16496722222223,34.80760027777778,24
134.16496722222223,34.80760027777778,24
134.16793694444445,34.806801944444445,24
134.16793694444445,34.806801944444445,24
134.16969583333332,34.806381944444446,24
134.16969583333332,34.806381944444446,24
134.175145,34.80670611111111,25
134.175145,34.80670611111111,25
134.1763638888889,34.80775305555556,30
134.1763638888889,34.80775305555556,30
134.17651777777778,34.80975222222222,30
134.17651777777778,34.80975222222222,30
134.17620888888888,34.81061166666667,30
134.17620888888888,34.81061166666667,30
134.17717888888888,34.81085972222222,30
134.1771525,34.81083666666667,30
134.1771375,34.81076083333333,30
134.17722055555555,34.81079666666667,30
134.1781897222222,34.81086166666667,30
134.17819722222222,34.81086722222222,30
134.17842611111112,34.81092777777778,30
134.1787463888889,34.81103,30
134.1790825,34.81112638888889,30
134.17976083333335,34.811370555555555,30
134.17993666666666,34.81142694444444,30
134.1800513888889,34.81145194444444,30
134.1802638888889,34.811508333333336,30
134.1806536111111,34.81157888888889,30
134.1816225,34.8117525,30
134.1818438888889,34.811792777777775,30
134.1828125,34.811951111111114,30
134.18308694444445,34.811976111111115,30
134.18349944444444,34.811976111111115,30
134.18361333333334,34.811970555555554,30
134.18458222222222,34.811970555555554,30
134.18492527777778,34.811951111111114,30
134.18575722222224,34.811838333333334,30
134.18617277777778,34.81178611111111,30
134.18617166666667,34.81178611111111,30
134.1867261111111,34.81171666666667,30
134.18708416666666,34.811660277777776,30
134.18759527777777,34.811544166666664,30
134.18782416666667,34.811478055555554,30
134.18835916666666,34.811279444444445,30
134.18909888888888,34.81095944444444,30
134.18986916666665,34.81062861111111,30
134.19073833333334,34.810277222222226,30
134.19169944444445,34.80994194444445,30
134.19225722222222,34.809779166666665,31
134.192485,34.809718333333336,31
134.19284416666667,34.80966194444444,31
134.1934463888889,34.80965222222222,33
134.19382083333332,34.80967722222222,34
134.1941486111111,34.80974333333333,35
134.19434694444445,34.80980944444445,35
134.19448472222223,34.80989638888889,35
134.1946213888889,34.810028611111115,35
134.1949338888889,34.810405277777775,35
134.1952475,34.81077638888889,35
134.19564333333332,34.81112666666667,35
134.19636083333333,34.81169638888889,35
134.19650611111112,34.81177777777778,35
134.19667388888888,34.81184388888889,35
134.1969863888889,34.81191027777778,35
134.1971472222222,34.811925277777775,34
134.19745972222222,34.81192,34
134.198065,34.81183861111111,34
134.1980638888889,34.81183861111111,35
134.19809972222222,34.811834166666664,35
134.19798583333332,34.81165083333333,35
134.19773416666666,34.81140138888889,35
134.19765055555555,34.811295,35
134.19734472222223,34.810812222222225,35
134.19730666666666,34.810679722222226,35
134.19732166666665,34.81056805555556,35
134.1973988888889,34.81003861111111,35
134.1973988888889,34.81003861111111,35
134.200915,34.810725833333336,36
134.200915,34.810725833333336,36
134.20856083333334,34.810296111111114,40
134.208525,34.81030694444444,40
134.20850555555555,34.81024722222222,40
134.208345,34.80979472222222,40
134.20810833333334,34.80916972222222,39
134.20800972222222,34.80886916666667,39
134.20795666666666,34.80861,39
134.2079186111111,34.808193333333335,39
134.20789583333334,34.80754694444445,39
134.20786416666667,34.80690138888889,39
134.20785666666666,34.80688611111111,40
134.20789583333334,34.80629583333333,40
134.20791083333333,34.805843333333335,41
134.20791083333333,34.80547222222222,42
134.20789583333334,34.80512083333333,43
134.20788055555556,34.80492777777778,45
134.20787194444443,34.80482138888889,48
134.20784916666668,34.80471388888889,47
134.2077811111111,34.80459694444444,48
134.20752166666668,34.80430277777778,49
134.2073925,34.80417027777778,49
134.20733083333334,34.80406833333333,49
134.20729277777778,34.80393611111111,49
134.20728527777777,34.80365611111111,53
134.20729277777778,34.80329472222222,55
134.20728527777777,34.80312222222222,56
134.20728527777777,34.80293888888889,56
134.20723194444443,34.80276083333333,58
134.20710944444446,34.80226305555556,58
134.20699555555555,34.80199833333333,58
134.2068575,34.80172916666667,58
134.2067361111111,34.80141888888889,58
134.2066211111111,34.800777777777775,62
134.20660583333333,34.80068111111111,62
134.20660583333333,34.800579166666665,62
134.20653027777777,34.800518333333336,65
134.20648472222223,34.800446666666666,64
134.20644666666666,34.80038166666667,66
134.20643027777777,34.80034472222222,65
134.20642944444444,34.80034361111111,65
134.20644666666666,34.80038166666667,66
134.20648472222223,34.800446666666666,64
134.20653027777777,34.800518333333336,65
134.20660583333333,34.800579166666665,62
134.20663638888888,34.800427222222226,63
134.20668305555554,34.80029472222222,62
134.2067436111111,34.8001875,60
134.2069575,34.79993888888889,62
134.2070486111111,34.79978083333334,67
134.2070713888889,34.79965388888889,69
134.20710944444446,34.79948666666667,72
134.20710944444446,34.79934361111111,76
134.20705611111111,34.79920666666667,76
134.20699583333334,34.79903861111111,77
134.206835,34.79875416666667,77
134.20677444444445,34.798611111111114,76
134.2067438888889,34.79844833333333,77
134.20675916666667,34.798336666666664,77
134.20682,34.798113055555554,78
134.20698055555556,34.797711666666665,78
134.20709444444444,34.797553055555554,78
134.2072475,34.797420833333334,78
134.20759777777778,34.79716166666667,79
134.2078113888889,34.79705527777778,79
134.20797194444444,34.79701416666666,79
134.2080936111111,34.796998888888886,79
134.20824666666667,34.79698916666667,79
134.20921555555555,34.79700972222222,85
134.20930666666666,34.79701416666666,86
134.2100313888889,34.797045555555556,88
134.21026777777777,34.79707055555556,88
134.21123666666668,34.797223611111114,95
134.211405,34.79725388888889,96
134.2123736111111,34.7974525,98
134.2127088888889,34.79752305555556,98
134.21337305555556,34.79765527777778,99
134.21380805555555,34.79768583333333,99
134.2140825,34.79768027777778,101
134.21443305555556,34.79761972222222,105
134.21483,34.79768027777778,107
134.2150436111111,34.79768583333333,108
134.21517277777778,34.797670555555555,108
134.2156838888889,34.79745694444444,112
134.2159822222222,34.797269166666666,117
134.21608111111112,34.79721277777778,118
134.21629472222222,34.79710638888889,118
134.2166452777778,34.79698916666667,118
134.21735444444445,34.79679055555555,117
134.21775916666667,34.79669388888889,109
134.21817166666668,34.79668861111111,108
134.21826388888888,34.79667666666667,109
134.21826277777777,34.79667666666667,109
134.21828555555555,34.79667333333333,109
134.21839305555557,34.79662777777778,108
134.21923166666667,34.79613,99
134.21926972222224,34.79606388888889,98
134.21926972222224,34.79606388888889,98
134.21926972222224,34.79606277777778,98
134.21926972222224,34.79571222222222,99
134.21930777777777,34.79553,98
134.21934555555555,34.79530527777778,99
134.2194075,34.79524472222222,99
134.2196213888889,34.79512305555556,99
134.21962888888888,34.79511222222222,99
134.220055,34.794894166666666,98
134.22023083333335,34.7948225,97
134.22029166666667,34.79465444444445,97
134.22030666666666,34.79457305555555,95
134.2202838888889,34.79448722222222,95
134.22022333333334,34.79439083333333,94
134.22007055555557,34.79425277777778,89
134.21978083333335,34.79405472222222,89
134.21935444444443,34.79371944444444,88
134.21921666666665,34.79365305555555,87
134.21907861111112,34.79361194444444,87
134.21883472222223,34.7936075,87
134.2184538888889,34.793638055555554,87
134.21834638888888,34.793638055555554,87
134.2182325,34.7936075,88
134.21814111111112,34.79356194444444,87
134.21805694444444,34.79349027777778,88
134.21798083333334,34.79339916666667,88
134.21792027777778,34.79325611111111,87
134.2178975,34.79311388888889,89
134.217905,34.7930075,89
134.21817944444444,34.792501944444446,87
134.21817944444444,34.792501944444446,87
134.218225,34.79241722222222,87
134.21856777777776,34.79177166666667,85
134.21836944444445,34.791603333333335,86
134.2181177777778,34.791446111111114,83
134.21747,34.79112083333333,78
134.21721805555555,34.79092222222222,78
134.21686666666668,34.79076388888889,77
134.21678305555557,34.79068777777778,77
134.21670694444444,34.79059138888889,76
134.21669194444445,34.79047416666667,73
134.21669194444445,34.7903375,74
134.216745,34.79025611111111,74
134.21685888888888,34.79013888888889,76
134.2171486111111,34.78998166666667,74
134.21740916666667,34.789808055555554,74
134.21747,34.7897375,71
134.21795805555556,34.78919805555556,73
134.21846916666667,34.78860805555556,69
134.21858305555557,34.788455,66
134.21860583333333,34.78839972222222,67
134.21868305555554,34.787753055555555,67
134.21872,34.78746,67
134.21872,34.78746,64
134.21951055555556,34.78745638888889,93
134.21951055555556,34.78745638888889,93
134.21865222222223,34.78727305555555,66
134.21874166666666,34.787283333333335,67
134.2187436111111,34.787264722222226,68
134.21872083333332,34.78708694444445,70
134.21869805555556,34.78691972222222,70
134.218645,34.78673638888889,68
134.21862972222223,34.78667027777778,67
134.2186602777778,34.78659861111111,67
134.21887388888888,34.786299444444445,69
134.2189422222222,34.786141944444445,71
134.21899555555555,34.785983611111114,70
134.2190486111111,34.78570361111111,73
134.21903333333333,34.7856125,74
134.21898027777777,34.78553111111111,73
134.21888166666668,34.78542916666667,69
134.21862972222223,34.78525666666667,62
134.21858305555557,34.785180555555556,61
134.21853,34.78507861111111,62
134.2185225,34.78497111111111,62
134.21853,34.784905,61
134.21854527777776,34.78484,61
134.21868305555554,34.78463055555556,60
134.2190486111111,34.78435611111111,67
134.21914833333332,34.78425,66
134.21927,34.78404583333333,63
134.21933083333334,34.7838225,62
134.21935472222222,34.78376611111111,60
134.21927,34.78350666666667,57
134.2191863888889,34.78340027777778,53
134.21915611111112,34.78331361111111,53
134.21915611111112,34.783165833333335,54
134.21913333333333,34.78304972222222,52
134.21905611111112,34.782921944444446,56
134.2189575,34.78284055555556,53
134.2187436111111,34.78272861111111,50
134.21853,34.7826625,49
134.21842388888888,34.782607222222225,49
134.21799638888888,34.78230666666666,49
134.21794333333332,34.78223055555556,48
134.21792055555557,34.782154722222224,48
134.21792055555557,34.782062777777774,48
134.21799638888888,34.78168194444444,47
134.21801916666666,34.78152333333333,47
134.21797361111112,34.78124888888889,46
134.2179052777778,34.781040555555556,46
134.21774472222222,34.78076611111111,44
134.21762972222223,34.78058277777778,44
134.2174475,34.7802475,44
134.21741694444444,34.78017583333333,44
134.21741694444444,34.78017583333333,44
134.217455,34.78004888888889,43
134.2174475,34.779982777777775,43
134.2173322222222,34.77968222222222,42
134.21727916666666,34.779199444444444,41
134.21727916666666,34.779067222222224,41
134.21730944444445,34.778965,40
134.21741694444444,34.778798055555555,40
134.21759166666666,34.778731944444445,40
134.21758416666665,34.77856361111111,39
134.21758416666665,34.778442222222225,39
134.21762972222223,34.77825888888889,39
134.21769916666668,34.77809611111111,39
134.21782055555556,34.77788777777778,39
134.21811805555555,34.77755694444444,38
134.21817222222222,34.777455,38
134.21817972222223,34.777388888888886,38
134.218195,34.77733777777778,38
134.218195,34.777125,39
134.2182025,34.77709361111111,39
134.21821027777779,34.776448055555555,38
134.21821027777779,34.77633083333333,38
134.21821777777777,34.776112777777776,38
134.21822527777778,34.77610194444444,38
134.21833166666667,34.77545666666666,36
134.21842388888888,34.77487166666667,35
134.2184313888889,34.774663333333336,34
134.21842388888888,34.774566944444445,34
134.21834694444445,34.774368333333335,34
134.21811055555557,34.773981944444444,34
134.2180725,34.77385944444445,33
134.21803472222223,34.7737075,33
134.21797388888888,34.77306111111111,32
134.21793583333334,34.772715833333336,32
134.21790555555555,34.7725325,33
134.21790555555555,34.77229833333333,33
134.21788166666667,34.77200861111111,32
134.21787416666666,34.7719325,32
134.21789805555557,34.771475,31
134.21789805555557,34.77144888888889,32
134.21797388888888,34.771032222222225,31
134.2180422222222,34.77081833333333,29
134.21814194444445,34.77061555555556,29
134.21823333333333,34.770493055555555,32
134.21835472222222,34.770360555555555,32
134.2184925,34.77023916666667,34
134.21866083333333,34.7701425,31
134.21882027777778,34.770065277777775,31
134.21915638888888,34.769959166666666,32
134.21937,34.76989277777778,33
134.21952972222223,34.769801666666666,31
134.21981166666666,34.76923222222222,29
134.21985833333332,34.76916083333333,29
134.2200711111111,34.76891666666667,29
134.22048333333333,34.76850972222222,29
134.22058333333334,34.768433888888886,29
134.22065916666668,34.76838277777778,29
134.22077305555555,34.76826555555556,29
134.22091083333333,34.76809305555555,29
134.22099444444444,34.76788916666667,28
134.2210713888889,34.76772666666667,26
134.2212311111111,34.76716666666667,22
134.22128416666666,34.76701472222222,21
134.22133083333333,34.766892222222225,22
134.22149805555554,34.766643611111114,21
134.22152083333333,34.76652638888889,19
134.22153583333332,34.76647555555556,19
134.22153583333332,34.766394166666664,19
134.22150555555555,34.76619,19
134.22149805555554,34.7660025,19
134.22149805555554,34.76581916666667,19
134.2215675,34.765458055555555,19
134.22160527777777,34.76522472222222,19
134.22171166666666,34.76471027777778,19
134.22173444444445,34.76459861111111,19
134.22178,34.76444138888889,19
134.22187222222223,34.764248055555555,19
134.22113222222222,34.76377,19
134.22089583333334,34.76360722222222,19
134.22088805555555,34.76358222222222,19
134.220835,34.76293555555556,19
134.22075777777778,34.762859444444445,19
134.22059833333333,34.76269138888889,19
134.22046055555555,34.76251888888889,19
134.2203313888889,34.76231583333333,18
134.220285,34.76217805555556,19
134.2201711111111,34.76171027777778,19
134.22013305555555,34.76162388888889,19
134.2200875,34.761583611111114,19
134.2199725,34.76153277777778,19
134.21934638888888,34.76134388888889,23
134.21928583333334,34.76130805555555,23
134.21894277777778,34.761044444444444,25
134.21887444444445,34.760978333333334,25
134.21878222222222,34.76092722222222,25
134.2187213888889,34.76090666666666,25
134.2186063888889,34.76090666666666,25
134.21845472222222,34.76090666666666,25
134.2182713888889,34.7609175,26
134.2181422222222,34.760891388888886,27
134.21797416666666,34.760825277777776,29
134.21787444444445,34.760774166666664,27
134.21731,34.760484444444444,34
134.2172113888889,34.76042388888889,32
134.21711166666665,34.760352222222224,32
134.21693694444446,34.76013416666667,33
134.2167611111111,34.76002666666667,35
134.2163338888889,34.759843333333336,37
134.2160822222222,34.75969138888889,38
134.2158836111111,34.75959916666667,38
134.21574666666666,34.75951777777778,39
134.21562416666666,34.759411388888886,42
134.2155177777778,34.75926916666667,43
134.21547222222222,34.75920861111111,42
134.2153725,34.75911083333333,41
134.21530944444444,34.75906861111111,41
134.21530833333333,34.7590675,41
134.21523583333334,34.75901972222222,41
134.2149838888889,34.758918055555554,44
134.214755,34.75881694444445,44
134.21447305555554,34.75864361111111,46
134.21404583333333,34.75841027777778,46
134.21361055555556,34.758160555555556,49
134.21306916666666,34.757825277777776,48
134.2129463888889,34.75776888888889,48
134.21272527777776,34.757575833333334,49
134.2126338888889,34.757443333333335,48
134.21254277777777,34.75730111111111,48
134.21264916666667,34.75727527777778,48
134.21306166666668,34.7571275,48
134.21316777777778,34.757015833333334,49
134.2126188888889,34.756817222222224,49
134.21165027777778,34.756410555555554,47
134.2106811111111,34.75600388888889,44
134.2099488888889,34.75569333333333,43
134.2096136111111,34.75553611111111,43
134.20864472222223,34.755093333333335,45
134.20785083333334,34.75468638888889,38
134.20711083333333,34.75426972222222,39
134.20640111111112,34.753863333333335,36
134.2054325,34.75330861111111,33
134.20528805555554,34.7532275,32
134.20525027777776,34.7532025,33
134.20476194444444,34.75293777777778,29
134.20379305555556,34.75237333333333,26
134.20317472222223,34.75201222222222,25
134.2030836111111,34.751961111111115,25
134.20290777777777,34.751868888888886,25
134.20282416666666,34.75180805555556,25
134.2018627777778,34.75125944444444,25
134.2012447222222,34.75090333333333,25
134.20068805555556,34.75056277777778,26
134.20045916666666,34.750435833333334,26
134.19984916666667,34.75018611111111,26
134.19996305555554,34.75012972222222,25
134.2000011111111,34.750095,25
134.20000861111112,34.750053888888885,25
134.20003916666667,34.749962777777775,24
134.20000861111112,34.74992694444445,24
134.19987194444445,34.74978472222222,24
134.19958222222223,34.74945388888889,25
134.19951305555554,34.749366944444446,26
134.19939916666667,34.74921944444444,24
134.19929944444445,34.74903722222222,22
134.19928416666667,34.749026388888886,22
134.19913222222223,34.74875194444444,19
134.19913222222223,34.748736944444445,19
134.1990475,34.74856861111111,21
134.19897166666667,34.7484775,21
134.19889583333332,34.74838638888889,21
134.19877305555556,34.74829416666667,20
134.19865166666668,34.748218055555554,20
134.1978572222222,34.74785138888889,19
134.19773583333333,34.74782638888889,18
134.19759805555555,34.74782111111111,18
134.19737666666666,34.74782638888889,18
134.19720972222223,34.74783611111111,18
134.19697333333335,34.747862222222224,17
134.1968202777778,34.74785138888889,17
134.19675944444444,34.747841666666666,16
134.1967138888889,34.74783611111111,16
134.1959586111111,34.747658333333334,15
134.19524027777777,34.74748888888889,15
134.19523944444444,34.74748777777778,15
134.19498972222223,34.74742944444444,15
134.19495944444444,34.747419444444446,15
134.1947988888889,34.74736305555555,16
134.19466138888887,34.7472925,15
134.1941275,34.746900833333335,15
134.1939363888889,34.74672722222222,14
134.19386055555555,34.746738055555554,15
134.19376166666666,34.74672722222222,15
134.19370111111112,34.746703333333336,15
134.19370111111112,34.746703333333336,15
134.19343305555554,34.74659611111111,15
134.19322666666667,34.74652972222222,15
134.19251055555554,34.746335555555554,11
134.19161027777778,34.746091388888885,10
134.1915875,34.74608694444444,10
134.1913586111111,34.74604583333333,11
134.1912738888889,34.74603611111111,11
134.19122083333335,34.74603611111111,11
134.19104611111112,34.74604583333333,10
134.19101472222223,34.74604583333333,10
134.19043527777777,34.74597972222222,7
134.19001527777777,34.746026388888886,7
134.18963472222222,34.74597972222222,6
134.18890222222223,34.745843055555554,7
134.1887113888889,34.7458125,7
134.1885975,34.7458125,8
134.18853555555555,34.7458125,8
134.18847472222222,34.745776666666664,8
134.18820027777778,34.745644444444444,8
134.18775,34.745466388888886,9
134.18739944444445,34.74535888888889,9
134.1869722222222,34.7452375,8
134.18600333333333,34.74496333333333,4
134.1855225,34.74480055555556,2
134.18543888888888,34.74477972222222,2
134.18539555555554,34.74476694444444,2
134.18539444444446,34.74476694444444,2
134.18543888888888,34.74477972222222,2
134.1855225,34.74480055555556,2
134.18543888888888,34.745105,4
134.1853011111111,34.74550222222222,9
134.18527833333334,34.74556305555556,9
134.18524055555557,34.74563472222222,9
134.18517972222222,34.74578638888889,8
134.1849963888889,34.7461175,8
134.18482805555556,34.74641694444445,8
134.18479,34.74647888888889,9
134.18473694444444,34.74662083333333,8
134.1846913888889,34.746738055555554,8
134.1844625,34.747185,8
134.18421083333334,34.747658055555554,12
134.18413361111112,34.7478,11
134.18407277777777,34.747953055555556,13
134.18385944444444,34.74832,13
134.18376055555555,34.7484925,13
134.183715,34.748513055555556,13
134.1836761111111,34.74851722222222,11
134.18362277777777,34.748553055555554,11
134.18330277777778,34.74919944444444,16
134.18313138888888,34.74953583333333,18
134.18313138888888,34.74953583333333,19
134.18126361111112,34.7529875,32
134.18126361111112,34.7529875,32
134.1778825,34.75376305555555,45
134.1778825,34.75376305555555,45
134.1741238888889,34.752677222222225,38
134.1741238888889,34.752677222222225,38
134.1722875,34.75367833333333,50
134.1722875,34.75367833333333,50
134.17026222222222,34.75721083333333,59
134.17026222222222,34.75721083333333,59
134.17066555555556,34.76164527777778,77
134.17066555555556,34.76164527777778,77
134.1711461111111,34.76636138888889,66
134.1711461111111,34.76636138888889,66
134.17262222222223,34.769660555555554,59
134.17262222222223,34.769660555555554,59
134.1759088888889,34.77263527777778,56
134.1759088888889,34.77263527777778,56
134.17741916666665,34.77383361111111,73
134.17741916666665,34.77383361111111,73
134.17341166666668,34.779401944444444,43
134.17341166666668,34.779401944444444,43
134.17022805555555,34.782714444444444,38
134.17022805555555,34.782714444444444,38
134.1678938888889,34.784279166666664,38
134.1678938888889,34.784279166666664,38
134.16697555555555,34.78537861111111,37
134.16697555555555,34.78537861111111,37
134.16743888888888,34.78881777777778,35
134.16743888888888,34.78881777777778,35
134.1677222222222,34.79185527777778,28
134.1677222222222,34.79185527777778,28
134.16657222222221,34.7927925,28
134.16651277777777,34.792748333333336,28
134.1664725,34.79280277777778,28
134.16631194444443,34.792935,29
134.16534305555555,34.79351444444445,28
134.1643738888889,34.79409944444444,27
134.1635736111111,34.79458722222222,27
134.16351277777778,34.794623055555554,27
134.16267277777777,34.7951375,26
134.16206305555556,34.79550305555556,25
134.16196333333335,34.795563888888886,25
134.1617038888889,34.795722222222224,24
134.16166583333333,34.795747222222225,24
134.16171472222223,34.795765833333334,24
134.16171472222223,34.795765833333334,24
134.1616938888889,34.7958975,25
134.1616938888889,34.7958975,25
134.15893083333333,34.79756416666667,25
134.15893083333333,34.79756416666667,25
134.1577636111111,34.79823722222222,24
134.1577636111111,34.79823722222222,24
134.15652805555555,34.79848722222222,23
134.15652805555555,34.79848722222222,23
134.15458416666667,34.79819472222222,21
134.15458416666667,34.79819472222222,21
134.14976583333333,34.794893333333334,20
134.14976583333333,34.794893333333334,20
134.1475561111111,34.7946925,20
134.1475561111111,34.7946925,20
134.14553944444444,34.79579888888889,19
134.14553944444444,34.79579888888889,19
134.14478,34.799283611111115,27
134.14478,34.799283611111115,27
134.1444111111111,34.803448055555556,24
134.1444111111111,34.803448055555556,24
134.1438061111111,34.80854583333333,26
134.1438061111111,34.80854583333333,26
134.14338138888888,34.80960972222222,26
134.1433563888889,34.80965833333333,26
134.14361555555556,34.80978416666667,26
134.14373833333335,34.80987527777778,27
134.14396722222222,34.81005888888889,28
134.14406583333334,34.810160833333335,28
134.14417333333333,34.810317777777776,29
134.14428722222223,34.810541388888886,29
134.14434805555555,34.81070416666667,29
134.1444011111111,34.810851666666665,29
134.1444402777778,34.81102,29
134.14446305555555,34.811218333333336,29
134.14444777777777,34.81140083333333,28
134.1444402777778,34.811568888888885,28
134.14437833333332,34.811777222222226,28
134.14424916666667,34.812133055555556,27
134.1441886111111,34.81229583333333,27
134.14397472222223,34.8129425,25
134.14397472222223,34.8129425,25
</coordinates>
</LineString>
</Placemark>
</Document>
</kml>
