<?xml version="1.0" encoding="UTF-8"?>
<kml xmlns="http://www.opengis.net/kml/2.2" xmlns:atom="http://www.w3.org/2005/Atom">
<Document>
<name>七川ダム輪行サイクリング</name>
<atom:author>
<atom:name>まるふく</atom:name>
</atom:author> 
<atom:link href="https://latlonglab.yahoo.co.jp/route/watch?id=7c6ff64bb23e47f4ea805d59ea714d50" />
<description><![CDATA[暑い中、ＷＣＣで輪行を活用して、古座川上流の七川ダムへ行きました。]]></description>
<tags><![CDATA[自転車]]></tags>  
<Placemark>
<Style>
<LineStyle>
<color>99ff0000</color>
<width>6</width>
</LineStyle>
</Style>
<LineString>
<coordinates>
135.4950561111111,33.54667666666667,109
135.4954225,33.54676805555555,103
135.495285,33.546775833333335,100
135.49537666666666,33.546863611111114,45
135.49525444444444,33.54687111111111,35
135.4952086111111,33.54683694444444,34
135.4955138888889,33.54681388888889,28
135.49552916666667,33.546875,25
135.49526972222222,33.54683305555555,24
135.49537666666666,33.54683305555555,23
135.49539194444444,33.54679111111111,22
135.49526972222222,33.546795,23
135.49548333333334,33.54674527777778,24
135.4954072222222,33.54679111111111,24
135.49548333333334,33.54680638888889,23
135.49554444444445,33.546840555555555,17
135.49548333333334,33.54689416666667,13
135.49552916666667,33.54685222222222,13
135.49546805555556,33.54678333333333,12
135.49539194444444,33.546775833333335,15
135.4953461111111,33.546844444444446,22
135.4954375,33.546749166666665,25
135.49536138888888,33.54673777777778,29
135.4954225,33.54678722222222,24
135.4954225,33.54679111111111,24
135.49539194444444,33.54684833333334,25
135.49530027777777,33.546753055555556,25
135.49549861111112,33.54680638888889,24
135.4954072222222,33.5468025,22
135.4954072222222,33.54673388888889,22
135.49536138888888,33.5468025,24
135.4954225,33.546775833333335,24
135.4954375,33.54666527777778,27
135.4954072222222,33.546771944444444,27
135.4953461111111,33.54676055555556,26
135.49545277777779,33.546974166666665,19
135.4954375,33.547245,12
135.49552916666667,33.54751972222222,8
135.49552916666667,33.547828611111115,7
135.4954225,33.54817972222222,3
135.49548333333334,33.54827888888889,3
135.49533083333333,33.548767222222224,5
135.49566638888888,33.54881666666667,13
135.49633777777777,33.548725,14
135.4965513888889,33.54893888888889,16
135.49675,33.54926694444445,15
135.49681083333334,33.54945,15
135.4968413888889,33.55030055555556,10
135.4969025,33.55036916666667,12
135.49688722222223,33.55046472222222,12
135.49673472222221,33.55076972222222,15
135.49685666666667,33.551586111111114,15
135.4974061111111,33.552974722222224,22
135.49780277777776,33.55336388888889,19
135.49769583333332,33.55332555555555,12
135.4974363888889,33.553646111111114,11
135.49710083333332,33.55377194444444,10
135.497055,33.55405416666667,18
135.49702444444443,33.55405416666667,19
135.49700916666666,33.55393222222222,21
135.49694833333334,33.554046666666665,22
135.49694833333334,33.55398944444445,22
135.49710083333332,33.553978055555554,12
135.4970397222222,33.55419166666667,8
135.49723805555556,33.55480194444444,7
135.49736027777777,33.5558625,6
135.49731444444444,33.55692666666667,2
135.49742138888888,33.55755611111111,2
135.4975738888889,33.55779638888889,5
135.49789416666667,33.5579375,8
135.4983672222222,33.55799472222222,14
135.49899305555556,33.55817416666667,12
135.50033555555555,33.55883027777778,19
135.5007325,33.55896,20
135.5014038888889,33.55902472222222,18
135.50167833333333,33.558994166666665,15
135.50180055555555,33.558895,23
135.50225833333334,33.55891416666667,15
135.50238027777777,33.558998055555556,20
135.50282277777777,33.55966194444444,19
135.50299083333334,33.559806944444446,19
135.50326527777779,33.55990972222222,19
135.50358583333335,33.559925,17
135.5048522222222,33.5596925,29
135.5052488888889,33.55968861111111,27
135.5055847222222,33.55977638888889,24
135.50601194444445,33.56005472222222,22
135.50778194444445,33.562038333333334,14
135.50788888888889,33.56211472222222,12
135.50842277777778,33.56222916666667,13
135.5086975,33.562267222222225,13
135.50906361111112,33.562248333333336,15
135.50952138888888,33.56219472222222,17
135.51039111111112,33.562286388888886,20
135.51101694444444,33.562065,21
135.51110833333334,33.56184777777778,20
135.5112611111111,33.56062305555555,15
135.51153555555555,33.560188333333336,23
135.51147472222223,33.558708055555556,34
135.51153555555555,33.558101666666666,45
135.5126038888889,33.55619055555555,77
135.51300055555555,33.555709722222225,84
135.51330555555555,33.55558388888889,86
135.5140075,33.555565,69
135.5148925,33.55573277777778,56
135.51544194444443,33.55598833333333,53
135.5155638888889,33.556133333333335,53
135.51611333333332,33.55621722222222,50
135.5170136111111,33.55657194444444,45
135.5183411111111,33.557456944444446,54
135.51876833333333,33.557582777777775,54
135.5195161111111,33.557651388888885,65
135.5204925,33.55760194444444,62
135.52066027777778,33.557521944444446,62
135.52893055555555,33.55677027777778,69
135.52912916666668,33.55670555555555,65
135.52920527777778,33.556758888888886,72
135.5293577777778,33.55674361111111,72
135.5293275,33.55677027777778,73
135.5305938888889,33.55654527777778,94
135.53150944444445,33.55629361111111,96
135.53274527777776,33.55627444444445,93
135.53306583333332,33.556335555555556,90
135.53343194444443,33.55641166666667,89
135.5335388888889,33.5565225,95
135.53378305555555,33.5565225,94
135.53372194444444,33.556552777777775,97
135.53466805555556,33.55693055555555,96
135.5357361111111,33.55764388888889,94
135.53681944444443,33.557964444444444,91
135.53691111111112,33.55804833333333,91
135.53688055555557,33.55826555555556,89
135.53697194444445,33.55836111111111,88
135.53775027777777,33.55826555555556,84
135.53819277777777,33.558055833333334,88
135.53852833333335,33.558078888888886,86
135.53868111111112,33.558189444444444,82
135.539505,33.55830388888889,77
135.53953555555555,33.55840305555556,79
135.54034416666667,33.55870055555555,68
135.54063416666668,33.55939111111111,49
135.54034416666667,33.55867777777778,53
135.54008472222222,33.55858222222222,54
135.53990166666668,33.55838388888889,58
135.53964222222223,33.55824666666667,62
135.53930666666668,33.558258055555555,71
135.54005444444445,33.55869305555556,90
135.5401611111111,33.558929444444445,92
135.54014583333333,33.559158333333336,95
135.54035944444445,33.55938333333334,97
135.54039,33.55947111111111,98
135.5405425,33.55981833333333,100
135.5406188888889,33.559825833333335,101
135.5406188888889,33.559925,101
135.5406952777778,33.55999,101
135.5406952777778,33.560093055555555,101
135.5405272222222,33.56031027777778,103
135.54058833333335,33.560386666666666,104
135.5405272222222,33.56065,104
135.54060361111112,33.56068027777778,104
135.54055777777776,33.560787222222224,104
135.54060361111112,33.560829166666664,104
135.54058833333335,33.561031388888885,104
135.54074083333333,33.561119166666664,104
135.54066472222223,33.561245,104
135.54072583333334,33.56145472222222,104
135.54063416666668,33.561573055555556,104
135.5406188888889,33.56184388888889,104
135.5407561111111,33.561950555555555,104
135.5407561111111,33.562175833333335,104
135.54084777777777,33.56232083333333,104
135.54103083333334,33.56241611111111,104
135.54101555555556,33.56252277777778,105
135.54109194444445,33.56262972222222,105
135.54141222222222,33.56279361111111,105
135.54144277777777,33.56286611111111,105
135.54138194444445,33.56298833333334,105
135.54145805555555,33.563026388888886,105
135.54144277777777,33.56314861111111,105
135.54183972222222,33.56303027777778,107
135.54232777777779,33.56325527777778,108
135.54266361111112,33.563228611111114,109
135.54296888888888,33.563453611111115,109
135.54307555555556,33.563453611111115,109
135.54299916666668,33.5635375,110
135.54306027777778,33.56354527777778,111
135.5431213888889,33.56356805555556,111
135.54321277777777,33.56377805555555,110
135.54327388888888,33.56376638888889,110
135.54322805555555,33.563919166666665,110
135.54324333333332,33.56382361111111,110
135.54328916666665,33.56383888888889,111
135.5431213888889,33.56386944444444,110
135.54315194444445,33.56398388888889,111
135.54309083333334,33.56395333333333,111
135.54315194444445,33.56383527777778,110
135.54310611111111,33.56379694444445,111
135.5431213888889,33.56387333333333,111
135.5431975,33.56380472222222,112
135.543335,33.56383527777778,112
135.5431825,33.56381611111111,113
135.54316722222222,33.563675,114
135.54328916666665,33.56373972222222,115
135.54327388888888,33.56364055555556,115
135.543335,33.563560555555554,117
135.54336555555557,33.56348805555555,118
135.54322805555555,33.56359472222222,122
135.54338083333334,33.56357194444445,124
135.5434113888889,33.56361777777778,125
135.543335,33.56363666666667,125
135.5431975,33.563987777777776,125
135.543045,33.56400305555555,126
135.54309083333334,33.5640525,126
135.5431975,33.56395722222222,127
135.54301444444445,33.5640525,127
135.54307555555556,33.564075555555554,128
135.54307555555556,33.56407166666666,128
135.54293833333332,33.5638925,128
135.54274,33.56383888888889,128
135.54277027777778,33.56361,129
135.54255666666666,33.563362222222224,130
135.54234305555556,33.56325916666667,130
135.54211416666666,33.56328194444445,131
135.5419311111111,33.56322111111111,132
135.54092416666666,33.56240472222222,135
135.5408325,33.562198611111114,136
135.5406952777778,33.56140138888889,139
135.54058833333335,33.56129444444444,140
135.54055777777776,33.561080833333335,140
135.54072583333334,33.56039416666667,140
135.54068,33.55985638888889,140
135.54034416666667,33.55938333333334,139
135.54031361111112,33.559150833333334,138
135.54017638888888,33.558906666666665,138
135.53970333333334,33.55868916666667,133
135.53952027777777,33.55852888888889,132
135.53910833333333,33.558437222222224,122
135.53938305555556,33.55845638888889,111
135.53993222222223,33.55884944444445,105
135.5402375,33.55894861111111,103
135.54020694444444,33.558841666666666,103
135.5398863888889,33.558574722222225,102
135.53945916666666,33.55849083333333,101
135.53919972222224,33.55833805555555,101
135.53916944444444,33.55836861111111,101
135.53913888888889,33.55836861111111,101
135.5399627777778,33.55875388888889,102
135.54034416666667,33.55873861111111,105
135.5405272222222,33.55881888888889,104
135.54093944444443,33.558681388888886,101
135.54170222222223,33.5587425,95
135.5418547222222,33.55852138888889,92
135.54130555555557,33.55846777777778,99
135.541275,33.558322777777775,101
135.54118333333332,33.558235277777776,103
135.54118333333332,33.558078888888886,107
135.5414886111111,33.55813222222222,108
135.54159555555555,33.55833805555555,111
135.54173277777778,33.55834194444444,113
135.5418547222222,33.55831527777778,115
135.5425261111111,33.558170277777776,128
135.54272472222223,33.55820472222222,132
135.54324333333332,33.55793,142
135.54331972222224,33.55786138888889,144
135.54338083333334,33.557613333333336,148
135.54350277777777,33.55750666666667,146
135.54344166666667,33.556778055555554,154
135.5440827777778,33.555816666666665,165
135.5440675,33.555171944444446,170
135.54417416666666,33.55443944444445,174
135.54435722222223,33.55426777777778,173
135.54478444444445,33.55418777777778,173
135.54486083333333,33.554225833333334,174
135.5446625,33.55428305555556,166
135.54467777777776,33.55434805555556,167
135.54460138888888,33.554405277777775,167
135.54470833333335,33.554721944444445,173
135.54483027777778,33.55484,174
135.545105,33.55490888888889,174
135.54515083333334,33.555099444444444,176
135.5457,33.55547333333333,170
135.5459747222222,33.555820555555556,168
135.5459136111111,33.5558625,166
135.54646305555556,33.55629361111111,166
135.5467225,33.55669777777778,169
135.5470427777778,33.55692666666667,171
135.54714972222223,33.55715555555555,175
135.54794305555555,33.5568925,191
135.5485077777778,33.55685805555556,182
135.54914861111112,33.55644222222222,178
135.54998777777777,33.556110277777776,180
135.55068972222222,33.55610277777778,181
135.5516511111111,33.55639638888889,186
135.55244444444443,33.55624777777778,192
135.55281055555557,33.556064722222224,192
135.55303944444444,33.555637222222224,188
135.55317694444443,33.55551916666667,186
135.55343638888888,33.555465833333336,184
135.55383305555554,33.55553805555556,184
135.55459583333334,33.55580527777778,190
135.55476388888889,33.556045555555556,195
135.55506888888888,33.55614083333333,195
135.55542,33.55645361111111,199
135.55555722222223,33.55645361111111,201
135.55537416666667,33.55643083333333,199
135.55554194444446,33.556289722222225,205
135.5555725,33.55628194444444,205
135.55635083333334,33.55591583333333,219
135.55683888888888,33.55602638888889,218
135.55696111111112,33.55640805555556,228
135.55743416666667,33.55648027777778,245
135.55798333333334,33.55647666666667,258
135.55818166666666,33.5566025,263
135.55828861111112,33.55650722222222,264
135.55850222222222,33.55648027777778,263
135.55867,33.5563775,262
135.55909722222222,33.55598833333333,256
135.55938722222223,33.55594638888889,255
135.56015027777778,33.55653,249
135.56062305555557,33.55667111111111,238
135.5610961111111,33.557075555555556,240
135.5614013888889,33.55749138888889,246
135.56158444444443,33.5575675,235
135.56150805555555,33.557811666666666,226
135.56138611111112,33.55795277777778,225
135.5614013888889,33.558170277777776,225
135.5619963888889,33.558685277777776,226
135.56245416666667,33.558750277777776,227
135.56274416666668,33.558681388888886,228
135.563385,33.55836111111111,229
135.56362916666666,33.558029166666664,231
135.56378166666667,33.55799861111111,233
135.564865,33.558750277777776,240
135.56527722222222,33.55894472222222,239
135.56584166666667,33.55966194444444,244
135.56591805555556,33.55995166666667,255
135.5661925,33.560379166666664,269
135.5668638888889,33.5611075,306
135.56697083333333,33.561500555555554,299
135.56710805555556,33.56169888888889,301
135.5673522222222,33.56178277777778,303
135.56733694444443,33.561881944444444,295
135.56761166666666,33.562275,276
135.56773388888888,33.5626525,249
135.56840527777777,33.563209444444446,220
135.56851194444445,33.56353,214
135.56880194444443,33.56402972222222,208
135.5690461111111,33.564258611111114,205
135.56932055555555,33.564327222222225,209
135.56951916666668,33.564456944444444,219
135.56954944444445,33.56444555555556,222
135.5698088888889,33.564392222222224,230
135.57003777777777,33.564437777777776,230
135.57022083333334,33.564296666666664,232
135.57058722222223,33.564300555555555,241
135.57278444444444,33.56531527777778,273
135.57341,33.565330555555555,271
135.57373055555556,33.5652275,262
135.5739288888889,33.565067222222225,251
135.574005,33.56518166666667,252
135.57409666666666,33.56515111111111,252
135.57395944444445,33.565044444444446,251
135.574005,33.565086388888886,249
135.574005,33.5650825,249
135.574005,33.564994722222224,251
135.57395944444445,33.56503305555555,252
135.57405083333333,33.565075,251
135.57388305555557,33.56495666666667,251
135.57399,33.565086388888886,248
135.57402027777778,33.56515888888889,247
135.57391361111112,33.565067222222225,247
135.574005,33.565155,244
135.57394416666668,33.56512444444444,243
135.57408138888889,33.56509388888889,242
135.57418833333332,33.56497944444445,241
135.57461555555557,33.565265555555555,239
135.57485972222221,33.565532777777776,249
135.57507333333334,33.56556694444444,252
135.57519527777777,33.565395277777775,252
135.57536305555556,33.565353333333334,252
135.57537833333333,33.56536111111111,252
135.5753327777778,33.56534944444444,252
135.57536305555556,33.56527722222222,253
135.57527166666668,33.56532277777778,253
135.57537833333333,33.565334444444446,253
135.57537833333333,33.565399166666666,253
135.5752563888889,33.56538,253
135.57514944444443,33.56547166666667,253
135.5752411111111,33.565334444444446,252
135.57501222222223,33.56534583333333,247
135.5751038888889,33.565357222222225,245
135.57518,33.56540305555556,244
135.57536305555556,33.565353333333334,244
135.57547,33.56550222222222,246
135.5753936111111,33.56523138888889,246
135.57548527777777,33.56542972222222,247
135.57543944444444,33.56534194444444,247
135.57536305555556,33.56534944444444,247
135.5753175,33.56531527777778,247
135.57536305555556,33.56528083333333,247
135.57511888888888,33.56547916666667,248
135.57498166666667,33.565445,247
135.57482916666666,33.565509722222224,246
135.57505805555556,33.56554416666667,246
135.57504277777778,33.56565861111111,246
135.57492055555556,33.565650833333336,246
135.57499694444445,33.5657425,246
135.574875,33.565933333333334,246
135.57501222222223,33.56597527777778,245
135.5756225,33.56664277777778,245
135.57595833333335,33.56679166666667,244
135.57614138888889,33.56681444444445,244
135.57644666666667,33.56672277777778,244
135.5768586111111,33.5663375,246
135.57704166666667,33.56633,246
135.57724,33.566223055555554,248
135.57759083333335,33.56576916666667,250
135.57774361111112,33.565711944444445,251
135.5778961111111,33.56575,251
135.57838444444445,33.566520555555556,240
135.5787811111111,33.566719166666665,238
135.57904055555557,33.56744388888889,240
135.57897944444446,33.567932222222225,256
135.57901,33.568641666666664,257
135.57910166666667,33.568511944444445,269
135.57905583333334,33.5685425,268
135.57901,33.568736944444446,269
135.57923888888888,33.569004166666666,271
135.57937611111112,33.56904222222222,271
135.58023083333333,33.56895055555555,278
135.58006277777778,33.56898888888889,278
135.57991027777777,33.568931666666664,277
135.57957472222222,33.568935277777776,277
135.5795897222222,33.569000277777775,276
135.57948305555556,33.569026944444445,266
135.57955944444444,33.569088055555554,265
135.5802611111111,33.56901166666667,266
135.58073416666667,33.569030833333336,264
135.58131416666666,33.56919472222222,266
135.58142083333334,33.569275,267
135.58168027777776,33.569988333333335,281
135.5820463888889,33.57021722222222,285
135.58227527777777,33.57019805555556,281
135.5833436111111,33.56985861111111,265
135.58383166666667,33.56982027777778,262
135.58428944444444,33.5699425,264
135.58459472222222,33.56993111111111,267
135.5851136111111,33.57019805555556,266
135.58572388888888,33.5709,282
135.58638,33.57119361111111,294
135.58650194444445,33.571376666666666,297
135.5868377777778,33.57149888888889,296
135.58729555555556,33.571575277777775,301
135.58813472222224,33.57138833333333,312
135.58856194444445,33.571174722222224,317
135.59420777777777,33.56903833333333,316
135.59423833333332,33.56896972222222,316
135.59461972222223,33.56881722222222,324
135.59561166666666,33.56864916666667,315
135.5964661111111,33.568286944444445,307
135.59741222222223,33.568199166666666,302
135.59980777777778,33.567932222222225,297
135.60034166666668,33.56801222222222,296
135.60047916666667,33.5681075,296
135.6006011111111,33.568058055555554,294
135.6015013888889,33.568805833333336,278
135.6020661111111,33.569408333333335,276
135.6022338888889,33.56968694444444,275
135.60224916666667,33.569854722222225,275
135.60194388888888,33.57062527777778,259
135.60188305555556,33.5710525,252
135.60224916666667,33.57188027777778,252
135.6022186111111,33.57257083333333,250
135.6025238888889,33.57355111111111,238
135.60247805555557,33.57432555555555,219
135.60276805555554,33.575035,211
135.6030425,33.57542027777778,207
135.60337833333332,33.57561111111111,207
135.60464472222222,33.576007777777775,204
135.60537722222222,33.5765,205
135.60617055555556,33.57722861111111,204
135.60710138888888,33.57852166666667,206
135.60736083333333,33.57875055555556,205
135.607605,33.57881916666667,206
135.6079102777778,33.57879638888889,207
135.60884083333335,33.578540833333335,208
135.60934444444445,33.57834638888889,212
135.61015333333333,33.577755,217
135.61044305555555,33.57767111111111,218
135.61088555555557,33.577709166666665,217
135.61148083333333,33.578113611111114,208
135.61186222222221,33.57855611111111,199
135.61222833333332,33.57881166666667,198
135.61543277777778,33.580284166666665,225
135.61546333333334,33.58036805555555,222
135.61564638888888,33.58047472222222,210
135.61604305555556,33.5806275,203
135.6165925,33.58103944444444,187
135.61680611111112,33.581340833333336,182
135.61732472222224,33.583244444444446,163
135.61767583333332,33.583755555555555,161
135.6181488888889,33.58411777777778,157
135.6197511111111,33.58481972222222,154
135.6201477777778,33.585071666666664,154
135.6207122222222,33.585613333333335,158
135.62133777777777,33.58624277777778,161
135.6217802777778,33.58691777777778,161
135.622055,33.587200277777775,162
135.6224975,33.58741388888889,165
135.62294,33.58749,165
135.62332166666667,33.587650277777776,163
135.6234436111111,33.587802777777775,165
135.62393194444445,33.58892055555555,166
135.62435916666666,33.58943166666667,169
135.62451166666668,33.589534722222226,172
135.62489305555556,33.59009555555556,176
135.6248475,33.590049722222226,176
135.62486277777776,33.59010694444444,176
135.62480166666666,33.590087777777775,175
135.6248322222222,33.59001527777778,173
135.62471,33.590026944444446,168
135.62486277777776,33.59004222222222,166
135.62492361111111,33.59016805555556,157
135.6248322222222,33.58998111111111,157
135.6248475,33.59006888888889,157
135.62486277777776,33.5900725,157
135.6250611111111,33.59016416666667,155
135.62503055555555,33.590271111111115,155
135.62492361111111,33.59009555555556,155
135.62492361111111,33.590175555555554,154
135.62532055555556,33.590648611111114,154
135.62553416666665,33.5907975,155
135.62648,33.59115611111111,150
135.62690722222223,33.59140388888889,148
135.62818916666666,33.592575,135
135.6286775,33.59289555555556,134
135.62954722222221,33.59306333333333,130
135.62991333333332,33.59307111111111,128
135.6302488888889,33.59303277777778,128
135.63089,33.59273916666667,128
135.63122555555555,33.59276972222222,127
135.63143916666667,33.592884166666664,126
135.63157666666666,33.59307472222222,126
135.63157666666666,33.593223611111114,126
135.63136277777778,33.593807222222225,127
135.63136277777778,33.594005555555555,127
135.63156138888888,33.59439861111111,127
135.63188166666666,33.594703611111115,129
135.63229361111112,33.59482194444445,131
135.6325836111111,33.59477611111111,132
135.63330083333332,33.59429166666666,133
135.63414,33.59383777777778,132
135.63522333333333,33.59335333333333,135
135.6368713888889,33.59319694444444,136
135.63772583333332,33.59325777777778,137
135.63836666666666,33.59312833333333,139
135.63868722222222,33.592956666666666,139
135.63903805555555,33.59254444444444,143
135.63941944444446,33.59240722222222,144
135.63977055555554,33.59240333333333,144
135.64024361111112,33.592620833333335,144
135.6407775,33.5927125,141
135.64277638888888,33.59212111111111,144
135.64294444444445,33.59209444444444,144
135.6431275,33.592170833333334,144
135.6449888888889,33.59156027777778,101
135.64523305555556,33.59153361111111,112
135.64558416666668,33.591545,110
135.645935,33.59164055555556,109
135.64685055555555,33.59215555555556,110
135.64744555555555,33.59288027777778,109
135.64788805555557,33.59381861111111,108
135.6479338888889,33.594257222222225,108
135.64782722222222,33.594657777777776,109
135.6469727777778,33.59558111111111,115
135.64709472222222,33.595844166666666,118
135.64735416666667,33.59598916666667,122
135.64750666666666,33.59585194444445,125
135.6477813888889,33.59590138888889,131
135.64781194444444,33.59591666666667,132
135.648285,33.59616472222222,141
135.64846805555555,33.59636694444445,145
135.64898694444443,33.59657277777778,153
135.64936833333334,33.59657277777778,157
135.65010083333334,33.59715277777778,169
135.65045166666667,33.59728611111111,171
135.65071111111112,33.59746555555556,171
135.65077222222223,33.59764472222222,170
135.65113833333334,33.597995833333336,167
135.65133666666668,33.59845361111111,160
135.65155027777777,33.598686111111114,152
135.6516725,33.59898,145
135.6516572222222,33.59916694444444,141
135.65179444444445,33.5992775,137
135.65174861111112,33.59926222222222,138
135.65180972222223,33.59935,141
135.651825,33.59965888888889,143
135.65208444444445,33.59984194444444,144
135.652115,33.59990694444444,144
135.65217583333333,33.599983333333334,144
135.65213,33.6000825,144
135.65228277777777,33.6003075,145
135.65245055555556,33.600456111111114,148
135.65269472222224,33.60051722222222,149
135.6529236111111,33.60083,153
135.65284722222222,33.6010475,155
135.65289305555555,33.60116194444444,155
135.6527252777778,33.60137944444445,156
135.6527252777778,33.601795277777775,162
135.65251166666667,33.60194777777778,173
135.6525725,33.60225305555556,175
135.65267944444443,33.602378888888886,175
135.65264888888888,33.602623055555554,176
135.65281666666667,33.603096111111114,180
135.6527863888889,33.60317611111111,181
135.6527252777778,33.60317222222222,181
135.6527863888889,33.60364138888889,184
135.65266416666665,33.60360722222222,185
135.65261833333332,33.60386666666667,189
135.65246583333334,33.60393138888889,192
135.65245055555556,33.604232777777774,194
135.65228277777777,33.6044425,195
135.6522675,33.60444638888889,195
135.65246583333334,33.60563666666667,202
135.65243527777778,33.605735833333334,203
135.65228277777777,33.60577388888889,205
135.65217583333333,33.605896111111115,206
135.65217583333333,33.60602194444444,208
135.6522675,33.60612861111111,210
135.65225222222222,33.60625833333334,212
135.65217583333333,33.60630416666667,213
135.6522675,33.60630416666667,213
135.65242,33.60655222222222,215
135.65237416666668,33.6065025,215
135.65231333333332,33.606575,217
135.65229805555555,33.606285,218
135.65234388888888,33.606323333333336,219
135.6523588888889,33.6064225,219
135.6522675,33.606548333333336,220
135.65229805555555,33.60659777777778,220
135.65223694444444,33.60656361111111,222
135.6522675,33.606696944444444,223
135.65220638888889,33.60677333333334,224
135.65222166666666,33.60744472222222,228
135.65216055555555,33.60751333333333,229
135.65220638888889,33.60762777777778,229
135.6519622222222,33.607841388888886,229
135.65187083333333,33.608131388888886,239
135.65187083333333,33.608375555555554,244
135.6519622222222,33.60848611111111,250
135.65200805555557,33.60876472222222,258
135.65231333333332,33.60937111111111,270
135.65252694444445,33.60933694444444,269
135.65281666666667,33.60946277777778,269
135.65567027777777,33.611041944444445,284
135.65562444444444,33.61106111111111,280
135.65577694444445,33.61098111111111,284
135.65600583333332,33.61116027777778,282
135.65617361111111,33.611179444444446,282
135.65664666666666,33.61079027777778,282
135.65719611111112,33.61049638888889,281
135.6573486111111,33.610595833333335,280
135.658905,33.61109916666667,277
135.65939333333333,33.61135111111111,276
135.65998833333333,33.611515,275
135.6604461111111,33.611556944444445,274
135.66056833333334,33.61141972222222,273
135.66114805555554,33.611248055555556,270
135.66194166666668,33.611179444444446,265
135.66218555555557,33.61123666666667,262
135.66299444444445,33.611648611111114,257
135.66374194444444,33.61177055555556,250
135.6644897222222,33.612095,246
135.66467277777778,33.61206055555556,242
135.6651611111111,33.6115875,233
135.66564944444445,33.61138916666667,230
135.66613777777778,33.61127861111111,226
135.6666563888889,33.610881666666664,221
135.6672822222222,33.610862777777776,219
135.66827388888888,33.61100777777778,214
135.66879277777778,33.61083611111111,209
135.66952527777778,33.6110725,206
135.66972361111112,33.611041944444445,203
135.66996777777777,33.61112972222222,202
135.6700438888889,33.611221388888886,201
135.67022694444444,33.61123277777778,200
135.67068472222223,33.611110555555555,198
135.67156972222222,33.61072166666667,195
135.67221055555555,33.61055361111111,193
135.6727752777778,33.61043166666666,190
135.67308055555554,33.610458333333334,189
135.673645,33.61038583333333,184
135.67399583333332,33.6102525,177
135.67422472222222,33.610035,166
135.67445361111112,33.6096725,152
135.67456055555556,33.60930638888889,147
135.67448416666667,33.60903944444444,145
135.673935,33.608043611111114,136
135.67399583333332,33.60762027777778,129
135.67422472222222,33.607284444444446,126
135.67471305555554,33.60661694444445,127
135.67590333333334,33.60581583333333,128
135.67620861111112,33.6054,131
135.67620861111112,33.6051025,134
135.67594916666667,33.60440055555556,144
135.6759338888889,33.60417944444445,147
135.6761475,33.60391611111111,151
135.67657472222223,33.60376361111111,154
135.67684944444446,33.603500277777776,157
135.67723083333334,33.60326,163
135.67742916666666,33.602943333333336,168
135.67750555555557,33.602268333333335,179
135.67773444444444,33.60176083333333,179
135.67800916666667,33.60173805555556,176
135.67861944444445,33.60194777777778,169
135.67921444444445,33.60196305555556,170
135.67987055555557,33.60211944444445,165
135.68029777777778,33.602329166666664,169
135.68060305555557,33.60236361111111,171
135.6811522222222,33.60227583333333,168
135.68377694444445,33.602268333333335,129
135.68421944444444,33.602180555555556,126
135.6844025,33.601925,125
135.6844788888889,33.601665555555556,125
135.6846161111111,33.601531944444446,124
135.68496694444445,33.60139083333333,120
135.68544,33.601368055555554,116
135.6855011111111,33.60128388888889,116
135.68534861111112,33.601215277777776,116
135.68551638888889,33.6011275,116
135.68544,33.60115444444445,116
135.68548583333333,33.60125361111111,116
135.68553166666666,33.60117722222222,116
135.6855775,33.601081944444445,116
135.68568416666668,33.60116583333333,116
135.6856688888889,33.60128388888889,115
135.68556222222222,33.601348888888886,115
135.68539416666667,33.601215277777776,115
135.68548583333333,33.60129166666667,114
135.6853638888889,33.6013375,112
135.6853638888889,33.60142138888889,112
135.68554694444444,33.60136416666667,114
135.68556222222222,33.601238333333335,114
135.6855775,33.601299166666664,114
135.68542472222222,33.60131444444445,114
135.6853638888889,33.60138333333333,115
135.68565361111112,33.60135277777778,116
135.68573,33.60128777777778,115
135.68568416666668,33.60161222222222,115
135.68563833333334,33.601825833333336,115
135.68574527777778,33.60190583333333,114
135.68600472222224,33.601776111111114,114
135.68605027777778,33.601818055555555,114
135.68595888888888,33.601756944444446,114
135.68597416666665,33.601665555555556,113
135.6858825,33.60162361111111,113
135.68592833333332,33.601459444444444,112
135.6858825,33.601665555555556,111
135.68589777777777,33.60163111111111,110
135.68579111111112,33.60149388888889,110
135.68542472222222,33.60254277777778,107
135.68531805555557,33.60269916666667,107
135.6852722222222,33.60266111111111,106
135.6852111111111,33.602844166666664,105
135.68553166666666,33.601886666666665,102
135.6855011111111,33.60178,101
135.68531805555557,33.60193638888889,100
135.68518055555555,33.60221472222222,97
135.68516527777777,33.60216916666667,97
135.6852111111111,33.60218416666667,97
135.68554694444444,33.60173805555556,90
135.6858063888889,33.601173333333335,81
135.6858063888889,33.601055277777775,78
135.68576055555556,33.60118861111111,76
135.6856688888889,33.601241944444446,73
135.6855775,33.60153972222222,70
135.68563833333334,33.601635,69
135.68571472222223,33.60136416666667,67
135.68563833333334,33.60140611111111,66
135.6856688888889,33.60135638888889,67
135.68573,33.60138694444444,68
135.68577583333334,33.60108944444445,72
135.68565361111112,33.60141,75
135.68574527777778,33.601436666666665,76
135.68574527777778,33.60147861111111,77
135.68569944444445,33.601749444444444,76
135.68563833333334,33.601398333333336,83
135.68576055555556,33.60134111111111,84
135.68574527777778,33.601265,84
135.68571472222223,33.601211666666664,85
135.6856688888889,33.601310833333336,84
135.68577583333334,33.60123055555555,84
135.68562305555557,33.60129166666667,84
135.68576055555556,33.60115805555556,84
135.68571472222223,33.601234444444444,84
135.68475333333333,33.60126888888889,84
135.68568416666668,33.60115805555556,86
135.6855775,33.60121916666667,92
135.68573,33.60136027777778,76
135.6856688888889,33.60116194444444,74
135.68562305555557,33.60138333333333,85
135.68576055555556,33.60158166666667,88
135.6856688888889,33.60151277777778,84
135.68571472222223,33.601505277777775,83
135.68568416666668,33.60144805555556,84
135.68565361111112,33.60150138888889,83
135.6856688888889,33.60142888888889,82
135.68577583333334,33.6014825,81
135.68577583333334,33.601310833333336,83
135.68576055555556,33.60141,84
135.68562305555557,33.60223388888889,89
135.68562305555557,33.6021575,92
135.6856688888889,33.60209666666667,91
135.68562305555557,33.602336944444446,88
135.68573,33.602512222222224,74
135.68577583333334,33.60223388888889,58
135.68565361111112,33.602581111111114,49
135.68562305555557,33.602912777777775,49
135.68608083333334,33.5997275,51
135.68615722222222,33.59963222222222,51
135.6861113888889,33.600006111111114,52
135.6860352777778,33.600097777777776,51
135.6861725,33.60000222222222,50
135.68620305555555,33.60006333333333,50
135.68598944444443,33.60015861111111,53
135.6859436111111,33.60026555555555,53
135.6858672222222,33.60083,54
135.68589777777777,33.6010475,56
135.6858063888889,33.601016944444446,72
135.68577583333334,33.601104722222225,81
135.68577583333334,33.601036111111114,89
135.68574527777778,33.601371666666665,90
135.68556222222222,33.601303055555555,106
135.68559277777777,33.60071555555555,153
135.68562305555557,33.60077666666667,168
135.68551638888889,33.600853055555554,179
135.68545527777778,33.601055277777775,187
135.68548583333333,33.60113138888889,185
135.68554694444444,33.60107416666666,181
135.68554694444444,33.601261111111114,172
135.68565361111112,33.60144416666667,156
135.6856077777778,33.60142527777778,149
135.68556222222222,33.601303055555555,143
135.6856077777778,33.601375555555556,138
135.6856688888889,33.60104,128
135.68571472222223,33.601146666666665,127
135.68556222222222,33.60100166666667,127
135.6855775,33.60113138888889,128
135.68562305555557,33.60115805555556,121
135.6855775,33.60097888888889,128
135.6856077777778,33.60107416666666,128
135.68562305555557,33.60100166666667,126
135.68559277777777,33.60091388888889,120
135.68556222222222,33.60089861111111,110
135.68559277777777,33.60113916666667,98
135.6856077777778,33.6009675,90
135.6856077777778,33.6010475,86
135.68553166666666,33.60105138888889,83
135.6855775,33.60105138888889,82
135.68554694444444,33.60113138888889,81
135.68562305555557,33.601169722222224,75
135.68565361111112,33.60128777777778,61
135.68568416666668,33.601104722222225,64
135.68573,33.60124972222222,78
135.68582166666667,33.601215277777776,74
135.68565361111112,33.60162722222222,73
135.68568416666668,33.601505277777775,73
135.6856077777778,33.601398333333336,74
135.68559277777777,33.60121916666667,75
135.68576055555556,33.60103222222222,77
135.68592833333332,33.60095583333333,76
135.6856688888889,33.60100166666667,72
135.68571472222223,33.601368055555554,59
135.68568416666668,33.60129555555555,58
135.68571472222223,33.60118472222222,62
135.68571472222223,33.601440555555556,67
135.68574527777778,33.60126888888889,70
135.68571472222223,33.60140222222222,72
135.68579111111112,33.60140611111111,74
135.68574527777778,33.601329722222225,78
135.68579111111112,33.60129166666667,78
135.68583666666666,33.60143277777778,83
135.6858672222222,33.601665555555556,85
135.6861725,33.60216527777778,83
135.68598944444443,33.60194777777778,79
135.68579111111112,33.60142527777778,76
135.68568416666668,33.601398333333336,78
135.68574527777778,33.60140611111111,79
135.6858063888889,33.601211666666664,70
135.68582166666667,33.60127638888889,69
135.68576055555556,33.6012,71
135.68571472222223,33.601303055555555,74
135.68577583333334,33.60147472222222,80
135.6856688888889,33.60155861111111,74
135.68571472222223,33.60143277777778,70
135.68579111111112,33.601440555555556,71
135.6858063888889,33.60160833333333,73
135.68579111111112,33.601509166666666,74
135.68585194444444,33.60160833333333,69
135.68589777777777,33.60150138888889,69
135.68579111111112,33.601463333333335,68
135.6858063888889,33.60137944444445,67
135.68569944444445,33.601310833333336,67
135.68559277777777,33.601329722222225,68
135.68562305555557,33.60136416666667,68
135.6856688888889,33.60133361111111,69
135.68583666666666,33.60126888888889,70
135.68574527777778,33.60136416666667,71
135.68553166666666,33.60138333333333,75
135.6852875,33.60150138888889,82
135.68534861111112,33.60155861111111,83
135.68534861111112,33.60172277777778,84
135.685135,33.60270305555556,93
135.68501277777779,33.602955,96
135.684845,33.60303888888889,98
135.68489083333333,33.60314555555556,101
135.68502805555556,33.60300055555555,104
135.68551638888889,33.603229444444445,116
135.68565361111112,33.60313416666666,117
135.68577583333334,33.60270694444444,124
135.6859436111111,33.60261916666666,126
135.68615722222222,33.602355833333334,131
135.68643194444445,33.60230638888889,132
135.68664555555554,33.601951666666665,133
135.68693555555555,33.60180277777778,131
135.68708805555556,33.60140222222222,141
135.6871338888889,33.601215277777776,143
135.68742361111111,33.60092916666667,136
135.68754583333333,33.60057444444445,138
135.68850694444444,33.59996805555556,137
135.68914805555556,33.59968555555555,138
135.69047555555557,33.59967416666667,131
135.6911925,33.59973138888889,130
135.69195555555555,33.599407222222226,135
135.69216916666667,33.59937277777778,135
135.69282527777779,33.59896472222222,136
135.69389333333334,33.598709166666666,120
135.69485472222223,33.59862888888889,115
135.69528194444445,33.5984,117
135.69660944444445,33.59740055555555,117
135.69682305555557,33.597118333333334,119
135.69702138888888,33.5966225,130
135.69721972222223,33.59640888888889,127
135.69703666666666,33.59585194444445,118
135.6974486111111,33.595100277777775,118
135.69743333333332,33.59464638888889,117
135.69734194444445,33.59432972222222,116
135.69743333333332,33.593940833333335,119
135.69764722222223,33.593715555555555,123
135.69778444444444,33.59330361111111,127
135.69792166666667,33.59312833333333,127
135.6987611111111,33.59283833333333,135
135.6992338888889,33.5923575,137
135.69931027777778,33.59214027777778,138
135.69931027777778,33.59128944444444,140
135.69917305555555,33.591053055555555,140
135.6987611111111,33.590759166666665,141
135.6985322222222,33.59047694444445,142
135.69831861111112,33.5903625,143
135.69783027777777,33.59032055555556,144
135.69738777777778,33.59043888888889,146
135.69717416666666,33.59038916666667,148
135.6967163888889,33.590446388888886,152
135.69650277777777,33.590377777777775,155
135.69628916666667,33.590404444444445,157
135.69622805555557,33.590271111111115,159
135.6959075,33.590065,167
135.69589222222223,33.58983611111111,170
135.69580083333332,33.589664444444445,172
135.69541944444444,33.58967972222222,173
135.6953125,33.589218055555556,179
135.69519055555557,33.589035,183
135.69487,33.5888825,188
135.69451916666668,33.588928333333335,188
135.69439694444443,33.588832777777775,187
135.69395444444444,33.588703055555555,188
135.69380194444443,33.58877944444444,186
135.69371027777777,33.58875666666667,183
135.69305416666666,33.5883025,176
135.69282527777779,33.587650277777776,170
135.69267277777777,33.58741,169
135.6920625,33.586978888888886,168
135.69183361111112,33.58694833333333,168
135.6915588888889,33.58706277777778,167
135.6915588888889,33.586978888888886,159
135.69154361111111,33.586975,158
135.69145194444445,33.586868333333335,154
135.69131472222222,33.58681111111111,150
135.6906586111111,33.58738722222222,125
135.69061277777777,33.588054722222225,109
135.69068916666666,33.58822638888889,94
135.69033805555554,33.589084722222225,86
135.68983472222223,33.58950055555555,91
135.68922416666666,33.589660555555554,112
135.68878166666667,33.58985527777778,118
135.68791194444444,33.590026944444446,139
135.68779,33.590202222222224,132
135.68762194444443,33.590698333333336,132
135.68782055555556,33.590919444444445,128
135.68777472222223,33.5910225,125
135.68763722222224,33.59090416666667,124
135.68759166666666,33.59075555555555,124
135.68775944444445,33.590179444444445,125
135.68801888888888,33.59000388888889,123
135.68849194444445,33.589931388888886,124
135.68925472222222,33.58948888888889,124
135.68981944444445,33.588855833333334,125
135.69024666666667,33.5881425,122
135.6903686111111,33.587406111111115,116
135.6905363888889,33.587245833333334,115
135.6909486111111,33.58708194444444,112
135.69107055555557,33.58695222222222,110
135.6908875,33.586708055555555,107
135.69020083333334,33.586776666666665,106
135.68998722222221,33.58669277777778,105
135.6897125,33.58646,103
135.68948361111111,33.58621611111111,103
135.68893444444444,33.585525555555556,100
135.68894972222222,33.585166944444445,99
135.68908694444445,33.58486166666667,97
135.68893444444444,33.58445361111111,94
135.68898,33.58387361111111,91
135.68907166666668,33.58358,89
135.6890563888889,33.583351111111114,89
135.68878166666667,33.58290111111111,88
135.68855277777777,33.58197777777778,93
135.68791194444444,33.58132555555556,102
135.68779,33.58110055555556,104
135.6877288888889,33.57987583333333,112
135.68719472222222,33.57849888888889,111
135.6871338888889,33.57843777777778,112
135.68692027777777,33.57848361111111,114
135.6864013888889,33.57794944444444,119
135.6858825,33.57730472222222,125
135.68542472222222,33.5764275,129
135.6852111111111,33.57616055555555,131
135.68481444444444,33.57618333333333,137
135.6846161111111,33.57611833333333,139
135.6844025,33.576164166666665,140
135.68431083333334,33.57608805555556,140
135.68412777777777,33.57610694444445,141
135.68409722222222,33.57600027777778,141
135.6838075,33.57575222222222,141
135.68331916666668,33.57568361111111,143
135.68295277777779,33.575736944444444,140
135.6819763888889,33.576095555555554,143
135.6816863888889,33.576389444444445,141
135.68154916666666,33.57664111111111,140
135.68144222222222,33.576683055555556,141
135.68038944444444,33.57658388888889,141
135.67916861111112,33.5761375,146
135.67892444444445,33.576187222222224,146
135.67857361111112,33.57602694444444,141
135.67836,33.57582861111111,139
135.67790222222223,33.57562638888889,133
135.67758166666667,33.57526388888889,129
135.67721555555556,33.57469944444444,126
135.67713916666668,33.574306388888886,110
135.67710888888888,33.57424916666667,109
135.67730722222223,33.57398611111111,104
135.67758166666667,33.57334138888889,97
135.67761222222222,33.572982777777774,96
135.67749027777776,33.57257472222222,96
135.67765805555555,33.57204055555555,97
135.67765805555555,33.57112111111111,100
135.67774972222222,33.57084666666667,100
135.67773444444444,33.57060611111111,99
135.67782583333334,33.57031638888889,99
135.67839055555555,33.5695075,104
135.6788788888889,33.56926722222222,103
135.67956555555557,33.56915277777778,99
135.67982472222224,33.56915277777778,99
135.68054194444446,33.569435,100
135.68080138888888,33.569476944444446,102
135.6824036111111,33.56914138888889,105
135.68266305555557,33.56900777777778,105
135.68327333333335,33.56845861111111,109
135.68383777777777,33.568420277777776,110
135.68394472222224,33.56835944444445,110
135.6840363888889,33.56829444444445,110
135.6840363888889,33.56816861111111,110
135.68423472222221,33.567863333333335,109
135.68482972222222,33.56784444444445,109
135.68505861111112,33.56776055555556,109
135.68583666666666,33.567100555555555,103
135.6861113888889,33.56629944444445,96
135.6860961111111,33.565353333333334,88
135.68600472222224,33.56475833333333,82
135.68614194444444,33.56473527777778,80
135.6860961111111,33.563812222222225,70
135.6860961111111,33.563743611111114,69
135.68716444444445,33.56254583333333,51
135.68820194444444,33.56115722222222,49
135.688385,33.5607375,51
135.68850694444444,33.55952444444444,52
135.6888275,33.558345833333334,55
135.68850694444444,33.55820472222222,50
135.68801888888888,33.55811305555556,51
135.68714916666667,33.55721277777778,54
135.68652333333333,33.55688083333333,54
135.68606555555556,33.55683138888889,54
135.68565361111112,33.556644444444444,51
135.68498222222223,33.55622861111111,53
135.68450916666666,33.55583583333333,54
135.68450916666666,33.555774722222225,55
135.68391416666665,33.555465833333336,56
135.68281555555555,33.555008055555554,61
135.6818236111111,33.55496611111111,68
135.68148805555555,33.55484777777778,69
135.6811522222222,33.554584444444444,70
135.68077083333333,33.554245,70
135.6802825,33.553581111111114,69
135.6801147222222,33.5531425,66
135.68008416666666,33.552730555555556,64
135.6798552777778,33.55231861111111,63
135.67996222222223,33.551898888888886,63
135.68023694444443,33.55135722222222,61
135.68017583333332,33.55126194444444,60
135.67950444444443,33.550830833333336,59
135.67907722222222,33.55072027777778,59
135.67881777777777,33.55055611111111,60
135.67831416666667,33.55039583333333,60
135.67788694444445,33.55032361111111,62
135.67704777777777,33.550380833333335,50
135.67590333333334,33.55010222222222,55
135.6752625,33.54962166666667,56
135.675125,33.549617777777776,57
135.67501833333333,33.549640555555555,56
135.6746063888889,33.549553055555556,54
135.673645,33.54909527777778,64
135.6733397222222,33.54882055555556,67
135.67317194444445,33.548610555555555,69
135.67306527777777,33.54833222222222,72
135.67315666666667,33.54790888888889,78
135.67321777777778,33.547000833333335,88
135.67341611111112,33.546585,93
135.6734313888889,33.54618444444444,92
135.6735686111111,33.545879444444445,97
135.6735077777778,33.545475,100
135.67352305555556,33.54490277777778,105
135.67330944444444,33.54438388888889,110
135.67337027777776,33.54401388888889,113
135.67323305555556,33.54378888888889,114
135.67315666666667,33.54315944444444,118
135.6726075,33.54283138888889,125
135.6721038888889,33.54286944444444,129
135.6716461111111,33.54278194444444,133
135.67149361111112,33.54265222222222,134
135.6714325,33.54250722222222,135
135.67100527777777,33.54228972222222,136
135.6710511111111,33.54200361111111,136
135.67123416666666,33.541805277777776,137
135.6718138888889,33.5408325,134
135.67221055555555,33.53996277777778,135
135.6723175,33.539924722222224,135
135.67199694444443,33.53988277777778,135
135.67185972222222,33.539409722222224,136
135.671585,33.539051111111114,138
135.6713713888889,33.53892138888889,139
135.67115777777778,33.53890611111111,140
135.67094416666666,33.53871916666667,140
135.67079166666667,33.53818888888889,142
135.67089833333333,33.53800583333334,142
135.67079166666667,33.53783027777778,143
135.670105,33.53725055555555,144
135.66979972222222,33.537189444444444,144
135.6695861111111,33.53699861111111,145
135.6693725,33.53693,145
135.6689911111111,33.53700638888889,146
135.6685486111111,33.5373,147
135.6681975,33.53742972222222,147
135.6673888888889,33.537525277777775,144
135.66725166666666,33.53760527777778,143
135.66664111111112,33.537735,145
135.66600027777778,33.53771583333333,149
135.66537472222223,33.53742611111111,152
135.66534416666667,33.537189444444444,154
135.6652375,33.53704444444445,152
135.66464222222223,33.536590555555556,152
135.66455083333332,33.53651055555556,151
135.6637725,33.53617861111111,146
135.66357416666668,33.53599555555556,140
135.66345222222222,33.53574,135
135.66351305555557,33.535270555555556,132
135.6634675,33.53500361111111,131
135.66314694444443,33.53478611111111,130
135.66249083333332,33.53462972222222,128
135.66233833333334,33.53446972222222,127
135.66247555555555,33.534084444444446,125
135.662445,33.533859166666666,125
135.6625061111111,33.53367222222222,125
135.6622925,33.533245,124
135.66203305555555,33.532920833333336,124
135.66178888888888,33.53239833333333,123
135.66203305555555,33.531597222222224,122
135.66194166666668,33.53152472222222,122
135.6619263888889,33.531353055555556,122
135.6620025,33.53098305555555,122
135.6617736111111,33.5298575,121
135.6614988888889,33.529415,120
135.66148388888888,33.52894583333333,119
135.66156,33.52882,120
135.6609038888889,33.52847277777778,120
135.6604461111111,33.52814111111111,122
135.6602325,33.52818305555556,123
135.65997305555555,33.528331666666666,124
135.65979,33.52827444444444,125
135.65937805555555,33.52859111111111,129
135.6591338888889,33.528617777777775,133
135.6590422222222,33.528419444444445,135
135.65899666666667,33.52805722222222,139
135.65899666666667,33.52803027777778,138
135.65907277777777,33.52789305555556,138
135.65916444444446,33.52779388888889,141
135.6593475,33.52769861111111,142
135.6594086111111,33.527725277777776,142
135.6594697222222,33.52759944444445,140
135.65956111111112,33.52764888888889,134
135.659195,33.527702222222224,128
135.65917972222223,33.527702222222224,127
135.65931694444444,33.527683333333336,121
135.65922555555557,33.52766416666667,120
135.65908805555554,33.527477222222224,120
135.65895083333334,33.52699277777778,121
135.65859972222222,33.5266875,120
135.65841666666665,33.52611916666667,120
135.6577147222222,33.525955277777776,127
135.65747083333332,33.525821666666666,129
135.65731805555555,33.52563861111111,132
135.65710444444446,33.52560416666667,136
135.6566925,33.525795,143
135.65649416666668,33.52581416666666,139
135.65615833333334,33.52580638888889,144
135.65592944444444,33.52594388888889,146
135.65568555555555,33.52596666666667,146
135.65524305555556,33.52576055555556,149
135.655075,33.52556222222222,149
135.6549836111111,33.52529527777778,150
135.6546172222222,33.524749722222225,148
135.65446472222223,33.5236625,161
135.65449527777778,33.52355194444444,142
135.65397638888888,33.52332305555556,142
135.65390027777778,33.52306361111111,142
135.65406805555557,33.52283472222222,142
135.65444944444445,33.522625,141
135.65473944444443,33.522640277777775,139
135.65533444444443,33.52286138888889,138
135.65545666666668,33.522846111111114,138
135.65541083333332,33.52246861111111,138
135.65525805555555,33.52214444444444,138
135.65533444444443,33.52196111111111,137
135.65571583333335,33.522018333333335,137
135.65638722222224,33.52227388888889,136
135.65649416666668,33.522285555555555,136
135.65657055555556,33.52214055555555,135
135.65646361111112,33.521945833333334,135
135.65599055555555,33.521591111111114,133
135.65596,33.5212325,132
135.6558838888889,33.52108,132
135.65489194444444,33.5204925,129
135.6547852777778,33.52016444444445,128
135.6548461111111,33.52001583333333,128
135.65510555555556,33.5197525,126
135.65541083333332,33.519775277777775,125
135.65589916666667,33.52012638888889,124
135.65606694444443,33.520065277777775,124
135.65614305555556,33.51987444444445,124
135.65620416666667,33.51942444444445,123
135.65576166666668,33.5193025,123
135.65563972222222,33.51918027777778,122
135.65563972222222,33.518974166666666,120
135.65585333333334,33.51877972222222,118
135.65585333333334,33.518707222222226,118
135.65556333333333,33.518413611111114,114
135.65545666666668,33.51821527777778,112
135.6555175,33.517784166666665,109
135.65597527777777,33.51681138888889,102
135.6560822222222,33.516422222222225,100
135.65605166666666,33.516239166666665,99
135.6558075,33.51582333333333,96
135.65583805555556,33.51560583333333,94
135.6561888888889,33.51508333333334,87
135.65646361111112,33.51409916666667,71
135.65686027777778,33.513153055555556,56
135.65745555555554,33.51266472222222,44
135.65753166666667,33.512523611111114,42
135.65756222222223,33.51226055555556,38
135.65739444444444,33.51165,31
135.65689083333334,33.51103222222222,25
135.65682972222223,33.510482777777774,16
135.65693666666667,33.51003277777778,12
135.65722666666667,33.509658888888886,12
135.6578827777778,33.509300277777776,18
135.6579436111111,33.509098055555555,17
135.65768444444444,33.50777055555555,17
135.65699777777778,33.507621666666665,12
135.65679944444443,33.507484444444444,13
135.65666194444444,33.50695416666667,13
135.65672305555555,33.50516888888889,17
135.65635694444444,33.504844722222224,15
135.65620416666667,33.504528055555554,15
135.65621944444445,33.50434888888889,15
135.65649416666668,33.504055,14
135.65649416666668,33.503791944444444,14
135.65635694444444,33.50327305555555,12
135.65663138888888,33.503055555555555,11
135.65673833333332,33.502696944444445,12
135.65614305555556,33.501796666666664,10
135.65583805555556,33.501731944444444,10
135.65570055555557,33.50160611111111,8
135.65568555555555,33.501514444444446,7
135.655655,33.50141527777778,5
135.6549225,33.501422777777776,2
135.6548461111111,33.50126638888889,2
135.65489194444444,33.501281666666664,2
135.65489194444444,33.5013275,3
135.65483083333334,33.50130472222222,5
135.65490722222222,33.501285555555555,6
</coordinates>
</LineString>
</Placemark>
</Document>
</kml>
