<?xml version="1.0" encoding="UTF-8"?>
<kml xmlns="http://www.opengis.net/kml/2.2" xmlns:atom="http://www.w3.org/2005/Atom">
<Document>
<name>和歌山県　裕福名手店</name>
<atom:author>
<atom:name>にも</atom:name>
</atom:author> 
<atom:link href="https://latlonglab.yahoo.co.jp/route/watch?id=67071b173b589bcc5ca47ad726b101aa" />
<description><![CDATA[実走2018年㋁25日

WCC定例サイクリング]]></description>
<tags><![CDATA[]]></tags>  
<Placemark>
<Style>
<LineStyle>
<color>99ff0000</color>
<width>6</width>
</LineStyle>
</Style>
<LineString>
<coordinates>
135.1872888888889,34.18808805555555,3
135.18727694444445,34.18798,3
135.18726388888888,34.18796305555556,3
135.18723888888888,34.187955,3
135.1870888888889,34.187955,3
135.1870638888889,34.18797194444444,3
135.18705194444445,34.188005,3
135.18703888888888,34.188096944444446,3
135.18705194444445,34.18813,3
135.1865388888889,34.18826305555555,3
135.18578888888888,34.18846305555556,3
135.18568888888888,34.18847111111111,2
135.18557694444445,34.18848,2
135.18562694444444,34.18732194444444,2
135.18567694444445,34.186155,1
135.18572694444444,34.18521388888889,2
135.18565194444446,34.185155,2
135.18547694444445,34.185138888888886,2
135.1856238888889,34.185005,2
135.1856238888889,34.185005,2
135.18547694444445,34.185138888888886,2
135.18543888888888,34.18517194444444,2
135.18530194444443,34.185296944444445,2
135.1848138888889,34.18568888888889,1
135.1846888888889,34.185763888888886,1
135.18386388888888,34.18604694444444,1
135.182615,34.186455,0
135.18224,34.18658,0
135.18217694444445,34.186605,0
135.18215194444446,34.186613055555554,0
135.182015,34.186655,0
135.181915,34.18668805555556,0
135.18145194444443,34.18684694444445,0
135.18124,34.18691305555556,0
135.18054,34.18714694444444,0
135.18024,34.187246944444446,0
135.18014,34.18728,0
135.178615,34.18776305555556,0
135.178565,34.18778,0
135.17745305555556,34.188163055555556,0
135.17639,34.18851305555555,0
135.176065,34.18862111111111,0
135.17579,34.18871305555555,0
135.175315,34.18888,0
135.17460305555556,34.18912111111111,1
135.17405305555556,34.18930388888889,2
135.17392805555556,34.189346111111114,2
135.17380305555557,34.18939611111111,2
135.17355305555554,34.189478888888885,2
135.17329,34.18956305555555,2
135.172165,34.18993805555556,3
135.17209,34.19027888888889,4
135.17205305555555,34.19052888888889,4
135.17187805555557,34.19166194444445,4
135.17174,34.19232888888889,4
135.17166305555557,34.19255111111111,4
135.17166194444445,34.19255111111111,4
135.17152805555557,34.19293694444445,4
135.171465,34.19312111111111,4
135.17129,34.193536944444446,4
135.171215,34.19362888888889,4
135.17055305555556,34.19437111111111,4
135.17044,34.19448694444444,4
135.17015305555555,34.194786944444445,4
135.16997805555556,34.19499611111111,4
135.16979,34.195211944444445,4
135.16972805555557,34.19528694444445,4
135.169715,34.19552,4
135.169715,34.19558694444444,4
135.16972805555557,34.19595388888889,4
135.16974,34.196061944444445,4
135.16989,34.19692888888889,4
135.16992805555554,34.197145,4
135.16994,34.19725388888889,4
135.16995305555557,34.19762,5
135.16995305555557,34.19768694444444,5
135.169865,34.19812805555556,5
135.169765,34.198645,5
135.16972805555557,34.19900305555556,4
135.16972805555557,34.199145,4
135.16977805555555,34.19941194444444,4
135.16979,34.199495,4
135.169865,34.19983694444444,4
135.16990305555555,34.200003055555555,4
135.169965,34.20032,4
135.17020305555556,34.201495,4
135.17025305555555,34.20177,4
135.170315,34.20207,4
135.17034,34.20225305555556,4
135.17037805555555,34.20238611111111,4
135.17042694444444,34.20267,4
135.17054,34.20322,4
135.17057805555555,34.20346111111111,4
135.170665,34.20392805555556,4
135.17070305555555,34.204078055555556,4
135.17074,34.20428611111111,4
135.17075194444445,34.20436111111111,4
135.17077694444444,34.20448611111111,4
135.17080194444443,34.204678055555554,4
135.17087694444444,34.205061111111114,4
135.17092805555555,34.20531111111111,4
135.170965,34.20543611111111,4
135.17099,34.20559388888889,4
135.17107805555557,34.20598611111111,5
135.17109,34.20603611111111,5
135.17115194444443,34.20626111111111,5
135.17119,34.20646888888889,5
135.171215,34.20661888888889,5
135.171215,34.20671888888889,5
135.171115,34.20699388888889,5
135.17104,34.20744388888889,6
135.17084,34.20869388888889,7
135.17074,34.20930194444445,7
135.17060194444446,34.210101944444446,8
135.17049,34.21074388888889,9
135.170415,34.21124388888889,12
135.17034,34.21176,13
135.17020305555556,34.21259305555556,9
135.17012805555555,34.213135,9
135.16997805555556,34.21391805555555,9
135.16987805555556,34.21432611111111,9
135.16967694444443,34.21519305555555,9
135.16959,34.21562611111111,8
135.16955194444444,34.21587611111111,8
135.169465,34.216993055555555,8
135.16945305555555,34.217168055555554,8
135.16942694444444,34.21751805555556,8
135.169415,34.217818055555554,8
135.16940194444445,34.21795888888889,8
135.16937694444445,34.218243055555554,8
135.16932694444444,34.218983888888886,8
135.169315,34.219118055555555,8
135.169265,34.21969305555555,8
135.16922694444443,34.22015888888889,8
135.16915194444445,34.22112611111111,9
135.16914,34.22132611111111,9
135.16914,34.22176694444445,9
135.16912694444446,34.22251694444444,9
135.16912694444446,34.222966944444444,9
135.16915194444445,34.22308388888889,9
135.16919,34.223225,9
135.16924,34.223325,9
135.16934,34.22355,9
135.169265,34.224333888888886,9
135.169115,34.22495,9
135.16907111111112,34.22512805555556,9
135.16907111111112,34.22512805555556,9
135.16897694444444,34.22551694444444,9
135.16887694444443,34.2259,9
135.16879,34.2262,9
135.16862694444444,34.226616944444444,10
135.16817694444444,34.2278,10
135.16810194444443,34.22825,9
135.16809,34.22844111111111,9
135.16809,34.22885,9
135.16809,34.22955611111111,9
135.16809,34.22955611111111,9
135.16809,34.229683055555554,9
135.16740305555555,34.22967388888889,9
135.167415,34.22979888888889,9
135.16744,34.23050805555555,9
135.16745305555557,34.23069111111111,9
135.16745305555557,34.23099888888889,9
135.16738694444444,34.231,9
135.16738694444444,34.231,9
135.16745305555557,34.23099888888889,9
135.167465,34.23134888888889,8
135.16747805555556,34.23164888888889,8
135.16747805555556,34.23194888888889,8
135.16747805555556,34.23200805555555,8
135.16749,34.23226611111111,8
135.16750305555556,34.232573888888886,7
135.16750305555556,34.232883055555554,7
135.167515,34.23311611111111,7
135.167515,34.23319111111111,7
135.16743888888888,34.23319111111111,7
135.16743888888888,34.23319111111111,7
135.166365,34.23319111111111,8
135.16532805555556,34.23319111111111,8
135.16469,34.23319111111111,8
135.1643861111111,34.23341888888889,8
135.1643861111111,34.23341888888889,8
135.16430305555556,34.23348305555555,8
135.16424,34.233533055555554,8
135.1635411111111,34.23405805555556,6
135.1633911111111,34.23417388888889,6
135.1633161111111,34.23419888888889,6
135.16320305555556,34.23430694444444,6
135.16305305555557,34.23441611111111,5
135.1630411111111,34.23442388888889,5
135.16285305555556,34.23430694444444,5
135.1624161111111,34.23409111111111,5
135.1626188888889,34.234345,5
135.1626188888889,34.234345,5
135.16290305555555,34.234698888888886,5
135.16452805555556,34.236623888888886,6
135.164905,34.23699694444444,5
135.164905,34.23699694444444,5
135.164175,34.237164166666666,5
135.164175,34.237164166666666,5
135.1600036111111,34.23864361111111,6
135.159995,34.23864888888889,6
135.16000305555556,34.23865694444444,6
135.16070305555556,34.23927388888889,6
135.1608911111111,34.23944,6
135.1610411111111,34.239615,7
135.16107805555555,34.239665,7
135.16130305555555,34.24002388888889,5
135.16176694444445,34.240873055555554,3
135.16176694444445,34.240873055555554,3
135.1615872222222,34.24022222222222,5
135.1615872222222,34.24022222222222,5
135.16173305555554,34.240165555555556,5
135.16173305555554,34.240165555555556,5
135.16245666666666,34.24233944444445,3
135.16245666666666,34.24233944444445,3
135.16322916666667,34.24300638888889,3
135.16322916666667,34.24300638888889,3
135.16731472222222,34.24556777777778,4
135.16731472222222,34.24556777777778,4
135.17019861111112,34.24652555555556,5
135.17019861111112,34.24652555555556,5
135.1716663888889,34.24677388888889,5
135.1716663888889,34.24677388888889,5
135.1756488888889,34.24800833333333,4
135.1756488888889,34.24800833333333,4
135.17704805555556,34.24847666666667,4
135.17704805555556,34.24847666666667,4
135.18237805555555,34.24988138888889,6
135.18237805555555,34.24988138888889,6
135.18331361111112,34.2506475,7
135.18331361111112,34.2506475,7
135.1842922222222,34.25093833333333,7
135.1842922222222,34.25093833333333,7
135.18683277777777,34.252385833333335,7
135.18683277777777,34.252385833333335,7
135.1884636111111,34.253747777777775,8
135.1884636111111,34.253747777777775,8
135.19091833333334,34.25653583333333,8
135.19091833333334,34.25653583333333,8
135.19367333333332,34.257621388888886,8
135.19367333333332,34.257621388888886,8
135.19927805555557,34.25789805555556,10
135.19927805555557,34.25789805555556,10
135.20278861111112,34.25774888888889,9
135.20278861111112,34.25774888888889,9
135.20546666666667,34.25759305555555,9
135.20546666666667,34.25759305555555,9
135.2135688888889,34.25705388888889,9
135.2135688888889,34.25705388888889,9
135.21649583333334,34.25591861111111,9
135.21649583333334,34.25591861111111,9
135.21812666666668,34.25520916666667,9
135.21812666666668,34.25520916666667,9
135.22338805555555,34.25366277777778,9
135.22338805555555,34.25366277777778,9
135.22723333333334,34.2527475,9
135.22723333333334,34.2527475,9
135.23012583333335,34.251931666666664,9
135.23012583333335,34.251931666666664,9
135.23218555555556,34.25201694444444,10
135.23218555555556,34.25201694444444,10
135.23335305555557,34.251151388888886,10
135.23335305555557,34.251151388888886,10
135.2347863888889,34.250924166666664,10
135.2347863888889,34.250924166666664,10
135.23829666666666,34.25110166666666,9
135.23829666666666,34.25110166666666,9
135.24077722222222,34.250434722222224,9
135.24077722222222,34.250434722222224,9
135.24313777777778,34.25047722222222,10
135.24313777777778,34.25047722222222,10
135.24678555555556,34.250605,10
135.24678555555556,34.250605,10
135.24900833333334,34.250860555555555,9
135.24900833333334,34.250860555555555,9
135.25244166666667,34.251711666666665,9
135.25244166666667,34.251711666666665,9
135.2560552777778,34.25253472222222,9
135.2560552777778,34.25253472222222,9
135.26041527777778,34.25413805555556,10
135.26041527777778,34.25413805555556,10
135.26251833333333,34.25438638888889,10
135.26251833333333,34.25438638888889,10
135.2630761111111,34.254663055555554,11
135.26308,34.25465111111111,11
135.26257,34.254533055555555,11
135.26242,34.25451611111111,11
135.26252,34.25458305555556,11
135.26297,34.25476611111111,11
135.26310694444444,34.25484111111111,11
135.26312,34.254875,11
135.26315694444443,34.254933055555554,11
135.26320694444445,34.255,11
135.26348194444444,34.25528305555556,11
135.26358194444444,34.2554,11
135.26377,34.25568305555556,11
135.26403194444444,34.256033055555555,11
135.26407,34.25606611111111,11
135.26418194444443,34.25618305555555,11
135.26419388888888,34.2562,11
135.26443194444445,34.25650805555556,11
135.26454388888888,34.25667388888889,12
135.2645688888889,34.25683305555555,12
135.2645688888889,34.25683305555555,12
135.26465694444445,34.256841111111115,12
135.26498194444446,34.25686611111111,12
135.26511888888888,34.25687388888889,12
135.2651438888889,34.25700805555555,12
135.26528194444444,34.25729111111111,12
135.26540694444444,34.257558055555556,12
135.26556888888888,34.25801611111111,12
135.26558194444445,34.25804111111111,12
135.26560694444444,34.25812388888889,12
135.26568194444445,34.258316111111114,13
135.2657188888889,34.25843305555556,13
135.2658188888889,34.25866611111111,13
135.26593194444445,34.25892388888889,13
135.26595694444444,34.25894888888889,13
135.26611888888888,34.259191111111114,13
135.2661688888889,34.25926611111111,13
135.26628194444444,34.259408055555554,13
135.26640694444444,34.25959888888889,13
135.26653194444444,34.25984111111111,13
135.2665438888889,34.259881944444444,13
135.26655694444443,34.26002388888889,13
135.2667688888889,34.26034111111111,13
135.26700694444443,34.26084111111111,13
135.2671938888889,34.26125694444445,13
135.26723194444443,34.26134111111111,13
135.26728194444445,34.26144111111111,13
135.26743194444444,34.26175805555555,13
135.2677688888889,34.26244888888889,13
135.26794388888888,34.262856944444444,14
135.2679511111111,34.262903888888886,14
135.2679511111111,34.262903888888886,14
135.2679688888889,34.263016111111114,14
135.2679938888889,34.263131944444446,14
135.26818194444445,34.26320694444444,14
135.2685688888889,34.263356944444446,14
135.26890694444444,34.26345694444444,14
135.2692688888889,34.263556944444446,14
135.26968194444444,34.26365694444444,14
135.2700438888889,34.263731944444444,14
135.27054388888888,34.26379111111111,14
135.2709811111111,34.26383194444445,14
135.2714188888889,34.26384888888889,14
135.2721938888889,34.26386611111111,14
135.2744688888889,34.263891111111114,14
135.276345,34.26389805555556,14
135.2763438888889,34.26389805555556,14
135.2764811111111,34.26389888888889,14
135.27641888888888,34.263798888888886,14
135.2762811111111,34.26364888888889,14
135.2761311111111,34.263466111111114,14
135.2760688888889,34.26341611111111,14
135.2754811111111,34.26315694444445,14
135.2751311111111,34.26300694444444,14
135.27485611111112,34.26284111111111,14
135.27451888888888,34.26254888888889,14
135.27426888888888,34.26234888888889,14
135.27404388888888,34.26211611111111,13
135.27403194444443,34.262098888888886,13
135.27403194444443,34.262098888888886,13
135.2739688888889,34.262008055555555,13
135.2739061111111,34.26189111111111,13
135.27385611111112,34.26175805555555,13
135.2738061111111,34.261558055555554,13
135.27373111111112,34.26141611111111,13
135.27361888888888,34.260981944444445,13
135.27359388888888,34.26084888888889,13
135.27349388888888,34.26052388888889,13
135.2734561111111,34.26045694444444,13
135.27328111111112,34.260131944444446,13
135.27315611111112,34.260058055555554,13
135.2726688888889,34.25984888888889,13
135.2725188888889,34.25978305555556,13
135.2724311111111,34.25969111111111,13
135.2723061111111,34.25937388888889,13
135.27224388888888,34.25924888888889,13
135.2720811111111,34.258808055555555,13
135.2719938888889,34.25852388888889,13
135.2718811111111,34.25837388888889,13
135.27180611111112,34.258316111111114,13
135.2715061111111,34.25822388888889,13
135.2711811111111,34.25804888888889,12
135.27111888888888,34.25800805555556,12
135.27090694444445,34.25785805555556,12
135.27076888888888,34.25774888888889,12
135.27068194444445,34.25768305555555,12
135.27028194444443,34.25734888888889,12
135.27018194444443,34.257266111111115,12
135.26996888888888,34.25709888888889,12
135.26986888888888,34.25701611111111,12
135.26978194444445,34.25694111111111,12
135.26945694444444,34.25675805555556,12
135.26913194444444,34.25656611111111,12
135.26910694444445,34.25654888888889,12
135.26890694444444,34.25644888888889,12
135.26875694444445,34.25637388888889,12
135.26858194444443,34.256283055555556,12
135.2683438888889,34.256175,12
135.26783194444445,34.25595805555555,12
135.26720694444444,34.25575,11
135.26706,34.25570888888889,11
135.2670588888889,34.25570888888889,11
135.26678194444443,34.255633055555556,11
135.2666438888889,34.2556,11
135.2656188888889,34.255358055555554,11
135.26521888888888,34.25524111111111,11
135.26463194444443,34.25508305555555,11
135.26448194444444,34.25499111111111,11
135.26468194444445,34.25496611111111,11
135.2648438888889,34.254891111111114,11
135.26498194444446,34.2548,11
135.26511888888888,34.254691111111114,11
135.26531888888888,34.25458305555556,11
135.26545694444445,34.25455,11
135.26556888888888,34.25454111111111,11
135.26566888888888,34.25454111111111,11
135.26625694444445,34.254733055555555,11
135.26635694444445,34.254733055555555,11
135.2664188888889,34.25475,11
135.2664188888889,34.25475,11
135.2727236111111,34.25597555555556,13
135.2727236111111,34.25597555555556,13
135.27974444444445,34.25720277777778,12
135.27974444444445,34.25720277777778,12
135.2830661111111,34.257621388888886,11
135.2830661111111,34.257621388888886,11
135.28397583333333,34.257578611111114,10
135.28397583333333,34.257578611111114,10
135.2827313888889,34.25743694444444,10
135.2827313888889,34.25743694444444,10
135.284405,34.257287777777776,10
135.284405,34.257287777777776,10
135.28757222222222,34.256840833333335,10
135.28757222222222,34.256840833333335,10
135.2889025,34.25694027777778,10
135.2889025,34.25694027777778,10
135.29196666666667,34.257507777777775,13
135.29196666666667,34.257507777777775,13
135.29818083333333,34.25704666666667,14
135.29818083333333,34.25704666666667,14
135.30019777777778,34.256635277777775,14
135.30019777777778,34.256635277777775,14
135.30282416666665,34.25517388888889,14
135.30282416666665,34.25517388888889,14
135.30529444444446,34.256482222222225,17
135.30531611111113,34.25646305555556,17
135.30552805555556,34.256625,17
135.30605305555557,34.25694111111111,18
135.30635305555555,34.25709888888889,18
135.30744,34.257283055555554,20
135.30744,34.25723305555555,20
135.30742805555556,34.25688888888889,20
135.30742805555556,34.25688888888889,20
135.30742805555556,34.25686611111111,20
135.30749,34.256858055555554,20
135.307665,34.256775,19
135.30784,34.256683055555555,18
135.30800305555556,34.25659111111111,18
135.30804,34.25655,18
135.30814,34.25653305555556,18
135.30832805555556,34.25656611111111,18
135.308365,34.25658305555555,18
135.308465,34.25656611111111,18
135.30850305555555,34.25654111111111,18
135.30874,34.25638305555555,17
135.30877805555556,34.25635805555556,17
135.308815,34.256191111111114,17
135.30882805555555,34.25605,16
135.30882805555555,34.2559,16
135.30882805555555,34.25568305555556,16
135.309015,34.255633055555556,16
135.309215,34.255608055555555,16
135.30940305555555,34.255575,17
135.30950305555555,34.25555,17
135.309615,34.25551611111111,17
135.30975305555555,34.2555,17
135.30994,34.25546611111111,17
135.310065,34.25544111111111,17
135.310165,34.255408055555556,17
135.310415,34.255316111111114,17
135.31055305555554,34.25525,17
135.31079,34.255133055555554,18
135.31087805555555,34.25506611111111,18
135.31089,34.25500805555556,18
135.31090194444445,34.25490805555555,18
135.31089,34.25485805555556,18
135.3108511111111,34.25475388888889,18
135.3108511111111,34.25475388888889,18
135.31084,34.254725,18
135.31080194444445,34.25461611111111,18
135.31079,34.25459111111111,18
135.310815,34.254558055555556,18
135.31085305555555,34.254525,18
135.31109,34.25445,18
135.31114,34.25443305555556,18
135.31124,34.25435805555556,18
135.31127694444444,34.254325,19
135.31169,34.254025,19
135.31179,34.253925,19
135.31189,34.25386694444445,19
135.31255194444444,34.253633055555554,20
135.31260694444444,34.253616944444445,20
135.31260694444444,34.253616944444445,20
135.31232583333335,34.253102222222225,20
135.31232583333335,34.253102222222225,20
135.3132613888889,34.25231472222222,20
135.3132613888889,34.25231472222222,20
135.31595638888888,34.251158333333336,20
135.3159511111111,34.25114888888889,20
135.3161638888889,34.251066944444446,20
135.3166388888889,34.250883888888886,20
135.31685194444444,34.25080888888889,20
135.31701388888888,34.25074194444444,20
135.31752694444444,34.25055888888889,21
135.31775194444444,34.250475,23
135.31805194444445,34.2504,20
135.31822694444443,34.25035888888889,21
135.31846388888889,34.2503,21
135.31865194444444,34.25028388888889,20
135.3187388888889,34.25031694444444,20
135.31902694444443,34.250325,19
135.31922694444444,34.250425,19
135.31940194444445,34.250575,20
135.31986388888888,34.25105,20
135.32040111111112,34.25160888888889,20
135.32051388888888,34.2517,20
135.3209388888889,34.252075,20
135.320965,34.252055,20
135.320965,34.252055,20
135.32132083333335,34.251775555555554,20
135.32132083333335,34.251775555555554,20
135.32031666666666,34.25078944444444,20
135.32031666666666,34.25078944444444,20
135.32048833333334,34.250392222222224,19
135.32048833333334,34.250392222222224,19
135.32801555555557,34.24991694444444,20
135.32801555555557,34.24991694444444,20
135.33009277777776,34.249810277777776,20
135.33009277777776,34.249810277777776,20
135.33449583333334,34.25027166666667,20
135.33449583333334,34.25027166666667,20
135.33660722222223,34.25077527777778,20
135.33660722222223,34.25077527777778,20
135.33963722222222,34.2519175,20
135.33963888888889,34.25191805555556,20
135.3396488888889,34.25190111111111,20
135.33966194444446,34.25188388888889,20
135.34168694444443,34.24893388888889,23
135.34192388888889,34.24903388888889,23
135.3431111111111,34.249518055555555,23
135.3436861111111,34.249743055555555,22
135.34442388888888,34.250033888888886,23
135.3447111111111,34.250143055555554,23
135.3449361111111,34.25022611111111,23
135.3459488888889,34.25055888888889,24
135.34683611111112,34.250841944444446,24
135.3470738888889,34.25091694444444,24
135.3474238888889,34.25100888888889,24
135.3479638888889,34.251086111111114,24
135.3479638888889,34.251086111111114,24
135.3480111111111,34.25109194444445,24
135.34808611111112,34.25110111111111,24
135.3490611111111,34.25109194444445,24
135.34989805555554,34.25107611111111,24
135.3503611111111,34.25105888888889,23
135.3511611111111,34.25102611111111,23
135.35203611111112,34.250993055555554,24
135.35248611111112,34.25096805555555,24
135.3525111111111,34.25095888888889,24
135.3529111111111,34.25091694444444,23
135.35322305555556,34.25087611111111,23
135.35394805555555,34.25078388888889,23
135.35414805555556,34.250768055555554,23
135.35464805555554,34.25069305555556,23
135.35561,34.25054305555555,23
135.35587305555555,34.25050111111111,23
135.35659805555557,34.25037611111111,23
135.35704805555557,34.25028388888889,23
135.35756,34.25017611111111,24
135.35811,34.25005111111111,24
135.35886,34.24986805555555,26
135.35994805555555,34.24961,29
135.36082305555556,34.249385,29
135.362385,34.24900111111111,28
135.36363111111112,34.248688888888886,27
135.36363111111112,34.248688888888886,27
135.36384694444445,34.248635,27
135.3649838888889,34.24835111111111,27
135.36564694444445,34.248185,28
135.3658838888889,34.24806,28
135.36619694444445,34.247835,28
135.3663588888889,34.247701944444444,28
135.3663838888889,34.24765194444444,28
135.36639694444443,34.24751805555555,29
135.36655888888887,34.247485,29
135.36662194444443,34.247485,29
135.36679694444445,34.247485,29
135.36704694444444,34.24751,29
135.36737194444444,34.247548888888886,29
135.36737194444444,34.247548888888886,29
135.3675338888889,34.247568055555554,29
135.3680838888889,34.24766,31
135.36847194444445,34.24765194444444,30
135.3693088888889,34.24762694444444,31
135.3694588888889,34.24761,30
135.3696338888889,34.24757694444445,29
135.37024694444443,34.24742694444444,31
135.37050888888888,34.247343055555554,31
135.3706588888889,34.247301944444445,33
135.37083388888888,34.24722694444444,33
135.37097194444445,34.247135,34
135.37115888888889,34.24696888888889,37
135.37140888888888,34.246743888888886,37
135.3714338888889,34.24666,38
135.3714588888889,34.24641,45
135.3718838888889,34.246426944444444,34
135.37220888888888,34.246426944444444,37
135.37287111111112,34.246426944444444,37
135.37312111111112,34.246451944444445,34
135.3731711111111,34.246451944444445,34
135.37355888888888,34.24652694444445,33
135.3740338888889,34.24662694444444,35
135.37455888888888,34.246743888888886,37
135.3747338888889,34.24679388888889,35
135.3748961111111,34.24686,38
135.3752838888889,34.247101944444445,35
135.37558388888888,34.247276944444444,33
135.3768961111111,34.247818055555555,37
135.3772211111111,34.24801,35
135.37732111111112,34.24809305555556,37
135.3775711111111,34.24830194444444,37
135.3777211111111,34.248385,37
135.3778961111111,34.24845194444445,42
135.3785211111111,34.24856,43
135.3787461111111,34.24861805555555,42
135.3789338888889,34.248685,36
135.37909611111112,34.24876,36
135.37922111111112,34.248826944444446,33
135.3793588888889,34.248893055555556,33
135.37943388888888,34.24899305555556,33
135.37978388888888,34.249201944444444,33
135.3799838888889,34.24932694444445,32
135.38013388888888,34.24944305555555,32
135.3802211111111,34.249518055555555,31
135.3802961111111,34.24960194444444,33
135.38033805555557,34.249671944444444,34
135.38033805555557,34.249671944444444,34
135.3804461111111,34.24985111111111,37
135.3805211111111,34.249943055555555,36
135.38079611111112,34.25042611111111,37
135.3809838888889,34.25071,35
135.3811961111111,34.25106,33
135.38125805555555,34.25116805555555,33
135.38139611111112,34.251385,32
135.38160805555555,34.25162611111111,32
135.38235805555556,34.25224305555555,31
135.3836211111111,34.253301111111114,30
135.38403305555556,34.25366805555556,30
135.3842711111111,34.253843055555556,30
135.38450805555556,34.253993055555554,30
135.384635,34.25406111111111,30
135.384635,34.25406111111111,30
135.38490805555554,34.25420888888889,30
135.38618305555556,34.25485111111111,30
135.38643305555556,34.254958888888886,30
135.38723305555555,34.255268055555554,30
135.38862111111112,34.25577611111111,31
135.3889961111111,34.25589305555555,33
135.389145,34.255941944444444,35
135.38978305555557,34.25613388888889,34
135.39110805555555,34.25653388888889,31
135.39128305555556,34.25658388888889,31
135.39348305555555,34.257266944444446,30
135.39370694444443,34.25733388888889,30
135.39485805555555,34.25767611111111,30
135.39537805555557,34.257848055555556,30
135.39537805555557,34.257848055555556,30
135.39647,34.25820888888889,30
135.39707,34.25840111111111,30
135.398095,34.25873388888889,30
135.40318194444444,34.260416944444444,34
135.4046438888889,34.260925,33
135.4047438888889,34.26095,33
135.4059188888889,34.26139194444445,32
135.40623194444444,34.26150888888889,32
135.40657305555555,34.26162194444444,32
135.40657305555555,34.26162194444444,32
135.4078311111111,34.26204194444445,32
135.4087311111111,34.26231694444444,32
135.4093061111111,34.26246694444445,31
135.40959388888888,34.26250805555556,32
135.40959388888888,34.26250805555556,32
135.41236138888888,34.26309055555556,33
135.41236138888888,34.26309055555556,33
135.4149277777778,34.26305527777778,35
135.4149277777778,34.26305527777778,35
135.4180863888889,34.263275,34
135.4180863888889,34.263275,34
135.4214252777778,34.26305527777778,37
135.421425,34.263043055555556,37
135.42148,34.263041944444446,37
135.42154305555556,34.26306694444445,37
135.42236805555555,34.26319194444444,38
135.42308,34.26325,39
135.42403,34.263425,40
135.424255,34.263466944444446,39
135.42451694444443,34.263491944444446,40
135.42481694444444,34.263508888888886,41
135.42516694444444,34.2635,42
135.42544194444446,34.263441944444445,46
135.42561694444444,34.263425,46
135.42574194444444,34.263416944444444,46
135.42589194444443,34.26340888888889,47
135.42608,34.263416944444444,48
135.42629194444444,34.263441944444445,52
135.42639194444445,34.263441944444445,52
135.42660388888888,34.263425,52
135.4267538888889,34.2634,52
135.42719194444444,34.26329194444445,54
135.42731694444444,34.263266944444446,54
135.4281538888889,34.26314194444444,54
135.42827888888888,34.263125,53
135.4285788888889,34.26309194444445,56
135.4288288888889,34.263041944444446,52
135.42909194444445,34.262925,52
135.42926,34.26285194444444,52
135.42926,34.26285194444444,52
135.4294538888889,34.262766944444444,53
135.42961694444443,34.26270111111111,52
135.4297288888889,34.262658888888886,54
135.4299538888889,34.26260111111111,52
135.43022888888888,34.26255111111111,53
135.4303788888889,34.262526111111114,53
135.4305038888889,34.26249194444444,52
135.43054194444446,34.26248388888889,52
135.4307288888889,34.26244194444445,54
135.43102888888887,34.262391944444445,53
135.4314038888889,34.262341944444444,51
135.43204194444445,34.26225888888889,53
135.4320788888889,34.262233888888886,53
135.43214194444445,34.26215888888889,55
135.43225388888888,34.262166944444445,55
135.43235388888888,34.26218388888889,54
135.4325038888889,34.26222611111111,50
135.4331161111111,34.26246694444445,44
135.4333288888889,34.26250888888889,44
135.4335911111111,34.262526111111114,49
135.4341038888889,34.26253388888889,52
135.4345661111111,34.262526111111114,53
135.4347038888889,34.26250888888889,52
135.4358538888889,34.26215111111111,44
135.4360288888889,34.262101111111114,44
135.4363038888889,34.26210888888889,45
135.4364161111111,34.26212611111111,45
135.4364788888889,34.26215111111111,45
135.4366161111111,34.26224194444445,45
135.43691611111112,34.26250111111111,45
135.4370911111111,34.26265111111111,44
135.43742805555556,34.26297611111111,41
135.4378411111111,34.263416944444444,40
135.43790305555555,34.26347611111111,40
135.43805305555554,34.263641944444444,41
135.4382161111111,34.26381694444444,41
135.43850305555554,34.26412611111111,41
135.4385411111111,34.26418388888889,41
135.43892805555555,34.26464194444444,41
135.4392161111111,34.26493388888889,41
135.43955305555556,34.265233888888886,41
135.43992805555555,34.26551694444444,41
135.44034,34.265775,41
135.44059,34.26595,41
135.440575,34.265968055555554,41
135.440575,34.265968055555554,41
135.44059,34.26595,41
135.441215,34.26625888888889,41
135.44169,34.26649194444445,41
135.44205305555556,34.26665888888889,41
135.44219,34.26674194444445,41
135.44227694444444,34.26683388888889,41
135.442715,34.2674,41
135.44277805555555,34.267491944444444,41
135.442865,34.267575,41
135.443215,34.267766944444446,41
135.443615,34.267966944444446,41
135.44385305555556,34.26805888888889,42
135.444315,34.268225,45
135.444665,34.26838388888889,46
135.44489,34.26851694444444,46
135.44502694444444,34.268625,46
135.44514,34.26875,47
135.445265,34.26898388888889,47
135.44516388888889,34.26903305555555,45
135.44516305555555,34.26903305555555,45
135.44512694444444,34.26905,45
135.44510194444445,34.269083888888886,44
135.44485194444445,34.269333055555556,42
135.44465194444444,34.26954194444444,41
135.444515,34.269691944444446,40
135.443415,34.270833055555556,40
135.442315,34.271975,44
135.44209,34.27220805555555,45
135.44175305555555,34.27254111111111,45
135.44119,34.27311611111111,47
135.440615,34.27359888888889,48
135.439965,34.27413305555555,48
135.43982805555555,34.27432388888889,49
135.43960305555555,34.274608055555554,49
135.43968194444443,34.27464388888889,49
135.4396811111111,34.27464388888889,49
135.43960305555555,34.274608055555554,49
135.43982805555555,34.27432388888889,49
135.439965,34.27413305555555,48
135.440615,34.27359888888889,48
135.44119,34.27311611111111,47
135.44175305555555,34.27254111111111,45
135.44209,34.27220805555555,45
135.442315,34.271975,44
135.443415,34.270833055555556,40
135.444515,34.269691944444446,40
135.44465194444444,34.26954194444444,41
135.44485194444445,34.269333055555556,42
135.44510194444445,34.269083888888886,44
135.44512694444444,34.26905,45
135.445265,34.26898388888889,47
135.44514,34.26875,47
135.44502694444444,34.268625,46
135.44489,34.26851694444444,46
135.444665,34.26838388888889,46
135.444315,34.268225,45
135.44385305555556,34.26805888888889,42
135.443615,34.267966944444446,41
135.443215,34.267766944444446,41
135.442865,34.267575,41
135.44277805555555,34.267491944444444,41
135.442715,34.2674,41
135.44227694444444,34.26683388888889,41
135.44219,34.26674194444445,41
135.44205305555556,34.26665888888889,41
135.44169,34.26649194444445,41
135.441215,34.26625888888889,41
135.44059,34.26595,41
135.44034,34.265775,41
135.43992805555555,34.26551694444444,41
135.43955305555556,34.265233888888886,41
135.4392161111111,34.26493388888889,41
135.43892805555555,34.26464194444444,41
135.4385411111111,34.26418388888889,41
135.43850305555554,34.26412611111111,41
135.4382161111111,34.26381694444444,41
135.43805305555554,34.263641944444444,41
135.43790305555555,34.26347611111111,40
135.4378411111111,34.263416944444444,40
135.43742805555556,34.26297611111111,41
135.4370911111111,34.26265111111111,44
135.43691611111112,34.26250111111111,45
135.4366161111111,34.26224194444445,45
135.4364788888889,34.26215111111111,45
135.4364161111111,34.26212611111111,45
135.4363038888889,34.26210888888889,45
135.4360288888889,34.262101111111114,44
135.4358538888889,34.26215111111111,44
135.4347038888889,34.26250888888889,52
135.4345661111111,34.262526111111114,53
135.4341038888889,34.26253388888889,52
135.43379,34.26252888888889,50
135.43379,34.26252888888889,50
135.4335911111111,34.262526111111114,49
135.4333288888889,34.26250888888889,44
135.4331161111111,34.26246694444445,44
135.4325038888889,34.26222611111111,50
135.43235388888888,34.26218388888889,54
135.43225388888888,34.262166944444445,55
135.43214194444445,34.26215888888889,55
135.4320788888889,34.262233888888886,53
135.43204194444445,34.26225888888889,53
135.4314038888889,34.262341944444444,51
135.43102888888887,34.262391944444445,53
135.4307288888889,34.26244194444445,54
135.43054194444446,34.26248388888889,52
135.4305038888889,34.26249194444444,52
135.4303788888889,34.262526111111114,53
135.43022888888888,34.26255111111111,53
135.4299538888889,34.26260111111111,52
135.4297288888889,34.262658888888886,54
135.42961694444443,34.26270111111111,52
135.4294538888889,34.262766944444444,53
135.42909194444445,34.262925,52
135.4288288888889,34.263041944444446,52
135.4285788888889,34.26309194444445,56
135.42827888888888,34.263125,53
135.4281538888889,34.26314194444444,54
135.42731694444444,34.263266944444446,54
135.42719194444444,34.26329194444445,54
135.4267538888889,34.2634,52
135.42660388888888,34.263425,52
135.42640805555556,34.26344111111111,52
135.42640805555556,34.26344111111111,52
135.42639194444445,34.263441944444445,52
135.42629194444444,34.263441944444445,52
135.42608,34.263416944444444,48
135.42589194444443,34.26340888888889,47
135.42574194444444,34.263416944444444,46
135.42561694444444,34.263425,46
135.42544194444446,34.263441944444445,46
135.42516694444444,34.2635,42
135.42481694444444,34.263508888888886,41
135.42451694444443,34.263491944444446,40
135.424255,34.263466944444446,39
135.42403,34.263425,40
135.42308,34.26325,39
135.42236805555555,34.26319194444444,38
135.42154305555556,34.26306694444445,37
135.42148,34.263041944444446,37
135.42089194444443,34.26305,36
135.42029305555556,34.26306694444445,36
135.41948,34.26315888888889,36
135.41883,34.26323388888889,34
135.41844305555554,34.26325888888889,34
135.41844194444445,34.26325888888889,34
135.41811805555557,34.263275,34
135.41774305555555,34.263283888888886,34
135.4170311111111,34.26329194444445,34
135.41676805555556,34.263283888888886,34
135.41650611111112,34.263266944444446,34
135.41601805555555,34.26320888888889,34
135.41496805555556,34.263083888888886,35
135.4148311111111,34.263075,36
135.41439305555556,34.26306694444445,36
135.4139311111111,34.263083055555555,35
135.4130561111111,34.26311694444444,34
135.4127311111111,34.2631,34
135.4122811111111,34.263058055555554,33
135.41186888888888,34.263025,33
135.4110061111111,34.262875,32
135.41071694444443,34.26279611111111,32
135.41071694444443,34.26279611111111,32
135.40553472222223,34.26132972222222,32
135.40553472222223,34.26132972222222,32
135.39684861111112,34.25837861111111,30
135.39686805555556,34.25833611111111,30
135.39647,34.25820888888889,30
135.39485805555555,34.25767611111111,30
135.39370694444443,34.25733388888889,30
135.39348305555555,34.257266944444446,30
135.39128305555556,34.25658388888889,31
135.39110805555555,34.25653388888889,31
135.38978305555557,34.25613388888889,34
135.389145,34.255941944444444,35
135.3889961111111,34.25589305555555,33
135.38862111111112,34.25577611111111,31
135.38723305555555,34.255268055555554,30
135.38643305555556,34.254958888888886,30
135.38618305555556,34.25485111111111,30
135.38490805555554,34.25420888888889,30
135.38450805555556,34.253993055555554,30
135.3842711111111,34.253843055555556,30
135.38403305555556,34.25366805555556,30
135.3836211111111,34.253301111111114,30
135.3836161111111,34.25329694444444,30
135.3836161111111,34.25329694444444,30
135.38235805555556,34.25224305555555,31
135.38160805555555,34.25162611111111,32
135.38139611111112,34.251385,32
135.38125805555555,34.25116805555555,33
135.3811961111111,34.25106,33
135.3809838888889,34.25071,35
135.38079611111112,34.25042611111111,37
135.3805211111111,34.249943055555555,36
135.3804461111111,34.24985111111111,37
135.3802961111111,34.24960194444444,33
135.3802211111111,34.249518055555555,31
135.38013388888888,34.24944305555555,32
135.3799838888889,34.24932694444445,32
135.37978388888888,34.249201944444444,33
135.37943388888888,34.24899305555556,33
135.3793588888889,34.248893055555556,33
135.37922111111112,34.248826944444446,33
135.37909611111112,34.24876,36
135.3789338888889,34.248685,36
135.3787461111111,34.24861805555555,42
135.3785211111111,34.24856,43
135.3778961111111,34.24845194444445,42
135.3777211111111,34.248385,37
135.3775711111111,34.24830194444444,37
135.37732111111112,34.24809305555556,37
135.3772211111111,34.24801,35
135.3768961111111,34.247818055555555,37
135.37558388888888,34.247276944444444,33
135.3752838888889,34.247101944444445,35
135.3748961111111,34.24686,38
135.3747338888889,34.24679388888889,35
135.37455888888888,34.246743888888886,37
135.3740338888889,34.24662694444444,35
135.37355888888888,34.24652694444445,33
135.3731711111111,34.246451944444445,34
135.37312111111112,34.246451944444445,34
135.37287111111112,34.246426944444444,37
135.37220888888888,34.246426944444444,37
135.3718838888889,34.246426944444444,34
135.3714588888889,34.24641,45
135.3714338888889,34.24666,38
135.37140888888888,34.246743888888886,37
135.37115888888889,34.24696888888889,37
135.37097194444445,34.247135,34
135.37083388888888,34.24722694444444,33
135.3706588888889,34.247301944444445,33
135.37050888888888,34.247343055555554,31
135.37024694444443,34.24742694444444,31
135.3696338888889,34.24757694444445,29
135.3694588888889,34.24761,30
135.3693088888889,34.24762694444444,31
135.36885,34.24764,31
135.36885,34.24764,31
135.36847194444445,34.24765194444444,30
135.3680838888889,34.24766,31
135.3675338888889,34.247568055555554,29
135.36704694444444,34.24751,29
135.36679694444445,34.247485,29
135.36662194444443,34.247485,29
135.36655888888887,34.247485,29
135.36639694444443,34.24751805555555,29
135.3663838888889,34.24765194444444,28
135.3663588888889,34.247701944444444,28
135.36619694444445,34.247835,28
135.3658838888889,34.24806,28
135.36564694444445,34.248185,28
135.3649838888889,34.24835111111111,27
135.36384694444445,34.248635,27
135.362385,34.24900111111111,28
135.36082305555556,34.249385,29
135.35994805555555,34.24961,29
135.35886,34.24986805555555,26
135.3584561111111,34.249966944444445,25
135.3584561111111,34.249966944444445,25
135.35811,34.25005111111111,24
135.35756,34.25017611111111,24
135.35704805555557,34.25028388888889,23
135.35659805555557,34.25037611111111,23
135.35587305555555,34.25050111111111,23
135.35561,34.25054305555555,23
135.35464805555554,34.25069305555556,23
135.35414805555556,34.250768055555554,23
135.35394805555555,34.25078388888889,23
135.35322305555556,34.25087611111111,23
135.3529111111111,34.25091694444444,23
135.3525111111111,34.25095888888889,24
135.35248611111112,34.25096805555555,24
135.35203611111112,34.250993055555554,24
135.3511611111111,34.25102611111111,23
135.3503611111111,34.25105888888889,23
135.34989805555554,34.25107611111111,24
135.3490611111111,34.25109194444445,24
135.34808611111112,34.25110111111111,24
135.3480111111111,34.25109194444445,24
135.3474238888889,34.25100888888889,24
135.3470738888889,34.25091694444444,24
135.34683611111112,34.250841944444446,24
135.3459488888889,34.25055888888889,24
135.3449361111111,34.25022611111111,23
135.3447111111111,34.250143055555554,23
135.34442388888888,34.250033888888886,23
135.3436861111111,34.249743055555555,22
135.3431111111111,34.249518055555555,23
135.34241805555556,34.249235,23
135.34241805555556,34.249235,23
135.34192388888889,34.24903388888889,23
135.34168694444443,34.24893388888889,23
135.33966194444446,34.25188388888889,20
135.3396488888889,34.25190111111111,20
135.33962305555556,34.25194611111111,20
135.33962305555556,34.25194611111111,20
135.3368013888889,34.250844444444446,20
135.3368013888889,34.250844444444446,20
135.33402055555555,34.250276944444444,20
135.33402055555555,34.250276944444444,20
135.32959166666666,34.24985111111111,20
135.32959166666666,34.24985111111111,20
135.3205413888889,34.25042861111111,19
135.3205413888889,34.25042861111111,19
135.32034833333333,34.25083638888889,20
135.32034833333333,34.25083638888889,20
135.32127083333333,34.251801388888886,20
135.32127083333333,34.251801388888886,20
135.3209447222222,34.25209916666667,20
135.32095611111112,34.25209,20
135.3209388888889,34.252075,20
135.32051388888888,34.2517,20
135.32040111111112,34.25160888888889,20
135.31986388888888,34.25105,20
135.31940194444445,34.250575,20
135.31922694444444,34.250425,19
135.31902694444443,34.250325,19
135.3187388888889,34.25031694444444,20
135.31865194444444,34.25028388888889,20
135.31846388888889,34.2503,21
135.31822694444443,34.25035888888889,21
135.31805194444445,34.2504,20
135.31775194444444,34.250475,23
135.31752694444444,34.25055888888889,21
135.31701388888888,34.25074194444444,20
135.31685194444444,34.25080888888889,20
135.31679111111112,34.25083,20
135.31679111111112,34.25083,20
135.3166388888889,34.250883888888886,20
135.3161638888889,34.251066944444446,20
135.31592694444444,34.25115888888889,20
135.3158388888889,34.25119194444444,20
135.31497694444445,34.25156694444444,20
135.314565,34.25174194444445,20
135.313315,34.25228305555556,20
135.3132338888889,34.25232388888889,20
135.3132338888889,34.25232388888889,20
135.3126063888889,34.25246472222222,19
135.3126063888889,34.25246472222222,19
135.3106236111111,34.25327333333333,17
135.3106236111111,34.25327333333333,17
135.3116836111111,34.25300027777778,19
135.3116836111111,34.25300027777778,19
135.31040055555556,34.25360694444444,17
135.31040055555556,34.25360694444444,17
135.30850777777778,34.25496555555556,15
135.30850777777778,34.25496555555556,15
135.30650805555555,34.25605083333333,18
135.30650805555555,34.25605083333333,18
135.30526361111112,34.25639833333334,17
135.30526361111112,34.25639833333334,17
135.3028688888889,34.255156944444444,14
135.3028688888889,34.255156944444444,14
135.30020805555554,34.25659,14
135.30020805555554,34.25659,14
135.29821666666666,34.25701222222222,14
135.29821666666666,34.25701222222222,14
135.29202833333332,34.25749805555556,13
135.29202833333332,34.25749805555556,13
135.28896416666666,34.25694472222222,10
135.28896416666666,34.25694472222222,10
135.28765972222223,34.25686666666667,10
135.28765972222223,34.25686666666667,10
135.28446666666667,34.25729222222222,10
135.28446666666667,34.25729222222222,10
135.28278444444445,34.257441388888886,10
135.28278444444445,34.257441388888886,10
135.2838875,34.25759027777778,10
135.2838875,34.25759027777778,10
135.28298194444446,34.257615,11
135.28298194444446,34.257615,11
135.2796,34.257193055555554,12
135.2796,34.257193055555554,12
135.27257055555555,34.255955,13
135.27257055555555,34.255955,13
135.2662413888889,34.254715833333336,11
135.2662361111111,34.25472611111111,11
135.26566888888888,34.25454111111111,11
135.26556888888888,34.25454111111111,11
135.26545694444445,34.25455,11
135.26531888888888,34.25458305555556,11
135.26511888888888,34.254691111111114,11
135.26498194444446,34.2548,11
135.2648438888889,34.254891111111114,11
135.26468194444445,34.25496611111111,11
135.26448194444444,34.25499111111111,11
135.26440694444443,34.255,11
135.26402,34.25488305555555,11
135.26350694444446,34.25475,11
135.2631288888889,34.25466194444444,11
135.2631288888889,34.25466194444444,11
135.26256138888888,34.2544,10
135.26256138888888,34.2544,10
135.26041138888888,34.254095,10
135.26041138888888,34.254095,10
135.25602444444445,34.25259944444444,10
135.25602444444445,34.25259944444444,10
135.25251416666666,34.25174805555555,9
135.25251416666666,34.25174805555555,9
135.24899083333332,34.250928611111114,10
135.24899083333332,34.250928611111114,10
135.24669472222223,34.250591666666665,10
135.24669472222223,34.250591666666665,10
135.2429997222222,34.250456944444444,10
135.2429997222222,34.250456944444444,10
135.24065222222222,34.250460555555556,10
135.24065222222222,34.250460555555556,10
135.23837777777777,34.251084722222224,9
135.23837777777777,34.251084722222224,9
135.2347213888889,34.250879166666664,10
135.2347213888889,34.250879166666664,10
135.23324083333333,34.25120888888889,10
135.23324083333333,34.25120888888889,10
135.23227083333333,34.25203888888889,10
135.23227083333333,34.25203888888889,10
135.22999222222222,34.2519575,9
135.22999222222222,34.2519575,9
135.2297561111111,34.25217722222222,9
135.2297561111111,34.25217722222222,9
135.2310136111111,34.25231222222222,9
135.2310136111111,34.25231222222222,9
135.2310222222222,34.25243972222222,10
135.23102194444445,34.25243694444445,10
135.23062305555555,34.25245805555556,10
135.23009694444445,34.252473888888886,10
135.22952305555555,34.25251611111111,10
135.22917194444443,34.25255805555555,10
135.228535,34.25268305555556,10
135.228385,34.25271611111111,10
135.22836,34.25259888888889,10
135.22824805555555,34.25217388888889,9
135.2281188888889,34.251826111111114,9
135.22812,34.251826111111114,9
135.22811,34.25179888888889,9
135.22799694444444,34.25151611111111,9
135.22782305555555,34.25116611111111,10
135.227785,34.25109111111111,10
135.22761,34.25079111111111,10
135.227185,34.25018305555555,10
135.22694805555557,34.24982388888889,13
135.22689805555555,34.24975805555555,14
135.22681,34.24968305555556,14
135.22661,34.24952388888889,11
135.22651,34.24945805555556,11
135.22624805555554,34.249158055555554,10
135.22611,34.24900805555556,10
135.22607305555556,34.24894111111111,10
135.226035,34.24886611111111,9
135.225985,34.248691111111114,9
135.22589805555555,34.24834888888889,8
135.22511111111112,34.245475,9
135.22509805555555,34.24543305555556,10
135.22489805555554,34.24544111111111,10
135.22474805555555,34.24543305555556,10
135.2247361111111,34.245491111111114,9
135.22467305555554,34.245525,9
135.22396111111112,34.245691111111114,9
135.22376111111112,34.24571611111111,10
135.2228861111111,34.24590805555555,10
135.2219961111111,34.24612611111111,9
135.2219961111111,34.24612611111111,9
135.2216611111111,34.246208055555556,9
135.2208361111111,34.24614111111111,5
135.22058611111112,34.24612388888889,5
135.2182861111111,34.245933055555554,5
135.2181361111111,34.24592388888889,5
135.2179111111111,34.24589888888889,5
135.21763611111112,34.24585805555556,5
135.2159861111111,34.245598888888885,5
135.21571111111112,34.245558055555556,5
135.2144538888889,34.24536388888889,5
135.2144538888889,34.24536388888889,5
135.2140361111111,34.24529888888889,5
135.2137238888889,34.24516611111111,5
135.21367388888888,34.245066111111115,5
135.2135988888889,34.24462388888889,5
135.2135738888889,34.24449111111111,5
135.21346111111112,34.24391611111111,5
135.21342388888888,34.24365805555556,5
135.2133488888889,34.243273888888886,5
135.2132738888889,34.24284111111111,5
135.21323611111112,34.24257388888889,5
135.21319888888888,34.24247611111111,5
135.21319888888888,34.24247611111111,5
135.2131611111111,34.24237388888889,5
135.2131238888889,34.24223305555556,5
135.21311111111112,34.2422,5
135.21299888888888,34.2419,5
135.2129238888889,34.241775,5
135.21284888888889,34.24166611111111,5
135.21239888888888,34.241283055555556,5
135.21208611111112,34.24105,5
135.21196111111112,34.24093305555556,5
135.2118738888889,34.2408,5
135.2117988888889,34.240658055555556,5
135.2117861111111,34.2406,5
135.2117738888889,34.24031611111111,5
135.2118238888889,34.24015,5
135.2119238888889,34.23999111111111,5
135.21219888888888,34.23968305555555,6
135.2120488888889,34.23923305555556,6
135.21194888888888,34.23885805555555,6
135.2119361111111,34.23878305555556,6
135.21194888888888,34.238675,6
135.2120611111111,34.23810805555556,6
135.2121111111111,34.237791944444446,7
135.21217388888888,34.237541944444445,7
135.2115988888889,34.237158055555554,5
135.21111194444444,34.23675,5
135.21084888888888,34.236533055555554,5
135.21043694444444,34.236225,5
135.21033694444444,34.236175,5
135.21021194444444,34.236125,5
135.21016194444445,34.236083055555554,5
135.21011194444444,34.23595,5
135.21002388888888,34.23555805555556,5
135.2099738888889,34.23531694444444,5
135.2099738888889,34.23529194444444,5
135.20993694444445,34.235025,5
135.20992388888888,34.23490805555556,5
135.20983694444445,34.23445888888889,5
135.20983694444445,34.234383888888885,5
135.2098488888889,34.23425,5
135.20986194444444,34.23415,5
135.20986194444444,34.23403388888889,5
135.20986194444444,34.233941944444446,5
135.2098988888889,34.23365,5
135.20991194444446,34.233575,5
135.20991194444446,34.233225,5
135.20991194444446,34.2332,5
135.20993694444445,34.23293388888889,5
135.21002388888888,34.23200888888889,5
135.21003694444445,34.23184194444445,5
135.21004888888888,34.23172611111111,5
135.21004888888888,34.23162611111111,5
135.21001194444443,34.23122611111111,5
135.2099988888889,34.23102611111111,5
135.2099738888889,34.230941944444446,5
135.2098738888889,34.23068388888889,5
135.20981194444445,34.23056694444445,5
135.209795,34.230556944444444,5
135.209795,34.230556944444444,5
135.20956194444443,34.23041694444444,5
135.20938694444445,34.230333888888886,5
135.20959888888888,34.23032611111111,5
135.2096738888889,34.23016694444444,5
135.20957388888888,34.23003388888889,5
135.20938694444445,34.22962611111111,5
135.2091988888889,34.22920888888889,5
135.20912388888888,34.229033888888885,5
135.2090738888889,34.22895111111111,5
135.2088238888889,34.22878388888889,5
135.20861194444444,34.22861694444445,5
135.20824888888887,34.22820888888889,5
135.20809888888888,34.228051111111114,5
135.20803694444444,34.22800111111111,5
135.2078488888889,34.227941944444446,5
135.20741194444443,34.22783388888889,5
135.2072988888889,34.22783388888889,5
135.20728694444443,34.22760888888889,5
135.20726194444444,34.22710111111111,5
135.20726194444444,34.22695888888889,5
135.20721194444445,34.22597611111111,4
135.20721194444445,34.22591805555555,4
135.2071688888889,34.22514888888889,4
135.2071688888889,34.22514888888889,4
135.20716194444444,34.22502611111111,4
135.2071488888889,34.22476805555556,4
135.20711194444445,34.22398388888889,4
135.20709888888888,34.22387611111111,4
135.2071,34.223618055555555,4
135.20711194444445,34.223258888888886,4
135.207125,34.22308388888889,4
135.20715,34.22277611111111,4
135.20716194444444,34.22247611111111,5
135.207225,34.221718055555556,5
135.2073,34.220435,4
135.20733694444445,34.219543055555555,4
135.20738694444444,34.21876805555556,4
135.20746194444445,34.21749388888889,4
135.20751194444443,34.21666,4
135.20756194444445,34.21636,4
135.20761194444444,34.21612694444445,4
135.20766194444445,34.215893888888885,4
135.207825,34.21516111111111,4
135.207875,34.21496111111111,4
135.20801194444445,34.21426888888889,4
135.20813694444445,34.21360194444444,5
135.2082,34.21323611111111,6
135.20821194444446,34.21317694444444,6
135.20825,34.213026944444444,6
135.20846194444445,34.21199388888889,7
135.208575,34.21140194444445,8
135.20878694444446,34.21031888888889,9
135.2088,34.21023611111111,9
135.20891194444445,34.20966111111111,8
135.20905,34.20903611111111,8
135.2092,34.20832,7
135.20923694444446,34.20808611111111,7
135.20926194444445,34.207928055555556,7
135.20986194444444,34.20496194444444,4
135.20998694444444,34.20437805555556,4
135.21006194444445,34.20402,3
135.21016194444445,34.20355388888889,3
135.21023694444443,34.20310388888889,3
135.21031194444444,34.20257888888889,3
135.2105,34.20182111111111,3
135.21043194444445,34.20185388888889,3
135.21043194444445,34.20185388888889,3
135.2104,34.20187111111111,3
135.209175,34.20185388888889,4
135.2072,34.201845,4
135.206075,34.201845,4
135.20523805555555,34.20187,4
135.20525,34.20177888888889,4
135.2051,34.20177888888889,4
135.20493805555554,34.20177888888889,4
135.20393805555557,34.20176194444444,4
135.2034,34.201745,4
135.20261305555556,34.20172,10
135.20211305555554,34.201703888888886,8
135.20111305555557,34.201645,14
135.20091305555556,34.20162888888889,5
135.20017611111112,34.201595,4
135.19995111111112,34.20158694444444,4
135.1987761111111,34.20152,4
135.1986511111111,34.20151194444445,4
135.19777611111112,34.20147,4
135.1969761111111,34.20142805555555,4
135.1948011111111,34.20128694444445,4
135.19474694444443,34.20122805555555,4
135.19474694444443,34.20122805555555,4
135.19466305555557,34.20113694444444,4
135.19461305555555,34.201036944444446,4
135.1944761111111,34.200961944444444,4
135.19421305555557,34.20091194444444,4
135.1939761111111,34.200786944444445,4
135.19326388888888,34.20012888888889,4
135.1927761111111,34.199695,4
135.19268888888888,34.19962,4
135.19260111111112,34.19958694444444,4
135.19247611111112,34.19957888888889,4
135.1922761111111,34.19957,4
135.1913888888889,34.19961194444444,4
135.19128388888888,34.199618055555554,4
135.19128388888888,34.199618055555554,4
135.1909761111111,34.19963694444444,4
135.19066388888888,34.19965388888889,5
135.1905011111111,34.19967888888889,5
135.1903011111111,34.199745,5
135.1898011111111,34.19998694444445,5
135.1897261111111,34.20002,5
135.18965111111112,34.20005388888889,5
135.1895888888889,34.20007,5
135.1892761111111,34.20010388888889,4
135.18906388888888,34.20008694444444,3
135.18883888888888,34.199978888888886,3
135.1885888888889,34.199795,2
135.1888888888889,34.19938694444444,2
135.1890011111111,34.19923694444444,2
135.1892511111111,34.19892888888889,2
135.1893761111111,34.19877,3
135.18975111111112,34.19828694444445,4
135.1898011111111,34.198211944444445,4
135.1898388888889,34.19802888888889,4
135.1900138888889,34.197403888888886,4
135.1900261111111,34.197336944444444,4
135.1900261111111,34.19724611111111,4
135.19000111111112,34.19709611111111,3
135.18997611111112,34.19699611111111,3
135.18996388888888,34.19692111111111,3
135.1898888888889,34.19659611111111,3
135.1897888888889,34.19614611111111,3
135.18973888888888,34.195886944444446,1
135.1896761111111,34.19558694444444,1
135.18962611111112,34.19535388888889,1
135.18961388888889,34.19510388888889,1
135.18965111111112,34.19492888888889,1
135.18973888888888,34.19463694444445,1
135.18973888888888,34.19457888888889,1
135.18973888888888,34.19454611111111,1
135.1897138888889,34.19445388888889,1
135.1896638888889,34.19434611111111,2
135.18952611111112,34.194071111111114,2
135.1894638888889,34.193911944444444,2
135.18940111111112,34.19377111111111,2
135.1893388888889,34.19362888888889,2
135.18931388888888,34.19357111111111,2
135.18930111111112,34.19347888888889,2
135.18928888888888,34.193353888888886,2
135.1892761111111,34.19320388888889,3
135.1892761111111,34.193128888888886,3
135.18928888888888,34.19289611111111,3
135.18928888888888,34.19282111111111,3
135.18930111111112,34.19255388888889,3
135.18930111111112,34.19232888888889,3
135.18931388888888,34.19219611111111,3
135.1893388888889,34.19199611111111,4
135.1893638888889,34.19184611111111,4
135.1893761111111,34.19175388888889,4
135.1893761111111,34.191721111111114,4
135.18938888888889,34.19162111111111,4
135.18940111111112,34.191496111111114,4
135.18941388888888,34.19138805555556,4
135.18942611111112,34.19121305555556,4
135.1894388888889,34.191138055555555,4
135.1894388888889,34.19109611111111,4
135.1894638888889,34.190871111111115,4
135.1894638888889,34.19083805555555,4
135.1894638888889,34.19057111111111,4
135.1894638888889,34.190405,4
135.1894388888889,34.190221111111114,4
135.1892638888889,34.189588055555554,4
135.18920194444445,34.189405,4
135.18902694444444,34.18884611111111,4
135.1888138888889,34.188205,4
135.188735,34.18798805555556,4
</coordinates>
</LineString>
</Placemark>
</Document>
</kml>
