<?xml version="1.0" encoding="UTF-8"?>
<kml xmlns="http://www.opengis.net/kml/2.2" xmlns:atom="http://www.w3.org/2005/Atom">
<Document>
<name>変更2</name>
<atom:author>
<atom:name>早稲田大学サイクリングクラブ（WCC）</atom:name>
</atom:author> 
<atom:link href="https://latlonglab.yahoo.co.jp/route/watch?id=3d81505693d4198272b9acdf3cfd73a9" />
<description><![CDATA[]]></description>
<tags><![CDATA[]]></tags>  
<Placemark>
<Style>
<LineStyle>
<color>99ff0000</color>
<width>6</width>
</LineStyle>
</Style>
<LineString>
<coordinates>
142.34065361111112,43.2486875,337
142.34065361111112,43.24868861111111,337
142.34098138888888,43.248779722222224,336
142.34136305555555,43.24899361111111,333
142.34233194444445,43.249521944444446,327
142.34254583333333,43.24950666666667,326
142.34351444444445,43.24944055555556,319
142.34448333333333,43.249385277777776,316
142.34545111111112,43.24932888888889,313
142.34642,43.249273611111114,309
142.3473888888889,43.24921694444444,306
142.3483575,43.249161944444445,302
142.3488536111111,43.24912611111111,301
142.3498225,43.249069722222224,296
142.3507913888889,43.24900888888889,292
142.35176,43.24894833333333,287
142.3526302777778,43.248891944444445,283
142.35318694444445,43.24885611111111,282
142.35415583333332,43.24879527777778,281
142.35441527777778,43.24877472222222,280
142.3549336111111,43.24873888888889,279
142.35590277777777,43.24867833333333,276
142.35687166666668,43.2486175,274
142.35784027777777,43.24856111111111,272
142.35880916666667,43.24850583333333,269
142.35977833333334,43.24844944444445,267
142.36074722222222,43.24838861111111,264
142.36171583333334,43.248327777777774,262
142.3626847222222,43.248267222222225,260
142.36365388888888,43.24820555555556,257
142.3646225,43.24813944444445,255
142.36520194444444,43.24809916666667,254
142.36584333333334,43.24805361111111,252
142.36681222222222,43.247991666666664,251
142.36778083333334,43.247931111111114,249
142.36783833333334,43.247927777777775,249
142.36783722222222,43.247927777777775,249
142.36874972222222,43.24787027777778,247
142.36971888888888,43.24780944444444,245
142.3706877777778,43.2477475,244
142.3712138888889,43.24771722222222,243
142.37218277777777,43.24765138888889,241
142.37315166666667,43.24758527777778,239
142.3741202777778,43.24751888888889,238
142.3748225,43.24746361111111,236
142.37519555555556,43.2474375,235
142.37616472222223,43.24738222222222,233
142.37713333333335,43.24731611111111,231
142.3777061111111,43.24727361111111,230
142.37770527777778,43.24727361111111,230
142.37810222222222,43.24724444444445,229
142.3790713888889,43.24717388888889,227
142.37946083333333,43.247143888888885,227
142.37994916666668,43.24709277777778,226
142.38029944444443,43.24702666666666,225
142.3808875,43.24690944444445,224
142.38133666666667,43.24674111111111,224
142.3815275,43.24670555555556,223
142.381825,43.24665,223
142.3819777777778,43.24661416666667,222
142.38281027777776,43.24648194444445,221
142.38290138888888,43.246767222222225,220
142.38303027777778,43.24726,220
142.38319083333334,43.247906666666665,219
142.38335138888888,43.24845,219
142.38341194444445,43.24863861111111,219
142.38360305555557,43.24928444444444,218
142.38365611111112,43.249471944444444,218
142.38382444444446,43.25011888888889,217
142.38398361111112,43.25076444444444,216
142.38488416666667,43.25057666666667,214
142.38585333333333,43.25037805555556,213
142.38682194444445,43.250185,211
142.38692833333334,43.25015888888889,211
142.38789722222222,43.24996027777778,210
142.3888661111111,43.249762777777775,209
142.389835,43.249564722222225,209
142.3903613888889,43.24940194444444,209
142.39081805555554,43.249175,208
142.39081694444445,43.249175,208
142.39120083333333,43.248984166666666,208
142.39146027777778,43.24894388888889,208
142.391865,43.24896444444445,206
142.39214722222223,43.24906555555555,206
142.39234583333334,43.2491425,206
142.3932525,43.249559166666664,203
142.3942213888889,43.25000194444444,199
142.39443527777777,43.250083333333336,200
142.39432888888888,43.25072888888889,203
142.39428333333333,43.25096833333333,204
142.39421388888888,43.251400277777776,204
142.39414555555555,43.25170083333333,204
142.39414527777777,43.25234638888889,202
142.3941377777778,43.25245833333334,202
142.39414527777777,43.25246361111111,202
142.39414527777777,43.25310916666667,203
142.39425166666666,43.253658055555555,204
142.39426666666665,43.25400944444444,204
142.39428305555555,43.25465527777778,204
142.39445027777776,43.255245555555554,203
142.39463333333333,43.25589111111111,203
142.39477861111112,43.2562425,202
142.39503805555555,43.25688805555556,202
142.39522027777778,43.257421944444445,201
142.3954261111111,43.2580675,201
142.3954338888889,43.258515555555554,199
142.3954338888889,43.258775,199
142.39557166666665,43.25915111111111,199
142.39604472222223,43.259639444444446,199
142.3967075,43.26012222222222,201
142.3968225,43.26040777777778,201
142.3968225,43.260956666666665,204
142.39675416666665,43.26160222222222,213
142.3967463888889,43.26163805555556,214
142.39649472222223,43.26228361111111,219
142.39631888888889,43.26272083333333,222
142.39635694444445,43.263041944444446,228
142.39647083333332,43.263641944444444,234
142.396395,43.263931666666664,236
142.39612027777778,43.264181111111114,233
142.39592166666668,43.26444027777778,228
142.39592166666668,43.26473,222
142.39600638888888,43.26495888888889,217
142.39600638888888,43.2651575,215
142.3956625,43.265615555555556,213
142.39538777777778,43.26626111111111,209
142.3952586111111,43.266555833333335,206
142.39490694444444,43.267201666666665,202
142.3945563888889,43.26784722222222,198
142.39428194444446,43.26833111111111,194
142.3939836111111,43.26897638888889,197
142.39382416666666,43.2693075,199
142.39380138888887,43.269953055555554,198
142.3937775,43.27059861111111,197
142.3937547222222,43.271245,195
142.39373194444445,43.271682222222225,195
142.39382416666666,43.27225638888889,192
142.39398333333332,43.27290305555555,192
142.39406027777778,43.273198055555554,192
142.39416666666668,43.27384361111111,191
142.39419694444445,43.27399638888889,191
142.39433472222223,43.27430694444445,191
142.3943727777778,43.27442305555556,191
142.39441833333333,43.27453027777778,191
142.39449444444443,43.274702777777776,192
142.3947002777778,43.27505444444444,193
142.3948,43.27525722222222,192
142.39486833333333,43.27542,192
142.39494444444443,43.275573055555554,192
142.39524166666666,43.276203611111114,193
142.3955325,43.276848888888885,194
142.39562361111112,43.277052777777776,195
142.39582194444444,43.27753583333333,195
142.39597388888888,43.27793722222222,195
142.3960052777778,43.27802944444444,195
142.39631777777777,43.278512222222226,196
142.39654666666667,43.27887361111111,195
142.39674527777777,43.27917277777778,195
142.3970575,43.279804444444444,197
142.39709555555555,43.28020583333333,198
142.39709555555555,43.28034805555556,198
142.3970575,43.280521666666665,198
142.39687416666666,43.28066361111111,197
142.39666805555555,43.280745,197
142.3963936111111,43.280923055555554,197
142.3963175,43.28100444444444,197
142.3962872222222,43.28117694444445,197
142.3963175,43.281461944444445,196
142.3963936111111,43.28172138888889,196
142.39665277777777,43.282357222222224,197
142.39691222222223,43.283002777777774,197
142.3970575,43.283389166666666,196
142.3972938888889,43.284035555555555,195
142.39746194444444,43.28429472222222,195
142.39756833333334,43.28441194444444,195
142.39777444444445,43.28451833333333,195
142.39791888888888,43.284752777777776,195
142.39791888888888,43.28509361111111,195
142.39791888888888,43.28561222222222,193
142.39799583333334,43.285871388888886,193
142.3982625,43.286501666666666,194
142.39852944444445,43.287147222222224,194
142.39879638888888,43.28779388888889,195
142.39885722222223,43.287930555555555,194
142.39912388888888,43.28857722222222,192
142.39938305555555,43.28922277777778,190
142.3996425,43.28986833333333,189
142.39971944444446,43.29016333333333,188
142.3998713888889,43.290413055555554,188
142.40003194444444,43.29061166666666,188
142.400185,43.290753611111114,188
142.40025305555557,43.29081444444444,188
142.40025305555557,43.29081444444444,188
142.40025305555557,43.29081444444444,188
142.40090944444444,43.29146,188
142.40120694444445,43.291760277777776,188
142.40168,43.29231472222222,189
142.40222111111112,43.29296055555555,189
142.40247277777777,43.29343361111111,189
142.40280805555557,43.29408027777778,189
142.4028397222222,43.29472555555556,188
142.40287722222223,43.29537111111111,188
142.40291527777777,43.296016944444446,187
142.40295333333333,43.296663333333335,187
142.4029911111111,43.29723722222222,187
142.4030138888889,43.297619166666664,186
142.40305194444446,43.29826472222222,185
142.40308305555556,43.29891138888889,184
142.40309083333332,43.299038333333336,184
142.4031286111111,43.299683888888886,183
142.40316666666666,43.30032944444444,182
142.40320472222223,43.30097583333333,181
142.40326555555555,43.301209166666666,181
142.4033122222222,43.30135666666666,181
142.4034713888889,43.30200333333333,181
142.40347888888888,43.302033888888886,181
142.40363194444444,43.30248638888889,182
142.40381527777777,43.302883333333334,182
142.4041125,43.30352861111111,183
142.40440972222223,43.30417444444444,183
142.4047838888889,43.303935555555555,184
142.40524083333332,43.303736944444445,184
142.40620972222223,43.303309722222224,185
142.4071788888889,43.30287805555555,186
142.40814777777777,43.302445,187
142.408895,43.30211,187
142.4091163888889,43.302008055555554,188
142.40917055555556,43.30198305555555,188
142.41000944444446,43.30157083333334,188
142.41024583333333,43.30136777777778,189
142.41039138888888,43.30116916666667,189
142.41052055555556,43.30097083333333,189
142.41059638888888,43.30074166666667,189
142.41064305555557,43.30009638888889,190
142.41066583333333,43.29985222222222,191
142.41078,43.29951166666667,192
142.41094055555556,43.29925222222222,195
142.41121527777779,43.2990275,193
142.41148944444444,43.29891166666667,191
142.41168055555556,43.298855,192
142.41184,43.298830277777775,193
142.41211555555554,43.298768333333335,192
142.41254194444446,43.29871305555555,194
142.41339694444446,43.29860138888889,195
142.41361833333335,43.298560277777774,198
142.41404472222223,43.29841805555556,200
142.4150138888889,43.297960277777776,200
142.41583055555554,43.29756861111111,201
142.416105,43.29727888888889,201
142.41634166666665,43.297136944444446,200
142.41661611111113,43.29699361111111,205
142.41712722222223,43.29693833333334,206
142.41764583333332,43.29692861111111,206
142.41861444444444,43.29705,206
142.4195836111111,43.297176944444445,206
142.4205525,43.29730388888889,207
142.42103305555557,43.29737027777778,207
142.42200194444445,43.2975025,207
142.42297083333332,43.297635,208
142.42393944444444,43.29777277777778,209
142.4243138888889,43.297828055555556,209
142.42528277777777,43.298295833333334,209
142.42625055555555,43.29876888888889,209
142.42670083333334,43.298993333333335,209
142.42732694444445,43.29913555555556,210
142.42829583333332,43.29926805555556,213
142.4284325,43.29928861111111,214
142.42922638888888,43.29922666666667,217
142.42956944444444,43.29917138888889,217
142.42971472222223,43.299145277777775,218
142.42984277777776,43.29911611111111,218
142.42984166666668,43.29911611111111,218
142.43021833333333,43.29902805555555,218
142.43039305555556,43.298988055555554,217
142.43127833333332,43.298784166666664,218
142.43224694444444,43.298565833333335,218
142.43243055555556,43.298520277777776,218
142.43339944444443,43.29830694444444,219
142.43436833333334,43.29808777777778,219
142.43464277777778,43.29802138888889,219
142.4354888888889,43.29781861111111,221
142.43645805555556,43.297599444444444,226
142.43670194444445,43.29754416666667,227
142.43767111111111,43.297325,228
142.43793027777778,43.297264166666665,228
142.43816694444445,43.297203333333336,227
142.43845638888888,43.2971375,228
142.43860166666667,43.29710166666667,227
142.4387775,43.29709611111111,228
142.43935694444446,43.29708111111111,228
142.4402425,43.297060555555554,228
142.4412113888889,43.29703555555555,228
142.44127972222222,43.29703,228
142.44224833333334,43.297020277777776,228
142.442805,43.29701055555556,228
142.44298833333335,43.29701055555556,228
142.44314138888888,43.29701055555556,228
142.44369055555555,43.29701055555556,228
142.44445305555556,43.29712222222222,229
142.4446288888889,43.29714722222222,230
142.44490333333334,43.29720361111111,229
142.44587222222222,43.29736638888889,230
142.44597861111112,43.29738583333334,231
142.44625305555556,43.29741194444444,229
142.44719138888888,43.29756944444444,232
142.44762666666668,43.29763,235
142.44859555555556,43.29763,237
142.44867916666666,43.29763,237
142.44964777777778,43.29765611111111,237
142.45061666666666,43.29768111111111,237
142.45103666666665,43.29769638888889,237
142.451525,43.29779277777778,237
142.4517538888889,43.29785472222222,237
142.4520738888889,43.29793611111111,238
142.45245555555556,43.298027222222224,238
142.45256194444445,43.29806305555555,237
142.45330194444443,43.29827138888889,238
142.45360027777778,43.29835277777778,237
142.4539127777778,43.29843944444445,237
142.4540886111111,43.298479722222226,238
142.45456027777777,43.29863805555556,237
142.45552944444444,43.299191388888886,239
142.45649805555556,43.29974583333333,241
142.45746694444443,43.30030583333333,242
142.45843555555555,43.30086583333333,244
142.45864194444445,43.300987222222226,244
142.45961083333333,43.301541388888886,244
142.4599625,43.301745555555556,244
142.46031277777777,43.30190277777778,243
142.46128166666668,43.30226416666667,244
142.46225055555556,43.30262972222222,245
142.46321916666668,43.302996666666665,246
142.46418805555555,43.30336222222222,247
142.46442472222222,43.30345444444445,247
142.46482916666668,43.30361166666667,248
142.46579694444443,43.3039775,250
142.46612583333334,43.30410555555556,251
142.4670947222222,43.30434416666667,251
142.4672161111111,43.30438,251
142.468185,43.30439944444444,253
142.46839111111112,43.304405,253
142.46936,43.30432361111111,254
142.4703288888889,43.30424222222222,254
142.47129777777778,43.304160833333334,254
142.47226666666666,43.30407972222222,255
142.47323555555556,43.30399833333333,255
142.47420444444444,43.303916944444445,256
142.47517333333334,43.30383555555556,256
142.47614222222222,43.303754166666664,256
142.4771111111111,43.3036675,257
142.47808,43.303581666666666,257
142.47904888888888,43.30349527777778,258
142.47973555555555,43.30342888888889,258
142.48070444444446,43.30329666666667,258
142.48167361111112,43.30316,258
142.48192527777778,43.30311861111111,258
142.4828938888889,43.30291027777778,264
142.48325194444445,43.30282888888889,267
142.48411472222222,43.30240166666667,265
142.48442722222222,43.302030555555554,266
142.48462555555557,43.301405555555554,265
142.4845713888889,43.300758888888886,266
142.4845486111111,43.300489722222224,266
142.48447305555555,43.299843333333335,266
142.48445777777778,43.299746666666664,266
142.48462583333333,43.29943222222222,266
142.48501444444443,43.29913694444444,267
142.48544916666665,43.29893833333333,267
142.48641833333335,43.298720277777775,267
142.48670027777777,43.298654166666665,266
142.48673833333334,43.29865861111111,266
142.4877072222222,43.29874,269
142.48819527777778,43.2988875,270
142.48916416666665,43.29917277777778,271
142.49013333333335,43.29945722222222,273
142.49038472222222,43.299508055555556,273
142.49135361111112,43.299686111111114,274
142.4923225,43.299863888888886,274
142.49329138888888,43.300041944444445,275
142.49426027777778,43.30021583333333,275
142.49522916666666,43.30038833333333,276
142.49619805555557,43.300560833333336,276
142.49716694444444,43.30081583333333,278
142.49725805555556,43.30084083333333,279
142.4976702777778,43.30092777777778,280
142.4979825,43.3009375,280
142.49825722222224,43.30090694444444,280
142.4989061111111,43.30084083333333,280
142.49904388888888,43.30081583333333,281
142.4996688888889,43.30074972222222,283
142.50063777777777,43.30065305555556,286
142.5009813888889,43.300622777777775,285
142.50123305555556,43.300560833333336,287
142.50172138888888,43.30042972222222,288
142.502125,43.3003275,288
142.50246916666666,43.30026138888889,289
142.50269805555556,43.300246111111115,289
142.50279666666665,43.300246111111115,290
142.5031938888889,43.30021027777778,291
142.5041625,43.300129166666665,295
142.50427638888888,43.300134722222225,295
142.50524555555555,43.30013916666667,298
142.50552,43.300154166666665,298
142.50560472222222,43.300175,298
142.50657333333334,43.300358333333335,298
142.50754111111112,43.30054166666667,299
142.5085102777778,43.30071972222222,299
142.5085797222222,43.300734722222224,300
142.50954833333333,43.30090194444445,303
142.51051722222223,43.30107,305
142.51148583333332,43.30123833333333,308
142.5116,43.301248055555554,308
142.5125688888889,43.30132944444444,309
142.512775,43.301344722222225,309
142.51374388888888,43.301406388888886,309
142.51380472222223,43.30141611111111,309
142.5138577777778,43.301406388888886,309
142.51459777777777,43.30144666666666,307
142.51556666666667,43.3014975,308
142.5165352777778,43.30155305555556,309
142.5168336111111,43.30157361111111,309
142.5176952777778,43.30162444444444,309
142.51866416666667,43.301680833333336,312
142.51912194444444,43.30171138888889,313
142.52009083333334,43.3017875,314
142.52105972222222,43.30186888888889,314
142.5212736111111,43.30188944444444,314
142.52224222222222,43.301970833333336,315
142.52247111111112,43.30201111111111,315
142.52291277777778,43.30205222222222,316
142.52388166666665,43.30213916666667,317
142.52485055555556,43.302235833333334,318
142.52517166666667,43.30227055555556,318
142.52579666666668,43.30233666666667,319
142.52633805555556,43.302398333333336,320
142.52730694444443,43.30249944444444,321
142.52746,43.30251444444445,321
142.5284286111111,43.30261111111111,323
142.528635,43.302637222222224,323
142.5296038888889,43.302728611111114,325
142.5305197222222,43.302820833333335,327
142.53096888888888,43.30287194444445,328
142.5319375,43.30296833333333,330
142.53290666666666,43.303065,331
142.53355555555555,43.303135555555556,332
142.53366277777778,43.30314638888889,332
142.53366166666666,43.30314638888889,332
142.53452444444446,43.3032375,333
142.53549305555555,43.30333944444445,334
142.53646194444445,43.30343611111111,336
142.53743111111112,43.3035325,337
142.5383997222222,43.30362944444445,339
142.53936861111112,43.30372611111111,341
142.5403375,43.3038225,343
142.5413063888889,43.30392472222222,345
142.54227527777778,43.304026666666665,347
142.54324416666665,43.3041275,349
142.54421305555556,43.304229444444445,351
142.54518194444444,43.30433166666667,353
142.54615083333334,43.30443361111111,355
142.54711972222222,43.30453444444444,358
142.5480886111111,43.30463666666667,360
142.54824055555557,43.304657222222225,360
142.54907277777778,43.30474861111111,362
142.55004166666666,43.304850555555554,364
142.55101027777778,43.3049525,367
142.55197944444444,43.30505333333333,369
142.55294722222223,43.30515111111111,371
142.55391583333332,43.3052475,373
142.55488472222223,43.305344166666664,376
142.5558538888889,43.305445,378
142.5564263888889,43.305506944444446,380
142.55700583333333,43.3055525,381
142.5579747222222,43.30562833333333,382
142.55894361111112,43.30570027777778,383
142.5599125,43.305770833333334,385
142.559905,43.30580222222222,385
142.55985166666667,43.30644777777778,385
142.5598897222222,43.306731944444444,386
142.56004277777777,43.30725611111111,386
142.56015666666667,43.307611944444446,386
142.56024027777778,43.30789722222222,387
142.56040083333335,43.30842138888889,388
142.56051444444444,43.30865027777778,388
142.56088888888888,43.30916916666666,389
142.56135416666666,43.30981444444444,391
142.56158333333335,43.310115,391
142.5620638888889,43.310760555555554,392
142.56254444444446,43.31140611111111,393
142.563025,43.31205166666667,395
142.56350583333332,43.31269861111111,396
142.56398638888888,43.31334388888889,398
142.5641861111111,43.313603055555554,399
142.564185,43.31360222222222,399
142.56398638888888,43.31334388888889,398
142.56350583333332,43.31269861111111,396
142.563025,43.31205166666667,395
142.56254444444446,43.31140611111111,393
142.5620638888889,43.310760555555554,392
142.56158333333335,43.310115,391
142.56135416666666,43.30981444444444,391
142.56088888888888,43.30916916666666,389
142.56051444444444,43.30865027777778,388
142.56040083333335,43.30842138888889,388
142.56024027777778,43.30789722222222,387
142.56015666666667,43.307611944444446,386
142.56004277777777,43.30725611111111,386
142.5598897222222,43.306731944444444,386
142.55998833333334,43.30654972222222,386
142.56005027777778,43.30627444444445,386
142.56005027777778,43.30589888888889,385
142.5600263888889,43.30578166666667,385
142.56030194444443,43.305634166666664,386
142.5606525,43.30558305555556,387
142.56162138888888,43.30562861111111,391
142.56178944444446,43.305639722222224,391
142.56275833333333,43.305730833333335,394
142.5630025,43.30575555555556,395
142.5631925,43.30574583333333,395
142.56333027777777,43.305704722222224,396
142.5634288888889,43.30560805555555,395
142.56354944444445,43.30547583333333,395
142.56354944444445,43.30547583333333,395
142.5634288888889,43.30560805555555,395
142.56333027777777,43.305704722222224,396
142.5631925,43.30574583333333,395
142.5630025,43.30575555555556,395
142.56275833333333,43.305730833333335,394
142.56178944444446,43.305639722222224,391
142.56162138888888,43.30562861111111,391
142.5606525,43.30558305555556,387
142.56030194444443,43.305634166666664,386
142.5600263888889,43.30578166666667,385
142.5599125,43.305770833333334,385
142.55894361111112,43.30570027777778,383
142.5579747222222,43.30562833333333,382
142.55700583333333,43.3055525,381
142.5564263888889,43.305506944444446,380
142.5558538888889,43.305445,378
142.55488472222223,43.305344166666664,376
142.55391583333332,43.3052475,373
142.55294722222223,43.30515111111111,371
142.55197944444444,43.30505333333333,369
142.55101027777778,43.3049525,367
142.55004166666666,43.304850555555554,364
142.54907277777778,43.30474861111111,362
142.54824055555557,43.304657222222225,360
142.5480886111111,43.30463666666667,360
142.54711972222222,43.30453444444444,358
142.54615083333334,43.30443361111111,355
142.54518194444444,43.30433166666667,353
142.54421305555556,43.304229444444445,351
142.54324416666665,43.3041275,349
142.54227527777778,43.304026666666665,347
142.5413063888889,43.30392472222222,345
142.5403375,43.3038225,343
142.53936861111112,43.30372611111111,341
142.5383997222222,43.30362944444445,339
142.53743111111112,43.3035325,337
142.53646194444445,43.30343611111111,336
142.53549305555555,43.30333944444445,334
142.53452444444446,43.3032375,333
142.53355555555555,43.303135555555556,332
142.53290666666666,43.303065,331
142.5319375,43.30296833333333,330
142.53096888888888,43.30287194444445,328
142.5305197222222,43.302820833333335,327
142.5296038888889,43.302728611111114,325
142.528635,43.302637222222224,323
142.5284286111111,43.30261111111111,323
142.52746,43.30251444444445,321
142.52730694444443,43.30249944444444,321
142.52633805555556,43.302398333333336,320
142.52579666666668,43.30233666666667,319
142.52517166666667,43.30227055555556,318
142.52485055555556,43.302235833333334,318
142.52388166666665,43.30213916666667,317
142.52401194444445,43.3014925,317
142.52409555555556,43.30108111111111,317
142.52420305555555,43.30043472222222,317
142.52430916666665,43.29978916666666,317
142.52442444444443,43.29914361111111,316
142.52453833333334,43.298497222222224,316
142.52465361111112,43.29785138888889,315
142.5247447222222,43.29737305555555,315
142.5248738888889,43.2967275,315
142.5249736111111,43.29623388888889,315
142.5250725,43.29573583333333,314
142.525195,43.29509027777778,313
142.52532416666668,43.29445888888889,312
142.52544666666665,43.29381333333333,311
142.52549222222223,43.29351388888889,310
142.5255075,43.293213333333334,310
142.52545444444445,43.29296388888889,310
142.52535472222223,43.292704444444446,309
142.52521055555556,43.29249611111111,309
142.52507277777778,43.29235388888889,308
142.52489805555555,43.29222166666667,308
142.52468416666667,43.292125,307
142.5244325,43.29205888888889,307
142.5234636111111,43.291916666666665,306
142.52314222222222,43.29186583333333,306
142.5230511111111,43.291850555555556,306
142.5220825,43.29170722222222,306
142.522075,43.29170305555556,306
142.52110583333334,43.29155,306
142.52046472222221,43.291448055555556,306
142.51949583333334,43.29130583333333,308
142.51916055555554,43.29120916666667,308
142.51914555555555,43.29120388888889,308
142.5181763888889,43.290925,305
142.51720777777777,43.290645,303
142.5162388888889,43.290365,301
142.51527027777777,43.29009055555556,299
142.5148275,43.28996361111111,298
142.51385861111112,43.289698888888886,297
142.51340944444445,43.289475277777775,296
142.51353111111112,43.28899666666667,294
142.51376,43.28837083333333,293
142.51405722222222,43.28796416666667,293
142.51446972222223,43.287623333333336,295
142.51543833333332,43.287079722222224,295
142.51581166666668,43.28686611111111,295
142.5164452777778,43.286570833333336,295
142.51702472222223,43.286342222222224,295
142.517475,43.2862,296
142.51781888888888,43.28606777777778,296
142.51871083333333,43.285421944444444,297
142.51877166666668,43.285380833333335,297
142.5190625,43.28512138888889,297
142.51922194444444,43.28487222222222,297
142.5193825,43.28424166666667,298
</coordinates>
</LineString>
</Placemark>
</Document>
</kml>
