<?xml version="1.0" encoding="UTF-8"?>
<kml xmlns="http://www.opengis.net/kml/2.2" xmlns:atom="http://www.w3.org/2005/Atom">
<Document>
<name>夏合宿12日目</name>
<atom:author>
<atom:name>早稲田大学サイクリングクラブ（WCC）</atom:name>
</atom:author> 
<atom:link href="https://latlonglab.yahoo.co.jp/route/watch?id=b18e66cf306e2e5d2d0e76775ce269ac" />
<description><![CDATA[]]></description>
<tags><![CDATA[]]></tags>  
<Placemark>
<Style>
<LineStyle>
<color>99ff0000</color>
<width>6</width>
</LineStyle>
</Style>
<LineString>
<coordinates>
141.70240805555557,45.217365,12
141.70280416666665,45.21733444444445,12
141.70370472222223,45.217349722222224,12
141.70465055555556,45.217441944444445,13
141.7052527777778,45.217415833333334,14
141.70562722222223,45.217309444444446,14
141.70610027777778,45.217217222222224,15
141.7061913888889,45.217243333333336,15
141.7063063888889,45.217365,15
141.7063672222222,45.21745166666667,15
141.70644333333334,45.21754277777778,15
141.70693888888889,45.21818944444444,15
141.70697777777778,45.2183675,16
141.707565,45.21830138888889,16
141.7079772222222,45.21827527777778,17
141.70894611111112,45.21832194444445,19
141.70928138888888,45.21834138888889,19
141.7102502777778,45.21841861111111,19
141.71121916666667,45.218494444444445,19
141.71218805555554,45.21857055555556,19
141.7125311111111,45.21860083333333,20
141.71270638888888,45.21861611111111,20
141.71367555555557,45.21867805555556,20
141.71464444444445,45.218738888888886,20
141.71549083333332,45.218718333333335,18
141.7161622222222,45.21860638888889,18
141.71657444444443,45.218489444444444,18
141.71679583333332,45.21840805555556,17
141.71776472222223,45.218061666666664,15
141.7187338888889,45.21772138888889,13
141.71970277777777,45.21738055555556,11
141.72016055555557,45.21721361111111,11
141.72112944444444,45.2168675,10
141.72209722222223,45.216521666666665,9
141.7230661111111,45.21618083333333,8
141.72373777777779,45.21612555555556,8
141.72430305555557,45.21621666666667,8
141.72503527777778,45.21644555555555,8
141.72600305555557,45.21674083333333,8
141.7265913888889,45.216750555555556,8
141.72684305555555,45.216705,8
141.72781166666667,45.21655194444445,8
141.72856694444445,45.2165725,8
141.72911583333334,45.21673527777778,8
141.72971166666667,45.21710638888889,8
141.73023,45.21761,8
141.7306413888889,45.217884444444444,8
141.7314127777778,45.21812416666667,8
141.7320986111111,45.218175277777775,8
141.73223638888888,45.21816972222222,8
141.733205,45.21814916666667,9
141.73417388888888,45.21812888888889,10
141.73514305555557,45.218113611111114,11
141.73611166666666,45.21809833333333,12
141.73645444444443,45.218745,12
141.7367986111111,45.219390555555556,12
141.7371413888889,45.22003611111111,12
141.7374927777778,45.220682777777775,12
141.73784305555554,45.22132833333333,12
141.73792666666668,45.22147611111111,12
141.73837694444444,45.22205,14
141.73881222222224,45.2224675,16
141.73955944444444,45.22300138888889,17
141.74052833333334,45.22356555555555,16
141.74149722222222,45.224130833333334,16
141.7424661111111,45.224695,15
141.74343472222222,45.22526472222222,15
141.74440361111112,45.225834444444445,15
141.74527277777779,45.226347777777775,14
141.745685,45.22665805555555,14
141.74595944444445,45.22694861111111,14
141.74615055555554,45.2272175,13
141.74652472222223,45.22776666666667,12
141.74705111111112,45.22757361111111,13
141.74709666666666,45.22755277777778,13
141.74806527777778,45.22721777777778,16
141.74832472222224,45.227115833333336,17
141.74865222222223,45.22698361111111,17
141.74882805555555,45.22716694444444,14
141.74921,45.22743166666667,14
141.749515,45.227558611111114,14
141.74985027777777,45.227649722222225,14
141.75020944444444,45.22770083333333,15
141.75065833333332,45.22770083333333,17
141.75104027777778,45.22763444444445,18
141.75138305555555,45.22749777777778,18
141.751765,45.227284166666664,15
141.75243666666665,45.22681111111111,16
141.7533363888889,45.22616555555555,16
141.75423694444444,45.22551888888889,17
141.75487055555556,45.22518916666667,16
141.75583944444443,45.22468583333333,15
141.75591555555556,45.22465,15
141.75688416666668,45.22425833333333,15
141.75762416666666,45.22402388888889,15
141.75859305555556,45.22372472222222,15
141.75956222222223,45.22342416666667,15
141.7595697222222,45.22341888888889,15
141.76053861111112,45.22336888888889,17
141.76132388888888,45.223144166666664,16
141.7617363888889,45.2227125,17
141.76233861111112,45.22206722222222,19
141.76306333333332,45.22171,18
141.76383388888888,45.22141055555556,19
141.76429916666666,45.221064444444444,19
141.76516194444446,45.220419166666666,17
141.76598555555555,45.21984416666667,18
141.76643583333333,45.219726944444446,17
141.76740444444445,45.219478333333335,17
141.76837333333333,45.219234444444446,16
141.76925111111112,45.2188275,15
141.76974722222224,45.21862361111111,17
141.77057027777778,45.21848694444444,19
141.77094472222223,45.2184,19
141.77132555555556,45.218201666666666,19
141.77164583333334,45.217870833333336,19
141.77173027777778,45.217683055555554,19
141.7720125,45.2170375,19
141.7721263888889,45.21696055555555,18
141.77236305555556,45.21690944444445,18
141.77263861111112,45.21692027777778,17
141.77360638888888,45.217215555555555,16
141.774575,45.217510555555556,15
141.77554416666666,45.21780472222222,14
141.77598666666665,45.2179425,14
141.77665083333332,45.21830805555555,14
141.7767961111111,45.218400277777775,14
141.777765,45.21899055555556,14
141.7785125,45.219452777777775,14
141.77948111111112,45.21976333333333,14
141.7804502777778,45.22007361111111,14
141.7814177777778,45.22038388888889,14
141.7818452777778,45.22052611111111,14
141.78281416666667,45.220978611111114,16
141.78290666666666,45.22102527777778,16
141.78379055555556,45.221670555555555,18
141.7846761111111,45.22231611111111,21
141.78482027777778,45.22241805555556,21
141.7857888888889,45.22255055555556,24
141.78667444444446,45.2226775,27
141.78764333333334,45.22288138888889,27
141.78829944444445,45.22302361111111,27
141.7892686111111,45.22303888888889,26
141.7902375,45.22305388888889,25
141.7912061111111,45.22306944444444,24
141.79217527777777,45.223084722222225,24
141.79251805555555,45.22309444444444,23
141.79348694444445,45.22310972222222,24
141.79445583333333,45.223125833333334,25
141.79542472222224,45.22314111111111,26
141.79566111111112,45.223145277777775,26
141.7965225,45.22327777777778,25
141.7974913888889,45.2238475,24
141.79846027777776,45.2244225,23
141.79940638888888,45.224986666666666,22
141.800345,45.225632222222224,23
141.8012225,45.22623333333333,23
141.8021913888889,45.22686916666667,26
141.80264805555555,45.22717388888889,27
141.80361694444446,45.227809722222226,28
141.80394583333333,45.228028055555555,29
141.80491444444445,45.22865361111111,28
141.80588333333333,45.22927861111111,28
141.80639416666668,45.22960972222222,27
141.80714166666667,45.23025527777778,26
141.80727083333332,45.23036805555556,26
141.80801083333333,45.23101388888889,22
141.80875055555555,45.23165916666667,18
141.80888083333335,45.231766666666665,17
141.80962083333333,45.23241222222222,17
141.80995583333333,45.23270194444444,16
141.8107036111111,45.2333475,15
141.81145222222221,45.23399416666667,14
141.81219944444445,45.23463972222222,13
141.81294722222222,45.235285,12
141.8132825,45.235575833333336,11
141.8142511111111,45.236165,13
141.81467111111112,45.236424444444445,14
141.81563972222222,45.23697444444444,16
141.81579166666666,45.23706583333333,16
141.81610527777778,45.237675555555555,21
141.8164025,45.23832194444444,21
141.8164936111111,45.238509722222226,20
141.81655444444445,45.23915638888889,20
141.8166161111111,45.239801944444444,19
141.81667666666667,45.24035611111111,18
141.81653888888889,45.24100166666667,17
141.81640222222222,45.2416475,16
141.81626444444444,45.24229416666667,15
141.81618083333333,45.24263888888889,14
141.81618083333333,45.24314777777778,12
141.81625694444443,45.24362638888889,14
141.81656916666665,45.24408416666667,15
141.81702694444445,45.24462361111111,17
141.81745444444445,45.24499888888889,16
141.81832444444444,45.245645277777776,19
141.8186825,45.24591,20
141.8196513888889,45.246428888888886,26
141.8197275,45.246474444444445,26
141.82068083333334,45.246875833333334,30
141.82165,45.24706472222222,30
141.82190166666666,45.24711444444444,30
141.82287027777778,45.24715027777778,31
141.82358,45.24718083333333,31
141.8243427777778,45.247415,32
141.82526583333333,45.24791861111111,35
141.8257313888889,45.24824944444445,37
141.82608194444444,45.248559722222225,39
141.82628027777778,45.24879861111111,41
141.82653222222223,45.24944388888889,43
141.82659388888888,45.24959694444444,44
141.82685305555555,45.250232777777775,43
141.82726416666668,45.250766666666664,43
141.82766916666668,45.25111805555556,39
141.82856166666667,45.251534722222225,38
141.82872138888888,45.25157055555555,38
141.8296902777778,45.25176388888889,37
141.82973583333333,45.25176916666667,37
141.8307047222222,45.251855,33
141.83166583333335,45.25177361111111,30
141.83249055555555,45.25183,27
141.83336722222222,45.251890833333334,23
141.83422194444444,45.25204361111111,20
141.8351911111111,45.25221638888889,18
141.83616,45.25242027777778,14
141.83675416666668,45.25254722222222,12
141.83772333333334,45.25276083333333,12
141.83779166666667,45.25277611111111,11
141.83876055555555,45.25299,12
141.83941666666666,45.253141944444444,12
141.8396836111111,45.2532025,12
141.8406527777778,45.25342166666667,12
141.84162138888888,45.253640833333336,12
141.8425902777778,45.253859166666665,12
141.8432163888889,45.25396638888889,13
141.84397916666666,45.25391,13
141.84439777777777,45.25375694444445,13
141.84460388888888,45.253615277777776,13
141.84552722222222,45.252969444444446,14
141.84645083333334,45.25232277777778,14
141.8465875,45.25221666666667,14
141.84667972222223,45.25215583333333,14
141.84703777777779,45.25189666666667,15
141.84792305555555,45.25125,16
141.84870083333334,45.25176444444445,28
141.84880083333334,45.251825,30
141.84856416666668,45.25199333333333,30
141.84844166666667,45.25209972222222,30
141.84837305555556,45.25221694444444,30
141.8483275,45.2524,30
141.8483036111111,45.25253222222222,30
141.8483275,45.25268972222222,30
141.84841111111112,45.25293388888889,29
141.84856416666668,45.253168055555555,28
141.84865527777777,45.253304722222225,27
141.84907527777779,45.253950555555555,23
141.84930416666666,45.254555833333335,20
141.84934944444444,45.255089444444444,16
141.84935694444445,45.25535416666666,16
141.84936472222222,45.25600083333333,17
141.84934194444443,45.256188611111114,17
141.8492725,45.256834166666664,17
141.84922694444444,45.25734833333333,20
141.84921916666667,45.25799388888889,22
141.84921166666666,45.25839111111111,23
141.84931111111112,45.258832777777776,31
141.84957055555554,45.259479444444445,31
141.84983,45.26012472222222,31
141.85008916666666,45.26077027777778,31
141.85034833333333,45.26141722222222,31
141.8506152777778,45.2620625,31
141.85079861111112,45.26249,31
141.8508061111111,45.26249972222222,31
141.85107305555556,45.26314527777778,30
141.85133972222224,45.26379194444444,29
141.85160666666667,45.2644375,29
141.85186611111112,45.26508305555556,28
141.8521252777778,45.265729722222225,27
141.85238444444445,45.266375277777776,26
141.85252222222223,45.26685805555555,24
141.85251472222222,45.26734611111111,23
141.85249194444444,45.267474166666666,24
141.8524072222222,45.268119722222224,27
141.8523236111111,45.268765555555554,31
141.8523311111111,45.268836944444445,31
141.8523463888889,45.2694825,33
141.85239194444443,45.2698025,31
141.8524763888889,45.270449166666666,29
141.85256,45.27109472222222,27
141.85263583333332,45.27155805555556,25
141.85273555555557,45.27220333333333,24
141.85283444444445,45.27284916666667,23
141.85292527777779,45.273495833333335,21
141.8530175,45.27414111111111,20
141.8531086111111,45.274786666666664,19
141.8531847222222,45.274944166666664,19
141.85349055555557,45.27559083333333,19
141.85379527777778,45.27623638888889,18
141.8541,45.27688166666667,18
141.854405,45.277528333333336,18
141.85470305555555,45.278174166666666,18
141.85500055555556,45.278819722222224,18
141.85529777777776,45.27946611111111,17
141.855595,45.28011166666667,17
141.85590083333332,45.28075722222222,19
141.85620555555556,45.28140388888889,20
141.85651055555556,45.282049444444446,21
141.85681555555556,45.282695,22
141.8571288888889,45.283341666666665,24
141.85722,45.28351972222222,24
141.85754777777777,45.28416527777778,26
141.85787638888888,45.28481055555555,27
141.85820388888888,45.28545722222222,29
141.85839472222222,45.285828333333335,30
141.8586997222222,45.28647388888889,28
141.85901222222222,45.28711944444444,26
141.85932555555556,45.28776611111111,24
141.85963805555556,45.28841166666667,22
141.85974444444443,45.288630833333336,22
141.86004277777778,45.28927638888889,24
141.8603475,45.289921666666665,25
141.86065222222223,45.2905675,27
141.86066,45.290572777777776,27
141.86093444444444,45.29121833333333,31
141.86120888888888,45.291865,35
141.8614075,45.29231194444444,38
141.86150694444444,45.29285111111111,38
141.8615375,45.293329722222225,38
141.86149944444443,45.2937875,38
141.86136916666666,45.29425527777778,38
141.86117055555556,45.29490055555556,33
141.86097222222222,45.295547222222226,28
141.86081694444445,45.296053055555554,23
141.86081805555557,45.29605194444444,23
141.86077472222223,45.296193055555555,22
141.8606597222222,45.29655833333333,19
141.86046861111112,45.297205,18
141.86028611111112,45.29782027777778,16
141.86018611111112,45.29839527777778,20
141.86020888888888,45.298679444444446,21
141.86026222222222,45.298878055555555,21
141.8604,45.29911111111111,22
141.86056055555557,45.29932055555555,22
141.86127027777778,45.29984361111111,21
141.86183416666665,45.300134444444446,20
141.86200222222223,45.300225555555556,20
141.8629713888889,45.30074416666667,19
141.86331416666667,45.300933055555554,20
141.8642827777778,45.301451666666665,21
141.8647863888889,45.30177722222222,21
141.86575527777777,45.302392222222224,20
141.86581583333333,45.30243222222222,21
141.8667011111111,45.30307888888889,22
141.86758555555556,45.30372472222222,23
141.86803555555556,45.30412611111111,23
141.86858583333333,45.30471638888889,22
141.86878333333334,45.304965833333334,22
141.86927138888888,45.30561138888889,21
141.86940166666668,45.30581,22
141.86982138888888,45.30645555555556,22
141.8702325,45.30710222222222,22
141.8703475,45.30731055555555,22
141.87038555555554,45.30762083333333,24
141.87038555555554,45.308256388888886,24
141.87038555555554,45.30875555555556,25
141.87038555555554,45.308754444444446,25
141.87038555555554,45.30890194444444,25
141.87039277777777,45.30920138888889,25
141.87113305555556,45.30911583333334,25
141.87175888888888,45.30903888888889,24
141.87272805555557,45.30892277777778,23
141.87369694444445,45.30881111111111,22
141.87466444444445,45.30871888888889,22
141.8756336111111,45.3086225,21
141.87605333333335,45.30857666666667,20
141.8761425,45.30858222222222,20
141.87613805555554,45.30858222222222,20
141.8763052777778,45.308591944444444,20
141.87700694444445,45.3092375,23
141.87771666666666,45.30988444444444,25
141.8781213888889,45.310249722222224,27
141.8788913888889,45.310895277777774,27
141.87966194444445,45.31154194444444,27
141.88040944444444,45.31216694444444,28
141.88137805555556,45.31231472222222,28
141.88234722222222,45.3124675,28
141.88307944444443,45.31258472222222,28
141.88404805555555,45.31281805555555,28
141.88501722222222,45.3130525,27
141.88598611111112,45.31328666666667,27
141.8863822222222,45.313383333333334,27
141.8863822222222,45.313383333333334,27
141.88910777777778,45.31430888888889,32
141.88910777777778,45.31430888888889,32
141.8894511111111,45.314550277777776,33
141.8894511111111,45.314550277777776,33
141.88979444444445,45.315335,29
141.88979444444445,45.315335,29
141.89185444444445,45.31554611111111,33
141.89185444444445,45.31554611111111,33
141.89271277777777,45.3166025,39
141.89271277777777,45.3166025,39
141.89378555555555,45.316964444444444,50
141.89378555555555,45.316964444444444,50
141.89266972222222,45.31657222222222,39
141.89266972222222,45.31657222222222,39
141.89185444444445,45.31554611111111,33
141.89185444444445,45.31554611111111,33
141.88979444444445,45.315335,29
141.88979444444445,45.315335,29
141.8894938888889,45.31458055555556,32
141.8894938888889,45.31458055555556,32
141.88910777777778,45.31427861111111,32
141.88910777777778,45.31427861111111,32
141.8863611111111,45.31337333333333,27
141.88635944444445,45.31337805555555,27
141.88598611111112,45.31328666666667,27
141.88501722222222,45.3130525,27
141.88404805555555,45.31281805555555,28
141.88307944444443,45.31258472222222,28
141.88234722222222,45.3124675,28
141.88137805555556,45.31231472222222,28
141.88040944444444,45.31216694444444,28
141.87966194444445,45.31154194444444,27
141.8788913888889,45.310895277777774,27
141.8781213888889,45.310249722222224,27
141.87771666666666,45.30988444444444,25
141.87700694444445,45.3092375,23
141.8763052777778,45.308591944444444,20
141.87605333333335,45.30857666666667,20
141.8756336111111,45.3086225,21
141.87466444444445,45.30871888888889,22
141.87369694444445,45.30881111111111,22
141.87272805555557,45.30892277777778,23
141.87175888888888,45.30903888888889,24
141.87113305555556,45.30911583333334,25
141.87039277777777,45.30920138888889,25
141.8704461111111,45.309466388888886,25
141.8705838888889,45.309868888888886,26
141.87069888888888,45.310089166666664,27
141.87069888888888,45.31008805555555,27
141.87080527777778,45.31029083333333,27
141.87113305555556,45.31093638888889,27
141.8714225,45.31158194444444,28
141.8714302777778,45.31158722222222,28
141.87153,45.31194333333333,28
141.8715222222222,45.31232527777778,28
141.87146805555557,45.31267027777778,32
141.87127055555555,45.313316666666665,33
141.87113277777777,45.31375833333333,34
141.87107944444443,45.31388638888889,33
141.87106416666666,45.31399805555556,33
141.8710186111111,45.31464361111111,34
141.8710338888889,45.315040555555555,37
141.87113277777777,45.315401944444446,39
141.87119333333334,45.31562,38
141.87146805555557,45.31603666666667,41
141.87188,45.31668333333333,45
141.8720786111111,45.31704888888889,51
141.8721088888889,45.317481666666666,54
141.87203305555556,45.31782666666667,58
141.87180388888888,45.31842777777778,63
141.87159777777777,45.31885416666667,66
141.87129305555555,45.319500833333336,71
141.8711325,45.319698055555556,71
141.87056805555557,45.320345,71
141.8704075,45.3205175,71
141.87019388888888,45.320685555555556,71
141.8698586111111,45.320884166666666,70
141.86888972222224,45.32121361111111,70
141.86860777777778,45.32131583333334,70
141.8682713888889,45.32148388888889,67
141.8676463888889,45.32212944444444,64
141.86713527777778,45.32264388888889,62
141.8664636111111,45.32328916666667,59
141.86578444444444,45.32393472222222,56
141.86554777777778,45.32415833333334,55
141.86505944444446,45.324666944444445,57
141.8644422222222,45.32530833333333,54
141.86434222222223,45.325516666666665,52
141.8642436111111,45.32610694444445,50
141.8642436111111,45.326752222222225,47
141.8642436111111,45.32720027777778,44
141.86431944444445,45.327463888888886,45
141.86478472222223,45.32809,48
141.86507444444445,45.328735555555554,51
141.86508194444446,45.328741111111114,51
141.86519694444445,45.329305,52
141.86518194444446,45.329549166666666,51
141.86512,45.329788055555554,50
141.86493,45.3303175,45
141.8645936111111,45.330754722222224,41
141.8639611111111,45.3314,40
141.8633275,45.33204666666666,40
141.86326666666668,45.3321075,40
141.86241916666665,45.332590277777776,32
141.86189305555556,45.33294166666666,32
141.8615577777778,45.33325638888889,32
141.86105416666666,45.33387277777778,33
141.86074055555557,45.334518333333335,31
141.8605963888889,45.334807777777776,30
141.86042805555556,45.335453333333334,29
141.8603977777778,45.33554027777778,28
141.8602913888889,45.335880833333334,27
141.86020666666667,45.33652638888889,23
141.86011555555555,45.33717277777778,19
141.860055,45.33741694444444,20
141.859955,45.337670833333334,20
141.85980305555555,45.33793027777778,21
141.85960444444444,45.33813861111111,22
141.85939083333332,45.33831222222222,22
141.85919222222222,45.338454444444444,22
141.85871166666666,45.33869305555555,22
141.8577427777778,45.33916583333333,20
141.85677388888888,45.33963888888889,19
141.855805,45.340106666666664,18
141.8548663888889,45.340630555555556,18
141.85470694444444,45.34072277777778,18
141.85373777777778,45.34124138888889,19
141.85276916666666,45.34175972222222,20
141.85180027777778,45.34227833333333,22
141.85083138888888,45.342796944444444,23
141.85060222222222,45.34292388888889,22
141.84963333333334,45.3434425,20
141.84866444444444,45.343962222222224,18
141.84769583333335,45.344480833333336,16
141.8474061111111,45.34462305555556,16
141.84706972222222,45.34474,15
141.8466963888889,45.34482111111111,14
141.84629166666667,45.34489722222222,12
141.845735,45.344948333333335,11
141.8451327777778,45.34500361111111,11
141.84448416666666,45.34506527777778,13
141.84399583333334,45.345237777777776,14
141.84370611111112,45.34540611111111,14
141.8430422222222,45.34605138888889,14
141.842455,45.34662111111111,14
141.84187444444444,45.34726666666667,14
141.8412875,45.34791305555556,14
141.84069944444445,45.34855861111111,14
141.8401125,45.349204444444446,14
141.83952527777777,45.349850833333335,14
141.83934194444444,45.35004388888889,14
141.83911305555554,45.35068944444444,17
141.83902944444444,45.350897777777774,18
141.83883083333333,45.35154416666666,16
141.8387538888889,45.351774444444445,15
141.838755,45.351774444444445,15
141.83865527777778,45.35207277777778,14
141.83847944444443,45.352718333333335,12
141.83829722222222,45.353365,10
141.83828083333333,45.353410555555556,9
141.83806805555557,45.354055833333334,9
141.83800638888889,45.35421861111111,9
141.8378088888889,45.354865555555556,9
141.83761,45.35551111111111,9
141.83741138888888,45.35615638888889,9
141.83721277777778,45.35680194444444,9
141.83701416666668,45.35744861111111,9
141.83681583333333,45.35809444444445,9
141.83661833333332,45.358739722222225,9
141.83651083333334,45.35908583333333,9
141.83631222222223,45.35973138888889,9
141.8361072222222,45.36037805555556,9
141.8359011111111,45.361023333333335,9
141.83588583333332,45.36105388888889,9
141.83573277777776,45.36170055555556,8
141.83557222222223,45.36234611111111,8
141.83553416666666,45.36249361111111,8
141.83545805555556,45.3630025,8
141.83540472222222,45.363368055555554,8
141.83532027777778,45.36401361111111,8
141.83522916666666,45.36466027777778,8
141.8351377777778,45.36530583333333,8
141.83504555555555,45.36595138888889,8
141.83495444444443,45.366598055555556,8
141.83486222222223,45.367243611111114,8
141.8347711111111,45.367889166666664,8
141.83467972222223,45.36853555555555,8
141.834595,45.36908472222222,8
141.83455722222223,45.36933305555556,8
141.8344811111111,45.36991916666667,8
141.83442027777778,45.37011666666667,8
141.83432055555556,45.37035083333333,8
141.83422944444445,45.37051916666667,8
141.8340536111111,45.3707425,8
141.833855,45.370940833333336,8
141.833535,45.37117,8
141.83387027777778,45.371565833333335,8
141.83399277777778,45.37169277777778,8
141.83422944444445,45.37186638888889,7
141.83455722222223,45.37211055555556,7
141.8349163888889,45.37237,7
141.8351602777778,45.3725425,7
141.8360825,45.37318916666667,6
141.83645666666666,45.373443055555555,6
141.83719694444446,45.3739825,6
141.8372575,45.374069166666665,6
141.8373575,45.37419055555556,6
141.83763166666665,45.374739444444444,6
141.83795166666667,45.37538611111111,7
141.83827194444444,45.37603194444444,7
141.83848555555556,45.376423611111115,7
141.83882194444445,45.377069166666665,7
141.83915694444445,45.37771444444444,8
141.83949222222222,45.37836111111111,8
141.83982111111112,45.37900694444444,8
141.84014861111112,45.3796525,8
141.84047611111112,45.38029888888889,7
141.8408125,45.380944444444445,7
141.8411477777778,45.38159,7
141.84148416666667,45.382236666666664,7
141.84181944444444,45.3828825,7
141.84196444444444,45.383156944444444,7
141.84229222222223,45.38380222222222,7
141.84262,45.38444888888889,7
141.8429486111111,45.38509444444445,7
141.84327638888888,45.38574027777778,7
141.8436113888889,45.386386944444446,7
141.84394777777777,45.387032222222224,7
141.84428305555556,45.387677777777775,7
141.84456527777778,45.388217222222224,7
141.8448936111111,45.388862777777774,7
141.8452213888889,45.38950944444444,7
141.84554916666667,45.39015472222222,6
141.8458777777778,45.39080027777778,6
141.84620527777778,45.39144722222222,6
141.84653305555557,45.392092777777776,6
141.84686944444445,45.392738055555554,5
141.84720472222222,45.39338472222222,5
141.84754,45.39403027777778,5
141.84784555555555,45.39460972222222,5
141.84786083333333,45.394625,5
141.84819611111112,45.395271666666666,5
141.8485313888889,45.395916944444444,5
141.84869944444443,45.39625222222222,5
141.84900416666667,45.39689888888889,5
141.8489888888889,45.39724944444445,6
141.84897388888888,45.397895,6
141.8489661111111,45.39854166666667,6
141.849615,45.39850055555556,7
141.85058416666666,45.3983225,7
141.85155277777778,45.39814472222222,6
141.85252166666666,45.39796138888889,6
141.85349083333332,45.39777888888889,5
141.85445972222223,45.397595833333334,5
141.85455083333332,45.397575277777776,5
141.85551944444444,45.39735722222222,5
141.85648833333335,45.39713805555556,5
141.85650361111112,45.3971325,5
141.8574725,45.39686361111111,8
141.85760277777777,45.39682222222222,9
141.85802916666665,45.39679722222222,8
141.85899805555556,45.3967975,8
141.85996694444444,45.3967975,7
141.86093583333334,45.3967975,7
141.86149333333333,45.396792222222224,6
141.86246222222223,45.3968225,7
141.86343027777778,45.396858333333334,7
141.86398777777777,45.396884444444446,7
141.86430222222222,45.39696361111111,7
141.8643011111111,45.39696361111111,7
141.86495666666667,45.397128611111114,7
141.86592555555555,45.397376944444446,6
141.8663911111111,45.39749972222222,5
141.86735972222223,45.397779444444446,7
141.86817583333334,45.39801833333333,9
141.86914444444446,45.39863361111111,8
141.86997555555556,45.3991675,8
141.8707002777778,45.39978361111111,8
141.8711277777778,45.400215555555555,8
141.87119611111112,45.40029694444444,8
141.87169194444445,45.4009425,8
141.87195111111112,45.40121694444444,8
141.87224194444445,45.40145694444445,8
141.87280583333333,45.40188861111111,9
141.87363722222221,45.40253444444444,9
141.87416333333334,45.40294083333333,9
141.8744,45.40320583333333,9
141.87459055555556,45.403531111111114,9
141.87459833333332,45.40353666666667,10
141.8748425,45.404182222222225,11
141.87498027777778,45.40445694444445,11
141.8751636111111,45.40465527777778,12
141.87575055555556,45.40513388888889,16
141.87662805555556,45.40553527777778,16
141.8769786111111,45.405658055555556,16
141.87735305555555,45.405749166666666,15
141.8774288888889,45.40574361111111,15
141.87839777777776,45.40568833333333,18
141.87886305555554,45.40561666666667,16
141.87941222222221,45.40546361111111,17
141.88022055555555,45.40517944444444,19
141.88118944444443,45.40483861111111,22
141.88215833333334,45.404498333333336,24
141.8831272222222,45.4041575,27
141.88348638888888,45.40401,26
141.8842036111111,45.403597777777776,27
141.88440111111112,45.40347611111111,29
141.88471444444446,45.40322694444444,27
141.88493583333334,45.40302277777778,24
141.8851877777778,45.402768888888886,23
141.88533944444444,45.402591111111114,21
141.8854775,45.40238277777778,22
141.88575944444443,45.40197583333333,24
141.88606444444446,45.40152333333333,26
141.8862022222222,45.401313888888886,24
141.88638555555556,45.401090555555555,22
141.88655277777778,45.40091805555556,21
141.8867361111111,45.40075,22
141.88692694444444,45.40060777777778,21
141.88721666666666,45.40045055555556,22
141.88755972222222,45.40031805555556,24
141.88798722222222,45.40021611111111,26
141.88859027777778,45.400083611111114,27
141.88945944444444,45.39991555555556,25
141.8900475,45.399768055555555,24
141.89088611111112,45.39946888888889,28
141.89119861111112,45.3993775,29
141.89135916666666,45.39935166666667,29
141.89167138888888,45.39939277777778,28
141.8920913888889,45.39950888888889,27
141.89244944444445,45.39969222222222,28
141.89341833333333,45.399900555555554,27
141.89358666666666,45.39994194444444,27
141.89454777777777,45.40004388888889,29
141.89481472222224,45.40001777777778,28
141.89508916666668,45.399926666666666,29
141.89605805555556,45.3993875,29
141.89618833333333,45.39931138888889,29
141.89679805555556,45.39901638888889,29
141.897065,45.39890916666667,29
141.89730166666666,45.398873333333334,29
141.8977363888889,45.39886888888889,29
141.89832361111112,45.398965555555556,32
141.89865972222222,45.399031666666666,35
141.89888888888888,45.39924972222222,33
141.8990711111111,45.39948416666667,33
141.89914055555556,45.39969222222222,33
141.8992088888889,45.39987555555555,32
141.8993,45.39998194444444,32
141.89947583333333,45.40002333333333,33
141.899865,45.39994194444444,34
141.90049,45.399656666666665,38
141.90055944444444,45.39962638888889,38
141.9009025,45.399545,39
141.9012225,45.39960138888889,39
141.9015588888889,45.399768611111114,36
141.90174888888887,45.39984027777778,36
141.90211555555555,45.39977388888889,39
141.90252777777778,45.399590555555555,39
141.9030386111111,45.399275833333334,38
141.9033511111111,45.39895027777778,38
141.9036636111111,45.3985175,39
141.90382416666668,45.39824333333333,39
141.903985,45.39785694444444,39
141.904175,45.397709444444445,41
141.90456416666666,45.3975825,39
141.90528916666668,45.397425,42
141.90582305555554,45.3973275,43
141.90679194444445,45.39709416666667,44
141.90687555555556,45.39706805555556,44
141.90723472222223,45.39702777777778,46
141.90801222222223,45.39704305555556,47
141.9089813888889,45.397115,47
141.90995027777777,45.39718555555555,48
141.91009555555556,45.397200833333336,48
141.9103625,45.397241944444445,48
141.9106747222222,45.397302777777774,45
141.91122388888888,45.39745027777778,46
141.9114072222222,45.39752611111111,46
141.91237611111112,45.39792888888889,49
141.913345,45.39833027777778,52
141.9143138888889,45.39873138888889,55
141.91528277777778,45.39913416666667,58
141.9162513888889,45.39953555555556,60
141.91722055555556,45.39993694444444,63
141.91762416666666,45.3999425,70
141.9180211111111,45.40000305555556,71
141.91838777777778,45.40003361111111,71
141.91880666666665,45.40004888888889,75
141.91915055555555,45.40003388888889,73
141.91970722222223,45.39998277777778,80
141.9206761111111,45.39986138888889,82
141.92164472222223,45.39973861111111,84
141.92256055555555,45.399617222222226,87
141.92294916666665,45.39956611111111,95
141.92391805555556,45.39939361111111,97
141.92449861111112,45.39928611111111,99
141.92477305555556,45.39923527777778,100
141.9250475,45.399210277777776,99
141.92533722222223,45.399210277777776,98
141.9256572222222,45.39924055555556,102
141.92599361111112,45.39933722222222,104
141.92626055555556,45.39942416666667,103
141.92657305555556,45.39956611111111,103
141.9273975,45.40000333333333,103
141.92765694444444,45.40012611111111,103
141.92796944444444,45.40025305555555,104
141.92833472222222,45.400370277777775,111
141.92874722222223,45.40046666666667,114
141.92921277777776,45.4005525,115
141.92970861111112,45.40061861111111,115
141.93021194444444,45.400669722222226,116
141.93118083333334,45.400756666666666,121
141.93214972222222,45.400843611111114,126
141.9331186111111,45.400934722222225,131
141.9334613888889,45.40097055555555,133
141.93391944444446,45.401025833333335,135
141.9344,45.40110277777778,134
141.93483527777778,45.40119416666667,134
141.9358038888889,45.401448055555555,138
141.93581138888888,45.401453333333336,138
141.93616944444443,45.40153472222222,144
141.93658194444444,45.401610833333336,144
141.93689444444445,45.401625833333334,145
141.9371852777778,45.401610833333336,144
141.93749777777776,45.401559722222224,146
141.9377875,45.40147388888889,146
141.93812277777778,45.401336111111114,146
141.93909166666666,45.40090861111111,151
141.93973305555556,45.400618888888886,154
141.9400222222222,45.40051833333333,153
141.94031194444443,45.40042611111111,152
141.94057138888888,45.400375,155
141.94090777777777,45.400335,156
141.9413125,45.400329444444445,156
141.94228027777777,45.40035555555556,163
141.94241805555555,45.40036,165
141.94308972222223,45.40039027777778,166
141.9440588888889,45.40042611111111,167
141.94476055555555,45.400335,167
141.9453325,45.40016138888889,166
141.94587388888888,45.399861944444446,164
141.94643055555557,45.39944444444444,156
141.94698055555557,45.39898222222222,152
141.94773583333333,45.398336666666665,147
141.94832277777778,45.39801111111111,142
141.94856694444445,45.39792972222222,139
141.94884916666666,45.397867777777776,140
141.9491475,45.3978375,136
141.9494447222222,45.3978375,133
141.9499936111111,45.39791888888889,136
141.95045916666666,45.398086944444444,133
141.95065777777776,45.39819333333333,133
141.9508486111111,45.39832138888889,132
141.95088666666666,45.39834638888889,132
141.95165694444444,45.39899194444445,125
141.95185527777778,45.39913527777778,126
141.95262555555556,45.39953666666667,120
141.95359472222222,45.40003472222222,113
141.95380833333334,45.40016166666667,107
141.95413583333334,45.40041111111111,99
141.95421944444445,45.40050222222222,99
141.95431916666666,45.400645555555556,98
141.95441805555555,45.40080833333333,97
141.9544786111111,45.400975555555554,97
141.95451777777777,45.40132694444444,96
141.9545025,45.401815,94
141.954495,45.40246055555556,92
141.9544711111111,45.40282722222222,90
141.95444055555555,45.40347305555556,86
141.9544177777778,45.40411833333334,82
141.95445555555557,45.404586944444446,81
141.9545175,45.40479972222222,75
141.95463138888888,45.405009166666666,72
141.95492861111111,45.40538472222222,78
141.95510444444446,45.4055375,78
141.955585,45.405832777777775,75
141.95595916666667,45.406010555555554,68
141.95604277777778,45.40605194444444,65
141.95701166666666,45.40651944444444,64
141.9574922222222,45.406752777777776,63
141.95846111111112,45.40721083333333,57
141.95854472222223,45.40725194444445,56
141.95893416666667,45.407399444444444,57
141.95917833333334,45.40747,56
141.95919361111112,45.407825833333334,56
141.95926944444443,45.408075277777776,56
141.9594297222222,45.40826833333333,51
141.9597575,45.40844194444445,53
141.96000916666668,45.408543055555555,57
141.96097833333334,45.40894,63
141.96108555555554,45.40898555555555,64
141.96171805555556,45.4093675,67
141.96225944444444,45.409799444444445,73
141.96270972222223,45.41027805555556,75
141.96295388888888,45.410715277777776,77
141.96293083333333,45.41125972222222,77
141.96271694444445,45.41166666666667,80
141.9624577777778,45.41193555555556,81
141.96169527777778,45.41246944444445,86
141.96142055555555,45.41271916666667,87
141.9612675,45.41304972222222,84
141.9611686111111,45.41350666666666,87
141.96130527777777,45.413868055555554,84
141.9615961111111,45.41416861111111,87
141.96195416666666,45.41434111111111,84
141.96238166666666,45.41457,85
141.96306833333333,45.414925833333335,88
141.9633961111111,45.41530777777778,92
141.9634188888889,45.41567361111111,88
141.96335805555555,45.416019444444444,89
141.96315194444443,45.41629916666667,89
141.96273194444444,45.416624722222224,87
141.96176305555556,45.41705666666667,84
141.96154166666668,45.41715861111111,84
141.96124444444445,45.417300833333336,81
141.96105333333333,45.417474444444444,80
141.96095472222223,45.417631666666665,79
141.96085583333334,45.41786583333333,78
141.96080916666668,45.41811444444444,76
141.96079416666666,45.41839972222222,82
141.96087111111112,45.418867222222225,88
141.96093194444444,45.41950861111111,87
141.96096972222222,45.419849444444445,82
141.96081694444445,45.42033194444444,91
141.96054222222222,45.42073333333333,98
141.95979472222223,45.42111527777778,98
141.9591697222222,45.4212325,96
141.95852833333333,45.42120222222222,94
141.9579186111111,45.42106444444445,95
141.9571322222222,45.42079972222222,93
141.9569422222222,45.42079972222222,96
141.95666666666668,45.420789722222224,98
141.95625555555554,45.42084083333334,97
141.95606444444445,45.420856111111114,97
141.95531694444443,45.420967777777776,94
141.95469083333333,45.42101888888889,88
141.95405861111112,45.420922222222224,86
141.9534172222222,45.42090666666667,85
141.95289083333333,45.42097722222222,81
141.9527302777778,45.42102388888889,84
141.95223444444446,45.42116611111111,85
141.9515325,45.42155777777778,84
141.95114388888888,45.421730277777776,85
141.95074694444443,45.42191361111111,86
141.950595,45.42198416666667,84
141.9498461111111,45.42219361111111,80
141.94942777777777,45.42233,85
141.94908361111112,45.422447222222225,87
141.94861833333334,45.4227825,76
141.94838166666668,45.42324055555556,76
141.94824472222223,45.42384055555556,75
141.9481913888889,45.424065,75
141.94821416666667,45.424710555555556,75
141.94822194444444,45.424913333333336,75
141.94832833333334,45.425289722222224,75
141.94851916666667,45.425488333333334,73
141.94865694444445,45.42565111111111,74
141.94916805555556,45.42612416666667,76
141.94980805555556,45.42661805555556,77
141.95000666666667,45.42690777777778,76
141.95004444444444,45.42738055555556,76
141.9499913888889,45.42774611111111,78
141.94990777777778,45.428067222222225,79
141.94977,45.428265833333334,84
141.94916777777777,45.42879972222222,91
141.94848861111112,45.429445,80
141.94780916666667,45.43009083333333,69
141.94773333333333,45.43015694444444,68
141.94710722222223,45.430640833333335,66
141.94664166666666,45.430930555555555,73
141.94623055555556,45.4310725,73
141.94570416666667,45.431133333333335,74
141.94473527777777,45.43110277777778,66
141.94470388888888,45.4310975,65
141.943735,45.43101166666667,65
141.94339222222223,45.430975833333335,64
141.94285833333333,45.430915,66
141.94260666666668,45.43088916666667,63
141.94191972222222,45.430925,69
141.9412788888889,45.4310475,68
141.94045527777777,45.4313925,68
141.94002777777777,45.431713611111114,68
141.93963166666666,45.432232222222225,75
141.93929527777777,45.43281694444445,75
141.93901305555556,45.4334625,79
141.93873083333332,45.434108055555555,84
141.93851694444444,45.43459611111111,87
141.93825777777778,45.43524277777778,83
141.93799833333333,45.43588861111111,78
141.93791472222222,45.436096666666664,77
141.93788333333333,45.43648833333334,75
141.93795277777778,45.437063333333334,72
141.93808194444443,45.43729777777778,69
141.93825777777778,45.437623333333335,65
141.93861555555554,45.438065,64
141.93882916666666,45.438380555555554,64
141.93896694444445,45.43857888888889,64
141.93954638888889,45.43919972222222,56
141.93992083333333,45.439595555555556,56
141.94031666666666,45.44011416666667,55
141.94054555555556,45.44050611111111,56
141.94065305555554,45.44079694444444,58
141.94069083333332,45.440912777777775,58
141.94066805555556,45.44134555555556,60
141.94054555555556,45.44182305555555,62
141.94043916666666,45.44230694444445,64
141.94043916666666,45.442611944444444,64
141.94043916666666,45.4429375,71
141.94047722222223,45.443105555555555,73
141.94055277777778,45.44327805555555,76
141.94057666666666,45.44334416666667,76
141.940645,45.443440833333334,76
141.94109527777778,45.44402,77
141.94137,45.444269444444444,77
141.94172805555556,45.44461583333333,76
141.94197972222221,45.44494666666667,73
141.94220833333333,45.44537861111111,71
141.94239944444445,45.44602416666667,67
141.94259027777778,45.446639166666664,64
141.9427575,45.44704611111111,60
141.94294833333333,45.447692777777775,56
141.9429786111111,45.44778916666667,56
141.94299361111112,45.448145277777776,53
141.94295583333334,45.448790833333334,51
141.94291027777777,45.44943722222222,49
141.9429025,45.44947722222222,49
141.9429025,45.44983861111111,46
141.94291777777778,45.44996027777778,48
141.94296333333332,45.45023027777778,52
141.94299361111112,45.45028583333333,55
141.9431011111111,45.45048,55
141.94325305555554,45.4506525,56
141.94381805555557,45.451237222222225,65
141.94435194444443,45.45176111111111,68
141.94464166666666,45.45200527777778,67
141.9448175,45.452126666666665,67
141.94505388888888,45.45224388888889,67
141.94552666666667,45.452554444444445,70
141.94649583333333,45.45294611111111,73
141.94730416666667,45.45328138888889,75
141.94826527777778,45.45369361111111,73
141.94876861111112,45.45406472222222,65
141.94901277777777,45.45454333333333,68
141.94911166666665,45.45518888888889,67
141.94912,45.455194166666665,67
141.9494552777778,45.45581472222222,62
141.95011944444445,45.4562975,58
141.95070638888888,45.45650583333333,58
141.95131694444444,45.45675555555555,50
141.95184333333333,45.45701472222222,45
141.9522163888889,45.45736083333333,43
141.95237722222222,45.45771138888889,43
141.9524,45.458356944444446,37
141.952415,45.45876916666667,33
141.9523388888889,45.45941472222222,36
141.9523311111111,45.459471111111114,36
141.95202527777778,45.46002,28
141.9516138888889,45.460605,26
141.95120166666666,45.461103888888886,26
141.9508663888889,45.461327222222224,26
141.95037805555555,45.461510833333335,26
141.949775,45.461576944444445,31
141.9491425,45.46169305555556,32
141.94817361111112,45.46208027777778,41
141.94801305555555,45.46214638888889,42
141.94711222222222,45.46279194444445,49
141.94620527777778,45.4634375,56
141.94529694444444,45.46408388888889,63
141.94457972222222,45.464591666666664,69
141.94421305555557,45.46521777777778,68
141.944275,45.4657775,67
141.94444944444444,45.46617888888889,68
141.94481638888888,45.466570555555556,66
141.9455788888889,45.467058888888886,57
141.946105,45.4675875,56
141.94636444444444,45.4681375,55
141.94637194444445,45.468782777777776,53
141.94637972222222,45.46899111111111,53
141.9464252777778,45.46958583333333,47
141.94661583333334,45.46996222222222,46
141.9472875,45.47042555555556,41
141.94798972222222,45.47098555555556,36
141.94812638888888,45.47162,36
141.9479513888889,45.47212888888889,28
141.9475161111111,45.47253583333333,27
141.9468525,45.47282111111111,28
141.9458836111111,45.47298833333333,27
141.94491444444444,45.47315611111111,25
141.94394555555556,45.473328611111114,24
141.9430538888889,45.47349138888889,23
141.94236694444444,45.473644444444446,24
141.94190166666667,45.47391888888889,28
141.94137527777778,45.474467777777775,35
141.94076444444445,45.474900833333336,35
141.94026861111112,45.47516972222222,43
141.93996361111112,45.47524138888889,42
141.9395663888889,45.47544972222222,44
141.93939166666667,45.475744722222224,45
141.93939166666667,45.47607555555555,46
141.93958166666667,45.47636,53
141.94001666666668,45.47695,52
141.94010111111112,45.47748388888889,55
141.94006972222223,45.47812944444444,60
141.94005444444446,45.47835833333333,62
141.9404136111111,45.479005,67
141.94043638888888,45.479040833333336,67
141.9408097222222,45.47968638888889,66
141.9410002777778,45.480001111111115,66
141.94113833333333,45.480647777777776,65
141.94115333333335,45.48070861111111,65
141.94100805555556,45.48135388888889,62
141.9409775,45.481476388888886,62
141.94056527777778,45.48202555555556,61
141.93984166666667,45.48258527777778,61
141.93896361111112,45.48316444444445,62
141.93827694444445,45.48365833333333,62
141.93790361111112,45.484140833333335,67
141.93765194444444,45.48461388888889,75
141.93763555555554,45.485259444444445,77
141.93762805555556,45.485265,77
141.93788833333332,45.485910555555556,80
141.93797944444444,45.48613527777778,81
141.9382161111111,45.48672416666667,89
141.93829166666666,45.48726888888889,86
141.9381627777778,45.487609444444445,84
141.93807583333333,45.48785361111111,83
141.93807583333333,45.4878525,83
141.9379336111111,45.488255277777775,83
141.93776555555556,45.48871861111111,82
141.93746833333333,45.48936388888889,82
141.93717083333334,45.490009444444446,83
141.93691166666667,45.490563888888886,83
141.93678138888887,45.491210277777775,82
141.9367738888889,45.491214722222225,82
141.9369875,45.491861388888886,82
141.93715583333332,45.49233888888889,82
141.93727722222224,45.4928325,83
141.93715583333332,45.49317333333333,80
141.93698,45.4934225,81
141.9364386111111,45.49364055555556,84
141.93629305555555,45.49368194444445,86
141.93623222222223,45.4937025,86
141.93526333333332,45.49395083333334,91
141.93494972222223,45.49401722222222,91
141.93398194444444,45.494215833333335,90
141.93376055555555,45.49426638888889,90
141.93279194444443,45.49447472222222,90
141.9318988888889,45.4946375,91
141.93202916666667,45.495283055555554,88
141.93205194444445,45.49536444444445,88
141.93203666666668,45.49595472222222,82
141.93192916666666,45.49626472222222,78
141.93183055555556,45.49652416666667,74
141.9315711111111,45.497169722222225,79
141.93130416666668,45.497816388888886,84
141.93130416666668,45.498156944444446,84
141.93146333333334,45.4984825,83
141.9317922222222,45.499112777777775,79
141.9321275,45.49975861111111,76
141.93246277777777,45.50040527777778,73
141.93279916666665,45.50105055555556,70
141.93312666666668,45.50167111111111,67
141.9333175,45.50219,69
141.93334027777777,45.502271111111114,69
141.93332527777778,45.502428611111114,71
141.93327944444445,45.50266305555556,72
141.9332025,45.502856111111115,75
141.93314166666667,45.5029375,75
141.93306583333333,45.503054722222224,75
141.9328747222222,45.50327277777778,76
141.93208916666666,45.50391916666667,75
141.93207416666667,45.503928888888886,75
141.93192861111112,45.50405583333333,79
141.9318147222222,45.504173055555555,80
141.93173,45.50429027777778,80
141.93162388888888,45.504462777777775,80
141.93158583333334,45.50465583333333,81
141.93158583333334,45.504824166666666,81
141.93162388888888,45.50503777777778,82
141.93176055555554,45.50545,79
141.93196666666665,45.506095555555554,76
141.93211194444444,45.506462222222225,73
141.93235611111112,45.507108055555555,68
141.9325925,45.50775361111111,64
141.93268361111112,45.50799194444444,63
141.9329277777778,45.50863861111111,60
141.93316416666667,45.50928416666667,57
141.93340083333334,45.50993,55
141.9334311111111,45.51000166666667,54
141.93369777777778,45.510646944444446,51
141.93381277777777,45.51088111111111,50
141.93401138888888,45.511161111111115,51
141.93446944444443,45.511806944444444,53
141.9349261111111,45.5124525,54
141.9353761111111,45.51309916666667,56
141.93562777777777,45.51340388888889,57
141.93584916666666,45.51361222222222,57
141.93604027777778,45.51372388888889,56
141.93636027777777,45.513886666666664,56
141.93670416666666,45.51400388888889,55
141.9369636111111,45.51406444444444,55
141.93729888888888,45.514115555555556,53
141.9375275,45.514136111111114,52
141.93761111111112,45.51413083333333,51
141.93858,45.51412138888889,46
141.93954916666667,45.514115833333335,41
141.9399613888889,45.51413111111111,39
141.9402663888889,45.514156944444444,36
141.94054055555554,45.5142125,35
141.9408161111111,45.51427861111111,36
141.9411438888889,45.51436527777778,32
141.94211277777777,45.514615,23
141.94231888888888,45.514655,21
141.94328777777778,45.51482333333333,13
141.94344722222223,45.51486333333333,14
141.94365333333334,45.514944722222225,13
141.94375305555556,45.51503694444445,10
141.94383666666667,45.51512833333334,9
141.9439972222222,45.51544833333333,6
141.94407333333334,45.515631666666664,6
141.944325,45.51627694444444,4
141.94363805555557,45.51650583333333,5
141.94342444444445,45.51662861111111,5
141.94302833333333,45.51693888888889,5
141.94291333333334,45.51707138888889,5
141.9425011111111,45.51766055555556,5
141.94205944444445,45.51830694444445,5
141.94166222222222,45.5189525,5
141.94142583333334,45.51932361111111,5
141.9411738888889,45.519715,6
141.94097527777777,45.51998527777778,7
141.94051,45.520630833333335,9
141.9402125,45.520920555555556,7
141.93997611111112,45.52109305555555,6
141.93954083333333,45.52137833333333,7
141.93928916666667,45.52153111111111,7
141.9389236111111,45.521703611111114,7
141.93832805555556,45.521922777777775,7
141.93801555555555,45.5220075,6
141.93801444444443,45.5220075,6
141.93778666666665,45.52206944444445,6
141.93715416666666,45.52218666666667,6
141.93667333333335,45.522222222222226,6
141.93639027777778,45.5222375,6
141.93600944444444,45.52220166666667,6
141.93549055555556,45.52211055555556,5
141.93500277777778,45.52198805555555,5
141.93453722222222,45.521785,5
141.93414,45.521546388888886,5
141.93376666666666,45.52127194444444,4
141.93324805555557,45.52074777777778,2
141.9327361111111,45.52038638888889,1
141.93249194444445,45.52025944444444,2
141.93221,45.52012166666667,3
141.93124111111112,45.51974083333333,2
141.93105111111112,45.519663888888886,2
141.93063916666668,45.51945555555555,5
141.93046333333334,45.51934361111111,3
141.93015083333333,45.51908972222222,2
141.9294336111111,45.51844305555556,4
141.92941083333332,45.51842777777778,5
141.9286786111111,45.51787916666667,3
141.9284497222222,45.51774666666667,3
141.92813722222223,45.51761972222222,3
141.92716805555557,45.51734972222222,4
141.92619944444445,45.51708055555556,5
141.92523055555554,45.51680611111111,7
141.92500166666667,45.51673972222222,7
141.92472694444444,45.51667888888889,6
141.92442861111113,45.516643055555555,5
141.9239175,45.51666361111111,3
141.9237038888889,45.516688611111114,2
141.92343694444443,45.516745,1
141.92246833333334,45.517044444444444,2
141.92149916666668,45.517345,3
141.92053027777777,45.51764444444444,3
141.92025583333333,45.51773111111111,3
141.92000388888889,45.5177875,4
141.9197375,45.5178275,2
141.91950083333333,45.51784277777778,3
141.91853194444445,45.5178275,5
141.91828777777778,45.51781777777778,5
141.9173188888889,45.517740833333335,5
141.91635,45.51765944444445,5
141.91538111111112,45.51757805555555,5
141.9144122222222,45.517496666666666,5
141.91344333333333,45.51741527777778,4
141.91276527777777,45.51735444444444,4
141.9124136111111,45.51730333333333,2
141.91217722222223,45.51724277777778,2
141.91192555555557,45.51716138888889,1
141.91164361111112,45.517019166666664,4
141.910705,45.5163725,4
141.90976666666666,45.515726944444445,3
141.90916444444446,45.51532,3
141.90892805555555,45.51517777777778,3
141.90869138888888,45.51506055555556,3
141.90841694444444,45.51498472222222,4
141.9081422222222,45.51492833333333,4
141.90769194444445,45.514903333333336,4
141.90672333333333,45.514897777777776,4
141.90575444444445,45.5148925,3
141.90510555555556,45.51488805555555,3
141.90469444444443,45.51483722222222,4
141.90432777777778,45.514785833333335,5
141.90391555555556,45.51466861111111,4
141.90358777777777,45.51454722222222,4
141.90332833333332,45.51439444444444,3
141.90305388888888,45.514180555555555,2
141.9024736111111,45.513535,2
141.90188666666666,45.51288944444445,2
141.90129972222223,45.51224277777778,2
141.90071194444445,45.51159722222222,2
141.90062833333334,45.51151027777778,3
141.90046777777778,45.511337777777776,3
141.90030805555554,45.51121083333334,3
141.90009444444445,45.51109388888889,2
141.89986555555555,45.511001666666665,3
141.89978305555556,45.510982222222225,3
141.89977972222223,45.510981111111114,3
141.8994152777778,45.51089527777778,2
141.89844638888889,45.5107225,3
141.8974775,45.51054888888889,3
141.8966538888889,45.51040138888889,4
141.89568527777777,45.510223333333336,5
141.895655,45.51021361111111,5
141.89468583333334,45.50998472222222,6
141.89457861111111,45.50995416666667,6
141.89435722222223,45.50987833333333,7
141.89419,45.50978611111111,5
141.89399166666666,45.509638611111114,2
141.89380833333334,45.50944527777778,0
141.89367055555556,45.50920138888889,0
141.8936402777778,45.50911472222222,0
141.8934188888889,45.508469166666664,2
141.89325944444445,45.507909166666664,2
141.8930836111111,45.507263611111114,3
141.89305333333334,45.507131111111114,2
141.89290805555555,45.506485833333336,1
141.89284722222223,45.50589138888889,1
141.89279416666668,45.50524444444444,0
141.89281694444443,45.50460861111111,0
141.89283194444445,45.50396333333333,0
141.89287,45.5035,1
141.89290833333334,45.502854444444445,2
141.89285527777778,45.50249861111111,5
141.89269444444443,45.502188333333336,3
141.8923213888889,45.501690555555555,4
141.89219111111112,45.5015525,5
141.89152833333333,45.500906944444445,4
141.89152083333335,45.500901666666664,4
141.89062777777778,45.500255833333334,7
141.889765,45.49979805555556,6
141.8888963888889,45.499253333333336,5
141.88870527777777,45.49911111111111,5
141.88788166666666,45.498465555555555,5
141.88734694444443,45.49794722222222,4
141.8868588888889,45.49748944444445,3
141.88658416666667,45.49723,2
141.88613527777778,45.496812222222225,3
141.88529555555556,45.49639027777778,2
141.88444166666667,45.496115555555555,3
141.88347277777777,45.49586166666667,3
141.8825038888889,45.4956025,2
141.88216,45.49550583333333,2
141.88119111111112,45.49524638888889,2
141.88104694444445,45.49520527777778,3
141.88042083333335,45.49498722222222,4
141.87989444444443,45.4947225,4
141.87946722222222,45.49427416666666,3
141.87930777777777,45.493811944444445,2
141.8792838888889,45.49316555555556,2
141.87925361111112,45.49252,2
141.87922305555554,45.49187444444444,2
141.87919277777777,45.49128944444445,2
141.87911722222222,45.490765555555555,1
141.87900222222223,45.49012,0
141.87888805555556,45.489473333333336,0
141.8788425,45.48924,0
141.87866694444443,45.48859361111111,0
141.87864416666667,45.48851222222222,0
141.87858333333332,45.488171666666666,1
141.87853666666666,45.487764722222224,2
141.87865916666667,45.487520555555555,3
141.87898694444445,45.48712444444445,3
141.87988,45.48647805555556,2
141.88000916666667,45.48638694444445,2
141.8801925,45.486158055555556,2
141.88026833333333,45.48576638888889,2
141.88021527777778,45.485120555555554,3
141.88019277777778,45.484880833333335,3
141.88010916666667,45.4843375,3
141.88001694444444,45.483691944444445,2
141.87992583333335,45.48304527777778,1
141.87983472222223,45.48239944444445,0
141.87971972222223,45.482079444444445,1
141.8794986111111,45.481433055555556,2
141.87916333333334,45.48086888888889,3
141.87878138888888,45.480223055555555,5
141.87830861111112,45.47975,4
141.8777822222222,45.4793475,5
141.8769663888889,45.47880416666667,4
141.8760127777778,45.47815861111111,4
141.87557,45.47777111111111,3
141.87529555555557,45.4774,4
141.87500583333335,45.47688138888889,3
141.87483805555556,45.47636277777778,2
141.87463944444445,45.47580305555555,1
141.87441027777777,45.4751575,1
141.8741825,45.474511944444444,0
141.8739611111111,45.473865555555555,0
141.87390722222221,45.4736625,0
141.87376277777778,45.473016944444446,2
141.87370222222222,45.47250277777778,1
141.873625,45.47185694444445,0
141.87360222222222,45.47148611111111,0
141.87357194444445,45.470839444444444,1
141.87357194444445,45.47083527777778,0
141.87357194444445,45.47018861111111,0
141.87361,45.47009194444444,0
141.87374777777777,45.469633888888886,3
141.87396166666667,45.46902444444444,0
141.87429694444444,45.46850027777778,1
141.8745411111111,45.46811833333334,0
141.87493833333335,45.46747305555556,0
141.87500666666668,45.46724416666667,0
141.87517472222223,45.46659861111111,0
141.87519,45.46655722222222,0
141.8754188888889,45.46591166666666,0
141.87564805555556,45.46526638888889,0
141.87589972222221,45.46468138888889,8
141.876235,45.46429944444444,7
141.87664722222223,45.46395888888889,6
141.87715083333333,45.463715,6
141.87726472222224,45.46366944444444,6
141.87823333333333,45.46329277777778,4
141.87884416666665,45.46290111111111,2
141.8791872222222,45.46231638888889,3
141.87919472222222,45.462066666666665,3
141.87919472222222,45.461869444444446,3
141.87916444444446,45.46172194444444,2
141.87905833333335,45.46107527777778,1
141.87876,45.460445,3
141.87847027777778,45.45979916666667,5
141.87827166666668,45.45949888888889,4
141.87785305555556,45.45885333333333,3
141.87743305555554,45.45820777777778,2
141.87701333333334,45.45756111111111,1
141.8767311111111,45.45712416666667,2
141.87631916666666,45.45647833333334,2
141.87591555555557,45.45583166666667,2
141.87551055555556,45.45518611111111,2
141.87538805555556,45.4549475,2
141.87507583333334,45.454301944444445,1
141.8748163888889,45.453767222222226,1
141.87451166666668,45.45312138888889,1
141.87420666666668,45.45247583333333,0
141.87390861111112,45.45182944444444,0
141.8736113888889,45.45118388888889,0
141.87315333333333,45.45062388888889,0
141.87263472222222,45.449978333333334,0
141.87261194444446,45.44996305555556,0
141.87173555555555,45.44931777777778,2
141.87152166666667,45.44915944444445,2
141.87112472222222,45.44889583333333,2
141.87094888888888,45.44875777777778,2
141.8708577777778,45.448640833333336,2
141.87036194444445,45.447995,3
141.8698738888889,45.44734944444444,4
141.86951472222222,45.446825555555556,4
141.86908833333334,45.44618,4
141.86866083333334,45.44555944444444,4
141.86821833333335,45.44491277777778,4
141.86777555555557,45.44426722222222,3
141.8676313888889,45.44407416666667,3
141.86715833333332,45.44342861111111,3
141.86669277777779,45.44278194444444,3
141.86622777777777,45.44213638888889,3
141.86574694444445,45.44152666666667,3
141.86525111111112,45.44088,2
141.86490833333335,45.440442777777776,3
141.86441277777777,45.439797222222225,4
141.86390055555555,45.439191666666666,4
141.86336666666668,45.43854638888889,3
141.86283305555557,45.43789972222222,3
141.86229916666667,45.43725388888889,3
141.8615288888889,45.436618055555556,3
141.86084222222223,45.43606944444444,2
141.860445,45.43574916666667,2
141.8596672222222,45.4351025,1
141.859355,45.43486388888889,2
141.8585225,45.434218333333334,2
141.8576913888889,45.433571666666666,2
141.85686055555556,45.432925833333336,2
141.85630277777778,45.432473333333334,2
141.85551,45.431826944444445,2
141.85471666666666,45.43118138888889,2
141.8539236111111,45.43053583333333,2
141.85341944444446,45.43016472222222,3
141.85255027777777,45.429518055555555,3
141.85168777777778,45.4288725,3
141.8508263888889,45.42822694444445,4
141.85036833333334,45.42792111111111,4
141.84939972222222,45.42728638888889,3
141.84843083333334,45.426654722222224,3
141.8476225,45.42613083333333,3
141.84665361111112,45.42551111111111,4
141.84663083333334,45.425495833333336,3
141.84566222222222,45.42489055555556,3
141.84469333333334,45.424285,3
141.84422777777777,45.42402027777778,3
141.8432588888889,45.423476666666666,3
141.84229,45.422937222222224,3
141.8416263888889,45.42257083333333,3
141.84065722222223,45.42203694444444,3
141.83968833333333,45.421503055555554,3
141.83898666666667,45.42114194444444,3
141.8380175,45.42064805555555,3
141.83730055555554,45.4202825,3
141.83633166666667,45.41979416666667,3
141.83606472222223,45.41967694444445,3
141.8350961111111,45.41927,3
141.83412722222224,45.418863055555555,2
141.83315805555554,45.418416111111114,2
141.8324575,45.41808527777778,2
141.8314886111111,45.417672777777774,2
141.83051972222222,45.41725611111111,3
141.82955083333334,45.41683833333333,3
141.82858194444444,45.416421666666665,4
141.82762083333333,45.416005,4
141.82679611111112,45.4156025,4
141.8258275,45.41515555555556,3
141.82559083333334,45.41504388888889,3
141.8250647222222,45.414881111111114,3
141.82409555555554,45.41451416666666,3
141.82312694444445,45.414143055555556,3
141.82219694444444,45.413781944444445,3
141.82122833333332,45.41341611111111,3
141.82025944444445,45.41304944444445,3
141.81929055555557,45.41268361111111,3
141.81832166666666,45.41231694444444,3
141.81735277777778,45.411945833333334,3
141.8165975,45.411656111111114,4
141.81562888888888,45.41129472222222,4
141.81466,45.41093361111111,4
141.8137825,45.41059833333333,4
141.8129436111111,45.41029777777778,3
141.81197472222223,45.4099525,3
141.8114325,45.409754166666666,3
141.81046444444445,45.40943277777778,3
141.80949555555554,45.40911277777778,3
141.80867111111112,45.408838333333335,3
141.80770222222222,45.408543055555555,4
141.80744277777777,45.40846166666667,4
141.80649666666667,45.40817194444445,4
141.80552805555556,45.40788222222222,3
141.80455916666668,45.40759277777778,3
141.80359,45.40730194444444,3
141.80354444444444,45.407286944444444,3
141.80257555555556,45.40703833333333,3
141.80160694444444,45.40678888888889,3
141.80085916666667,45.40659027777778,3
141.7998902777778,45.40634611111111,3
141.79959305555556,45.406264722222225,3
141.79862416666666,45.40602611111111,3
141.79841055555556,45.405969722222224,2
141.79755666666668,45.40578194444444,2
141.7965875,45.40555305555556,2
141.79653333333334,45.40553777777778,2
141.79556472222222,45.405344722222225,2
141.79533666666666,45.40529361111111,2
141.79436777777778,45.40510472222222,2
141.79378722222222,45.40498861111111,2
141.7928186111111,45.404815,2
141.79184972222222,45.40463722222222,2
141.79091861111112,45.40446444444444,2
141.78994972222222,45.40428638888889,2
141.7893325,45.40416916666667,2
141.78840916666667,45.403995555555554,2
141.7874402777778,45.4038175,2
141.78647138888888,45.403645,3
141.78615888888888,45.40358861111111,3
141.78551027777777,45.4034725,3
141.78490805555555,45.403395555555555,3
141.7841375,45.403329444444445,3
141.78351944444444,45.40328916666667,3
141.7833586111111,45.40328916666667,3
141.78303861111112,45.40327944444444,2
141.7825125,45.40329472222222,2
141.78154333333333,45.403309722222225,3
141.78137527777778,45.40331416666667,3
141.78040638888888,45.40333472222222,3
141.78036083333333,45.40334027777778,3
141.77939194444446,45.40334444444444,2
141.77842333333334,45.403349722222224,2
141.77799694444445,45.403355,2
141.77777555555556,45.40336055555556,2
141.77680666666666,45.403370277777775,2
141.77583777777778,45.40338,1
141.7752497222222,45.40338,1
141.77428083333334,45.40339083333333,1
141.77331222222222,45.40340055555556,1
141.77234305555555,45.40341055555555,1
141.7716336111111,45.40342111111111,0
141.7714588888889,45.40336472222222,1
141.77051277777778,45.40331888888889,2
141.76978805555555,45.40327888888889,3
141.76881944444443,45.40320194444445,2
141.76785027777777,45.403125833333334,2
141.76689666666667,45.40304444444445,1
141.76592805555555,45.40297277777778,1
141.76495888888888,45.402902222222224,1
141.76475277777777,45.40288722222222,1
141.76444055555555,45.40286111111111,1
141.76347166666667,45.402790555555555,2
141.76250277777777,45.40271888888889,2
141.7615338888889,45.402652777777774,3
141.76107611111112,45.4026225,3
141.76074833333334,45.40259638888889,3
141.76042833333332,45.40258638888889,3
141.7600161111111,45.40259611111111,4
141.7597113888889,45.402611388888886,4
141.75966472222223,45.40262222222222,4
141.75941305555557,45.402637222222225,4
141.75910055555556,45.4026775,4
141.75877277777778,45.40273944444444,4
141.75851333333333,45.40280555555555,4
141.7582238888889,45.40288694444445,4
141.75794833333333,45.40297805555556,4
141.75794083333332,45.40298333333333,4
141.75697166666666,45.40331333333334,5
141.75659861111112,45.402835833333334,5
141.75645305555557,45.402546111111114,5
141.75636194444445,45.40232694444445,6
141.75631666666666,45.40216972222222,6
141.7562863888889,45.40202222222222,6
141.7562863888889,45.401960277777775,6
141.7562863888889,45.401802777777775,6
141.7562863888889,45.401736666666665,6
141.7562863888889,45.401675833333336,6
141.75634722222222,45.401035,6
141.75642277777777,45.40064861111111,5
141.75653777777777,45.40000305555556,4
141.75659083333332,45.399723055555555,3
141.75659083333332,45.39910277777778,3
141.75659083333332,45.39845722222222,3
141.75659083333332,45.39781027777778,4
141.75659861111112,45.39767916666667,4
141.7566136111111,45.397261666666665,4
141.7566363888889,45.39687,4
141.75664416666666,45.39686555555556,4
141.75665166666667,45.39621888888889,4
141.7564913888889,45.39619388888889,4
141.75636222222224,45.396148333333336,4
141.7562863888889,45.39607138888889,4
141.75622444444446,45.39599,4
141.75621694444445,45.395878055555556,4
141.7562625,45.39577194444445,4
141.75633944444445,45.395694722222224,4
141.75645333333333,45.39563944444444,4
</coordinates>
</LineString>
</Placemark>
</Document>
</kml>
