<?xml version="1.0" encoding="UTF-8"?>
<kml xmlns="http://www.opengis.net/kml/2.2" xmlns:atom="http://www.w3.org/2005/Atom">
<Document>
<name>夏合宿1日目</name>
<atom:author>
<atom:name>早稲田大学サイクリングクラブ（WCC）</atom:name>
</atom:author> 
<atom:link href="https://latlonglab.yahoo.co.jp/route/watch?id=365057a25c896dbed64c2674a1e3defe" />
<description><![CDATA[]]></description>
<tags><![CDATA[]]></tags>  
<Placemark>
<Style>
<LineStyle>
<color>99ff0000</color>
<width>6</width>
</LineStyle>
</Style>
<LineString>
<coordinates>
142.37199916666665,43.74713722222222,143
142.37184944444445,43.74693638888889,143
142.37161305555554,43.74662611111111,143
142.3713461111111,43.746295277777776,144
142.37118555555554,43.74608694444444,144
142.3710638888889,43.74591888888889,144
142.37075055555556,43.74552277777778,144
142.3704836111111,43.7452125,144
142.37063666666666,43.745055,144
142.37081138888888,43.745105,144
142.3709111111111,43.745085555555555,144
142.37118555555554,43.74496833333333,144
142.37144805555556,43.74485555555555,151
142.37144805555556,43.74485555555555,143
142.37171916666668,43.74473944444444,143
142.37216194444446,43.74454611111111,143
142.37259722222223,43.74433805555555,143
142.372635,43.744323055555554,142
142.37269583333332,43.744195,142
142.37366472222223,43.744465,142
142.37384805555556,43.74452055555555,142
142.3740238888889,43.744571388888886,142
142.37458805555556,43.74473972222222,141
142.37470944444445,43.74476027777778,141
142.37533555555555,43.744953333333335,141
142.37543416666668,43.74498916666667,141
142.37594638888888,43.74514666666666,141
142.37668638888888,43.74536027777778,140
142.37757055555556,43.74563472222222,140
142.37776916666667,43.74573138888889,140
142.3780436111111,43.745894166666666,135
142.37882916666666,43.74524861111111,137
142.3789213888889,43.745176944444445,137
142.37913527777778,43.74500444444445,137
142.37952361111113,43.74466361111111,135
142.37970694444445,43.744480555555555,134
142.3797622222222,43.74440361111111,134
142.3797622222222,43.74440361111111,134
142.37987527777778,43.74424611111111,134
142.3799813888889,43.744013055555556,133
142.3800575,43.743814444444446,134
142.3800877777778,43.74359527777778,131
142.38009666666667,43.743453055555555,131
142.38011944444443,43.74323388888889,131
142.3801572222222,43.74258833333333,131
142.38024833333333,43.742018888888886,131
142.38037111111112,43.741704166666665,133
142.38053055555557,43.741347222222224,133
142.38062277777777,43.741189722222224,134
142.38064555555556,43.74112916666667,135
142.3807975,43.74089472222222,136
142.38093527777778,43.7407375,136
142.38117194444445,43.74050305555556,136
142.38140833333333,43.74033083333333,136
142.38179694444443,43.74003027777778,136
142.38191944444443,43.73990333333333,135
142.38205722222222,43.739781666666666,135
142.38259861111112,43.73930333333333,133
142.38316305555554,43.738825,135
142.38391805555557,43.73817944444444,136
142.38426972222223,43.73786361111111,135
142.38457472222223,43.73759444444445,135
142.384925,43.73732972222222,137
142.38561194444443,43.73688722222222,136
142.38573416666668,43.73681138888889,136
142.38626805555555,43.73650638888889,134
142.38631361111112,43.73647611111111,134
142.38728277777778,43.73593666666667,130
142.3877861111111,43.73562138888889,131
142.38812916666666,43.73542277777778,131
142.38909805555556,43.73487361111111,132
142.38941166666666,43.73469027777778,132
142.3898075,43.7344625,132
142.3899986111111,43.734365,132
142.39090666666667,43.73382138888889,133
142.39129527777777,43.733598055555554,133
142.3922638888889,43.73387666666667,133
142.39323277777777,43.734156666666664,134
142.39331,43.734182777777775,134
142.393935,43.73437055555556,134
142.39420944444444,43.73444638888889,134
142.3951325,43.73473194444444,134
142.39549944444445,43.73484888888889,134
142.3959561111111,43.7350475,134
142.3965063888889,43.73532222222222,133
142.39672,43.73542833333333,133
142.39687194444446,43.735504444444445,133
142.39717666666667,43.735662777777776,133
142.39814555555554,43.73615111111111,134
142.39911416666666,43.73663944444444,134
142.40008333333333,43.73712222222222,135
142.4004425,43.737320833333335,135
142.40074722222224,43.73750861111111,135
142.40106722222222,43.73773305555556,135
142.40157055555557,43.73812916666667,135
142.4018461111111,43.738348333333334,135
142.40223472222223,43.73862833333333,135
142.40311972222221,43.73927388888889,135
142.4036688888889,43.73968083333333,136
142.40423277777776,43.740138333333334,136
142.40430972222222,43.74019916666666,136
142.40479805555555,43.740555,136
142.40543055555557,43.741038055555556,136
142.40566694444445,43.74122138888889,136
142.40600333333333,43.74147083333333,136
142.40611722222224,43.74156194444444,136
142.40666861111112,43.741979722222226,136
142.40667055555556,43.74198194444445,136
142.40672055555555,43.74202,136
142.40756666666667,43.742665555555554,136
142.40793333333335,43.74294111111111,136
142.40877944444443,43.743586944444445,136
142.4091222222222,43.74384611111111,136
142.4096952777778,43.74429861111111,136
142.4099547222222,43.74453694444444,136
142.4101063888889,43.744705277777776,136
142.41016833333333,43.74481277777778,136
142.4102288888889,43.744949444444444,136
142.41028194444445,43.74503083333333,136
142.4103275,43.745178333333335,136
142.41038194444445,43.74534638888889,136
142.4104047222222,43.74566111111111,136
142.4104275,43.74581972222222,135
142.41047305555554,43.74623638888889,135
142.4105413888889,43.746881944444446,135
142.41060222222222,43.747528333333335,135
142.41064111111112,43.74783861111111,134
142.4106561111111,43.74792444444444,134
142.41068638888888,43.748173888888886,134
142.41073972222222,43.74881944444444,134
142.41079277777777,43.74930777777778,134
142.41083083333334,43.74959833333333,134
142.41084583333333,43.749740555555555,134
142.4108547222222,43.749806666666665,134
142.4108925,43.75024388888889,133
142.41094583333333,43.75088944444445,133
142.4110825,43.75080277777778,134
142.4114338888889,43.75063027777778,134
142.41170833333334,43.75048805555556,134
142.41238,43.75010638888889,134
142.41298972222222,43.749765833333335,135
142.41314277777778,43.74968,135
142.41334138888888,43.7495725,135
142.41485138888888,43.74874916666667,137
142.41519444444444,43.74854527777778,137
142.41562944444445,43.74829694444445,137
142.41660611111112,43.7477575,138
142.41700305555557,43.747548055555555,138
142.41713222222222,43.7474725,138
142.41720166666667,43.747436666666665,138
142.41784166666667,43.74707083333333,138
142.41856638888888,43.746673888888886,139
142.41871944444443,43.746588055555556,139
142.41968833333334,43.746074166666666,139
142.4199175,43.74594722222222,140
142.42059527777778,43.74557055555555,140
142.42124416666667,43.745224444444446,140
142.42132777777778,43.745173333333334,140
142.42229666666665,43.74463,141
142.42326555555556,43.74409083333333,142
142.42393694444445,43.743719722222224,142
142.4249061111111,43.743186111111115,143
142.42507972222222,43.743090555555554,143
142.42507972222222,43.743090555555554,143
142.425875,43.74265111111111,143
142.4268438888889,43.74211777777778,144
142.4278125,43.74158388888889,144
142.42878166666668,43.74105027777778,144
142.42975055555556,43.74051638888889,145
142.42985694444445,43.740454444444445,145
142.43082583333333,43.73993166666666,146
142.43179472222224,43.73940777777778,147
142.4327636111111,43.738883888888886,148
142.433305,43.73858888888889,149
142.4336336111111,43.73840111111111,150
142.43460277777777,43.73786194444445,151
142.43557166666668,43.73732277777778,152
142.43654055555555,43.73678388888889,152
142.43686833333334,43.73659611111111,152
142.4378372222222,43.73605666666667,152
142.43880638888888,43.73551777777778,152
142.43964472222223,43.735054444444444,153
142.4406136111111,43.73452638888889,153
142.44158277777777,43.73399666666667,154
142.44255166666667,43.733468333333334,155
142.44352055555555,43.73293916666667,155
142.44448944444446,43.732415,156
142.44545861111112,43.73188138888889,157
142.4464272222222,43.7313475,157
142.44739611111112,43.73081388888889,158
142.44836527777778,43.73028027777778,159
142.44933416666666,43.72974638888889,160
142.45030305555557,43.729211666666664,161
142.4511038888889,43.72877,161
142.45207277777777,43.728225277777774,162
142.45304166666668,43.72768083333333,163
142.45401055555556,43.727137222222225,164
142.4544,43.72691805555556,165
142.4544911111111,43.726866944444446,165
142.45539944444445,43.72636388888889,165
142.45636833333333,43.725835555555555,166
142.45733722222224,43.72530583333333,167
142.4583063888889,43.72477777777778,168
142.4587486111111,43.72452833333333,168
142.45971777777777,43.72398888888889,169
142.46068666666667,43.72345,170
142.46165555555555,43.72291166666667,171
142.46262472222222,43.7223725,172
142.46359361111112,43.72183305555556,172
142.4645625,43.72129416666667,173
142.46553,43.72076472222222,174
142.46649916666667,43.72023611111111,175
142.46746805555554,43.7197025,176
142.46843694444445,43.71916888888889,177
142.4694061111111,43.71863388888889,177
142.47037472222223,43.7181,178
142.47121444444446,43.717638055555554,179
142.47218361111112,43.71711388888889,180
142.4731525,43.71659,181
142.47412111111112,43.71606611111111,182
142.474655,43.71577638888889,182
142.4756238888889,43.71523694444444,183
142.47659305555555,43.71469777777778,184
142.47734777777777,43.71427055555556,185
142.47814861111112,43.713818055555556,186
142.4791175,43.713274444444444,187
142.48008666666666,43.712735555555554,187
142.48105527777778,43.71221138888889,189
142.48202416666666,43.711683055555554,190
142.48292472222224,43.71118944444444,191
142.48384833333333,43.710680555555555,192
142.48458027777778,43.71026833333333,193
142.48554833333333,43.70973,194
142.48651722222223,43.709180277777776,195
142.48662472222222,43.709114166666666,195
142.4874027777778,43.70868222222222,195
142.48837138888888,43.708148333333334,196
142.4889975,43.70780222222222,197
142.48912666666666,43.70773055555556,197
142.49009555555557,43.7072025,198
142.49106444444445,43.706678333333336,199
142.49203305555557,43.70614444444445,200
142.49300222222223,43.70561083333333,201
142.4938725,43.70512277777778,202
142.49397861111112,43.705060833333334,202
142.49494777777778,43.7045325,203
142.49522194444444,43.70437944444444,203
142.4960377777778,43.70394777777778,204
142.49617583333333,43.703871944444444,204
142.49661083333334,43.7036375,204
142.4975797222222,43.70310805555555,206
142.49803777777777,43.70285416666667,206
142.49864,43.70252861111111,208
142.4994027777778,43.702106666666666,209
142.4994722222222,43.702065555555556,209
142.5000588888889,43.701745277777775,209
142.50071527777777,43.701389444444445,210
142.5014011111111,43.7010075,211
142.50214861111112,43.70059666666667,212
142.50233972222222,43.70048472222222,212
142.50330861111112,43.69994555555556,213
142.50411055555554,43.699508333333334,214
142.50496416666667,43.699039444444445,215
142.50590277777778,43.69851666666667,216
142.5065972222222,43.69812944444445,216
142.5075511111111,43.69759555555556,217
142.50852,43.697071666666666,218
142.50871,43.69696527777778,218
142.5087638888889,43.69692972222222,218
142.5096025,43.69647166666667,219
142.510335,43.696064722222225,220
142.51111305555557,43.695633055555554,220
142.5119138888889,43.695190555555556,220
142.51212,43.69507333333333,220
142.5130888888889,43.69453388888889,221
142.51405777777777,43.694000277777775,222
142.51408833333332,43.693979444444444,222
142.51502694444446,43.693466666666666,224
142.51536333333334,43.69327333333333,225
142.51579694444445,43.69303361111111,225
142.51644583333334,43.69267333333333,226
142.51661416666667,43.69258111111111,226
142.5175525,43.69206805555555,227
142.51768166666668,43.69199638888889,227
142.51865083333334,43.69146805555555,229
142.5192538888889,43.691137222222224,229
142.52022305555556,43.69060888888889,230
142.52119083333332,43.69007916666666,231
142.52215944444444,43.68955111111111,232
142.5231286111111,43.68902166666667,233
142.5240975,43.688493055555554,234
142.5250663888889,43.687954166666664,235
142.52603527777777,43.687415,236
142.52700444444446,43.68687555555555,237
142.52797333333334,43.68633638888889,238
142.52894194444445,43.68579722222222,239
142.5296213888889,43.68541638888889,239
142.53023972222223,43.685070277777776,240
142.5312088888889,43.68453111111111,242
142.53217666666666,43.68399194444444,243
142.53314555555556,43.68345277777778,244
142.53411444444444,43.68291888888889,245
142.5350836111111,43.682385,247
142.53605222222222,43.68184611111111,248
142.5370211111111,43.681306944444444,249
142.53799027777777,43.6807675,250
142.53895916666667,43.68022861111111,251
142.53992805555555,43.67968916666667,252
142.54058444444445,43.679318055555555,252
142.54155333333333,43.67878416666667,253
142.54252222222223,43.678245277777776,254
142.5434911111111,43.677706111111114,255
142.54446027777777,43.677166666666665,256
142.54542916666668,43.67662861111111,257
142.54606916666665,43.6762675,258
142.54703805555556,43.67573361111111,259
142.54800694444444,43.675198611111114,260
142.54897583333334,43.674664722222225,261
142.549945,43.67413138888889,262
142.55091388888889,43.673591944444446,263
142.55157027777778,43.67322638888889,264
142.55253888888888,43.672691388888886,265
142.55350805555557,43.67215777777778,266
142.55447694444445,43.67162388888889,267
142.55544583333332,43.671084722222226,267
142.556415,43.670545555555556,268
142.55707,43.67018,269
142.55716222222222,43.67012888888889,269
142.55813111111112,43.669605,271
142.5591002777778,43.66908611111111,272
142.55994638888887,43.66858861111111,274
142.56049555555555,43.66826722222222,274
142.56054972222222,43.6682325,274
142.5615186111111,43.66766722222222,277
142.56158694444446,43.66762722222222,277
142.56255583333333,43.667076944444446,279
142.5635247222222,43.66654333333334,280
142.56449388888888,43.66600416666667,281
142.56546277777778,43.665465833333336,283
142.5664313888889,43.664926944444446,284
142.56722472222222,43.66448416666667,285
142.567995,43.66406222222222,286
142.5689638888889,43.663538055555556,288
142.5696127777778,43.66318777777778,289
142.57038305555557,43.662745,289
142.57135194444444,43.66223083333333,289
142.57232083333332,43.6617175,289
142.57245,43.66164611111111,289
142.57290777777777,43.661361944444444,292
142.57335833333335,43.66091388888889,294
142.57348083333332,43.66074666666667,295
142.57354916666668,43.66066,296
142.57402972222224,43.66001416666667,298
142.5745102777778,43.65936777777778,300
142.57499083333335,43.658722222222224,302
142.57546416666668,43.658076666666666,304
142.57593722222222,43.65743027777778,306
142.57631805555556,43.6569625,308
142.57647111111112,43.656815,308
142.5771122222222,43.656169444444444,309
142.57680638888888,43.655945833333334,307
142.57672277777777,43.65579833333334,306
142.57672166666666,43.65579722222222,306
142.57680638888888,43.655945833333334,307
142.5771122222222,43.656169444444444,309
142.57768416666667,43.65560416666667,309
142.57833305555556,43.65495861111111,309
142.57897305555556,43.654313055555555,309
142.57920972222223,43.65396138888889,309
142.5792325,43.653779166666666,308
142.57925527777778,43.65349388888889,307
142.57920972222223,43.653306111111114,306
142.57907305555557,43.65303611111111,304
142.57885916666666,43.65270638888889,301
142.57859222222223,43.65230388888889,300
142.57818,43.65165805555556,300
142.57776777777778,43.6510125,300
142.57762333333332,43.650798888888886,300
142.57733277777777,43.65036166666667,300
142.5769138888889,43.649715,300
142.57649416666666,43.64906944444444,300
142.57607416666667,43.648423888888885,300
142.57600583333334,43.64794527777778,300
142.5761588888889,43.64756444444444,301
142.5764561111111,43.64713166666667,301
142.5766622222222,43.64705027777778,302
142.57763111111112,43.64669444444444,303
142.57860027777778,43.64633861111111,304
142.5795688888889,43.645982777777775,306
142.58053777777778,43.645626944444444,307
142.58150694444444,43.645270277777776,308
142.58128555555555,43.644624444444446,310
142.58106416666666,43.64397888888889,311
142.58083527777777,43.64333333333333,312
142.5806063888889,43.64268694444444,314
142.5803775,43.64204138888889,315
142.5801486111111,43.641395555555555,317
142.57991972222223,43.640748888888886,318
142.57969055555554,43.640103333333336,320
142.57948472222222,43.63952416666667,321
142.57935555555557,43.63916277777778,323
142.57921777777779,43.63879166666667,324
142.57873722222223,43.638145,328
142.57869916666667,43.638105,328
142.57850833333333,43.637951944444445,330
142.57773777777777,43.63730638888889,337
142.57738,43.63692972222222,341
142.57677666666666,43.63628416666667,348
142.57618222222223,43.63563777777778,354
142.57602166666666,43.63532305555555,358
142.5759836111111,43.634971388888886,355
142.5759836111111,43.63494111111111,355
142.5760977777778,43.634458333333335,351
142.57623555555554,43.6338125,347
142.57637333333332,43.63316611111111,343
142.5765252777778,43.632713611111114,336
142.57688444444443,43.63208777777778,329
142.57725,43.63144194444445,323
142.5774336111111,43.63122388888889,321
142.5777077777778,43.63115777777778,324
142.57774583333332,43.63116222222222,324
142.57871472222223,43.63125888888889,320
142.5796836111111,43.63135111111111,316
142.58007305555554,43.63131527777778,316
142.58048444444444,43.631274166666664,317
142.58048444444444,43.63099972222222,314
142.58014916666667,43.63073055555556,310
142.57934833333334,43.63037472222222,309
142.5791497222222,43.6302325,308
142.57905861111112,43.62977444444444,307
142.57895888888888,43.629555277777776,306
142.57831777777778,43.62909305555556,304
142.57742583333334,43.62844666666667,301
142.57827972222222,43.62780111111111,302
142.579135,43.627155555555554,304
142.5799886111111,43.626509166666665,305
142.5808436111111,43.625863333333335,306
142.5816975,43.62521777777778,308
142.5825602777778,43.62457138888889,309
142.58342166666668,43.62392583333333,310
142.58428444444445,43.62328027777778,312
142.58514555555556,43.62263361111111,313
142.58600833333333,43.621988055555555,314
142.58687083333334,43.62134277777778,315
142.5877325,43.62069611111111,317
142.588595,43.62005055555556,318
142.58945666666668,43.61940527777778,319
142.5903188888889,43.61875944444444,321
142.59118055555555,43.618113055555554,322
142.59204305555556,43.6174675,324
142.59290472222222,43.616821944444446,325
142.59376722222223,43.61617555555556,326
142.59462888888888,43.61552972222222,328
142.5954911111111,43.61488444444444,329
142.59635277777778,43.61423777777778,331
142.59721527777776,43.61359222222222,332
142.59807694444444,43.612946944444445,333
142.59893944444445,43.6123,335
142.5998011111111,43.61165472222222,336
142.60066333333333,43.61100916666667,338
142.6015261111111,43.6103625,339
142.6023875,43.60971722222222,340
142.6032502777778,43.609071388888886,342
142.60411166666665,43.608425833333335,343
142.60497444444445,43.607779444444446,345
142.60583583333334,43.60713388888889,346
142.60639694444444,43.60671388888889,347
142.60639694444444,43.60671388888889,347
142.60669833333333,43.60648833333333,347
142.60755972222222,43.60584194444444,349
142.6078961111111,43.60559333333333,349
142.60839222222222,43.60521694444444,350
142.60931444444444,43.604570277777775,351
142.61024527777778,43.603924722222224,352
142.6108336111111,43.603517777777775,353
142.61172555555555,43.602872222222224,354
142.61261833333333,43.602225833333335,355
142.61351888888888,43.60158027777778,356
142.6135338888889,43.601570555555554,357
142.6140677777778,43.60135138888889,357
142.61503666666667,43.60118861111111,359
142.61600583333333,43.60102611111111,361
142.61608166666667,43.60101083333333,362
142.61628027777778,43.600935,362
142.61643333333333,43.600838333333336,361
142.6165472222222,43.60069611111111,361
142.61673055555556,43.60015138888889,360
142.61692166666666,43.59950583333333,361
142.6169975,43.59927138888889,362
142.61703555555556,43.59913916666667,362
142.61707361111112,43.5990375,362
142.61718083333332,43.59882916666667,363
142.6173175,43.59871722222222,363
142.61809555555556,43.59807166666667,366
142.6187747222222,43.597501944444446,368
142.61953777777777,43.59685555555556,371
142.6202927777778,43.59621,375
142.62034722222222,43.596174166666664,375
142.62117083333334,43.59552861111111,375
142.62166638888888,43.595152222222225,376
142.62251361111112,43.59450666666667,377
142.6233525,43.59386111111111,378
142.62419111111112,43.59321472222222,379
142.6250311111111,43.59256888888889,379
142.62533611111112,43.59234,380
142.62618333333333,43.59169472222222,382
142.62702222222222,43.591048055555554,384
142.62731194444444,43.59083972222222,385
142.6281972222222,43.59019416666667,387
142.62908166666668,43.58954888888889,389
142.62957,43.589354444444446,389
142.6302186111111,43.58927861111111,389
142.6309813888889,43.58936527777778,389
142.63134805555555,43.589461944444444,389
142.63231694444445,43.58970611111111,390
142.6325611111111,43.589151944444446,393
142.63283583333333,43.58850638888889,396
142.6328963888889,43.58837833333333,397
142.63317111111112,43.5877325,400
142.63344555555557,43.587086944444444,404
142.63346833333333,43.58705666666667,404
142.63387305555557,43.58641027777778,408
142.63427027777777,43.58576472222222,413
142.6344222222222,43.58546388888889,415
142.6344677777778,43.58539888888889,415
142.63473555555555,43.5850225,418
142.6353075,43.58458972222222,423
142.63548333333333,43.58440638888889,426
142.63589444444443,43.58408638888889,429
142.6367038888889,43.583440555555555,435
142.63745916666667,43.582805,441
142.63821444444446,43.58215944444444,448
142.6389697222222,43.581512777777775,454
142.63932,43.58097361111111,460
142.63957944444445,43.58044,466
142.63989305555555,43.579794166666666,472
142.64019805555554,43.57914888888889,478
142.64030416666665,43.578945,481
142.64063333333334,43.57829944444445,490
142.64073972222224,43.577846944444445,497
142.640885,43.57720027777778,506
142.64090027777777,43.57710361111111,507
142.64096111111112,43.576458333333335,515
142.64101416666668,43.5758125,523
142.64106833333332,43.57516583333334,531
142.64106833333332,43.57510527777778,531
142.6409686111111,43.574708055555554,530
142.64082416666668,43.57449,528
142.64041944444443,43.57426638888889,524
142.63977083333333,43.574041666666666,523
142.63935972222222,43.57398111111111,520
142.63900805555556,43.574041666666666,517
142.63871083333333,43.57416972222222,515
142.63774194444446,43.57457138888889,508
142.63681861111112,43.57508444444444,501
142.63657444444445,43.57523222222222,500
142.63560555555554,43.57579722222222,495
142.6350488888889,43.575975,491
142.63408,43.57627472222222,485
142.63391194444443,43.57631583333333,484
142.63294277777777,43.576524166666665,481
142.63288972222222,43.57653944444444,480
142.63192083333334,43.576773333333335,473
142.63157777777778,43.576838611111114,470
142.63060916666666,43.5770175,465
142.62977694444444,43.57726611111111,459
142.62880805555557,43.577555833333335,451
142.6278388888889,43.57784638888889,444
142.62687,43.57813055555555,437
142.62590138888888,43.57841583333333,430
142.6249325,43.57870027777778,423
142.62422388888888,43.57892361111111,422
142.6241238888889,43.57895388888889,422
142.623155,43.57921416666667,413
142.6226438888889,43.57938138888889,412
142.62214833333334,43.579549722222225,407
142.62163722222223,43.57982416666667,407
142.62117194444446,43.58011388888889,402
142.6202027777778,43.58071361111111,398
142.61986,43.580932777777775,396
142.61948555555554,43.58116166666667,394
142.61904277777776,43.58132444444445,393
142.6180738888889,43.58141555555556,391
142.61710527777777,43.5815075,389
142.6165486111111,43.581562777777776,388
142.61557972222224,43.581517222222224,385
142.6154113888889,43.5815075,384
142.61492305555555,43.58139027777778,383
142.61438194444443,43.58130361111111,383
142.61354333333333,43.58135444444444,379
142.6133827777778,43.58132416666667,378
142.61259694444445,43.58107472222222,374
142.6121238888889,43.58092277777778,374
142.611895,43.58088138888889,375
142.61120083333333,43.58073944444445,377
142.61063666666666,43.58072861111111,376
142.61036222222222,43.58067305555556,376
142.60984333333334,43.58023055555555,377
142.60910361111112,43.57958472222222,379
142.6083561111111,43.578938055555554,380
142.6081575,43.57877111111111,381
142.60741777777778,43.57812472222222,383
142.6071963888889,43.577936944444446,383
142.6075088888889,43.577732777777776,384
142.6084775,43.57712305555555,385
142.60944666666666,43.57651222222222,386
142.60947694444445,43.57649277777778,386
142.61044583333333,43.57588194444445,388
142.6105761111111,43.57580055555555,389
142.6105761111111,43.57580055555555,389
142.611415,43.57527666666667,391
142.6123838888889,43.57467222222222,393
142.61325416666668,43.57411805555556,395
142.61422277777777,43.573507222222226,396
142.61507666666665,43.57296777777778,397
142.61604555555556,43.572362777777776,398
142.61633527777778,43.57233222222222,398
142.61678583333332,43.5723475,397
142.61691583333334,43.57237888888889,397
142.617885,43.57256666666667,396
142.61825027777778,43.57263277777778,396
142.61914333333334,43.57268388888889,398
142.6195088888889,43.57259694444444,399
142.61966944444444,43.57246472222222,399
142.62042472222223,43.571819166666664,401
142.6211725,43.571173611111114,403
142.62192,43.570526944444445,405
142.62267527777777,43.56988166666667,407
142.62343027777777,43.56923611111111,409
142.62418527777777,43.56858944444444,411
142.62444472222222,43.56837138888889,412
142.62530722222223,43.56774111111111,413
142.6262761111111,43.56726805555556,415
142.62724527777777,43.56679527777778,417
142.62821416666668,43.56632222222222,419
142.62918305555556,43.56584888888889,421
142.63015194444444,43.565376111111114,423
142.6309375,43.56499,424
142.63139527777778,43.56462305555556,427
142.63078444444446,43.5639775,425
142.6304722222222,43.563651944444445,425
142.6303963888889,43.56359111111111,424
142.6300447222222,43.563381944444444,425
142.62992305555557,43.563249444444445,425
142.62924388888888,43.56260416666667,429
142.62887388888888,43.56225583333333,431
142.6288727777778,43.56225472222222,431
142.6285572222222,43.56195861111111,433
142.62787055555555,43.56131277777778,436
142.6271847222222,43.56066611111111,440
142.62665,43.56016805555556,443
142.6258036111111,43.56012694444444,440
142.62483472222223,43.56008138888889,436
142.6245375,43.560183333333335,438
142.6239961111111,43.56070722222222,443
142.6238811111111,43.560834166666666,443
142.62330166666666,43.561479722222224,442
142.6227211111111,43.56212638888889,441
142.62214166666666,43.56277166666667,440
142.62156972222223,43.56341722222222,439
142.6211727777778,43.56373305555555,440
142.62076027777778,43.564098888888886,438
142.6199825,43.56455638888889,438
142.6195475,43.56469861111111,443
142.61927305555557,43.56468888888889,446
142.61909833333334,43.564546666666665,448
142.61913611111112,43.56445,450
142.61937277777778,43.56429166666667,453
142.6197461111111,43.56408361111111,456
142.62015833333334,43.56377333333333,459
142.62022666666667,43.56367222222222,461
142.6206238888889,43.563025555555555,467
142.6209211111111,43.562491666666666,468
142.62117305555554,43.56221722222222,480
142.62152333333333,43.56188222222222,471
142.6217988888889,43.56146444444445,476
142.621775,43.561215,475
142.62153972222222,43.5610425,477
142.62117305555554,43.56088944444444,485
142.6208452777778,43.560747222222226,486
142.62047083333334,43.56049333333333,493
142.6202575,43.56019277777778,496
142.62019666666666,43.55993888888889,495
142.62023472222222,43.559293333333336,500
142.6202725,43.55864694444445,504
142.62028777777778,43.558525277777775,505
142.62042555555556,43.558122777777776,508
142.620685,43.55768555555556,518
142.62075333333334,43.55704,518
142.62076083333332,43.55698888888889,518
142.62117333333333,43.556419444444444,519
142.6213338888889,43.55619055555555,527
142.62158555555555,43.55575861111111,528
142.62160083333333,43.55572277777778,528
142.6217375,43.555077222222224,528
142.6217375,43.55465944444445,531
142.62158555555555,43.55432444444445,532
142.62117361111112,43.55381555555556,535
142.6206625,43.55318527777778,538
142.62025777777777,43.55272194444444,536
142.6197011111111,43.55207611111111,533
142.61919777777777,43.551989444444445,533
142.6183352777778,43.551985,535
142.61751166666667,43.552101111111114,537
142.61713722222223,43.552193333333335,536
142.61616944444444,43.55242638888889,533
142.61520083333335,43.552660833333334,530
142.61423166666665,43.55288,524
142.61326277777778,43.55309805555556,518
142.61230138888888,43.55331722222222,511
142.61201083333333,43.55334222222222,513
142.61188944444444,43.55326083333333,515
142.611515,43.55266611111111,522
142.61121,43.55201944444445,524
142.6112025,43.55200972222222,524
142.6112025,43.551364166666666,519
142.6112025,43.55119055555556,517
142.61113416666666,43.55099305555556,514
142.61087472222223,43.55063166666667,514
142.61040194444445,43.550351666666664,514
142.6097227777778,43.5501325,511
142.60875388888888,43.54982777777778,506
142.607785,43.549522777777774,501
142.60742694444446,43.549324166666665,496
142.60731194444443,43.54916722222222,496
142.60719055555555,43.54855194444445,497
142.60705277777777,43.54842388888889,496
142.6068388888889,43.54842388888889,497
142.6066025,43.54868333333334,494
142.60652638888888,43.54887194444444,492
142.60627472222222,43.54951722222222,482
142.60600027777778,43.54975722222222,478
142.60558777777777,43.549935,477
142.6053513888889,43.549935,476
142.6048477777778,43.54970083333333,471
142.60432194444445,43.5495325,468
142.6039475,43.54957388888889,460
142.6035363888889,43.549710555555556,461
142.60333777777777,43.54971583333333,462
142.60306305555557,43.54956833333333,458
142.60284944444444,43.54929388888889,455
142.60207916666667,43.54878388888889,449
142.60207805555555,43.54878388888889,449
142.60202611111112,43.54874916666667,448
142.60197194444444,43.54871888888889,448
142.60100277777778,43.548210833333336,435
142.60049944444444,43.548073055555555,433
142.60016416666667,43.54808277777778,425
142.5996075,43.548164166666666,424
142.5986388888889,43.54830222222222,422
142.5982263888889,43.54845944444445,414
142.59775333333334,43.54875972222222,413
142.59761666666665,43.54901916666667,408
142.5976002777778,43.549634166666664,402
142.59750166666666,43.54980666666667,401
142.59699055555555,43.55027555555556,393
142.5966238888889,43.550691944444445,393
142.59660861111112,43.550716944444446,393
142.59638722222223,43.551363611111114,391
142.59622777777778,43.55156638888889,389
142.59609,43.55164361111111,386
142.59595333333334,43.551581666666664,382
142.59589888888888,43.55143944444445,381
142.59593805555556,43.55119527777778,379
142.59602166666667,43.55054972222222,373
142.59612805555557,43.550285277777775,373
142.59651,43.54996527777778,375
142.59667805555554,43.54977638888889,374
142.59667805555554,43.549594166666665,375
142.5961975,43.54913083333334,367
142.5961975,43.54871861111111,366
142.59609777777777,43.54857638888889,363
142.5958613888889,43.54853083333333,359
142.59558666666666,43.54855583333333,355
142.59521361111112,43.54871861111111,356
142.5943127777778,43.54936527777778,352
142.59342,43.55001055555555,348
142.59252805555556,43.55065611111111,345
142.59206277777778,43.55086444444444,337
142.5917263888889,43.55087527777778,335
142.5914138888889,43.55076777777778,333
142.59122277777777,43.55064083333333,333
142.5902538888889,43.55001583333333,329
142.59015527777777,43.54994972222222,329
142.5891863888889,43.54933333333334,329
142.58931666666666,43.54918694444444,329
142.58988083333332,43.548540277777775,330
142.5904375,43.547895,331
142.59099416666666,43.54724916666667,333
142.59155166666667,43.5466025,334
142.59173388888888,43.546394444444445,334
142.59227638888888,43.54574888888889,334
142.59242083333334,43.54558611111111,334
142.5929786111111,43.544939444444445,335
142.59333666666666,43.544624722222224,336
142.59345805555554,43.54452305555556,337
142.59421444444445,43.5438775,340
142.59424472222221,43.54385694444444,340
142.5949925,43.54321111111111,341
142.59574,43.542564722222224,342
142.59598416666665,43.54235638888889,343
142.5967238888889,43.54171083333333,344
142.59748666666667,43.541135833333335,345
142.59779166666667,43.540933055555556,346
142.59876055555554,43.540301666666664,350
142.59920333333332,43.54000222222222,351
142.59976,43.539701666666666,351
142.59999638888888,43.539605,351
142.60096555555555,43.53923416666667,353
142.6013775,43.53893472222222,354
142.60155333333333,43.538649444444445,355
142.60196444444443,43.53800361111111,356
142.60237694444444,43.53735722222222,356
142.6026588888889,43.53691027777778,357
142.60267416666667,43.536900555555555,357
142.60319277777776,43.536253888888886,359
142.6037038888889,43.53560805555556,360
142.6038113888889,43.53548583333333,361
142.60404027777778,43.5352525,361
142.60446027777778,43.534785,360
142.60504722222223,43.53413805555556,363
142.60563416666668,43.53349277777778,367
142.60623,43.53284722222222,370
142.60682444444444,43.532200555555555,374
142.60690166666666,43.53211916666667,374
142.60713805555557,43.53182944444445,375
142.6071761111111,43.5317275,376
142.60723694444445,43.531545,379
142.6072597222222,43.531438055555554,381
142.6070838888889,43.5307925,381
142.60703833333332,43.530654444444444,381
142.60703833333332,43.53000888888889,385
142.60703833333332,43.52996777777778,386
142.60697027777778,43.52932222222222,390
142.6069475,43.52910833333333,392
142.60677166666667,43.528463055555555,392
142.60667305555555,43.528101666666664,393
142.60654277777778,43.527456111111114,394
142.60645166666666,43.52700361111111,394
142.6064438888889,43.526356944444444,392
142.6064288888889,43.52581333333333,390
142.6065275,43.52517777777778,400
142.60660388888888,43.52453194444445,402
142.6066113888889,43.524500555555555,402
142.60655055555554,43.52410888888889,403
142.6063975,43.52363694444445,403
142.6063597222222,43.52352944444444,402
142.606085,43.522980833333335,399
142.60604055555555,43.52294694444444,399
142.60603944444443,43.52294611111111,399
142.60582583333334,43.5227875,397
142.6053375,43.52242611111111,407
142.60522361111111,43.522217777777776,415
142.60501,43.521663333333336,425
142.60484194444444,43.52101666666667,426
142.6047736111111,43.520768333333336,426
142.6046888888889,43.52012166666667,431
142.60459777777777,43.51947611111111,437
142.60450666666668,43.51883055555555,442
142.60445333333334,43.518478888888886,446
142.6042852777778,43.51831194444444,447
142.60421694444443,43.51831194444444,448
142.60408666666666,43.518393333333336,448
142.60401083333332,43.51858111111111,453
142.60394888888888,43.51922666666667,456
142.60388805555556,43.51974611111111,459
142.60368944444446,43.51998472222222,466
142.60349194444444,43.52022888888889,468
142.6033011111111,43.52062055555555,465
142.60327833333332,43.52110361111111,468
142.60333916666667,43.521362777777775,467
142.60333916666667,43.52182083333334,477
142.6031861111111,43.52211027777778,476
142.60285083333332,43.52225333333333,483
142.6019275,43.52236944444444,486
142.60122555555554,43.52238472222222,485
142.60025666666667,43.52223277777778,497
142.60024916666666,43.5222275,497
142.59972277777777,43.5222025,498
142.5995861111111,43.5222275,500
142.5990663888889,43.52244666666667,507
142.59858555555556,43.522796944444444,509
142.5984488888889,43.522959444444446,514
142.5984488888889,43.523294722222225,514
142.5988536111111,43.523895833333334,516
142.59886138888888,43.52435277777778,518
142.59882972222223,43.524485,519
142.59854,43.52494305555555,523
142.59766333333334,43.52558944444444,530
142.59757861111112,43.525644722222225,530
142.5973888888889,43.52583805555555,530
142.5972661111111,43.52596055555556,527
142.5967475,43.526159166666666,523
142.59633527777777,43.52643805555556,519
142.59595472222222,43.526870833333334,511
142.5957788888889,43.527124444444446,508
142.5952375,43.527770277777776,501
142.59515277777777,43.5278625,500
142.59464944444446,43.52822805555556,498
142.59368027777776,43.52865027777778,494
142.59316166666667,43.528751944444444,489
142.59219277777777,43.52876277777778,484
142.59178916666667,43.52876694444444,482
142.5913011111111,43.528625,477
142.59039277777777,43.528625,468
142.59010305555555,43.52882777777778,463
142.58996527777776,43.52898638888889,462
142.58978944444445,43.529316111111115,458
142.58959194444444,43.529535277777775,456
142.58949222222222,43.529545,454
142.5892025,43.529535277777775,452
142.5886913888889,43.529403055555555,447
142.58808055555556,43.52939277777778,444
142.5877986111111,43.529315833333335,445
142.58711194444444,43.52923444444444,436
142.58677666666668,43.5291075,435
142.58602888888888,43.528619166666665,423
142.58576194444444,43.52853361111111,423
142.58555583333333,43.52856833333333,426
142.5848613888889,43.528908888888886,425
142.58421388888888,43.5290675,426
142.5838625,43.529219166666664,418
142.5830311111111,43.52986583333333,416
142.58278694444445,43.530053333333335,416
142.5822761111111,43.53035388888889,409
142.58168777777777,43.53049055555555,406
142.58071916666665,43.530547222222225,401
142.57975027777778,43.530607777777774,395
142.57907972222222,43.53065333333333,391
142.57863694444444,43.53066861111111,389
142.57766805555556,43.53069888888889,385
142.57669944444444,43.53073444444444,381
142.5761427777778,43.53076055555555,379
142.57551666666666,43.53070972222222,379
142.57524972222222,43.53060222222222,378
142.57436444444446,43.52996638888889,374
142.57358638888888,43.529447777777776,373
142.5726175,43.52880777777778,371
142.572305,43.52863416666667,371
142.57135166666666,43.52798861111111,371
142.5712288888889,43.527907222222225,370
142.5702838888889,43.52726166666667,371
142.56933777777778,43.52661472222222,372
142.56838416666668,43.52596916666667,372
142.56831472222223,43.52592361111111,373
142.56736972222222,43.52527805555555,372
142.5667513888889,43.524860277777776,372
142.56659083333332,43.52475388888889,372
142.56624027777778,43.52451416666667,371
142.56530166666667,43.52386861111111,370
142.56444027777778,43.523289444444444,370
142.56349444444444,43.522642777777776,370
142.56254805555557,43.521996944444446,370
142.56160222222223,43.52135138888889,370
142.56200694444445,43.521168055555556,372
142.5629213888889,43.520918611111114,373
142.56389027777777,43.52065916666667,375
142.56485944444444,43.5204,376
142.56582805555556,43.520140833333336,377
142.56679694444443,43.51988138888889,379
142.56776583333334,43.519622222222225,380
142.568735,43.51936305555556,381
142.56970361111112,43.51910916666667,383
142.57064222222223,43.518884444444446,385
142.57122916666665,43.518727222222225,386
142.57219805555556,43.51847333333333,388
142.57316694444444,43.51821861111111,390
142.57320583333333,43.518188333333335,390
142.57417388888888,43.51794944444445,392
142.57514277777778,43.51771083333333,393
142.57521972222222,43.51768472222222,394
142.57530222222223,43.51765972222222,394
142.57530111111112,43.51765972222222,394
142.57618861111112,43.517395,395
142.57643277777777,43.51721166666667,396
142.5772638888889,43.51656638888889,398
142.5780961111111,43.51592055555555,400
142.57892722222223,43.51527388888889,402
142.57975805555554,43.514628611111114,404
142.5805902777778,43.513983055555556,407
142.58142166666667,43.51333638888889,409
142.58225388888889,43.51269111111111,411
142.583085,43.51204527777778,413
142.58391583333332,43.51139861111111,415
142.58474805555556,43.510753333333334,417
142.58557916666666,43.510107777777776,419
142.58641138888888,43.50946111111111,421
142.58689222222222,43.509101111111114,422
142.5877461111111,43.508454444444446,425
142.5886011111111,43.50780861111111,427
142.58945472222223,43.50716333333333,429
142.59002666666666,43.5068475,430
142.59061472222223,43.506705555555556,431
142.59091972222222,43.50662944444444,431
142.5918886111111,43.506389722222224,434
142.59247555555555,43.50617166666667,435
142.59291833333333,43.50579527777778,436
142.59345972222224,43.50530722222222,437
142.59416194444444,43.50466055555555,439
142.59461194444444,43.50430027777778,441
142.59541277777777,43.50365361111111,444
142.59555055555555,43.50355277777778,444
142.59638916666665,43.50290611111111,449
142.59664194444446,43.50271305555555,449
142.59693944444444,43.50243861111111,450
142.59697722222222,43.502408055555556,450
142.59767944444445,43.50176277777778,451
142.59828916666666,43.501289722222225,452
142.59880027777777,43.50104555555556,453
142.59915194444446,43.50092277777778,454
142.59983111111111,43.50062805555555,456
142.6008,43.500211388888886,458
142.6017686111111,43.49979916666667,461
142.60273666666666,43.49938777777778,463
142.6035613888889,43.49886388888889,466
142.60406472222223,43.4985275,468
142.6050336111111,43.49789166666667,470
142.60600277777777,43.49725611111111,473
142.60690333333332,43.49666166666667,476
142.6075888888889,43.49612222222222,478
142.60791,43.495796666666664,480
142.6085425,43.495151388888885,483
142.6091761111111,43.494505833333335,486
142.60980111111112,43.49385916666667,489
142.61042722222223,43.49321388888889,492
142.61045,43.49319305555556,492
142.61102194444445,43.4925475,494
142.61154916666666,43.49195388888889,496
142.61154916666666,43.49195388888889,496
142.61159472222224,43.49190194444444,497
142.61216666666667,43.491255277777775,499
142.6127386111111,43.49061,501
142.6133113888889,43.48996416666667,503
142.61334083333333,43.489939444444445,504
142.61334083333333,43.489939444444445,504
142.6138486111111,43.49229722222222,499
142.6138486111111,43.49229722222222,499
142.6133336111111,43.48993083333333,504
142.61334083333333,43.489939444444445,504
142.61363916666667,43.48968861111111,505
142.61386055555556,43.48956722222222,505
142.61482944444444,43.48904888888889,508
142.61526416666666,43.488840555555555,510
142.61565277777777,43.488509444444446,510
142.6161725,43.48786388888889,512
142.61669111111112,43.48721722222222,514
142.61686583333332,43.487075,514
142.6177436111111,43.48654694444444,517
142.6187125,43.485971666666664,519
142.61896444444446,43.48576333333333,521
142.6190175,43.48569194444445,521
142.61949055555556,43.48504611111111,524
142.62011666666666,43.484450833333334,527
142.6202686111111,43.484344444444446,528
142.62117666666666,43.48369888888889,532
142.62214555555556,43.48305222222222,536
142.62237444444443,43.48290055555555,537
142.62334333333334,43.48226888888889,543
142.62374805555555,43.482,545
142.62454888888888,43.48166472222222,549
142.6255177777778,43.481450833333334,552
142.62599083333333,43.481343333333335,553
142.62657777777778,43.480942222222225,555
142.62754666666666,43.4803475,561
142.6283475,43.47984861111111,565
142.6293163888889,43.47933972222222,569
142.629935,43.479014444444445,572
142.6309036111111,43.47851638888889,575
142.6318725,43.47801277777778,579
142.63216222222223,43.47785972222222,580
142.6331313888889,43.47730555555555,584
142.6339397222222,43.476843333333335,588
142.63490833333333,43.476213055555554,594
142.63523722222223,43.47599388888889,596
142.63553444444443,43.475744166666665,597
142.6360911111111,43.47530277777778,603
142.63648805555556,43.474849444444445,604
142.63670944444445,43.474651944444446,606
142.6370902777778,43.4744575,609
142.63750277777777,43.474264444444444,611
142.6379986111111,43.47408222222222,616
142.6386161111111,43.47392388888889,621
142.63892194444443,43.47390861111111,622
142.63979083333334,43.47387277777778,624
142.64007305555555,43.4738425,624
142.64027166666668,43.47376666666667,626
142.64071416666667,43.473528055555555,626
142.64112666666668,43.473369444444444,625
142.64167555555557,43.47327833333333,627
142.64198805555554,43.47326861111111,628
142.64295694444445,43.473237222222224,632
142.64392583333333,43.47320694444444,635
142.64381194444445,43.472566666666665,645
142.64372722222222,43.47231166666667,646
142.64359055555556,43.47212388888889,647
142.64339944444444,43.47196111111111,648
142.64317833333334,43.47182333333333,648
142.6427975,43.471711666666664,648
142.64182861111112,43.47154333333334,651
142.64085972222222,43.47137638888889,654
142.63989083333334,43.47120805555556,657
142.63892194444443,43.47103555555555,660
142.63879944444443,43.47100944444445,661
142.63838805555557,43.470892222222226,670
142.63809722222223,43.470750277777775,671
142.6378,43.47060805555556,671
142.63760916666666,43.470485555555555,671
142.63740277777777,43.47031833333333,672
142.63723611111112,43.47016,673
142.63713638888888,43.469966666666664,674
142.63707555555555,43.4696825,676
142.63705277777777,43.46942333333333,677
142.6371211111111,43.46877666666666,681
142.63719055555555,43.46813111111111,685
142.63725888888888,43.467485555555555,690
142.6373272222222,43.46684,694
142.63733472222222,43.466834444444444,694
142.63735,43.466524166666666,697
142.63735,43.46631055555556,699
142.63729694444444,43.46609138888889,701
142.63717527777777,43.46587888888889,703
142.63697666666667,43.46563472222222,704
142.63632777777778,43.46498805555556,712
142.63567166666667,43.46434222222222,720
142.63551222222222,43.464185,722
142.63536666666667,43.46398638888889,721
142.63527555555555,43.4637825,723
142.63526055555556,43.46353388888889,723
142.63527555555555,43.46333527777778,722
142.63536666666667,43.46309138888889,724
142.6355275,43.462892777777775,728
142.63577916666668,43.46270972222222,730
142.6359852777778,43.4625925,732
142.63695416666667,43.46230805555555,732
142.63766361111112,43.462094444444446,732
142.6379988888889,43.461936944444446,735
142.6382886111111,43.461774166666665,740
142.63852527777777,43.461600555555556,742
142.6387388888889,43.4613825,744
142.63915111111112,43.46073722222222,756
142.63957,43.46009055555555,768
142.63958527777777,43.460075277777776,768
142.63981416666667,43.4598875,769
142.64013527777777,43.459744444444446,767
142.64057694444443,43.4596175,764
142.641165,43.45952638888889,765
142.64175972222222,43.459485,764
142.64259944444444,43.459435,767
142.6432861111111,43.459450277777776,767
142.64385027777777,43.45950055555556,768
142.64427777777777,43.459694444444445,767
142.64516194444445,43.460207777777775,772
142.64547555555555,43.46040083333333,774
142.64584888888888,43.460476666666665,776
142.64616138888888,43.46046166666667,778
142.64645222222222,43.460391111111115,780
142.64662666666666,43.46031,782
142.6467875,43.460187222222224,782
142.6468786111111,43.46007027777778,784
142.6469088888889,43.45995833333333,786
142.6469402777778,43.459744722222226,790
142.6468786111111,43.45954166666667,792
142.6466961111111,43.45934305555556,793
142.64645222222222,43.45923694444444,792
142.64630666666667,43.45919138888889,794
142.64533805555556,43.45889611111111,802
142.64513944444445,43.458752777777775,802
142.64502555555555,43.458529444444444,802
142.6450027777778,43.45831138888889,803
142.64504833333334,43.45809222222222,802
142.64514694444443,43.45790861111111,807
142.64532277777778,43.45778722222222,811
142.64608555555554,43.4575375,815
142.64643583333333,43.457335,817
142.6466725,43.45715166666667,819
142.64674944444445,43.456937777777775,822
142.64672666666667,43.45666888888889,825
142.64661194444443,43.45641916666667,828
142.64639055555554,43.45623583333333,831
142.64621583333334,43.45616416666667,831
142.64524694444444,43.45577361111111,834
142.64427777777777,43.45538611111111,837
142.64413694444445,43.455265833333335,838
142.64413583333334,43.455264722222225,838
142.64400333333333,43.455153055555556,839
142.64377472222222,43.45488805555556,842
142.643675,43.454634166666665,842
142.64365972222222,43.45426194444445,844
142.64373555555557,43.45404388888889,845
142.64391138888888,43.45373361111111,847
142.64428583333333,43.453469166666665,849
142.64459833333333,43.45332166666667,849
142.64494861111112,43.45323472222222,851
142.64523916666667,43.45320972222222,852
142.64600222222222,43.45323472222222,859
142.6466888888889,43.45325111111111,861
142.64704694444444,43.453179444444444,863
142.64739,43.4530525,864
142.64766555555556,43.45289416666667,868
142.6479097222222,43.45267055555556,870
142.64798555555555,43.45255888888889,871
142.64815388888888,43.45265527777778,871
142.64826,43.45265527777778,872
142.6483663888889,43.45259472222222,872
142.64853472222222,43.45212138888889,878
142.64896222222222,43.45147611111111,884
142.6490988888889,43.4512775,886
142.64919111111112,43.451054166666665,888
142.64932777777778,43.4504075,895
142.64947333333333,43.449776944444444,901
142.64961,43.44944611111111,905
142.6499613888889,43.44880055555556,917
142.64998416666666,43.448770277777776,917
142.6499863888889,43.44875722222222,918
142.6499875,43.44875388888889,918
142.64998416666666,43.448770277777776,917
142.6499613888889,43.44880055555556,917
142.64970333333332,43.44927388888889,908
142.64970333333332,43.44927388888889,907
142.64839555555557,43.4493175,906
142.64839555555557,43.4493175,906
142.64740833333335,43.448320277777775,903
142.64740833333335,43.448320277777775,903
142.6448763888889,43.44707416666667,904
142.64483361111112,43.44706138888889,902
142.64488805555555,43.44686277777778,904
142.64507138888888,43.446217222222224,907
142.6450788888889,43.446196388888886,908
142.64526222222221,43.44562138888889,904
142.64555972222223,43.44509333333333,897
142.64557472222222,43.44486444444444,896
142.64551444444444,43.4447375,897
142.6449111111111,43.444253333333336,903
142.64469722222222,43.4441525,901
142.6443847222222,43.44408083333333,900
142.64406472222223,43.44406027777778,901
142.64340055555556,43.44412111111111,902
142.64265305555554,43.44411138888889,899
142.64168444444445,43.444005,897
142.64146305555556,43.443978888888886,897
142.6408911111111,43.44398416666667,897
142.6404636111111,43.44405555555556,901
142.64017388888888,43.444070833333335,901
142.6399525,43.44401972222222,902
142.6398147222222,43.44394277777778,900
142.63912916666666,43.443469722222225,896
142.6383502777778,43.44292083333333,898
142.63799972222222,43.442570555555555,901
142.63786194444444,43.442305833333336,901
142.6375647222222,43.44180222222222,903
142.63742805555555,43.44167,902
142.63719166666667,43.441543055555556,901
142.63692472222223,43.44146166666667,904
142.63662638888889,43.44141055555556,903
142.63593944444443,43.44139527777778,905
142.63527638888888,43.44145611111111,907
142.63507777777778,43.441431111111115,909
142.6343913888889,43.44097861111111,911
142.63426222222222,43.44087138888889,911
142.6341775,43.440784444444446,912
142.63412444444444,43.440621666666665,912
142.63412444444444,43.44043944444444,913
142.6341852777778,43.44008777777778,916
142.634285,43.43944222222222,921
142.63437611111112,43.43879694444445,925
142.63433805555556,43.43857777777778,929
142.63400277777777,43.43794722222222,936
142.6337511111111,43.43742861111111,939
142.63370444444445,43.43720944444444,940
142.63370472222223,43.4367625,941
142.63388055555555,43.43615166666667,946
142.63402583333334,43.43584694444444,950
142.6341811111111,43.4356625,953
142.6341811111111,43.4356625,953
142.63419305555556,43.43564833333333,953
142.63439166666666,43.43545527777778,955
142.63472777777778,43.435246944444444,958
142.63551333333334,43.434936388888886,964
142.63639,43.43459583333333,969
142.63718444444444,43.43416861111111,974
142.63815333333332,43.43365527777778,979
142.63842777777776,43.43356861111111,981
142.6388161111111,43.43353805555556,981
142.63977722222222,43.433481666666665,986
142.64017444444445,43.433436111111114,989
142.64037305555556,43.43331888888889,990
142.64060194444446,43.433146388888886,992
142.64071583333333,43.43292722222222,993
142.64076138888888,43.43272888888889,994
142.64067805555555,43.43250527777778,992
142.64054027777777,43.432296944444445,995
142.64031111111112,43.43212888888889,997
142.6400522222222,43.43199638888889,996
142.63983833333333,43.43195638888889,995
142.63960194444445,43.43194666666667,999
142.638725,43.43195638888889,1004
142.63854166666667,43.43193138888889,1004
142.6383052777778,43.431865277777774,1006
142.6380761111111,43.431763333333336,1006
142.6378777777778,43.43164055555555,1007
142.63774083333334,43.431513611111114,1007
142.637665,43.431315,1010
142.63768027777778,43.4311275,1011
142.6377636111111,43.43097972222222,1012
142.63827472222223,43.43048611111111,1017
142.63833555555556,43.43029833333333,1019
142.63836583333332,43.43017583333334,1020
142.63848861111111,43.42953055555556,1025
142.63844333333333,43.42933722222222,1026
142.63832833333333,43.42918972222222,1025
142.63790194444445,43.428762222222225,1030
142.63780944444446,43.42861027777778,1031
142.6374363888889,43.42796361111111,1037
142.6371922222222,43.42740472222222,1040
142.63716944444445,43.427327777777776,1040
142.6370163888889,43.42668222222222,1045
142.63681805555555,43.42644777777778,1045
142.6366813888889,43.426386944444445,1045
142.6357125,43.42596527777778,1047
142.6353988888889,43.42590444444444,1047
142.6346511111111,43.42585305555556,1053
142.6336975,43.42571111111111,1050
142.6327288888889,43.42557305555555,1046
142.6322252777778,43.42548194444444,1041
142.6313561111111,43.42531916666667,1039
142.63105027777777,43.425196666666665,1034
142.63085305555555,43.42501444444444,1037
142.6307911111111,43.42478972222222,1035
142.6308302777778,43.42455638888889,1033
142.63097444444443,43.424347222222224,1032
142.63118833333334,43.42420527777778,1027
142.6321188888889,43.42362027777778,1024
142.63228722222223,43.42344777777778,1024
142.63243138888888,43.423188333333336,1023
142.63243916666667,43.42292361111111,1021
142.63235555555556,43.42270444444444,1022
142.63214194444444,43.42247111111111,1015
142.63189027777779,43.42230333333333,1016
142.63169944444445,43.42221638888889,1016
142.6307302777778,43.421794444444444,1015
142.63051666666667,43.421621944444446,1014
142.63034194444444,43.42142888888889,1013
142.63026472222222,43.421169444444445,1010
142.63034194444444,43.420965555555554,1012
142.63057833333335,43.420747222222225,1013
142.63076833333332,43.42059972222222,1013
142.63159305555556,43.41995305555555,1013
142.6316386111111,43.41972944444444,1015
142.63159305555556,43.41937388888889,1013
142.63146277777778,43.419114444444446,1013
142.63128722222223,43.41887055555556,1013
142.6307913888889,43.419114444444446,1004
142.63009805555555,43.41950055555556,996
142.62912916666667,43.42004,984
142.62883055555557,43.420274166666665,981
142.62862555555554,43.42057916666667,980
142.62855611111112,43.42084833333333,976
142.6285636111111,43.421031666666664,975
142.6285636111111,43.42167805555555,969
142.6285636111111,43.42232361111111,963
142.628465,43.42250694444444,960
142.62822833333334,43.422603611111114,957
142.6274125,43.422649166666666,954
142.62716833333334,43.42274583333333,949
142.6269925,43.42292361111111,946
142.62675611111112,43.42330527777778,945
142.62652694444444,43.42343666666667,942
142.62609944444443,43.423595,937
142.625965,43.42364388888889,936
142.6259638888889,43.42364388888889,936
142.62513083333334,43.423945555555555,926
142.62473472222223,43.42406805555556,922
142.62376583333332,43.4243525,912
142.62279694444445,43.4246375,902
142.62182777777778,43.42492194444444,892
142.62117944444444,43.4252625,883
142.62095027777778,43.42541555555555,880
142.62086666666667,43.42556305555556,878
142.62085166666665,43.425665,878
142.62078222222223,43.42631055555555,878
142.6207138888889,43.42652861111111,876
142.62051527777777,43.42671194444444,873
142.62021805555557,43.426829166666664,870
142.61982833333334,43.42683888888889,867
142.61951583333334,43.426696666666665,866
142.61947027777776,43.42666638888889,865
142.61851666666666,43.42602083333333,857
142.61820444444444,43.42596972222222,854
142.61790694444446,43.42599472222222,851
142.61704444444445,43.42634638888889,842
142.61671666666666,43.426539444444444,840
142.6164572222222,43.42675305555556,836
142.61610583333334,43.42736277777778,833
142.6158313888889,43.42769361111111,828
142.61554166666667,43.42790194444444,827
142.61520638888888,43.428044166666666,826
142.6144197222222,43.428217777777775,819
142.61345083333333,43.428420277777775,810
142.61271861111112,43.42867,808
142.61196333333334,43.42906166666667,798
142.61127638888888,43.429345833333336,794
142.61091083333332,43.429448055555554,791
142.60994194444444,43.429701666666666,783
142.6094688888889,43.42990555555556,779
142.60917916666668,43.43013444444444,777
142.60896555555556,43.43041888888889,777
142.60886666666667,43.43068888888889,778
142.608805,43.43115111111111,766
142.60865305555555,43.43162,759
142.6084013888889,43.431955,755
142.6081027777778,43.43219361111111,753
142.60767638888888,43.432386944444445,749
142.60729444444445,43.43247916666667,746
142.6068138888889,43.43254527777778,743
142.60584472222223,43.4326775,735
142.60528083333332,43.43280444444444,729
142.6046775,43.43297694444444,725
142.60396916666667,43.43324694444444,720
142.60375527777776,43.43340972222222,716
142.603305,43.43396861111111,706
142.60300777777778,43.43416722222222,703
142.60265611111112,43.43426916666667,701
142.60175583333333,43.43434472222222,695
142.60142055555556,43.43439583333333,692
142.60049722222223,43.43476694444445,685
142.59952805555557,43.43515305555555,677
142.59913972222222,43.435245555555554,676
142.59866666666667,43.435315833333334,673
142.59769777777777,43.435453611111114,666
142.5967288888889,43.435585833333334,660
142.5964925,43.43568777777778,658
142.59629388888888,43.435855,658
142.59613333333334,43.43608388888889,656
142.59601166666667,43.43633333333333,655
142.59570666666667,43.43697916666667,650
142.59540083333334,43.437625555555556,646
142.5951036111111,43.43827111111111,641
142.59492,43.438454444444446,639
142.5946152777778,43.438585833333335,637
142.59419527777777,43.43866722222222,635
142.59370722222224,43.43869333333333,633
142.5934175,43.43873333333333,632
142.59251055555555,43.4389925,627
142.59154138888888,43.4392625,622
142.59122027777778,43.439395,620
142.59099138888888,43.43957833333333,619
142.59082416666666,43.43983222222222,617
142.59040444444443,43.44047777777778,612
142.5900538888889,43.44088444444444,608
142.58977055555556,43.4410625,606
142.58957333333333,43.441139444444445,605
142.58860444444446,43.441495277777776,601
142.58839083333334,43.44165805555556,600
142.5883213888889,43.441876388888886,598
142.58833638888888,43.44229833333333,595
142.58835277777777,43.44294472222222,591
142.58842083333334,43.44356,590
142.5884663888889,43.443804166666666,589
142.58858027777777,43.444449722222224,586
142.58854222222223,43.44469388888889,585
142.58840555555557,43.444902222222225,583
142.58794777777777,43.44535583333333,582
142.5873063888889,43.44600111111111,580
142.5871925,43.44618444444444,580
142.5871772222222,43.44645916666666,580
142.5872836111111,43.44664138888889,580
142.58748222222223,43.44672805555555,580
142.58777194444446,43.446733611111114,580
142.58829833333334,43.446621666666665,575
142.58926722222222,43.446418055555554,568
142.58956555555557,43.44643333333333,566
142.58989305555556,43.446576388888886,560
142.59045722222223,43.447110277777774,562
142.5905647222222,43.44727722222222,564
142.5905647222222,43.44739972222222,565
142.5904952777778,43.44755277777778,564
142.59032805555555,43.44764388888889,564
142.5896336111111,43.447918333333334,559
142.5894047222222,43.44805083333333,558
142.58907694444446,43.44837638888889,558
142.58885555555557,43.448569444444445,558
142.58851944444444,43.44873222222222,558
142.58772638888888,43.448925277777775,556
142.5867575,43.44915944444445,555
142.58631472222223,43.449240833333334,550
142.58592638888888,43.44925055555556,549
142.5849575,43.449265833333335,546
142.58443027777778,43.449326666666664,546
142.58384333333333,43.44950027777778,544
142.58322583333333,43.449754166666665,540
142.5822572222222,43.45015083333333,535
142.58219527777777,43.45017583333333,535
142.5812263888889,43.45057305555556,530
142.58025722222223,43.450964722222224,525
142.57947166666668,43.45129027777778,521
142.57850305555556,43.45168611111111,516
142.57753416666668,43.452083333333334,511
142.57721388888888,43.452154722222225,510
142.5762452777778,43.45235777777778,506
142.57623777777778,43.45236305555556,506
142.5752686111111,43.45256611111111,502
142.57429972222224,43.45276972222222,498
142.5734525,43.45294777777778,495
142.57345138888888,43.45294777777778,495
142.57333111111112,43.45297277777778,494
142.5723622222222,43.453176666666664,490
142.57139305555555,43.45337972222222,486
142.57042444444446,43.453583611111114,482
142.56945555555555,43.453786111111114,478
142.56848638888889,43.45399027777778,474
142.56751777777777,43.45419305555556,470
142.5665488888889,43.454391666666666,467
142.56558,43.454590277777775,463
142.5652825,43.454701944444444,460
142.5650688888889,43.454864722222226,458
142.56503833333332,43.45489083333333,458
142.56437472222223,43.45553611111111,452
142.56371166666668,43.456181666666666,446
142.56342083333334,43.456365,444
142.56297916666668,43.456518055555556,443
142.56201027777777,43.45663,442
142.56152972222222,43.456685,441
142.56056083333334,43.4568075,439
142.55959194444443,43.45692916666667,436
142.55862333333334,43.457056111111115,433
142.55786055555555,43.45715805555555,431
142.55689138888889,43.457275277777775,427
142.55592277777777,43.4573925,424
142.5549538888889,43.45750944444445,421
142.553985,43.45762555555556,417
142.5530161111111,43.4577425,414
142.55204722222223,43.45786527777778,411
142.55107833333332,43.45798666666666,408
142.55010944444444,43.458109444444446,404
142.54934666666668,43.45820555555556,402
142.54849944444445,43.45823055555555,398
142.54753055555557,43.45820027777778,395
142.54656166666666,43.45816972222222,391
142.54559305555554,43.45813416666667,388
142.54462388888888,43.45809833333333,385
142.54396111111112,43.45807333333333,382
142.5429922222222,43.458083055555555,380
142.54282416666666,43.45808861111111,380
142.54185527777778,43.458194444444445,378
142.54088611111112,43.45830194444444,376
142.54073333333332,43.4583225,375
142.53976555555556,43.45840388888889,374
142.53967333333333,43.45841361111111,374
142.53920027777778,43.45836277777778,375
142.5382313888889,43.45818472222222,373
142.5372625,43.45800138888889,370
142.53654527777778,43.45786472222222,368
142.53557666666666,43.45773777777778,364
142.53460777777778,43.45760527777778,361
142.53376138888888,43.45748805555556,358
142.5327927777778,43.45738083333333,355
142.53182361111112,43.45726888888889,352
142.53085472222222,43.45715722222222,348
142.53052722222222,43.457116666666664,347
142.5300086111111,43.457055,346
142.52903972222222,43.45706027777778,342
142.52807083333335,43.45706583333333,338
142.52710194444444,43.45707111111111,335
142.52632305555557,43.45708111111111,332
142.5256447222222,43.45709611111111,331
142.52467611111112,43.45711138888889,329
142.5237072222222,43.457121111111114,327
142.52273833333334,43.45713194444444,325
142.52221972222222,43.45713638888889,327
142.52125083333334,43.457141388888886,331
142.52060194444445,43.45702416666666,330
142.5198088888889,43.45670416666667,331
142.5192436111111,43.45637861111111,331
142.51827472222223,43.455824444444445,331
142.51784083333334,43.455667222222225,329
142.51755111111112,43.455621666666666,326
142.51750444444446,43.45562555555556,326
142.51653583333334,43.45563638888889,321
142.51556666666667,43.455640833333334,316
142.51525416666667,43.4556875,315
142.5142852777778,43.455824166666666,311
142.51331638888888,43.455956666666665,307
142.51282833333335,43.45596638888889,305
142.5124625,43.45594138888889,307
142.51197444444443,43.455799166666665,305
142.51113444444445,43.45554972222222,304
142.5107536111111,43.45548361111111,299
142.51021111111112,43.45547361111111,297
142.5094486111111,43.45554972222222,293
142.5088538888889,43.45552472222222,288
142.50880083333334,43.45551916666667,288
142.50783194444443,43.455437777777774,286
142.50686277777777,43.45535638888889,284
142.50589416666668,43.455280277777774,282
142.50492527777777,43.45520333333333,280
142.50419277777777,43.455148055555554,279
142.5032238888889,43.45507638888889,278
142.502255,43.45500472222222,277
142.5012861111111,43.45493861111111,277
142.50031722222224,43.45487333333333,276
142.5001413888889,43.45484722222222,275
142.4991725,43.454715,272
142.4982036111111,43.454588055555554,269
142.49761666666666,43.4545825,266
142.49721194444444,43.45460333333333,267
142.49652527777778,43.45472027777778,268
142.49619,43.45479638888889,267
142.4959511111111,43.45487222222222,267
142.49595,43.45487333333333,267
142.49582416666667,43.45491361111111,267
142.49507555555556,43.455147777777775,266
142.49448083333334,43.45532027777778,263
142.49351222222222,43.45559472222222,260
142.49266583333332,43.45582916666667,255
142.49178055555555,43.456088333333334,252
142.49150583333332,43.45616444444445,251
142.49053694444444,43.45641361111111,249
142.49021694444446,43.45647972222222,248
142.48990333333333,43.45652,247
142.48933888888888,43.45654611111111,245
142.48911777777778,43.45654611111111,245
142.4889038888889,43.456540555555556,244
142.48821722222223,43.45642888888889,243
142.4878061111111,43.456337777777776,243
142.48683722222222,43.45613916666667,243
142.48638694444443,43.45607305555556,241
142.48615027777777,43.45603722222222,241
142.48590611111112,43.45603166666667,240
142.48546333333334,43.45607305555556,240
142.48524194444445,43.456113055555555,239
142.48489916666668,43.456215,238
142.48393055555556,43.456673055555555,235
142.48373944444444,43.456764166666666,235
142.48321333333334,43.457013333333336,233
142.48299944444443,43.45711527777778,233
142.48268694444445,43.4572575,232
142.4823886111111,43.45739527777778,231
142.48215305555556,43.45750722222222,230
142.4812525,43.457929166666666,228
142.4802836111111,43.45834583333333,227
142.48026833333333,43.458355555555556,227
142.47962722222223,43.45865583333333,226
142.47951305555554,43.458712222222225,226
142.47884916666666,43.459022777777776,225
142.47866583333334,43.459113888888886,224
142.47833833333334,43.45925583333333,223
142.47775027777777,43.45953055555555,222
142.4771252777778,43.459810555555556,221
142.47644583333334,43.460145555555556,220
142.47547694444444,43.460614166666666,218
142.47450805555556,43.461081944444445,216
142.47447777777776,43.46109694444444,216
142.47435611111112,43.46115777777778,216
142.47338722222221,43.46160583333333,214
142.47324944444443,43.46166138888889,214
142.47263222222222,43.46196166666667,214
142.47257805555554,43.46198638888889,214
142.47250194444445,43.46198638888889,214
142.47204416666668,43.46194638888889,214
142.47107527777777,43.461865,213
142.4701061111111,43.46178916666667,212
142.46949194444446,43.461733611111114,212
142.46949083333334,43.461733611111114,212
142.46941944444444,43.46172722222222,212
142.46905361111112,43.46169694444445,211
142.4686188888889,43.46166111111111,211
142.46770305555555,43.46159472222222,210
142.46682638888888,43.46152861111111,209
142.4659561111111,43.46145277777778,208
142.46533888888888,43.461421944444446,206
142.4649038888889,43.46138611111111,206
142.46472805555555,43.46134611111111,205
142.4644763888889,43.46123861111111,205
142.4637136111111,43.46088805555556,203
142.4634388888889,43.46080138888889,203
142.46322527777778,43.460771111111114,202
142.46301916666667,43.46075583333333,202
142.4627825,43.46074611111111,202
142.46253083333335,43.46076111111111,204
142.46225638888887,43.46082194444445,205
142.46190611111112,43.46093916666667,207
142.46177583333332,43.46100527777778,208
142.46095222222223,43.461463333333334,211
142.46069305555557,43.46160527777778,211
142.46037944444444,43.46172694444444,212
142.46015027777779,43.46178888888889,212
142.45996805555555,43.46180388888889,212
142.4593952777778,43.46179277777778,212
142.45842611111112,43.46178305555556,215
142.45828194444445,43.4617775,215
142.45759527777778,43.46176777777778,218
142.45775583333332,43.461421666666666,216
142.4579361111111,43.46103111111111,214
142.4579361111111,43.46103,214
142.45805333333334,43.46077638888889,212
142.45823666666666,43.460409722222224,211
142.45855666666668,43.45976388888889,208
142.45887694444446,43.459118333333336,206
142.45918944444443,43.45847194444445,204
142.45950277777777,43.45782638888889,201
142.4597925,43.45723611111111,200
142.4598761111111,43.45706361111111,200
142.4598988888889,43.45702222222222,200
142.4602125,43.45637694444444,202
142.4605175,43.455731388888886,203
142.46083,43.455084722222225,204
142.4611425,43.45443916666667,205
142.46140277777778,43.45393055555556,206
142.4616925,43.45328472222222,206
142.46181416666667,43.45303527777778,206
142.46211888888888,43.45238972222222,207
142.46234027777777,43.45193166666667,207
142.46267666666665,43.45128638888889,208
142.46278305555555,43.45108777777778,208
142.46302722222222,43.450584444444445,208
142.46333972222223,43.44993861111111,208
142.4636152777778,43.449328055555554,208
142.46365333333333,43.44920666666667,208
142.46374444444444,43.44887027777778,208
142.46376722222223,43.4486825,208
142.4637825,43.44839722222222,209
142.46376722222223,43.44813777777778,209
142.46374444444444,43.44798055555555,208
142.4635686111111,43.44742055555555,207
142.46351555555555,43.44723833333333,207
142.46340194444446,43.44700388888889,207
142.4632413888889,43.44672416666667,206
142.46269222222222,43.44607861111111,205
142.4626075,43.44598194444445,205
142.46204333333333,43.44533527777778,205
142.4619675,43.44525388888889,205
142.46138694444446,43.444608333333335,205
142.46080777777777,43.44396277777778,205
142.4606938888889,43.44384,205
142.4604647222222,43.44358611111111,204
142.45989944444443,43.44294083333333,203
142.45933527777777,43.44229416666667,201
142.4587788888889,43.44164861111111,200
142.45872583333335,43.44159222222222,200
142.45815277777777,43.44094638888889,199
142.45758111111112,43.44030083333333,199
142.45701666666668,43.439655277777774,198
142.4564288888889,43.439008888888885,198
142.45584194444444,43.438363333333335,198
142.45525388888888,43.4377175,197
142.45466666666667,43.43707083333334,197
142.45408,43.43642527777778,196
142.45349194444444,43.43578,196
142.45335527777777,43.4356325,195
142.4532325,43.4355,195
142.45315666666667,43.435407777777776,195
142.4525913888889,43.434762222222226,195
142.45202722222223,43.43411666666667,194
142.45145555555555,43.43347083333333,193
142.4508825,43.43282416666667,192
142.45031083333333,43.43217888888889,192
142.44980527777778,43.43160805555556,191
142.44980527777778,43.43160722222222,191
142.4497388888889,43.431533333333334,191
142.44969333333333,43.43148222222222,191
142.4495327777778,43.43131416666667,191
142.44924333333333,43.43098861111111,190
142.44867055555557,43.430343055555554,190
142.4480986111111,43.429696388888885,189
142.44752666666668,43.429050555555555,189
142.44696166666665,43.42840527777778,189
142.4463975,43.42775861111111,188
142.44583333333333,43.42711305555556,188
142.44526805555554,43.4264675,188
142.44470388888888,43.425821666666664,187
142.44413972222222,43.425175277777775,187
142.44357444444444,43.424529722222225,186
142.44301027777777,43.42388416666667,186
142.44244583333332,43.4232375,186
142.4421336111111,43.422892222222224,185
142.44207944444443,43.422826111111114,185
142.4419352777778,43.422667777777775,185
142.4413622222222,43.422022222222225,185
142.44079805555555,43.42137666666667,185
142.44023388888888,43.42073,185
142.43993666666665,43.42040027777778,185
142.4393713888889,43.41975361111111,185
142.4388072222222,43.419107777777775,185
142.43845666666667,43.41874222222222,185
142.43835694444445,43.41863472222222,185
142.43781583333333,43.417989444444444,184
142.43726666666666,43.417342777777776,184
142.4367163888889,43.416697222222226,184
142.4361675,43.41605166666667,183
142.43561861111112,43.41540583333333,183
142.4350697222222,43.41475916666667,183
142.43479527777777,43.41443944444445,183
142.43474083333334,43.414383055555554,183
142.43419194444445,43.4137375,183
142.43364277777778,43.413091666666666,183
142.43336083333332,43.412842222222224,183
142.43313194444445,43.4127,182
142.43279555555554,43.41255777777778,182
142.43239194444445,43.412399444444446,182
142.4319113888889,43.412308333333335,182
142.43160527777778,43.412303055555554,182
142.4306363888889,43.4122975,181
142.4296688888889,43.4122975,180
142.42935527777777,43.41225722222222,181
142.42892,43.41216611111111,182
142.4285088888889,43.41203388888889,182
142.42823416666667,43.411880833333335,183
142.4279825,43.41166694444444,182
142.4278522222222,43.411519444444444,182
142.42731083333334,43.41087388888889,182
142.427235,43.4107925,182
142.42670027777777,43.41014694444444,182
142.4265863888889,43.41001444444444,182
142.42651805555556,43.40994277777778,182
142.4262425,43.40962833333333,183
142.42569333333333,43.40898166666667,183
142.42564777777778,43.40892638888889,183
142.4250686111111,43.40829055555555,184
142.42500666666666,43.40822444444444,184
142.4248625,43.408050833333334,184
142.42461083333333,43.40777194444444,184
142.42403777777778,43.40712527777778,184
142.42345833333334,43.40647972222222,185
142.42318416666666,43.406174722222225,186
142.42312333333334,43.40609777777778,186
142.42292472222223,43.40586444444445,186
142.4223986111111,43.40521777777778,185
142.42212388888888,43.40489777777778,185
142.42158138888888,43.40425222222222,186
142.42133,43.40397222222222,185
142.42077333333333,43.403326666666665,184
142.42147555555556,43.402990277777775,183
142.42238361111112,43.402543333333334,182
142.42289472222222,43.40228388888889,181
142.42347416666667,43.402009722222225,180
142.4239625,43.40177527777778,180
142.42428222222222,43.401627777777776,178
142.42470972222222,43.40143472222222,178
142.42506138888888,43.40126638888889,180
142.42582416666667,43.40093111111111,180
142.42593055555557,43.40088027777778,180
142.42689944444444,43.40042805555556,180
142.42751027777777,43.40013277777778,180
142.42753305555556,43.4001175,179
142.42850194444443,43.399675,179
142.4294711111111,43.399232222222224,179
142.43040194444444,43.398785555555556,179
142.43136972222223,43.3983275,179
142.43178944444443,43.39812361111111,179
142.4327586111111,43.39766138888889,178
142.43323166666667,43.39743222222222,179
142.43420055555555,43.396965,179
142.43516944444445,43.396501666666666,180
142.43613861111112,43.396054722222225,180
142.4366875,43.39579972222222,180
142.43765638888888,43.395341944444446,180
142.43818277777777,43.39509361111111,180
142.43858,43.39490472222222,180
142.43954861111112,43.39445777777778,180
142.44007472222222,43.39420833333333,179
142.44104388888888,43.393750555555556,179
142.44134111111111,43.39360833333333,178
142.44231,43.39315027777778,177
142.44279833333334,43.39291611111111,177
142.44376722222222,43.39246388888889,177
142.44473638888888,43.39201138888889,177
142.4457052777778,43.39155888888889,177
142.44667388888888,43.39111111111111,177
142.4471925,43.3908625,177
142.44816166666666,43.39040472222222,177
142.44905472222223,43.38997722222222,177
142.4500236111111,43.389514166666665,177
142.4509925,43.38905194444445,177
142.4515111111111,43.388802222222225,177
142.45248027777777,43.38834444444444,177
142.4529761111111,43.38811111111111,177
142.45394472222222,43.38766861111111,177
142.45437972222223,43.38747,177
142.4553261111111,43.387032777777776,177
142.456295,43.386584722222224,177
142.45675944444446,43.38637194444444,177
142.45731722222223,43.3861075,177
142.4582861111111,43.38565944444444,177
142.45876666666666,43.38543583333333,178
142.45973583333333,43.38498888888889,178
142.46054388888888,43.38460138888889,178
142.46151277777778,43.38414916666667,178
142.46248166666666,43.383696666666665,178
142.46300055555557,43.3834525,178
142.46396944444444,43.383004444444445,178
142.46405305555555,43.38296444444445,178
142.46502194444443,43.382506666666664,179
142.46594305555556,43.38207166666667,179
142.46594194444444,43.38207166666667,179
142.46599083333334,43.38204888888889,179
142.4669597222222,43.381590833333334,180
142.46792861111112,43.38113305555556,180
142.4688975,43.38068083333334,180
142.4698663888889,43.380228333333335,181
142.47043944444445,43.380873888888885,182
142.47101083333334,43.381520555555554,184
142.47132333333334,43.38187083333333,185
142.47188777777777,43.38251638888889,186
142.47245305555555,43.383163333333336,187
142.47301694444445,43.383808888888886,188
142.47353555555554,43.38439361111111,189
142.47450472222224,43.38394111111111,193
142.4754736111111,43.38348861111111,198
142.4764425,43.38303611111111,203
142.4774113888889,43.38258305555556,207
142.47838055555556,43.38212611111111,212
142.47915833333334,43.38175388888889,215
142.4793036111111,43.38171388888889,216
142.47954777777778,43.38168777777778,217
142.48029527777777,43.38166277777778,220
142.48126416666668,43.381703055555555,222
142.48223333333334,43.38174444444444,225
142.48320222222222,43.38178472222222,227
142.48417083333334,43.38183138888889,230
142.48514,43.38187694444444,232
142.48610888888888,43.3819225,235
142.48639111111112,43.3819375,236
142.48709305555556,43.38183138888889,237
142.4874663888889,43.38179,240
142.488435,43.381765,244
142.4894038888889,43.38173916666667,247
142.49036527777778,43.38171416666667,251
142.49077777777777,43.381703333333334,252
142.4911661111111,43.381769444444444,253
142.4919225,43.38201361111111,254
142.49209694444446,43.38205472222222,254
142.49247111111112,43.382095,257
142.49285972222222,43.382105833333334,258
142.4938286111111,43.38193777777778,263
142.49409555555556,43.381886944444446,264
142.49455333333333,43.381886944444446,264
142.4955225,43.38192277777778,269
142.49619416666667,43.381947777777775,272
142.4971627777778,43.382060555555555,275
142.49813166666667,43.38217222222222,278
142.49856666666668,43.382223333333336,279
142.49953583333334,43.38227861111111,285
142.50018333333333,43.38231972222222,289
142.50115222222223,43.38234472222222,291
142.5021211111111,43.382375277777776,293
142.50215916666667,43.38238055555556,293
142.50312805555555,43.38238055555556,296
142.5040972222222,43.38238611111111,299
142.50438,43.38239027777778,300
142.50457,43.38237111111111,300
142.50553888888888,43.38229416666667,304
142.5059361111111,43.38227333333333,306
142.506905,43.38223888888889,313
142.50694305555555,43.382243055555556,313
142.50791194444446,43.38226916666667,315
142.50888055555555,43.382289722222225,317
142.50930805555555,43.38233,319
142.51027722222221,43.382421111111114,321
142.5108261111111,43.38258916666667,324
142.51179472222222,43.38287888888889,330
142.51276388888888,43.38316861111111,335
142.5137327777778,43.38345388888889,341
142.51470138888888,43.383764444444445,344
142.51502916666666,43.38387055555555,345
142.51581472222222,43.383987777777776,351
142.51678361111112,43.384059444444446,355
142.5177525,43.38413,359
142.51872138888888,43.38420694444444,363
142.51939305555555,43.3842625,366
142.52036194444443,43.3842475,368
142.5208047222222,43.38423777777778,369
142.52177333333333,43.38418138888889,375
142.5227425,43.384120555555555,380
142.5237113888889,43.384059722222226,385
142.524115,43.384029444444444,387
142.52438194444446,43.38401416666667,388
142.52535055555555,43.38397305555556,391
142.52608305555555,43.3841,395
142.52705194444445,43.384258333333335,400
142.52802083333333,43.384415555555556,406
142.52898972222224,43.384573055555556,411
142.5299586111111,43.38473138888889,416
142.5309275,43.38488916666667,421
142.530945,43.384838055555555,421
</coordinates>
</LineString>
</Placemark>
</Document>
</kml>
