<?xml version="1.0" encoding="UTF-8"?>
<kml xmlns="http://www.opengis.net/kml/2.2" xmlns:atom="http://www.w3.org/2005/Atom">
<Document>
<name>夏合宿7日目</name>
<atom:author>
<atom:name>早稲田大学サイクリングクラブ（WCC）</atom:name>
</atom:author> 
<atom:link href="https://latlonglab.yahoo.co.jp/route/watch?id=4a22da447a8105b273675d17b3df6645" />
<description><![CDATA[]]></description>
<tags><![CDATA[]]></tags>  
<Placemark>
<Style>
<LineStyle>
<color>99ff0000</color>
<width>6</width>
</LineStyle>
</Style>
<LineString>
<coordinates>
142.8086975,43.16483361111111,391
142.80851722222224,43.164658055555556,388
142.80817472222222,43.16404694444444,384
142.8090675,43.16365666666667,384
142.8094863888889,43.16349833333334,382
142.81045527777778,43.163136944444446,377
142.81142416666665,43.162776666666666,372
142.81239333333335,43.16242,367
142.81336222222222,43.16206416666667,362
142.8140486111111,43.161815555555556,360
142.814895,43.161520555555555,355
142.81586416666667,43.161189444444446,350
142.81601694444444,43.16114388888889,349
142.8169861111111,43.16086416666667,345
142.81740583333334,43.16080888888889,343
142.81837472222222,43.160691666666665,340
142.81909944444445,43.16072222222222,336
142.8198622222222,43.16077305555556,336
142.82083111111112,43.16095111111111,329
142.82165444444445,43.16110833333333,323
142.82240222222222,43.16113444444444,321
142.8230511111111,43.16108333333333,322
142.82376055555557,43.16090972222222,318
142.82446277777777,43.16066611111111,314
142.82526333333334,43.16032527777778,314
142.82591222222223,43.15990861111111,307
142.82638527777777,43.159460555555555,302
142.82683472222223,43.158815,302
142.8268888888889,43.15873916666666,302
142.82710166666666,43.15831722222222,299
142.82725444444443,43.157935277777774,295
142.82822333333334,43.15745666666667,294
142.82919222222222,43.156979444444445,293
142.83016111111112,43.15649666666667,292
142.83066472222222,43.156241666666666,291
142.8316336111111,43.155768888888886,291
142.83191583333334,43.15562666666667,291
142.832175,43.15556055555555,291
142.8329997222222,43.15560166666667,290
142.8335788888889,43.15575916666667,288
142.83376222222222,43.1559575,285
142.8338611111111,43.15631777777778,286
142.83387611111112,43.15696416666667,283
142.83389888888888,43.15761,281
142.83392166666667,43.158255555555556,278
142.83392944444444,43.15841833333333,277
142.83401388888888,43.15881527777778,268
142.83416583333334,43.1592525,268
142.83447916666665,43.15989805555556,265
142.83472333333333,43.1604025,264
142.83492944444444,43.160585,257
142.8351888888889,43.1607075,255
142.83565444444446,43.16070194444445,253
142.83662222222222,43.16049916666667,251
142.83669166666667,43.16048388888889,251
142.8376602777778,43.16028527777778,250
142.83841333333334,43.160131666666665,249
142.83841666666666,43.160130555555554,249
142.83862944444445,43.160087222222224,249
142.8394225,43.15991888888889,248
142.84010166666667,43.15974083333333,246
142.8402763888889,43.15969,245
142.84033833333334,43.15964972222222,244
142.840475,43.1595325,244
142.84057472222221,43.15946638888889,245
142.84068888888888,43.15940027777778,245
142.84086444444443,43.159283055555555,247
142.84167305555556,43.15863777777778,251
142.84190944444444,43.15845,252
142.8420397222222,43.15822527777778,251
142.84208527777778,43.15757972222222,258
142.84211555555555,43.157275,261
142.84235222222222,43.15676611111111,261
142.8429238888889,43.156217222222224,271
142.84339722222222,43.15587638888889,274
142.84378666666666,43.155789722222224,276
142.84421416666666,43.15582,279
142.84468722222223,43.15601861111111,284
142.84521361111112,43.15635944444445,286
142.84560166666665,43.15664916666667,289
142.84574722222223,43.156725,290
142.84602166666667,43.15676638888889,289
142.8467161111111,43.156725,291
142.8470438888889,43.1567,291
142.84801277777777,43.15663388888889,290
142.84898166666667,43.15656777777778,290
142.84995027777776,43.156506944444445,289
142.8505375,43.156618611111114,287
142.85083583333332,43.1568325,284
142.8517125,43.15747805555556,275
142.85213972222223,43.15767666666667,273
142.85276583333334,43.15776777777778,270
142.853315,43.15773305555555,269
142.85377277777778,43.15758972222222,263
142.85423833333334,43.15727527777778,264
142.85467222222223,43.15679138888889,262
142.85472666666666,43.15664388888889,259
142.85486333333333,43.15625333333333,257
142.85509972222223,43.15595805555556,256
142.85552722222224,43.15585083333333,252
142.8558397222222,43.15586166666667,253
142.85680888888888,43.155876666666664,255
142.857435,43.15579,261
142.85770944444445,43.15561777777778,264
142.85791555555556,43.15533222222222,265
142.85799166666666,43.15499166666667,267
142.85812944444444,43.15434611111111,269
142.8582586111111,43.15369944444444,272
142.8584647222222,43.15335861111111,273
142.85872388888887,43.15313527777778,276
142.85907444444445,43.1529825,283
142.85913638888888,43.1529725,283
142.8601052777778,43.15286638888889,287
142.86107388888888,43.15275888888889,292
142.86150027777776,43.15264166666667,292
142.8618138888889,43.15241805555556,294
142.8623175,43.15188416666667,295
142.86291194444445,43.15123888888889,297
142.86350777777778,43.15059222222222,298
142.8641025,43.149946666666665,300
142.86469694444443,43.14930138888889,301
142.86481194444445,43.14904638888889,301
142.86485,43.148695833333335,302
142.8649725,43.14846694444444,303
142.8651625,43.148268333333334,303
142.86575055555556,43.148161944444446,304
142.86671944444444,43.148044722222224,300
142.8676886111111,43.14792777777778,296
142.8686575,43.14780638888889,292
142.8696261111111,43.14768361111111,288
142.87059527777777,43.14756222222222,284
142.87117472222224,43.147485277777776,282
142.87123527777777,43.14747527777778,282
142.87220444444444,43.14701194444444,274
142.87317333333334,43.14655,267
142.87414194444443,43.1460825,260
142.87454666666667,43.14588388888889,256
142.87551555555555,43.145426388888886,250
142.8759963888889,43.14519722222222,247
142.87696527777777,43.14479027777778,242
142.87793416666668,43.144378055555556,237
142.87890333333334,43.14396722222222,233
142.87987194444443,43.14355472222222,228
142.8802225,43.14340166666667,226
142.88119138888888,43.142995,222
142.88186305555556,43.14271055555555,219
142.88283194444443,43.14230388888889,217
142.8838011111111,43.141891666666666,215
142.88442583333332,43.1416225,214
142.88539472222223,43.14144916666667,212
142.8863636111111,43.14127138888889,211
142.8873325,43.14109333333333,209
142.88830166666668,43.14091527777778,207
142.88882,43.14081888888889,207
142.88952194444445,43.14065611111111,206
142.89049083333333,43.140437222222225,206
142.89146,43.14021916666667,206
142.8924288888889,43.140005277777774,205
142.8933975,43.13979138888889,205
142.89436666666666,43.13957805555555,205
142.89533555555556,43.13936416666667,205
142.8954113888889,43.1395325,204
142.8956861111111,43.14017805555556,204
142.89596138888888,43.14082444444445,204
142.89623583333332,43.14147,204
142.89651027777776,43.142115833333335,203
142.89677722222223,43.1427625,203
142.8970438888889,43.143407777777774,203
142.89731083333334,43.14405333333333,203
142.89735638888888,43.14418027777778,203
142.89740972222222,43.14429333333333,203
142.89768527777778,43.14493888888889,204
142.89795972222223,43.145584444444445,205
142.89823416666667,43.14623,206
142.8985086111111,43.14687638888889,207
142.89878305555555,43.14752194444444,208
142.8990575,43.14816777777778,209
142.89932444444443,43.14881444444445,210
142.89943944444445,43.14907361111111,210
142.8997136111111,43.149719166666664,211
142.89998833333334,43.15036472222222,211
142.90026277777778,43.15101138888889,212
142.90053722222223,43.15165694444445,212
142.90064694444445,43.151915277777775,212
142.90064694444445,43.151914166666664,212
142.90081166666667,43.1523025,213
142.90107944444443,43.152949166666666,213
142.9013463888889,43.15359472222222,213
142.90146055555556,43.15384861111111,214
142.901735,43.15449527777778,214
142.90200916666666,43.155140833333334,215
142.9022836111111,43.15578611111111,216
142.90255944444445,43.15643305555555,217
142.9028338888889,43.15707861111111,217
142.90310083333333,43.15772416666667,218
142.9033675,43.158370833333336,219
142.90364194444444,43.159016111111114,219
142.9039163888889,43.159661944444444,219
142.90419111111112,43.1603075,219
142.90446555555556,43.16095416666667,219
142.90474083333334,43.16159972222222,220
142.90502305555555,43.162245,220
142.905305,43.16289166666667,220
142.90539611111112,43.1631,220
142.90566305555555,43.16374583333333,220
142.9059375,43.1643925,220
142.90610555555557,43.16477861111111,220
142.90623583333334,43.16508361111111,219
142.90628138888889,43.165174444444446,219
142.90654833333335,43.165821111111114,215
142.90681527777778,43.166466944444444,212
142.90708222222221,43.1671125,208
142.90725777777777,43.16737722222222,207
142.90750944444446,43.16763638888889,205
142.90779138888888,43.16781,203
142.90848583333334,43.168170277777776,205
142.9089438888889,43.168374444444446,208
142.90980527777776,43.16849583333333,214
142.91037055555555,43.16860777777778,215
142.9108813888889,43.16881166666667,215
142.9112927777778,43.16915222222222,217
142.9125286111111,43.17017444444444,217
142.91314694444443,43.17066833333333,217
142.91370361111112,43.171085,217
142.91449666666668,43.17154277777778,215
142.91478,43.17172611111111,212
142.91519083333333,43.171995277777775,208
142.9169075,43.17308333333333,216
142.91731972222223,43.173251388888886,217
142.91826555555556,43.173561944444444,217
142.91855527777778,43.17373444444444,217
142.9186161111111,43.17389277777778,217
142.91898277777779,43.17459916666667,224
142.92002,43.17601833333333,222
142.9201197222222,43.17630805555556,221
142.92027916666666,43.17826083333333,222
142.92029444444444,43.17870361111111,222
142.9207827777778,43.179385,221
142.92111888888888,43.17971055555556,221
142.92161472222222,43.18010777777778,220
142.92244583333334,43.18073277777778,221
142.92314027777778,43.18119055555555,221
142.92362083333333,43.181449722222226,221
142.92397111111111,43.181557222222224,220
142.92434555555556,43.181669166666666,220
142.92517666666666,43.18183194444445,223
142.92542083333333,43.18191861111111,223
142.92564222222222,43.18206083333333,221
142.9258025,43.182295,222
142.92595444444444,43.18252833333333,222
142.92601638888888,43.18266611111111,223
142.92609222222222,43.18292,224
142.92640472222223,43.182874444444444,219
142.9273736111111,43.18273694444444,219
142.92742694444445,43.18272722222222,219
142.92784666666665,43.182625,221
142.92881555555556,43.182401666666664,226
142.92906722222222,43.18225944444445,226
142.92936444444445,43.18191861111111,229
142.92937972222222,43.18169944444445,231
142.92937972222222,43.181603055555556,232
142.92933444444444,43.18098777777778,237
142.9292888888889,43.1803425,242
142.92924333333335,43.179695833333334,248
142.92920527777778,43.17905,253
142.92922055555556,43.17870388888889,252
142.9295177777778,43.17827638888889,261
142.92995277777777,43.17798694444444,261
142.93027305555555,43.177844722222225,264
142.93124194444445,43.1774325,270
142.93143305555554,43.177300277777775,273
142.93141777777777,43.17711777777778,272
142.93124194444445,43.17700055555556,276
142.9309675,43.176944166666665,279
142.9302425,43.17720888888889,287
142.9300061111111,43.17724472222222,286
142.9295786111111,43.17715805555556,283
142.92879333333335,43.176944166666665,288
142.9285338888889,43.177015833333336,298
142.92825194444444,43.17719388888889,301
142.92764083333333,43.177575555555556,302
142.9271525,43.177640555555556,300
142.9267338888889,43.177615555555555,303
142.9262911111111,43.17745277777778,307
142.92591666666667,43.17723361111111,305
142.92554361111112,43.17690388888889,308
142.92539083333332,43.176582777777774,311
142.92539083333332,43.17626833333333,312
142.92560444444445,43.17600888888889,314
142.92591694444445,43.17591222222222,317
142.9267186111111,43.17565305555556,321
142.9276875,43.17534694444444,326
142.92865555555557,43.175042222222224,331
142.92898416666668,43.17490027777778,337
142.92941944444445,43.17453361111111,337
142.92954083333333,43.17421888888889,340
142.92971666666668,43.17402555555555,342
142.93001388888888,43.17389333333333,344
142.93098305555554,43.173475555555555,350
142.93195166666666,43.17303861111111,356
142.9327675,43.1726675,360
142.93300416666668,43.172627222222225,362
142.93334055555556,43.172652222222226,363
142.93359222222222,43.172779166666665,364
142.9344311111111,43.173252222222224,368
142.9346675,43.17330333333334,369
142.93517833333334,43.173278333333336,370
142.93614722222222,43.17310027777778,369
142.93711638888888,43.17292138888889,369
142.9380852777778,43.17274361111111,368
142.93905388888888,43.17256583333333,368
142.94002277777778,43.172383333333336,367
142.94079333333335,43.17223583333333,367
142.94176194444444,43.17206222222222,367
142.94273083333334,43.17189,368
142.9437,43.1717175,368
142.94466888888888,43.17153833333333,369
142.9456375,43.17136055555556,369
142.94660666666667,43.1711825,369
142.94727833333334,43.171055555555554,370
142.94749944444445,43.17170111111111,372
142.94772055555555,43.17234777777778,374
142.94794083333332,43.17299361111111,376
142.9481622222222,43.17363916666667,378
142.9483911111111,43.17428555555556,380
142.9486202777778,43.174931111111114,382
142.94884888888888,43.175576666666664,384
142.9489638888889,43.1758925,385
142.94993277777778,43.175714722222224,385
142.95086916666668,43.17554305555556,384
142.95086805555556,43.17554305555556,384
142.95090166666665,43.175536666666666,384
142.95187055555556,43.175353333333334,384
142.95283944444444,43.17517027777778,384
142.95338083333334,43.175063888888886,383
142.95434972222222,43.17488055555555,382
142.95531861111112,43.17469277777778,381
142.9562875,43.174503888888886,381
142.95725638888888,43.17431638888889,380
142.95822555555554,43.17412777777778,379
142.95919416666666,43.17394,378
142.96016305555557,43.17375222222222,377
142.96113194444445,43.17356361111111,376
142.9619936111111,43.17339527777778,375
142.96296222222222,43.17323277777778,374
142.9629775,43.173228333333334,374
142.96370222222222,43.17310583333333,373
142.96428944444443,43.17312638888889,372
142.96525833333334,43.173187222222225,369
142.96622694444446,43.173248055555554,366
142.96719583333334,43.173314166666664,363
142.96737944444445,43.17332944444444,363
142.96834833333332,43.173314166666664,362
142.968715,43.17330444444445,361
142.96917916666666,43.17326861111111,358
142.96945472222222,43.17324388888889,360
142.96992777777777,43.1731875,359
142.97027833333334,43.17312666666667,360
142.97066777777778,43.173070277777775,358
142.9711411111111,43.17296388888889,358
142.9718038888889,43.17278611111111,352
142.9720786111111,43.17270472222222,349
142.97243,43.1725875,348
142.97281083333334,43.172445277777776,349
142.97367333333332,43.17206916666667,341
142.97426027777777,43.17184555555556,339
142.9746497222222,43.17167194444445,339
142.97512305555554,43.17146916666667,331
142.97558833333332,43.17127055555556,332
142.97609944444446,43.171098055555554,330
142.97661055555557,43.17092972222222,328
142.9773125,43.17073138888889,319
142.9780525,43.17055361111111,320
142.97867722222222,43.17047222222222,317
142.9792275,43.17042111111111,313
142.980165,43.170355,308
142.98113388888888,43.170299722222225,308
142.98115027777777,43.170294166666665,308
142.98181305555556,43.170273611111114,302
142.98224027777778,43.170273611111114,296
142.98278944444445,43.170273888888886,297
142.982935,43.170273888888886,297
142.98390388888888,43.170254444444446,295
142.9844225,43.17023805555556,294
142.98475027777778,43.170254444444446,296
142.98521555555556,43.170273888888886,299
142.9855975,43.170294444444444,300
142.98584166666666,43.17033027777778,300
142.98604,43.170411666666666,300
142.9862222222222,43.17052888888889,300
142.98670305555555,43.170986666666664,300
142.98732916666665,43.17158666666667,300
142.98767194444446,43.1719525,300
142.98787805555557,43.172105555555554,301
142.9881525,43.17221166666667,301
142.988465,43.1722725,301
142.98913666666667,43.17230388888889,301
142.99010555555554,43.172109722222224,303
142.99107444444445,43.171912222222225,305
142.99150194444445,43.17182,306
142.9916386111111,43.17178416666667,306
142.99260777777778,43.17156611111111,306
142.9935763888889,43.17135277777778,306
142.9942252777778,43.17123111111111,306
142.99519416666666,43.17105222222222,306
142.99616333333333,43.170879722222224,306
142.99713222222223,43.170701666666666,307
142.99810083333332,43.17052388888889,307
142.99906972222223,43.17034611111111,308
143.0000388888889,43.17016805555556,309
143.00100777777777,43.16999,310
143.00197666666668,43.16981222222222,310
143.00294555555556,43.16963444444445,311
143.00391444444443,43.16945111111111,312
143.00476083333334,43.169288333333334,312
143.00498194444444,43.16993388888889,313
143.00520333333333,43.17058027777778,314
143.00542472222222,43.17122611111111,314
143.00565333333333,43.17187166666667,315
143.0058825,43.172517222222226,316
143.00611138888888,43.17316388888889,316
143.00634027777778,43.173809166666665,317
143.00647694444444,43.174195555555556,318
143.00669833333333,43.174842222222225,319
143.00691944444443,43.175487777777775,320
143.00714833333333,43.17613333333333,322
143.0073775,43.17678,323
143.0076063888889,43.17742555555556,325
143.0078352777778,43.17807111111111,326
143.0080638888889,43.17871777777778,327
143.0081475,43.178935555555555,328
143.00833833333334,43.179026944444445,328
143.0093075,43.179475,330
143.01027638888888,43.179921944444445,332
143.011245,43.18036472222222,334
143.01158805555556,43.180523055555554,335
143.01255694444444,43.18096055555556,336
143.01352583333335,43.181397777777775,338
143.014495,43.181829444444446,339
143.0154636111111,43.1822625,340
143.0164325,43.182694444444444,342
143.0169361111111,43.182923333333335,342
143.017905,43.18335638888889,344
143.0188736111111,43.18378805555555,345
143.0198425,43.18422,347
143.02078111111112,43.18463444444444,348
143.02077888888888,43.18463333333333,348
143.02081166666667,43.1846475,348
143.02178055555555,43.185074722222225,349
143.02274916666667,43.18550222222222,351
143.02371833333333,43.18592861111111,352
143.0246872222222,43.18635611111111,354
143.02477083333332,43.1863975,353
143.02573972222223,43.186214166666666,355
143.02670833333335,43.186030833333334,357
143.02767722222222,43.1858475,358
143.0286463888889,43.18566527777778,360
143.02961527777776,43.18548194444445,362
143.03058416666667,43.18529861111111,364
143.031385,43.18514666666667,365
143.03164444444445,43.18506527777778,365
143.03177444444444,43.18498805555556,365
143.0318352777778,43.184963333333336,365
143.03198833333335,43.18482138888889,364
143.03213277777778,43.18458694444445,363
143.0324688888889,43.18467805555556,362
143.0328725,43.18472916666666,361
143.03323166666667,43.18474,360
143.03362,43.18470416666667,359
143.0340322222222,43.18465305555556,358
143.0350013888889,43.18447944444444,357
143.03597027777778,43.184306944444444,357
143.03693916666666,43.184134444444446,356
143.03790805555556,43.183956944444446,355
143.03810638888888,43.18391555555556,355
143.03896055555555,43.18373777777778,355
143.03992944444445,43.18353916666667,354
143.04089833333333,43.18334055555555,353
143.0418672222222,43.183143055555554,353
143.04256055555555,43.18300555555555,352
143.04255972222222,43.18300555555555,352
143.0428363888889,43.18295027777778,352
143.043805,43.18275583333333,352
143.0447738888889,43.182562777777775,351
143.04515583333333,43.18248694444444,350
143.04612472222223,43.18229361111111,349
143.0470938888889,43.18210055555556,348
143.04806277777777,43.18190777777778,347
143.0490313888889,43.181713611111114,345
143.05000055555556,43.18154083333334,345
143.05096944444443,43.18136833333333,344
143.05193722222222,43.18119472222222,344
143.0521738888889,43.181149166666664,343
143.05305166666668,43.18098138888889,343
143.05402027777777,43.18080333333333,343
143.05498944444443,43.18062555555556,343
143.05595833333334,43.1804475,343
143.0569272222222,43.18026944444444,343
143.05789611111112,43.18009166666667,343
143.05881944444445,43.17991388888889,342
143.05978833333333,43.17973055555556,342
143.06075722222224,43.17954833333334,342
143.0617261111111,43.179365,342
143.06269527777778,43.179186944444446,342
143.0636638888889,43.17900888888889,341
143.06463166666666,43.17883138888889,341
143.06560083333332,43.17865333333334,339
143.06656972222223,43.17847,337
143.0675386111111,43.178286666666665,335
143.0685075,43.17810333333333,333
143.0694763888889,43.17792111111111,331
143.07044527777776,43.17773777777778,328
143.07122333333334,43.177590277777774,327
143.0721922222222,43.17741777777778,327
143.07316083333333,43.17724416666667,327
143.07413,43.17707166666667,327
143.0750988888889,43.176898055555554,327
143.07606777777778,43.176720277777775,327
143.07617083333332,43.176701944444446,327
143.07617083333332,43.176701944444446,327
143.07703694444444,43.176542222222224,327
143.07792944444444,43.17637527777778,328
143.07869222222223,43.1762375,326
143.0796613888889,43.176065,325
143.08063027777777,43.17589666666667,323
143.0815988888889,43.17572888888889,322
143.08256805555556,43.17556166666667,320
143.08353694444443,43.17539361111111,318
143.08450583333334,43.17522527777778,317
143.08436805555556,43.174863888888886,316
143.0842911111111,43.17465361111111,316
143.0842911111111,43.17465361111111,316
143.08436805555556,43.174863888888886,316
143.08450583333334,43.17522527777778,317
143.08459694444446,43.17521555555555,316
143.08534472222223,43.17507333333333,316
143.08631333333332,43.17489,315
143.08728222222223,43.174706666666665,314
143.0882513888889,43.17452361111111,314
143.08922027777777,43.17434138888889,313
143.0901888888889,43.17415805555556,312
143.09115777777777,43.17397444444445,312
143.09190555555554,43.1738325,311
143.09287444444445,43.17364888888889,309
143.09384305555557,43.17346555555556,308
143.09481222222223,43.17328361111111,307
143.0957811111111,43.17310027777778,306
143.09674972222223,43.172916944444445,305
143.0977188888889,43.17273361111111,303
143.0985575,43.17256638888889,302
143.09952638888888,43.17238305555556,301
143.10049527777778,43.1722,300
143.10146416666666,43.172016666666664,299
143.10243305555557,43.17183416666666,298
143.10340166666666,43.17165083333333,297
143.10437083333332,43.1714675,296
143.10518027777778,43.17131027777778,294
143.1061488888889,43.171121666666664,292
143.10711777777777,43.17093388888889,291
143.1078036111111,43.17080055555556,289
143.1078025,43.17080166666667,289
143.10808583333332,43.170746111111114,289
143.10905444444444,43.1705575,287
143.11002333333334,43.17037416666667,285
143.1109925,43.17019166666667,283
143.1119611111111,43.17001833333333,282
143.11293,43.16984583333333,280
143.11389888888888,43.169672222222225,278
143.1148677777778,43.169494444444446,276
143.11583666666667,43.16931638888889,274
143.1166763888889,43.16915888888889,272
143.11760611111112,43.168975833333334,272
143.1182475,43.168843611111114,272
143.1192163888889,43.16865027777778,271
143.11960555555555,43.168573333333335,271
143.11960555555555,43.168573333333335,271
143.120185,43.16845722222222,271
143.12115416666666,43.16826944444445,271
143.12126027777776,43.16824361111111,271
143.12222916666667,43.16806111111111,269
143.12319805555555,43.167878055555555,268
143.12416694444445,43.16769472222222,266
143.12513555555554,43.167522222222225,265
143.1261047222222,43.167344166666666,264
143.12707333333333,43.16716638888889,263
143.12804222222223,43.166987222222225,262
143.1290113888889,43.16680972222222,261
143.12984333333333,43.166652222222226,260
143.13076555555554,43.16648416666666,258
143.13173444444445,43.16630611111111,258
143.13270333333332,43.16612805555555,258
143.13367222222223,43.165950555555554,259
143.13464083333332,43.16576722222222,259
143.13560972222223,43.16558472222222,259
143.1365788888889,43.16540138888889,259
143.13740305555555,43.16524416666667,260
143.1382722222222,43.16507583333333,258
143.13924138888888,43.164898055555554,257
143.13946472222221,43.164856666666665,256
143.13946472222221,43.164856666666665,256
143.14021,43.164720277777775,255
143.1411788888889,43.164542222222224,254
143.14214777777778,43.164364444444445,252
143.14311666666666,43.164186388888886,251
143.14408555555556,43.164008611111115,249
143.14471166666667,43.16388583333333,248
143.14567916666667,43.16370277777778,247
143.14664833333333,43.16352055555556,245
143.1476172222222,43.1633425,244
143.14858583333333,43.16316361111111,243
143.14955472222223,43.16298555555556,241
143.1505238888889,43.1628075,240
143.15149277777778,43.162635,239
143.1524613888889,43.162462777777776,239
143.15343055555556,43.162285,238
143.15439944444444,43.162105833333335,237
143.15536805555556,43.16192777777778,236
143.15633694444443,43.16175,235
143.15725277777779,43.1615775,234
143.15822194444445,43.16139416666667,233
143.15919055555557,43.161210833333335,231
143.16015944444445,43.161028611111114,230
143.16112833333332,43.160845277777774,229
143.1620975,43.16066194444444,227
143.1630661111111,43.16047861111111,226
143.16388972222222,43.16032111111111,224
143.1648586111111,43.16014333333333,224
143.1658275,43.15996555555556,223
143.16679666666667,43.1597875,223
143.1677652777778,43.15960972222222,222
143.16873416666667,43.15943166666667,222
143.16970305555554,43.15925388888889,221
143.17062666666666,43.15907583333333,220
143.17159527777778,43.158898055555554,219
143.17256416666666,43.158720277777775,218
143.17353333333332,43.15854222222222,217
143.17450222222223,43.158363333333334,215
143.1754711111111,43.158185277777775,214
143.1764386111111,43.158003055555554,213
143.17713305555554,43.157870833333334,211
143.1779197222222,43.15772333333334,210
143.17888888888888,43.15754527777778,209
143.17985666666667,43.1573675,208
143.18082527777779,43.15718944444444,207
143.18179444444445,43.15701583333333,206
143.18276333333333,43.156843611111114,205
143.18373222222223,43.15667111111111,204
143.1837788888889,43.156660277777775,204
143.18474805555556,43.15647694444444,203
143.18571555555556,43.15629444444444,201
143.18668444444444,43.15611666666667,200
143.18765333333334,43.15593861111111,199
143.1886225,43.15575972222222,198
143.18959138888889,43.15558194444444,197
143.19056,43.15540388888889,195
143.1913,43.15526722222222,195
143.19226916666668,43.15508916666667,195
143.19323805555555,43.15491166666666,194
143.19420666666667,43.154738055555555,194
143.19517583333334,43.15456555555556,193
143.19614472222221,43.15439305555556,193
143.19711361111112,43.15421944444444,193
143.19786888888888,43.154071944444446,192
143.1988375,43.153888611111114,192
143.1998063888889,43.15370638888889,191
143.20077555555557,43.15352305555555,190
143.20174444444444,43.153345,190
143.20271305555556,43.1531675,189
143.20368194444444,43.152989444444444,189
143.2039488888889,43.15293833333333,188
143.20491805555557,43.152755,187
143.20588666666666,43.15257166666667,186
143.20685555555556,43.152389722222225,185
143.20782472222223,43.15220638888889,183
143.2087936111111,43.15202277777778,182
143.20976222222222,43.15183944444444,181
143.20981555555556,43.152323611111115,181
143.2098761111111,43.152969166666665,182
143.20993805555557,43.15361444444444,183
143.2099988888889,43.15426111111111,184
143.21005944444445,43.15490666666667,185
143.21012027777778,43.15555194444445,185
143.21018222222222,43.15619888888889,186
143.21024305555557,43.156844444444445,187
143.21025805555556,43.1570375,187
143.21033416666666,43.157505,187
143.2104338888889,43.15815166666667,188
143.2105327777778,43.15879722222222,188
143.2106325,43.1594425,189
143.2107311111111,43.160089166666666,189
143.21083,43.160735,190
143.21092972222223,43.16138027777778,190
143.21102083333332,43.16202583333333,191
143.21112833333333,43.1626725,191
143.21123472222223,43.16331777777778,192
143.21134083333334,43.163963611111114,193
143.21144805555556,43.164610277777776,194
143.21156222222223,43.165255555555554,195
143.21166944444445,43.16583055555556,196
143.21263861111112,43.16587083333334,194
143.21290555555555,43.165886111111114,193
143.2130811111111,43.16589694444444,193
143.21405027777777,43.165931666666665,192
143.2150188888889,43.165972777777775,191
143.21598666666668,43.16601333333333,191
143.21652166666667,43.166039166666664,190
143.2165825,43.166039166666664,190
143.21684166666665,43.16604888888889,190
143.21781083333335,43.16608472222222,192
143.21877944444444,43.16612055555556,193
143.21929805555556,43.16621166666667,193
143.22009888888888,43.166512222222224,194
143.2210677777778,43.166873611111114,195
143.22203666666667,43.167229444444445,196
143.22300555555555,43.167585555555554,197
143.22323444444444,43.16823083333333,197
143.22346333333334,43.1688775,198
143.22357083333333,43.16916166666667,198
143.2236088888889,43.16925833333333,198
143.2238377777778,43.16990388888889,199
143.22406666666666,43.17055027777778,199
143.22429555555556,43.17119611111111,199
143.22452361111112,43.171841666666666,200
143.224745,43.172488055555554,200
143.2257136111111,43.172310277777775,201
143.2266825,43.1721325,201
143.2276513888889,43.171953333333335,201
143.22862027777776,43.17177111111111,202
143.22958916666667,43.17158805555555,202
143.2305577777778,43.17140472222222,203
143.23134333333334,43.17125277777778,203
143.23174055555555,43.17117555555556,204
143.23270944444445,43.17100305555556,204
143.2328625,43.17097305555556,204
143.2338311111111,43.170784166666664,204
143.2345938888889,43.1706475,204
143.23556277777777,43.170479444444446,204
143.23560833333335,43.17046972222222,204
143.23657722222222,43.170296388888886,204
143.23674555555556,43.17026166666667,204
143.2369125,43.17022583333333,204
143.2378811111111,43.170052222222225,205
143.23796583333333,43.17003694444445,205
143.23835444444444,43.1700825,205
143.23932333333335,43.17019527777778,205
143.24029194444444,43.17030166666667,205
143.24099388888888,43.1703375,205
143.2416188888889,43.17028138888889,205
143.24165805555555,43.170271666666665,205
143.24204666666665,43.17022055555555,205
143.24274055555554,43.170139166666665,206
143.24370972222223,43.170006944444445,206
143.24377055555556,43.16999694444444,206
143.244465,43.16990472222222,206
143.24489222222223,43.16986472222222,206
143.2455561111111,43.16978888888889,206
143.24606722222222,43.169711944444444,207
143.24614333333332,43.16970222222222,207
143.2469288888889,43.169585,207
143.2471575,43.16955472222222,207
143.2481263888889,43.16942777777778,207
143.2482186111111,43.1694125,207
143.24918666666667,43.16932555555555,207
143.24921777777777,43.16932027777778,207
143.24937722222222,43.169305,207
143.24946944444446,43.16929555555556,207
143.25043833333334,43.169204444444446,207
143.25064361111112,43.16918805555556,207
143.25091916666668,43.16916305555556,207
143.25182583333333,43.16907194444445,208
143.25188777777777,43.16906111111111,208
143.25285666666667,43.168979722222225,208
143.25382444444443,43.168868333333336,208
143.25438972222221,43.168797777777776,208
143.25535861111112,43.16869027777778,208
143.25540416666666,43.168680555555554,208
143.25570166666665,43.168639444444445,208
143.25667027777777,43.16851777777778,208
143.25763916666668,43.168395555555556,209
143.25860777777777,43.16827388888889,209
143.25957694444443,43.16815694444445,209
143.26054555555555,43.168034166666665,209
143.26151444444446,43.16791277777778,209
143.26248361111112,43.167790277777776,209
143.2634522222222,43.16766888888889,209
143.26442111111112,43.16754611111111,209
143.2653897222222,43.16742472222222,210
143.26616777777778,43.167323055555556,210
143.266465,43.167922777777775,210
143.26661805555557,43.168569444444444,211
143.2667625,43.16916388888889,211
143.2669077777778,43.16980972222222,212
143.26705333333334,43.17045611111111,212
143.2671975,43.171101666666665,213
143.26735055555557,43.17174722222222,214
143.26746444444444,43.17220527777778,214
143.26756444444445,43.17263277777778,215
143.26770861111112,43.173278055555556,215
143.26785388888888,43.173924722222225,216
143.26799944444446,43.174570277777775,216
143.2681436111111,43.17521611111111,216
143.26824694444446,43.17567583333334,217
143.26824694444446,43.17567472222222,217
143.26828916666668,43.17586138888889,217
143.26843333333332,43.17650805555556,217
143.2685788888889,43.17715361111111,218
143.26872416666666,43.17779916666667,218
143.26886861111112,43.178445555555555,219
143.26901388888888,43.17909138888889,220
143.26915833333334,43.17973694444444,220
143.2693036111111,43.18038361111111,221
143.26944805555556,43.18102888888889,222
143.26959333333335,43.18167444444445,223
143.26969222222223,43.18210222222222,223
143.26978444444444,43.18248833333333,224
143.2699286111111,43.183135,224
143.27007416666666,43.18378055555556,225
143.27021944444445,43.18442611111111,225
143.27036388888888,43.185072777777776,225
143.27050916666667,43.185718333333334,226
143.2706536111111,43.18636361111111,226
143.27079138888888,43.18700916666667,227
143.27092916666666,43.18765611111111,227
143.27106555555557,43.18830166666667,228
143.27120333333335,43.188946944444446,228
143.27134777777778,43.189593611111114,229
143.27149305555557,43.190239166666665,230
143.2716375,43.190885,230
143.2717827777778,43.19153138888889,231
143.2719052777778,43.19204444444444,231
143.2719888888889,43.19237555555556,232
143.27214944444444,43.19302111111111,233
143.27230916666667,43.193666666666665,234
143.2724697222222,43.194313333333334,235
143.27262166666668,43.19495888888889,235
143.27277444444445,43.19560444444444,236
143.2729275,43.19625111111111,237
143.27307916666666,43.19689666666667,238
143.27320944444443,43.197541944444446,238
143.27334611111112,43.198188611111114,239
143.27348388888888,43.198834444444444,239
143.27362166666666,43.19948,239
143.27375833333335,43.20012666666667,240
143.2738961111111,43.20077194444445,240
143.27403305555555,43.20141777777778,240
143.27414027777778,43.20191138888889,241
143.27422388888888,43.2022825,241
143.27436138888888,43.20292805555555,242
143.27449805555557,43.20357444444444,242
143.27463583333332,43.20422,243
143.27477277777777,43.204865833333336,243
143.27490277777778,43.2055125,244
143.27491055555555,43.20554277777778,244
143.27505472222222,43.20618833333333,245
143.2751925,43.20683361111111,246
143.27526055555555,43.207195,246
143.27535277777778,43.20740333333333,246
143.27545166666667,43.207653055555554,246
143.27583361111112,43.20829861111111,247
143.2758638888889,43.20834972222222,247
143.27624472222223,43.20899638888889,248
143.27662666666666,43.20964194444444,248
143.2770072222222,43.21028722222222,249
143.27738944444445,43.21093277777778,249
143.27772472222222,43.21149277777778,250
143.27781694444445,43.211625,250
143.27820527777777,43.212270833333335,251
143.27859444444445,43.2129175,251
143.27898416666667,43.213563055555554,252
143.27938,43.21420833333333,253
143.27977694444445,43.214855,253
143.28017305555557,43.21550083333333,254
143.28057027777777,43.21614638888889,255
143.28067638888888,43.21630916666667,255
143.28089777777777,43.21664555555556,255
143.28131,43.21729111111111,256
143.28171472222223,43.21793638888889,257
143.2821725,43.21850611111111,258
143.28259138888887,43.2189075,258
143.2833386111111,43.21953361111111,258
143.28417861111112,43.22011861111111,259
143.2844075,43.22025083333333,259
143.2853761111111,43.22078472222222,260
143.28634527777777,43.22129361111111,261
143.2873138888889,43.2218025,262
143.28828277777777,43.22231027777778,263
143.28925138888889,43.22282472222222,264
143.29022055555555,43.22333777777778,266
143.29073888888888,43.223617777777775,266
143.29137138888888,43.22395861111111,267
143.29234055555557,43.2244725,267
143.29330916666666,43.224985833333335,268
143.29346222222222,43.225631388888885,269
143.29357611111112,43.226085,270
143.29372138888888,43.22670027777778,270
143.2938577777778,43.22734583333333,270
143.29397277777778,43.22783944444444,271
143.29404888888888,43.22821027777778,271
143.29414111111112,43.22859666666667,272
143.2942852777778,43.229242222222226,272
143.29430805555555,43.22932361111111,272
143.29443805555556,43.22988888888889,272
143.2945672222222,43.230534722222224,273
143.29462138888888,43.23078388888889,273
143.29463666666666,43.230875,273
143.29465194444444,43.23095111111111,273
143.2947886111111,43.23150111111111,273
143.29489611111111,43.23198388888889,274
143.29504,43.23262972222222,274
143.2951627777778,43.23314388888889,275
143.29528416666668,43.233668055555555,276
143.2953838888889,43.23403888888889,276
143.29553555555555,43.23468444444445,278
143.2955975,43.234964444444444,279
143.29563555555555,43.23510111111111,279
143.2957875,43.235747777777775,280
143.2959025,43.236311944444445,281
143.29603111111112,43.2369575,282
143.29616916666666,43.237604166666664,283
143.29628305555556,43.23808138888889,283
143.29641333333333,43.238656666666664,284
143.29651944444444,43.23912972222222,284
143.29664944444445,43.23977527777778,285
143.2968177777778,43.24042166666667,285
143.29698472222222,43.24106722222222,285
143.29715277777777,43.24171305555556,286
143.29732083333334,43.242359722222226,286
143.29748805555556,43.242984444444446,287
143.29762583333334,43.24363,288
143.29777083333335,43.244276666666664,288
143.29786972222223,43.24469888888889,289
143.298015,43.24534444444444,289
143.29815944444445,43.24598972222222,290
143.29830444444445,43.24663638888889,291
143.29844888888888,43.247281944444445,291
143.29859416666667,43.247927777777775,292
143.29874722222223,43.24857444444444,292
143.29889888888889,43.24921972222222,293
143.2990061111111,43.24964722222222,293
143.29907444444444,43.24990666666667,294
143.29922638888888,43.250552222222225,294
143.29937916666665,43.251197777777776,295
143.29952472222223,43.251844166666665,296
143.2996688888889,43.25249,296
143.29980666666665,43.25313555555555,297
143.29995083333333,43.25378222222222,297
143.30009611111112,43.2544275,298
143.30014166666666,43.25461527777778,298
143.30027944444444,43.25526194444444,299
143.3004161111111,43.2559075,300
143.3005613888889,43.25655305555556,301
143.30070666666666,43.257199722222225,301
143.30085111111111,43.257845277777776,302
143.30099638888888,43.25849083333333,303
143.30114055555555,43.2591375,304
143.30128583333334,43.25978277777778,305
143.3014313888889,43.26042861111111,305
143.30157555555556,43.26107527777778,306
143.30172083333332,43.261720833333335,307
143.301865,43.26236611111111,308
143.30201055555557,43.263011666666664,309
143.3021547222222,43.26365833333333,310
143.3023002777778,43.26430416666667,311
143.30244527777776,43.26494944444445,312
143.30258972222222,43.26559611111111,313
143.30271972222224,43.26614527777778,313
143.30280333333334,43.26649555555556,314
143.3029488888889,43.26714194444445,314
143.30309277777778,43.26778777777778,315
143.30323833333333,43.268433333333334,315
143.30338361111112,43.26908,316
143.30352805555555,43.26972527777778,316
143.30367305555555,43.27037083333333,317
143.30381722222222,43.27101777777778,317
143.30396277777777,43.27166305555556,318
143.30410694444444,43.272308611111114,318
143.304245,43.272955277777776,319
143.3043825,43.27360083333333,319
143.30451916666667,43.27424638888889,320
143.30454194444445,43.27435361111111,320
143.3046872222222,43.27499916666667,321
143.30483166666667,43.275645,321
143.30497694444443,43.276291388888886,322
143.30512222222222,43.276936944444444,323
143.3052663888889,43.2775825,323
143.30541194444444,43.27822805555556,324
143.30555611111112,43.27887472222222,325
143.30557027777778,43.27893638888889,325
143.30557027777778,43.27893527777778,325
143.30570138888888,43.27952027777778,325
143.30584666666667,43.280165833333335,326
143.3059911111111,43.280812222222224,327
143.3061363888889,43.281457777777774,328
143.30628083333335,43.28210361111111,328
143.30642583333332,43.28275027777778,329
143.30657888888888,43.28339555555556,330
143.30673083333335,43.28404111111111,330
143.30676861111112,43.28418444444444,331
143.30691416666667,43.28483,331
143.30705944444443,43.28547527777778,332
143.3072036111111,43.286120833333335,333
143.3073488888889,43.286767777777776,333
143.30749333333333,43.287413055555554,334
143.30763861111112,43.28805861111111,335
143.30778416666666,43.28870527777778,336
143.30792805555555,43.28935083333333,337
143.3080736111111,43.28999638888889,337
143.30821777777777,43.290643055555556,338
143.30836333333335,43.29128861111111,339
143.3085086111111,43.29193388888889,340
143.30865305555557,43.29258055555555,341
143.30879805555554,43.29322611111111,341
143.30895,43.29387194444445,342
143.30899666666667,43.29404944444445,342
143.30914083333334,43.29469611111111,343
143.3092863888889,43.295341944444445,343
143.30943055555556,43.2959875,343
143.30957583333333,43.29663388888889,344
143.30972,43.29727944444444,344
143.30986555555555,43.297925,345
143.31001083333334,43.29857055555556,345
143.31011722222223,43.29904361111111,345
143.3102625,43.29969027777778,346
143.31040666666667,43.300335833333335,347
143.31055194444446,43.30098111111111,348
143.31069638888889,43.301627777777774,349
143.31084166666668,43.30227361111111,350
143.31098722222222,43.30291888888889,351
143.3111311111111,43.30356555555556,352
143.31127666666666,43.30421111111111,353
143.31142083333333,43.304856388888886,354
143.3114675,43.30504972222222,354
143.31140583333334,43.3054925,354
143.31101722222223,43.30613805555556,355
143.31062777777777,43.306784444444446,356
143.31023916666666,43.30743,356
143.30984222222222,43.308075555555554,357
143.309445,43.30872194444444,357
143.30910222222224,43.30927666666667,358
143.3087125,43.30992222222222,359
143.30832416666667,43.3105675,359
143.30793472222223,43.311214166666666,360
143.30754611111112,43.31185972222222,360
143.3071488888889,43.31250527777778,361
143.30675194444444,43.31315194444444,362
143.30635583333333,43.3137975,362
143.30595861111112,43.31444277777778,363
143.30577527777777,43.3147325,363
143.3054097222222,43.3153175,364
143.3050125,43.31596416666667,365
143.3046163888889,43.316609444444445,366
143.30421944444444,43.317255,367
143.30382972222222,43.317901666666664,368
143.3034413888889,43.31854694444444,369
143.30305166666668,43.31919277777778,370
143.30266333333333,43.31983944444445,371
143.3022738888889,43.320484722222226,372
143.30188416666667,43.321130277777776,373
143.30149583333332,43.321776944444444,373
143.30110611111112,43.3224225,374
143.30071777777778,43.32306805555555,375
143.30048888888888,43.32342944444444,375
143.30013722222222,43.32396277777778,376
143.2999311111111,43.32427861111111,377
143.29971833333335,43.32452277777778,377
143.2995427777778,43.32473111111111,377
143.29930611111112,43.32499055555556,377
143.29899361111111,43.32529527777778,377
143.2985813888889,43.325737777777775,377
143.29800083333333,43.32632805555556,378
143.29798555555556,43.326343333333334,378
143.29734527777777,43.32698888888889,379
143.29670416666667,43.32763527777778,379
143.29606388888888,43.32828083333333,380
143.2954227777778,43.32892666666667,381
143.29478138888888,43.329571944444446,381
143.29414111111112,43.330218611111114,382
143.2935075,43.330864166666665,382
143.2928738888889,43.33150944444444,383
143.2922413888889,43.33215611111111,383
143.29160777777778,43.33280194444445,384
143.2909752777778,43.33344722222222,384
143.29056277777778,43.33385944444444,388
143.29015055555556,43.334271944444446,392
143.28961666666666,43.334714166666664,391
143.28887666666665,43.33508,397
143.28848833333333,43.33531861111111,402
143.28799138888888,43.3358125,405
143.28781666666666,43.33609777777778,411
143.28751916666667,43.33674305555556,414
143.2872436111111,43.337312777777775,416
143.28704611111112,43.33795833333333,415
143.28689305555557,43.33842611111111,414
143.28661888888888,43.338970555555555,416
143.28615333333335,43.339570555555554,421
143.2855425,43.34004361111111,421
143.2845736111111,43.340562222222225,422
143.28450527777778,43.340603333333334,422
143.28384111111112,43.341095833333334,424
143.28316333333333,43.341727222222225,430
143.28247638888888,43.342373055555555,435
143.28220194444444,43.34262666666667,437
143.28198055555555,43.34287611111111,436
143.28143138888888,43.34352166666667,431
143.2813925,43.343563055555556,431
143.2811027777778,43.343801666666664,426
143.28055361111112,43.344076111111114,422
143.28008833333334,43.34419333333334,421
143.2793027777778,43.344208333333334,428
143.27833388888888,43.34432,421
143.2775938888889,43.344412222222225,416
143.27662527777778,43.344575,413
143.27583194444443,43.34471722222222,411
143.27486305555556,43.34495583333333,407
143.27474055555555,43.344991666666665,406
143.27399277777778,43.34531722222222,406
143.2733063888889,43.345820555555555,407
143.2725888888889,43.34646611111111,408
143.27191833333333,43.34706611111111,408
143.27111666666667,43.3477125,408
143.270995,43.34780361111111,408
143.27050666666668,43.34809333333333,407
143.26953805555556,43.34860777777778,407
143.268745,43.34903527777778,406
143.26785194444443,43.34956888888889,407
143.26688305555555,43.350142777777776,408
143.26591416666668,43.35071777777778,409
143.26494527777777,43.35129277777778,410
143.2642052777778,43.351908055555555,415
143.2634425,43.35255361111111,420
143.26309083333334,43.35287888888889,422
143.2624052777778,43.35352555555556,425
143.26222972222223,43.3536525,425
143.26136694444443,43.35429805555555,424
143.26075722222222,43.35471444444445,425
143.26058138888888,43.35480666666667,421
143.25968194444445,43.35516805555555,412
143.25933027777776,43.355289444444445,412
143.25912444444444,43.35533083333333,412
143.25815555555556,43.355493611111115,412
143.25800361111112,43.35552388888889,413
143.25703444444446,43.35568138888889,417
143.25668305555556,43.355777777777774,419
143.25580666666667,43.35617472222222,421
143.2551652777778,43.3566575,421
143.2547225,43.35716638888889,422
143.25449361111112,43.35760916666667,423
143.25445555555555,43.357796944444445,424
143.25433416666667,43.35844222222222,424
143.25425722222224,43.358600555555554,425
143.25415833333332,43.35883944444444,426
143.25380666666666,43.35930694444444,426
143.25345638888888,43.35962277777778,424
143.2529225,43.35989694444444,426
143.25222805555555,43.36010111111111,427
143.25212916666666,43.36011611111111,427
143.25116055555554,43.36025277777778,426
143.25019166666667,43.36038527777778,425
143.25010694444444,43.360390833333334,426
143.2496036111111,43.36050777777778,426
143.24863444444443,43.36072611111111,425
143.24777333333333,43.36112305555555,427
143.2469411111111,43.3617175,419
143.24692583333334,43.36172833333333,419
143.24613277777777,43.36237388888889,417
143.24572027777776,43.362658333333336,418
143.24545333333333,43.36275055555556,418
143.24448444444445,43.36280111111111,418
143.2435927777778,43.362856388888886,419
143.24270722222224,43.36280111111111,427
143.2423102777778,43.36268833333333,426
143.24147916666666,43.362317222222224,425
143.24055583333333,43.36188027777778,428
143.2397552777778,43.36165666666667,428
143.23904555555555,43.361585,426
143.23832083333335,43.36161527777778,426
143.23826,43.361626111111114,426
143.23797027777778,43.36169666666667,428
143.2372225,43.361940833333335,433
143.23703166666667,43.36199722222222,435
143.23681055555556,43.362139166666665,437
143.2364211111111,43.362434444444446,441
143.23616166666667,43.362735,444
143.2361161111111,43.36280111111111,444
143.2357113888889,43.36344666666667,440
143.23567333333332,43.36351805555555,441
143.23537611111112,43.36416388888889,445
143.2350863888889,43.36480944444445,450
143.23502555555555,43.364916666666666,450
143.23467416666668,43.3655625,452
143.23432333333332,43.36620777777778,454
143.23416277777778,43.366416111111114,456
143.23366694444445,43.367062777777775,462
143.23358333333334,43.36713861111111,463
143.23291944444443,43.367784444444446,465
143.23231611111112,43.36821694444444,467
143.23143194444444,43.36886277777778,471
143.23069194444443,43.369315,474
143.2299213888889,43.36969694444444,484
143.22924972222222,43.369950555555555,483
143.22828083333334,43.370311944444445,482
143.22749555555555,43.37051611111111,487
143.22668611111112,43.37065805555556,496
143.2263963888889,43.37069833333333,499
143.2259838888889,43.37075472222222,503
143.2255575,43.370841666666664,508
143.22526027777778,43.370896944444446,511
143.22509222222223,43.370911944444444,509
143.22433694444445,43.37101416666667,510
143.2241686111111,43.371029166666666,510
143.2232,43.37110055555556,511
143.2222311111111,43.37117111111111,512
143.22126194444445,43.37124277777778,513
143.22029305555554,43.37131333333333,514
143.22011722222223,43.37132944444444,519
143.21925611111112,43.371375,522
143.2189663888889,43.371385,523
143.2179975,43.3714,526
143.21762305555555,43.371339166666665,527
143.21702083333332,43.37121222222222,529
143.21668444444444,43.371074444444446,530
143.2165552777778,43.37102361111111,531
143.21558666666667,43.370646944444445,534
143.21531972222223,43.37057111111111,536
143.21453416666665,43.3703475,535
143.21409888888888,43.370225,547
143.21409138888887,43.370220555555555,547
143.21312277777778,43.370062222222224,545
143.21241305555554,43.36994055555556,544
143.21200083333332,43.369823333333336,543
143.21103166666666,43.369548888888886,541
143.21064361111112,43.369437222222224,535
143.20975805555557,43.36906611111111,545
143.20898777777776,43.368745,543
143.20801916666667,43.368343333333335,541
143.20705,43.36794638888889,539
143.2060811111111,43.36755027777778,537
143.20547805555555,43.36730055555556,536
143.20451027777779,43.36690361111111,534
143.20357166666668,43.36651194444445,537
143.2026486111111,43.36609527777778,537
143.2019236111111,43.3658,537
143.20095472222224,43.365408333333335,538
143.19998611111112,43.36501694444444,538
143.19906277777778,43.36477277777778,538
143.19834555555556,43.36468166666667,539
143.19826194444445,43.364671944444446,538
143.197675,43.36461527777778,538
143.19697277777777,43.36461527777778,545
143.19634694444446,43.364620555555554,546
143.19593472222223,43.36469638888889,545
143.19527722222222,43.364802777777776,545
</coordinates>
</LineString>
</Placemark>
</Document>
</kml>
