<?xml version="1.0" encoding="UTF-8"?>
<kml xmlns="http://www.opengis.net/kml/2.2" xmlns:atom="http://www.w3.org/2005/Atom">
<Document>
<name>夏合宿5日目</name>
<atom:author>
<atom:name>早稲田大学サイクリングクラブ（WCC）</atom:name>
</atom:author> 
<atom:link href="https://latlonglab.yahoo.co.jp/route/watch?id=016dc3baf324af6b45bcb0cdd86f2add" />
<description><![CDATA[]]></description>
<tags><![CDATA[]]></tags>  
<Placemark>
<Style>
<LineStyle>
<color>99ff0000</color>
<width>6</width>
</LineStyle>
</Style>
<LineString>
<coordinates>
143.2187277777778,42.93320666666666,32
143.2184488888889,42.9332175,32
143.21748,42.93325333333333,32
143.21731944444446,42.933263333333336,32
143.21724361111112,42.933232777777775,32
143.21712083333333,42.933212222222224,32
143.21702222222223,42.93319694444445,32
143.2169602777778,42.93315694444444,32
143.21694527777777,42.933045,32
143.21693,42.93289222222222,33
143.21689194444446,42.932246666666664,35
143.21689194444446,42.93212416666667,35
143.21686916666667,42.931804166666666,35
143.21680833333335,42.93159027777778,35
143.21635805555556,42.93112277777778,34
143.21622027777778,42.93098055555556,34
143.21589277777778,42.93062472222222,34
143.2155575,42.930263333333336,34
143.21519833333332,42.92988138888889,34
143.21485555555554,42.92954611111111,35
143.2148327777778,42.92952583333334,35
143.21439777777778,42.92904722222222,35
143.2134288888889,42.92932694444445,35
143.21306222222222,42.92943861111111,35
143.21209333333334,42.92972388888889,36
143.2117352777778,42.929830277777775,36
143.21109388888888,42.93002361111111,36
143.21069777777777,42.93013083333334,36
143.21048416666667,42.93019694444445,36
143.2100186111111,42.93033916666667,36
143.20905,42.93062861111111,36
143.20869944444445,42.930725277777775,36
143.20773055555554,42.93099,34
143.2075927777778,42.93103111111111,34
143.20711972222222,42.931173333333334,34
143.20699805555554,42.93120388888889,34
143.2064102777778,42.93138166666667,34
143.20592194444444,42.93152361111111,35
143.20495305555556,42.931803611111114,35
143.20488472222223,42.931824166666665,35
143.20427361111112,42.9320075,36
143.20399916666668,42.93203777777778,36
143.20404583333334,42.93217472222222,36
143.20393083333335,42.93267361111111,36
143.2038472222222,42.93314111111111,35
143.20373222222221,42.93347194444444,35
143.20363361111112,42.93366944444445,35
143.20349583333333,42.9338475,35
143.2033211111111,42.93401583333333,35
143.2031225,42.93416333333333,34
143.2029086111111,42.934265277777776,34
143.20274805555556,42.934331388888886,34
143.20265694444444,42.93436194444445,34
143.2022597222222,42.93447361111111,34
143.20147444444444,42.93456444444445,34
143.2012,42.934579722222225,34
143.2012836111111,42.934804166666666,34
143.20132166666667,42.93492027777778,34
143.20152777777778,42.935465,34
143.20176388888888,42.93611055555556,35
143.20199305555556,42.93675722222222,35
143.20222194444443,42.93740277777778,35
143.20245083333333,42.938048333333334,36
143.20267972222223,42.938695,36
143.20290833333334,42.93934027777778,36
143.20294638888888,42.93945222222222,36
143.20299972222222,42.93957916666667,36
143.2030225,42.93964,36
143.20323611111112,42.940286666666665,37
143.20322083333335,42.940464444444444,37
143.20341944444445,42.94107972222222,38
143.20345,42.94115138888889,38
143.20368638888888,42.94179694444444,38
143.20383194444443,42.9421525,38
143.20388472222223,42.942285,38
143.2040063888889,42.94262027777778,38
143.20403666666667,42.94275277777778,38
143.2040986111111,42.943129166666665,38
143.20410611111112,42.94321055555555,38
143.20418194444446,42.94371944444445,38
143.20424277777778,42.94417194444444,38
143.20431222222223,42.944583888888886,39
143.2044111111111,42.94522972222222,39
143.20450222222223,42.94587527777778,39
143.2045713888889,42.94627777777778,39
143.20460166666666,42.94648611111111,39
143.20469277777778,42.94713138888889,39
143.20479277777778,42.94777694444444,39
143.20486861111112,42.94827083333333,39
143.20496722222222,42.94891638888889,40
143.20504444444444,42.94936972222222,40
143.20506722222223,42.94953666666667,41
143.20516555555557,42.950183333333335,41
143.20518083333334,42.950269166666665,40
143.2052111111111,42.950493888888886,40
143.20524916666668,42.950676111111115,40
143.20528055555556,42.95093527777778,40
143.2053488888889,42.95158194444444,41
143.2054175,42.9522275,41
143.20548583333334,42.95281777777778,41
143.2055552777778,42.95346333333333,41
143.20560805555556,42.953896388888886,42
143.20562333333334,42.954078333333335,42
143.20566888888888,42.95455138888889,43
143.20569166666667,42.95473472222222,43
143.20575333333332,42.95538027777778,44
143.20576861111113,42.95547694444444,44
143.20579138888888,42.95567555555556,44
143.20585972222221,42.956320833333336,45
143.20589777777778,42.95664194444444,45
143.2059586111111,42.95728777777778,45
143.20546277777777,42.9572475,44
143.2044936111111,42.95717055555556,43
143.20352472222223,42.95710416666667,43
143.20329611111111,42.95708472222222,43
143.2030986111111,42.95706944444444,43
143.20288472222222,42.95705861111111,44
143.20265583333332,42.957053333333334,44
143.20189305555556,42.95699222222222,46
143.20168694444445,42.95697694444444,47
143.20071805555557,42.956921666666666,53
143.19974916666666,42.95685972222222,59
143.1995963888889,42.95684472222222,60
143.19944444444445,42.956835,60
143.19942166666667,42.956835,60
143.1984525,42.95674805555556,60
143.19842972222222,42.95674388888889,60
143.1976586111111,42.95668722222222,60
143.1974686111111,42.95666666666666,60
143.19702166666667,42.95663416666667,58
143.19702166666667,42.95663416666667,58
143.196835,42.95662111111111,57
143.19636194444445,42.95657555555555,60
143.19550027777777,42.95651888888889,65
143.19480611111112,42.956467777777775,65
143.1942713888889,42.956427777777776,65
143.19398166666667,42.9564125,65
143.19321888888888,42.95635166666667,65
143.19225,42.95628555555555,65
143.19170111111112,42.956244444444444,65
143.19073194444445,42.95618361111111,65
143.19047277777779,42.95616305555556,65
143.19029694444444,42.95615333333333,65
143.1898013888889,42.956117222222225,65
143.1888325,42.956050833333336,65
143.1881,42.956,64
143.1871313888889,42.955933611111114,63
143.18475972222222,42.955776388888886,61
143.1838438888889,42.95571972222222,60
143.1804263888889,42.955465833333335,58
143.17365194444446,42.95496722222222,55
143.16691555555556,42.95448277777778,55
143.16335361111112,42.95424944444444,52
143.16020305555554,42.95403527777778,47
143.160035,42.95402444444444,47
143.15719777777778,42.95381583333333,44
143.15333777777778,42.95353138888889,44
143.1503011111111,42.953317222222225,44
143.14940166666668,42.95321527777778,44
143.14927916666667,42.95319027777778,44
143.1484786111111,42.95302222222222,45
143.14789916666666,42.95283861111111,45
143.14726555555555,42.952488055555555,45
143.1468988888889,42.952198333333335,46
143.1465636111111,42.95186777777778,46
143.14577805555555,42.9508,43
143.14538083333332,42.95032694444444,42
143.1448625,42.94972611111111,42
143.14445027777776,42.94924861111111,43
143.14364944444443,42.948551944444446,44
143.14268055555556,42.94801722222222,44
143.14166583333332,42.94770805555556,44
143.1405061111111,42.94757555555555,44
143.14035416666667,42.947560555555555,44
143.13373972222223,42.94708194444444,46
143.130275,42.9468325,47
143.1287875,42.946735833333335,48
143.1269875,42.946599166666665,47
143.1238138888889,42.94636472222222,47
143.1211663888889,42.946177222222225,49
143.12018972222222,42.94611111111111,49
143.11917527777777,42.946034166666664,49
143.11465055555556,42.94569888888889,49
143.11343,42.9456075,50
143.10669416666667,42.945119444444444,53
143.1062286111111,42.94508361111111,53
143.10585444444445,42.9450575,53
143.10360416666666,42.94489055555555,53
143.09992722222222,42.94463555555556,54
143.0931675,42.94413222222222,54
143.08620277777777,42.94363416666667,57
143.0795813888889,42.94316111111111,60
143.07284472222221,42.942631666666664,60
143.0661472222222,42.942143333333334,63
143.06609305555557,42.94213361111111,63
143.06404111111112,42.94137611111111,65
143.05953333333332,42.93969222222222,65
143.0583963888889,42.939275555555554,65
143.0577702777778,42.939076944444444,65
143.0528425,42.9387,65
143.046145,42.93819083333333,68
143.03929472222222,42.93772305555556,68
143.03464861111112,42.939034166666666,69
143.03224555555556,42.939705833333335,73
143.02524944444446,42.941673333333334,73
143.0180861111111,42.9436825,75
143.01128888888888,42.94327972222222,78
143.00993777777776,42.943198333333335,79
143.00424694444445,42.94499916666667,80
142.9970988888889,42.94725666666667,86
142.99617555555557,42.94754638888889,86
142.99006444444444,42.94944805555556,84
142.98841666666667,42.949962222222226,84
142.9828863888889,42.951680555555555,84
142.9775913888889,42.95334388888889,86
142.97311333333334,42.954751944444446,88
142.97262527777778,42.955103333333334,89
142.9724647222222,42.9553625,89
142.97244972222222,42.95541361111111,89
142.97119055555555,42.960386944444444,96
142.97116027777778,42.96050416666667,95
142.97111361111112,42.961149722222224,95
142.97106805555555,42.96179611111111,95
142.9710225,42.96244194444444,95
142.97097694444443,42.9630875,96
142.9709311111111,42.96373388888889,96
142.97088444444444,42.96437944444445,96
142.9708388888889,42.965025,96
142.97080083333333,42.96539611111111,96
142.97064777777777,42.965808611111115,96
142.97052638888889,42.96603722222222,96
142.97021388888888,42.96637777777778,97
142.96971027777778,42.96675444444445,97
142.9687413888889,42.967282777777775,97
142.9678863888889,42.967751388888885,97
142.96731472222223,42.96820916666667,97
142.9670172222222,42.968854722222225,98
142.96697805555556,42.96892527777778,98
142.96685666666667,42.969571944444446,98
142.96674916666666,42.97007527777778,99
142.96663527777778,42.97072083333333,99
142.9665136111111,42.97136638888889,99
142.9663911111111,42.97201277777778,99
142.96626944444444,42.972658611111115,99
142.96614694444443,42.973304166666665,99
142.96602555555555,42.97395083333333,99
142.96590277777779,42.97459611111111,99
142.96581138888888,42.97504416666666,100
142.96578861111112,42.97517555555556,100
142.96568888888888,42.97582222222222,101
142.96559,42.97646777777778,102
142.9654825,42.977113333333335,104
142.965475,42.97714361111111,104
142.96554444444445,42.97779027777778,105
142.96555972222222,42.97789222222222,105
142.96565083333334,42.97853805555555,106
142.96574166666667,42.97918333333333,107
142.96583388888888,42.97982888888889,109
142.96586416666668,42.97999166666666,109
142.96586416666668,42.98009361111111,109
142.96586416666668,42.98069916666667,109
142.96586416666668,42.98074027777778,109
142.96577194444444,42.98116666666667,108
142.96566583333333,42.981650555555554,107
142.96542166666666,42.98229611111111,106
142.9653761111111,42.98240777777778,105
142.96502444444445,42.98305333333333,105
142.96467388888888,42.9837,105
142.9643236111111,42.98434555555556,105
142.96400222222223,42.98493027777778,105
142.9638275,42.98524611111111,105
142.96346805555555,42.98589138888889,105
142.96311777777777,42.986536944444445,105
142.9627661111111,42.987183888888886,105
142.96241555555557,42.987829166666664,106
142.96206416666666,42.98847472222222,106
142.96195333333333,42.98867861111111,106
142.96195333333333,42.98867861111111,106
142.96171361111112,42.98912138888889,106
142.96136194444443,42.98976694444445,106
142.96101166666668,42.9904125,106
142.9606611111111,42.991058055555555,106
142.96030944444445,42.991704722222224,107
142.95995916666666,42.99235,107
142.9596,42.99299555555555,108
142.95934805555555,42.99343833333333,108
142.95891305555554,42.994085,109
142.95879916666667,42.9942425,109
142.9585397222222,42.99456222222222,110
142.95799833333334,42.99520777777778,110
142.95745583333334,42.99585444444445,110
142.95691444444444,42.9965,110
142.9563652777778,42.997145555555555,110
142.95605277777778,42.997506666666666,110
142.9555102777778,42.998153611111114,110
142.9549686111111,42.99879888888889,111
142.95461055555555,42.99921555555556,112
142.95433583333335,42.99951611111111,112
142.95375555555555,43.00016166666666,112
142.9531761111111,43.00080694444444,111
142.95283194444445,43.00121388888889,112
142.95229805555556,43.00186055555555,112
142.95176444444445,43.00250638888889,112
142.9512836111111,43.00315166666667,113
142.95080305555555,43.003798333333336,113
142.95072694444445,43.003895,114
142.95049805555556,43.00416944444444,114
142.94996416666666,43.00481472222222,114
142.94943027777776,43.00546027777778,115
142.94889527777778,43.00610694444445,115
142.94836166666667,43.0067525,115
142.94782777777777,43.007398055555555,116
142.94765194444443,43.00777027777778,116
142.9475911111111,43.008135833333334,116
142.9474847222222,43.00878138888889,117
142.947385,43.00942777777778,118
142.9472863888889,43.01007361111111,118
142.9471863888889,43.01071916666667,119
142.9470875,43.01136555555556,119
142.94698861111112,43.012011111111114,120
142.9469038888889,43.012656666666665,120
142.94682055555555,43.01330361111111,120
142.94672833333334,43.01394888888889,120
142.94663722222222,43.01459444444444,120
142.94654583333335,43.01524111111111,120
142.94652305555556,43.01537777777778,120
142.94643833333333,43.01602305555556,121
142.94635472222222,43.01667,121
142.94627111111112,43.017315555555555,122
142.94617888888888,43.01796111111111,122
142.9460877777778,43.0186075,122
142.9460725,43.01866833333333,123
142.94599555555556,43.01914138888889,123
142.94589666666667,43.01978694444445,123
142.94579805555554,43.02043222222222,123
142.94569833333333,43.02107916666667,124
142.94559916666665,43.021724722222224,124
142.94550694444445,43.02237,124
142.94541583333333,43.02301666666666,125
142.9453247222222,43.02366222222222,125
142.9452325,43.02430805555556,125
142.94518694444446,43.02456277777778,125
142.94509583333334,43.02520833333333,125
142.9450036111111,43.02585388888889,126
142.9449125,43.02650055555556,126
142.94482083333332,43.027145833333336,126
142.94472861111112,43.027791666666666,127
142.94463,43.028438333333334,127
142.94459972222222,43.028595555555555,127
142.944515,43.02924083333333,127
142.9444313888889,43.0298875,128
142.94434777777778,43.03053333333333,128
142.94426333333334,43.03117861111111,128
142.94417972222223,43.03182416666667,128
142.9440886111111,43.032470833333335,128
142.94399611111112,43.03311611111111,128
142.94393527777777,43.03352861111111,128
142.9439125,43.03364583333333,128
142.94381361111112,43.03429138888889,129
142.94371388888888,43.03493666666667,130
142.9436227777778,43.035583333333335,130
142.94353055555555,43.036228888888886,131
142.94343944444444,43.03687472222222,131
142.94334833333335,43.03752,132
142.9432561111111,43.03816666666667,132
142.94316472222224,43.03881222222222,133
142.943065,43.0394575,133
142.9429661111111,43.040104444444445,133
142.94286722222222,43.04075,134
142.9427675,43.04139527777778,134
142.94266861111112,43.04204194444444,135
142.9425688888889,43.0426875,135
142.94247,43.04333305555556,136
142.94242444444444,43.043618333333335,136
142.94233222222223,43.04426388888889,137
142.9422336111111,43.04490944444444,137
142.94218805555556,43.0452,138
142.94209694444444,43.04584555555556,138
142.9420047222222,43.04649138888889,138
142.94190583333332,43.04713777777778,139
142.9418061111111,43.047783333333335,139
142.94170694444443,43.048428888888886,140
142.94169944444445,43.048474444444444,140
142.9416386111111,43.048901944444445,140
142.9415463888889,43.0495475,141
142.94145527777778,43.050194166666664,142
142.94137166666667,43.05083972222222,142
142.94128722222223,43.051485,143
142.94120361111112,43.05213166666667,143
142.94112,43.0527775,144
142.9410352777778,43.053422777777776,144
142.94093666666666,43.054069444444444,144
142.94083694444444,43.054715,145
142.94073805555556,43.05536027777778,145
142.94063944444446,43.05600694444445,146
142.94053944444445,43.05665277777778,146
142.94044083333333,43.057298333333335,146
142.94033333333334,43.057943611111114,147
142.9402575,43.05838194444444,147
142.9401813888889,43.058910555555556,148
142.94008916666667,43.059555833333334,149
142.93999805555555,43.0602025,150
142.93990666666667,43.06084805555555,151
142.93981444444444,43.06149361111111,152
142.93973083333333,43.06214,153
142.9396461111111,43.062785833333336,154
142.93956277777778,43.06343138888889,155
142.93950194444446,43.06384361111111,155
142.93941083333334,43.06448888888889,156
142.9393186111111,43.065135833333336,156
142.9392275,43.06578138888889,157
142.93913527777778,43.066426666666665,157
142.93904388888888,43.06707333333333,158
142.93896055555555,43.06771888888889,158
142.93887583333333,43.06836444444444,158
142.9387847222222,43.06901,159
142.93869361111112,43.06965666666667,159
142.93860138888888,43.070302222222224,159
142.93851027777777,43.0709475,159
142.93841805555556,43.07159444444444,159
142.93832666666665,43.07224,159
142.93823555555556,43.07288527777778,159
142.9381586111111,43.07342027777778,160
142.938075,43.074065833333336,160
142.93798388888888,43.074711388888886,160
142.93789166666667,43.075356666666664,161
142.93780055555555,43.07600361111111,161
142.93770944444444,43.07664916666667,162
142.93761722222223,43.07729472222222,162
142.9375261111111,43.07794111111111,163
142.93747277777777,43.07828611111111,163
142.93743388888888,43.078337222222224,163
142.9371136111111,43.078719166666666,165
142.93661777777777,43.07936472222222,165
142.93612194444444,43.08001111111111,166
142.9356261111111,43.08065666666667,166
142.93513027777777,43.0813025,167
142.93463416666665,43.08194777777778,168
142.93413083333334,43.082594444444446,168
142.9336272222222,43.08324,169
142.9331238888889,43.083885277777775,170
142.93273472222222,43.084384444444446,170
142.93261305555555,43.084536388888885,170
142.93210194444444,43.085183055555554,170
142.9315986111111,43.08582861111111,170
142.9310863888889,43.08647416666667,170
142.93056777777778,43.08712083333333,170
142.93004916666666,43.08776638888889,170
142.92999583333332,43.087826944444444,170
142.929935,43.088121944444445,170
142.92997305555556,43.088386666666665,170
142.93014888888888,43.08877861111111,170
142.92943916666667,43.08942416666667,168
142.92909527777778,43.089734444444446,167
142.92869916666666,43.090379722222224,165
142.92868416666667,43.090400277777775,165
142.92841611111112,43.09104611111111,162
142.92823361111112,43.09146805555555,160
142.9280125,43.09196194444444,161
142.92773777777776,43.09260722222222,161
142.92745583333334,43.09325388888889,162
142.92733305555555,43.09351861111111,163
142.9270586111111,43.094164166666665,162
142.92678416666666,43.094809444444444,162
142.9265475,43.09533361111111,162
142.92651722222223,43.09539,162
142.92625777777778,43.09603583333333,163
142.92615027777777,43.096244166666665,163
142.92594416666665,43.0964675,164
142.92564694444445,43.096737777777776,163
142.92527361111112,43.097011944444446,163
142.92489944444443,43.097210555555556,163
142.9243886111111,43.09739277777778,163
142.92378638888889,43.097500277777776,163
142.92335111111112,43.09753611111111,163
142.92274777777777,43.097500277777776,163
142.92222166666667,43.097434166666666,163
142.92184833333334,43.09737777777778,163
142.92087972222222,43.097163888888886,163
142.91991083333335,43.096945833333336,163
142.91894166666665,43.09672666666667,164
142.91832333333332,43.096584444444446,164
142.91817138888888,43.096554166666664,164
142.91813222222223,43.09654444444445,164
142.9171636111111,43.096335,165
142.91700416666666,43.09630027777778,165
142.91603527777778,43.09608611111111,166
142.91543194444444,43.09594833333333,166
142.91446305555556,43.095734444444446,167
142.91415833333335,43.095664166666666,168
142.91318916666665,43.09545027777778,169
142.91244916666668,43.095327777777776,172
142.91188527777777,43.09522666666667,173
142.9109163888889,43.095058611111114,173
142.9099475,43.09489583333333,174
142.9089786111111,43.09473305555556,174
142.90800972222223,43.09457027777778,175
142.9077125,43.094519166666664,175
142.90674333333334,43.09435666666667,175
142.90577472222222,43.09419388888889,175
142.90562166666666,43.094676666666665,175
142.9054847222222,43.09511916666667,176
142.90527111111112,43.09565833333333,176
142.90513333333334,43.096136944444446,177
142.9049347222222,43.09675222222222,177
142.90479027777778,43.09726083333333,177
142.9046525,43.0976775,177
142.9044538888889,43.098323055555554,178
142.90425638888888,43.09896972222222,178
142.90414916666666,43.09929944444445,178
142.9039961111111,43.099802777777775,179
142.90380611111112,43.10044944444444,180
142.90375944444443,43.10058611111111,180
142.90356972222222,43.10123166666666,180
142.90337861111112,43.10187861111111,181
142.9032875,43.102152777777775,181
142.90311166666666,43.102758333333334,181
142.9030888888889,43.10283416666667,181
142.90291305555556,43.10330722222222,182
142.90289805555557,43.10338333333333,182
142.9028525,43.103541666666665,182
142.90264583333334,43.104166666666664,182
142.90247027777778,43.10476194444445,183
142.90228666666667,43.10540777777778,183
142.90210444444443,43.106053333333335,184
142.9020275,43.106293055555554,184
142.90189833333332,43.106715,184
142.90177583333335,43.10709027777778,184
142.90160111111112,43.107680555555554,184
142.90141,43.10832722222222,184
142.90121916666666,43.10897305555556,185
142.90102805555554,43.10961833333333,185
142.90083833333333,43.11026388888889,185
142.9008088888889,43.11035944444444,185
142.9008088888889,43.11035833333333,185
142.90063972222222,43.110910555555556,185
142.90044111111112,43.111555833333334,186
142.90024222222223,43.112201666666664,186
142.9000436111111,43.11284833333333,186
142.899845,43.11349388888889,187
142.8996475,43.11413916666667,187
142.89944916666667,43.114785833333336,188
142.89932638888888,43.11515694444444,188
142.8992125,43.11550305555556,188
142.8990063888889,43.116148333333335,189
142.89880027777778,43.116794166666665,189
142.89860166666668,43.11744083333333,190
142.89840416666667,43.11808638888889,190
142.89820555555556,43.11873166666667,190
142.89800694444443,43.11937722222222,191
142.89780805555554,43.12002416666667,191
142.8976172222222,43.120669722222225,192
142.89741972222222,43.121315,192
142.89722111111112,43.121961666666664,193
142.8970225,43.12260722222222,193
142.8968238888889,43.12325277777778,194
142.8966252777778,43.12389944444445,195
142.89645833333333,43.1244225,195
142.89631277777778,43.124895555555554,195
142.89619888888888,43.12522638888889,196
142.89598527777778,43.12587166666667,196
142.89577138888887,43.12651833333334,196
142.89555777777778,43.12716416666667,196
142.89535138888888,43.127809444444445,197
142.895145,43.12845611111111,197
142.8949388888889,43.129101666666664,197
142.89473388888888,43.12974722222222,197
142.89464166666667,43.13000638888889,198
142.89442777777776,43.130653055555555,198
142.89421416666667,43.13129861111111,199
142.89400138888888,43.13194444444444,199
142.89379527777777,43.13259083333333,199
142.89358916666666,43.13323638888889,200
142.89338305555555,43.13388194444445,200
142.89317666666668,43.134528333333336,201
142.8934586111111,43.135173888888886,201
142.89374083333334,43.13581972222222,202
142.89403166666668,43.13646527777778,202
142.8943213888889,43.13711194444444,203
142.89461083333333,43.13775722222222,203
142.89490027777777,43.13840277777778,204
142.89519,43.139049722222225,204
142.89533555555556,43.13936416666667,205
142.8954113888889,43.1395325,204
142.8956861111111,43.14017805555556,204
142.89596138888888,43.14082444444445,204
142.89623583333332,43.14147,204
142.89651027777776,43.142115833333335,203
142.89677722222223,43.1427625,203
142.8970438888889,43.143407777777774,203
142.89731083333334,43.14405333333333,203
142.89735638888888,43.14418027777778,203
142.89740972222222,43.14429333333333,203
142.89768527777778,43.14493888888889,204
142.89795972222223,43.145584444444445,205
142.89823416666667,43.14623,206
142.8985086111111,43.14687638888889,207
142.89878305555555,43.14752194444444,208
142.8990575,43.14816777777778,209
142.89932444444443,43.14881444444445,210
142.89943944444445,43.14907361111111,210
142.8997136111111,43.149719166666664,211
142.89998833333334,43.15036472222222,211
142.90026277777778,43.15101138888889,212
142.90053722222223,43.15165694444445,212
142.90081166666667,43.1523025,213
142.90107944444443,43.152949166666666,213
142.9013463888889,43.15359472222222,213
142.90146055555556,43.15384861111111,214
142.901735,43.15449527777778,214
142.90200916666666,43.155140833333334,215
142.9022836111111,43.15578611111111,216
142.90255944444445,43.15643305555555,217
142.9028338888889,43.15707861111111,217
142.90310083333333,43.15772416666667,218
142.9033675,43.158370833333336,219
142.90364194444444,43.159016111111114,219
142.9039163888889,43.159661944444444,219
142.90419111111112,43.1603075,219
142.90446555555556,43.16095416666667,219
142.90474083333334,43.16159972222222,220
142.90502305555555,43.162245,220
142.905305,43.16289166666667,220
142.90539611111112,43.1631,220
142.90566305555555,43.16374583333333,220
142.9059375,43.1643925,220
142.90610555555557,43.16477861111111,220
142.90623583333334,43.16508361111111,219
142.90628138888889,43.165174444444446,219
142.90654833333335,43.165821111111114,215
142.90681527777778,43.166466944444444,212
142.90708222222221,43.1671125,208
142.90725777777777,43.16737722222222,207
142.90750944444446,43.16763638888889,205
142.90779138888888,43.16781,203
142.90848583333334,43.168170277777776,205
142.9089438888889,43.168374444444446,208
142.90980527777776,43.16849583333333,214
142.91037055555555,43.16860777777778,215
142.9108813888889,43.16881166666667,215
142.9112927777778,43.16915222222222,217
142.91175055555556,43.16952888888889,217
142.9125286111111,43.17017444444444,217
142.91314694444443,43.17066833333333,217
142.91370361111112,43.171085,217
142.91449666666668,43.17154277777778,215
142.91478,43.17172611111111,212
142.91519083333333,43.171995277777775,208
142.91615972222223,43.172605833333336,213
142.9169075,43.17308333333333,216
142.91731972222223,43.173251388888886,217
142.91826555555556,43.173561944444444,217
142.91855527777778,43.17373444444444,217
142.9186161111111,43.17389277777778,217
142.9186552777778,43.17395361111111,218
142.91898277777779,43.17459916666667,224
142.91908166666667,43.174727222222224,224
142.91955472222222,43.17537277777778,223
142.92002,43.17601833333333,222
142.9201197222222,43.17630805555556,221
142.92012722222222,43.176323333333336,221
142.92018055555556,43.17697,222
142.92023361111112,43.177615277777775,222
142.92027916666666,43.17826083333333,222
142.92029444444444,43.17870361111111,222
142.92032472222223,43.178739444444446,222
142.9207827777778,43.179385,221
142.92111888888888,43.17971055555556,221
142.92161472222222,43.18010777777778,220
142.92244583333334,43.18073277777778,221
142.92314027777778,43.18119055555555,221
142.92362083333333,43.181449722222226,221
142.92397111111111,43.181557222222224,220
142.92434555555556,43.181669166666666,220
142.92517666666666,43.18183194444445,223
142.92542083333333,43.18191861111111,223
142.92564222222222,43.18206083333333,221
142.9258025,43.182295,222
142.92595444444444,43.18252833333333,222
142.92601638888888,43.18266611111111,223
142.92609222222222,43.18292,224
142.9262225,43.18356555555555,226
142.9263061111111,43.183926944444444,226
142.92638944444445,43.18420138888889,227
142.92650444444445,43.184486944444444,226
142.92677916666668,43.18488277777778,224
142.92744277777777,43.18552944444444,224
142.92811333333333,43.186175,225
142.928785,43.186820555555556,225
142.9294563888889,43.187467222222224,225
142.92949444444446,43.18750305555555,225
142.92991444444445,43.1878025,225
142.9304177777778,43.18819972222222,226
142.9305775,43.18829083333333,226
142.93076833333333,43.1883775,226
142.9314777777778,43.18877361111111,225
142.9319052777778,43.18897777777778,225
142.9328438888889,43.18931833333333,229
142.9335911111111,43.18957777777778,232
142.93397972222223,43.18971972222222,232
142.93456777777777,43.19000944444444,231
142.93494083333334,43.190335,232
142.93536055555555,43.190981666666666,234
142.93578055555557,43.1916275,236
142.93619944444444,43.19227277777778,238
142.93649027777778,43.19271111111111,239
142.93679472222223,43.193356666666666,241
142.9368175,43.193402222222225,242
142.93706944444443,43.193936111111114,246
142.93708444444445,43.194582777777775,253
142.93709222222222,43.194648055555554,254
142.93699333333333,43.19506527777778,255
142.9366797222222,43.19538555555555,258
142.93613083333332,43.19579777777778,268
142.93517694444444,43.19621444444444,269
142.93510111111112,43.196240555555555,273
142.93413222222222,43.19675361111111,270
142.93378083333334,43.19694222222222,269
142.93365166666666,43.197094166666666,269
142.93343027777777,43.197358888888886,275
142.93330111111112,43.197760555555554,268
142.933095,43.19840722222222,269
142.93301805555555,43.198640555555556,269
142.93297972222223,43.199185,269
142.93295694444444,43.19952555555555,268
142.93294166666666,43.19969277777778,269
142.93301,43.200339444444445,269
142.9330177777778,43.20039027777778,269
142.93327694444446,43.20103611111111,269
142.93351361111112,43.20160555555555,269
142.93365111111112,43.20195611111111,269
142.9340938888889,43.20238888888889,268
142.93458972222223,43.20264805555556,267
142.93471888888888,43.20290194444444,267
142.93484138888888,43.20352277777778,267
142.93507777777776,43.203808055555555,268
142.9356647222222,43.20424972222222,268
142.93582527777778,43.204565555555554,268
142.93585555555555,43.20517638888889,269
142.93600111111112,43.205623333333335,269
142.9364425,43.20600944444445,268
142.93722916666667,43.20665611111111,268
142.93769444444445,43.2070325,268
142.93781611111112,43.20731694444444,268
142.93783888888888,43.20773361111111,269
142.93764027777777,43.20809055555556,268
142.93715194444445,43.20847138888889,269
142.93618305555555,43.209000555555555,269
142.93597694444443,43.20911666666667,269
142.9355125,43.209534444444444,269
142.93530638888888,43.209875277777776,269
142.93513805555557,43.210322222222224,270
142.93511527777778,43.21096861111111,269
142.93510027777776,43.211171666666665,269
142.9353136111111,43.21181722222222,269
142.93536666666665,43.21196472222222,269
142.93603833333333,43.21261138888889,268
142.93631305555556,43.212870833333334,268
142.9367936111111,43.21346555555556,269
142.93695277777778,43.21377583333334,269
142.93722861111112,43.21412194444444,269
142.9373425,43.214350555555555,269
142.9375411111111,43.21495055555555,269
142.937655,43.21532166666667,269
142.9378913888889,43.215967222222226,268
142.93796083333334,43.21615083333333,268
142.93812777777777,43.21660861111111,268
142.93847944444445,43.217239166666666,268
142.93867777777777,43.21766638888889,267
142.93893722222222,43.218266388888885,268
142.93899027777778,43.218358611111114,267
142.93921166666667,43.218780555555554,267
142.93953916666666,43.21942611111111,268
142.93955222222223,43.21945,268
142.93955111111111,43.219449166666664,268
142.93976055555555,43.21983861111111,268
142.93989083333332,43.220122777777775,268
142.93996666666666,43.22038222222222,268
142.94000472222223,43.22073361111111,269
142.94011111111112,43.22101222222222,268
142.9401425,43.221048055555556,269
142.94042444444443,43.221415,268
142.94086694444445,43.221872777777776,266
142.94147694444445,43.22251833333333,265
142.94159944444445,43.22264527777778,265
142.9417361111111,43.222945833333334,265
142.94182722222223,43.2233625,266
142.9418122222222,43.22400833333333,267
142.94180444444444,43.22403972222222,268
142.94169805555555,43.22427805555556,267
142.94128555555557,43.22492361111111,265
142.94111083333334,43.225183055555554,264
142.94075916666668,43.22582972222222,267
142.9404238888889,43.226439444444445,271
142.93998888888888,43.227085,272
142.9395538888889,43.227731666666664,273
142.93951583333333,43.227786944444446,274
142.93926416666667,43.22819916666667,282
142.9392488888889,43.22822,282
142.93883666666667,43.22886527777778,285
142.9386075,43.22918527777778,286
142.93814972222222,43.22983194444444,288
142.93770055555555,43.23047777777778,290
142.9375777777778,43.23108722222222,297
142.9375777777778,43.2313575,296
142.93770055555555,43.231565833333335,298
142.93807361111112,43.23221138888889,305
142.9380661111111,43.232572777777776,308
142.9380586111111,43.23264861111111,309
142.93804333333333,43.23329527777778,314
142.9380277777778,43.233940555555556,319
142.9380277777778,43.234428888888885,319
142.93732583333335,43.235055,319
142.93719555555555,43.23510611111111,321
142.93622805555555,43.23545638888889,331
142.93591444444445,43.23571,327
142.93589166666666,43.23580222222222,327
142.93577027777778,43.236448055555556,331
142.93564722222223,43.23709361111111,335
142.93568527777776,43.237480833333336,336
142.93574694444445,43.23759277777778,336
142.93607472222223,43.238238333333335,335
142.93625055555555,43.23862972222222,342
142.93634166666666,43.23920472222222,346
142.93647944444444,43.239402222222225,344
142.9372725,43.23972361111111,344
142.93824138888888,43.24010972222222,343
142.9392102777778,43.24049611111111,343
142.94017916666667,43.240883333333336,342
142.94114805555554,43.24126416666667,342
142.94137694444444,43.241436944444445,342
142.94139972222223,43.2417125,342
142.9413,43.241935833333336,342
142.94104055555556,43.24209333333334,337
142.94073555555556,43.24236361111111,343
142.9403536111111,43.24259638888889,340
142.94028527777778,43.24292194444445,343
142.9401486111111,43.24312055555556,341
142.9395377777778,43.243695555555554,341
142.93934666666667,43.24398,336
142.93921,43.24445305555555,340
142.93924055555556,43.24479361111111,341
142.93924805555557,43.245109166666666,341
142.9391102777778,43.24543472222222,341
142.93881305555556,43.245734166666665,333
142.9386372222222,43.2462225,336
142.93841583333332,43.24686916666667,340
142.93838555555556,43.246990833333335,340
142.93824833333332,43.247637222222224,340
142.93799666666666,43.24809388888889,340
142.93766027777778,43.248602777777776,340
142.93754638888888,43.24888833333333,340
142.9375311111111,43.24904027777778,340
142.93750083333333,43.24968666666667,340
142.9374388888889,43.2500425,337
142.93707333333333,43.25067833333333,328
142.93643972222222,43.25129361111111,329
142.93597416666665,43.251827222222225,332
142.9359663888889,43.2518325,332
142.93536416666666,43.252478333333336,341
142.9347077777778,43.25312388888889,342
142.93441055555556,43.253409166666664,342
142.9340525,43.25405444444444,342
142.93401333333333,43.25412083333333,342
142.93325055555556,43.25467527777778,341
142.93291527777777,43.25499527777778,340
142.9325725,43.25564166666667,344
142.93252583333333,43.25571222222222,344
142.93201472222222,43.25625138888889,342
142.93174027777778,43.25662805555555,342
142.93147333333334,43.25727361111111,341
142.9312747222222,43.25772694444444,341
142.9307636111111,43.258270555555555,341
142.930565,43.25877944444444,343
142.92996277777777,43.25942472222222,343
142.92953527777777,43.25987722222222,344
142.92917722222222,43.26007583333333,343
142.92871166666666,43.26041222222222,342
142.92826916666667,43.26105777777778,344
142.928025,43.261408055555556,345
142.9277502777778,43.26157611111111,343
142.92720138888888,43.261916944444444,344
142.9266738888889,43.26211555555555,344
142.92656,43.26213611111111,343
142.92632361111112,43.26213611111111,336
142.92594944444446,43.26211555555555,336
142.92512583333334,43.26208944444444,337
142.92415694444443,43.26206444444445,338
142.92318805555556,43.26203944444445,339
142.9222188888889,43.26201361111111,340
142.92125027777777,43.2619925,341
142.92099083333332,43.262007777777775,350
142.92057861111113,43.26210972222222,351
142.9201977777778,43.262344166666665,352
142.91999166666668,43.2625275,352
142.91968666666668,43.26302027777778,354
142.91962583333333,43.26324916666667,354
142.91948055555557,43.263894444444446,356
142.919335,43.264541111111114,357
142.9192972222222,43.26477444444444,358
142.9192136111111,43.26542111111111,360
142.91912861111112,43.26606638888889,361
142.91907555555557,43.26662638888889,356
142.91903,43.26707888888889,357
142.91897666666668,43.26772444444445,358
142.91898444444445,43.26796861111111,357
142.9190602777778,43.26828444444445,356
142.91950305555557,43.268924166666665,358
142.9195411111111,43.2690675,357
142.9195411111111,43.26915861111111,358
142.9195411111111,43.26940833333333,349
142.91953305555555,43.27005388888889,346
142.91951805555556,43.270699444444446,344
142.91950277777778,43.27125916666667,342
142.91950277777778,43.27174194444444,354
142.91950277777778,43.271792777777776,356
142.91954083333334,43.27203166666666,357
142.91976222222223,43.272332222222225,353
142.9200138888889,43.27279,355
142.9200138888889,43.273019166666664,356
142.91962527777778,43.27366444444444,355
142.91962527777778,43.27392361111111,353
142.91978472222223,43.27457027777778,354
142.9199375,43.27514,355
142.92018944444445,43.275551388888886,353
142.92079916666665,43.27603972222222,351
142.92101277777778,43.27634444444445,338
142.92111277777778,43.27648222222222,332
142.9213488888889,43.2771275,336
142.92158555555557,43.27777444444445,340
142.92179833333333,43.27833861111111,344
142.92203472222224,43.27898416666667,346
142.9222713888889,43.279630555555556,349
142.92251555555555,43.280276111111114,352
142.9226225,43.28055611111111,353
142.92263777777777,43.281191944444444,356
142.92243166666665,43.28183777777778,359
142.92237083333333,43.28200555555556,360
142.92214944444444,43.282473333333336,362
142.92179805555554,43.28304833333333,364
142.92148555555556,43.28368416666667,367
142.92130194444445,43.284329444444445,370
142.92119583333334,43.28470055555555,372
142.9211652777778,43.285067222222224,373
142.92119583333334,43.28524,374
142.92127166666666,43.28588555555555,363
142.92133361111112,43.286297777777776,355
142.92145472222222,43.286943055555554,348
142.92148527777778,43.28709083333333,346
142.92163805555555,43.28773638888889,353
142.92171416666667,43.28801638888889,356
142.92185194444446,43.28834722222222,354
142.92243888888888,43.28899277777778,346
142.92247694444444,43.28903416666667,346
142.9228588888889,43.289546944444446,345
142.92306472222222,43.29003111111111,347
142.92306472222222,43.29067666666667,347
142.92307222222223,43.29094583333333,348
142.92326222222223,43.29134833333333,354
142.92382,43.291988333333336,357
142.92462083333334,43.292635,356
142.92506305555557,43.292990833333334,355
142.9252,43.29322416666667,355
142.9252075,43.293305555555555,356
142.92523888888888,43.29362111111111,354
142.9253225,43.294266944444445,351
142.9254136111111,43.29491361111111,349
142.92547444444443,43.295299722222225,347
142.92551333333333,43.2957575,345
142.92551333333333,43.29585388888889,347
142.92551333333333,43.29649972222222,347
142.92551333333333,43.296596111111114,347
142.9256122222222,43.29687083333334,350
142.92578777777777,43.2975175,354
142.92590916666666,43.29794916666667,356
142.92614583333332,43.29859472222222,354
142.92632166666667,43.29907305555555,352
142.92657333333332,43.299464722222226,353
142.92718277777777,43.30002916666667,345
142.92815166666668,43.30065944444444,346
142.92912083333334,43.30129111111111,346
142.9295711111111,43.301590555555556,347
142.93049416666668,43.30206361111111,346
142.93146305555555,43.30251611111111,345
142.93243194444443,43.30296972222222,345
142.93280611111112,43.3031475,345
142.93346916666667,43.303670555555556,343
142.93371333333334,43.30412388888889,345
142.93414833333333,43.304769444444446,347
142.93415611111112,43.30477916666667,347
142.9346975,43.30520666666666,346
142.93485055555556,43.30527305555555,345
142.9351475,43.30542055555556,345
142.93611638888888,43.305685277777776,346
142.9370475,43.30594472222222,347
142.9376725,43.30624944444445,344
142.93789388888888,43.30634611111111,343
142.9388625,43.306758333333335,340
142.93912194444445,43.306870277777776,339
142.93987694444445,43.30722611111111,342
142.9408461111111,43.307673055555554,346
142.94122027777777,43.30803,348
142.94149472222222,43.308431666666664,349
142.9416325,43.3090725,351
142.9417463888889,43.30961083333333,350
142.94181472222223,43.309916666666666,350
142.941945,43.3105625,351
142.94203611111112,43.31079666666667,351
142.9425938888889,43.31122305555556,354
142.94327166666667,43.31167666666666,352
142.94424055555555,43.31231694444445,350
142.94520972222222,43.31295277777778,348
142.9453247222222,43.31307972222222,348
142.94545333333335,43.31359805555556,349
142.94560638888888,43.31424472222222,350
142.94575944444443,43.31489055555556,352
142.9459113888889,43.31553611111111,353
142.94606444444443,43.316182777777776,355
142.9462086111111,43.316828055555554,356
142.94630833333332,43.317346666666666,354
142.94627027777778,43.31753,355
142.94605638888888,43.318018333333335,353
142.94585777777777,43.31856194444445,354
142.94586555555554,43.31908611111111,354
142.94587305555555,43.3197325,354
142.94587305555555,43.32037805555556,354
142.94585027777777,43.320465,354
142.9457438888889,43.321110555555556,355
142.94560611111112,43.321385,355
142.9452861111111,43.32203055555556,355
142.94525583333333,43.32250361111111,355
142.94526333333334,43.32253388888889,355
142.94536944444445,43.32318055555555,356
142.94547555555556,43.32382611111111,356
142.94558305555555,43.32447194444445,356
142.94568944444444,43.325118333333336,356
142.94579694444445,43.325763888888886,356
142.94583472222223,43.326074166666665,357
142.94589555555555,43.32671972222222,360
142.94595611111112,43.32736555555555,362
142.94601805555556,43.32801194444444,365
142.94601805555556,43.32831138888889,365
142.94601805555556,43.32895805555555,366
142.94601805555556,43.32960361111111,367
142.94601805555556,43.33024916666667,368
142.94601805555556,43.33089583333334,369
142.94601777777777,43.33154138888889,370
142.94601777777777,43.332186944444445,371
142.94601777777777,43.33283361111111,368
142.94601,43.33305166666667,367
142.94601,43.333641666666665,367
142.94601,43.33399222222222,366
142.94601777777777,43.33452166666667,366
142.9460327777778,43.334669166666664,366
142.9460936111111,43.334938333333334,365
142.94618472222223,43.33514666666667,364
142.94633027777778,43.335411388888886,363
142.9465436111111,43.33580333333333,365
142.94670305555556,43.33609277777778,367
142.9470472222222,43.33673944444445,369
142.94739,43.337385,371
142.94774166666667,43.338030555555555,374
142.94809166666667,43.33867611111111,376
142.94812972222223,43.3387425,376
142.9482827777778,43.33924138888889,373
142.94829027777777,43.33986194444444,372
142.94819166666667,43.3405075,373
142.94809166666667,43.34115305555556,375
142.94799305555554,43.34179972222222,376
142.947955,43.34204388888889,377
142.94787805555555,43.34222638888889,376
142.94724527777777,43.34287277777778,377
142.94661166666666,43.343518333333336,379
142.94597777777778,43.344163888888886,380
142.9453452777778,43.344810277777775,381
142.94470388888888,43.34545583333333,383
142.94406361111112,43.34610138888889,384
142.94365888888888,43.34650805555555,385
142.9428961111111,43.347155,384
142.94213333333335,43.34780055555556,383
142.9416527777778,43.34820722222222,382
142.94141611111112,43.34846638888889,382
142.94104166666668,43.349111944444445,382
142.9406686111111,43.349758888888886,382
142.94029416666666,43.350404166666664,382
142.93998166666665,43.350928333333336,383
142.93955416666665,43.351573888888886,385
142.9395313888889,43.35159888888889,386
142.93875333333332,43.35210194444444,388
142.93778444444445,43.352585833333336,387
142.93681555555557,43.353074166666666,386
142.93584638888888,43.35356222222222,386
142.93553722222222,43.35371833333333,386
142.9355361111111,43.35371833333333,386
142.9348775,43.35405055555555,385
142.93483194444445,43.35407555555555,385
142.93386305555555,43.35463,386
142.93289388888888,43.35518416666667,388
142.93192527777776,43.355738611111114,389
142.9309563888889,43.356293055555554,390
142.93007083333333,43.35680611111111,392
142.92962944444446,43.356943888888885,390
142.92928527777778,43.35690805555556,386
142.9283163888889,43.35652722222222,390
142.92803416666666,43.35641,391
142.92772944444445,43.356389444444446,391
142.92748527777778,43.35648055555556,391
142.9265163888889,43.35702527777778,391
142.9255475,43.35756972222222,392
142.92457861111112,43.35811861111111,392
142.92365527777778,43.358642777777774,392
142.92314416666667,43.358936666666665,392
142.92217527777777,43.35948666666667,392
142.9212061111111,43.360035555555555,392
142.92023722222223,43.36058472222222,393
142.91926833333332,43.361133611111114,393
142.91884083333332,43.36134305555556,392
142.91862694444444,43.36145916666667,392
142.91765805555556,43.36198861111111,393
142.9169725,43.36213055555555,393
142.91649944444444,43.36216638888889,394
142.91553055555556,43.3622325,396
142.9145613888889,43.362298611111115,399
142.9135925,43.362359444444444,401
142.91296666666668,43.362455833333335,402
142.91283,43.36249166666666,402
142.9118611111111,43.36274138888889,403
142.91152472222223,43.36282277777778,403
142.91055583333332,43.36305138888889,404
142.90958666666666,43.363275,404
142.90861777777778,43.36349833333333,405
142.90800055555556,43.3637025,405
142.90703166666665,43.364016944444444,405
142.9064977777778,43.36427166666667,406
142.90600944444444,43.3646125,408
142.9050861111111,43.36525805555556,412
142.9041475,43.36590361111111,412
142.90321666666668,43.366550277777776,412
142.90244611111112,43.36691583333333,413
142.90158472222222,43.36720555555556,414
142.90115722222222,43.367449722222226,415
142.9006611111111,43.36770472222222,417
142.900455,43.36784111111111,417
142.8994863888889,43.36846722222222,415
142.8985175,43.36908777777778,413
142.89847194444445,43.36911833333333,413
142.8975561111111,43.36976388888889,414
142.897045,43.37037888888889,415
142.89689944444444,43.37065861111111,416
142.89657944444446,43.37130444444445,418
142.89626694444445,43.37195111111111,420
142.89595416666666,43.37259638888889,422
142.89584666666667,43.37306944444445,422
142.89571777777778,43.373715,423
142.895595,43.374361944444445,423
142.8954736111111,43.37500722222222,422
142.89535083333334,43.37565277777778,422
142.89522944444445,43.37629944444444,422
142.8951675,43.376598888888886,422
142.8950461111111,43.377244166666664,422
142.89492333333334,43.37789111111111,423
142.89487,43.37813944444444,423
142.894565,43.37878611111111,425
142.89426,43.37943138888889,426
142.89394666666666,43.38007722222222,428
142.89363416666666,43.38072388888889,429
142.89332166666668,43.381369444444445,431
142.89300916666667,43.38201472222222,433
142.89269555555555,43.38266138888889,434
142.8926575,43.38272777777778,434
142.89240583333333,43.38337333333333,433
142.89238305555557,43.38341888888889,433
142.89214638888888,43.38378027777778,432
142.89126861111112,43.38442555555555,430
142.89039194444445,43.38507222222222,428
142.8895063888889,43.38571777777778,425
142.8886225,43.386363055555556,423
142.88846944444444,43.386470555555555,423
142.88807222222223,43.38667888888889,424
142.88760666666667,43.38696861111111,424
142.8871575,43.387614166666665,424
142.8869361111111,43.387929722222225,425
142.8867225,43.38838777777778,425
142.886425,43.38903333333333,426
142.88612666666666,43.38967888888889,427
142.88582944444445,43.39032527777778,428
142.88553194444444,43.390970833333334,429
142.88523444444445,43.391616666666664,430
142.8849436111111,43.39226333333333,431
142.8846538888889,43.39290861111111,432
142.88436416666667,43.39355416666667,433
142.88407444444445,43.394200833333336,434
142.883785,43.39484638888889,435
142.88349527777777,43.395491944444444,436
142.8831588888889,43.39606694444444,437
142.88279305555557,43.39629583333333,438
142.8826097222222,43.396413055555556,438
142.88249472222222,43.39648361111111,438
142.8815261111111,43.39707888888889,438
142.88139694444445,43.39716027777778,438
142.88099222222223,43.397444722222225,439
142.88057333333333,43.398091388888886,440
142.88014583333333,43.398736944444444,440
142.8798713888889,43.399143611111114,440
142.8794286111111,43.399789166666665,441
142.87898583333333,43.400435,442
142.87853555555554,43.40108166666667,443
142.87832944444443,43.40137638888889,444
142.87811666666667,43.40202194444444,444
142.87789527777778,43.40266777777778,445
142.87781083333334,43.40291194444445,445
142.877315,43.40355861111111,448
142.87726944444444,43.40360805555556,448
142.876705,43.40425472222222,449
142.87655972222223,43.40441222222222,449
142.8763686111111,43.40470722222222,449
142.8763686111111,43.40488527777778,449
142.87662805555556,43.40553083333333,450
142.87688722222222,43.40617722222222,452
142.87697944444446,43.40638555555556,453
142.87700972222223,43.40673611111111,456
142.87687194444445,43.406934722222225,457
142.8765061111111,43.407560833333335,457
142.87643027777779,43.4079775,457
142.87649861111112,43.40846,457
142.8767125,43.409106666666666,459
142.87692611111112,43.409752222222224,462
142.87709333333333,43.41025027777778,464
142.87743694444444,43.410896944444445,465
142.8777875,43.4115425,465
142.8779175,43.41177666666667,465
142.87797833333335,43.41194388888889,464
142.87804666666668,43.412172777777776,460
142.87805444444444,43.412315,458
142.87809222222222,43.41285972222222,470
142.8781161111111,43.41307333333334,472
142.87820722222222,43.41368305555556,476
142.8783061111111,43.41415611111111,476
142.8783363888889,43.41424277777778,476
142.87852722222223,43.41488861111111,476
142.87871055555556,43.41553527777778,476
142.87872583333333,43.41556555555555,476
142.87889388888888,43.41621083333333,474
142.87887111111112,43.41650611111111,476
142.8787788888889,43.41675027777778,482
142.878245,43.41726888888889,485
142.8775961111111,43.41791444444444,488
142.877505,43.41805222222222,492
142.8774975,43.41819,495
142.8776188888889,43.418367777777775,495
142.8780313888889,43.418708333333335,496
142.87819194444444,43.418926666666664,503
142.87830583333334,43.419125,502
142.87829833333333,43.41977083333333,502
142.87829055555557,43.420091944444444,503
142.87816916666668,43.42024388888889,506
142.87732916666667,43.420655833333335,505
142.87659694444446,43.42113444444445,507
142.87578083333332,43.421774722222224,507
142.8755975,43.42206,506
142.87548361111112,43.42228361111111,506
142.8752925,43.422405,505
142.87501055555555,43.4225175,506
142.87485777777778,43.422665277777774,504
142.87449194444446,43.423275,508
142.87435416666668,43.423458333333336,509
142.87411,43.42361555555556,514
142.87359138888888,43.423748055555556,512
142.8732713888889,43.42385,511
142.87264527777776,43.42410944444445,515
142.87227194444444,43.424149166666666,517
142.87157,43.42406777777778,513
142.87115805555555,43.42404305555556,514
142.87076833333333,43.424058055555555,519
142.86979944444445,43.42415472222222,521
142.86937305555554,43.42420027777778,522
142.8690288888889,43.424413888888886,524
142.86871638888888,43.42451611111111,524
142.86774777777777,43.42457666666667,527
142.86757972222222,43.424591944444444,527
142.86685472222223,43.424505277777776,534
142.8664588888889,43.42449,534
142.86626777777778,43.42454083333333,531
142.86555805555557,43.42492277777778,534
142.8651461111111,43.42511583333334,533
142.86455916666668,43.42525805555555,536
142.86409361111112,43.42543166666667,537
142.86338388888888,43.425655,537
142.862415,43.425776666666664,541
142.86144638888888,43.42589916666667,546
142.86124777777778,43.42592416666667,547
142.86104277777778,43.426046666666664,548
142.86099611111112,43.426265,548
142.8610275,43.42691138888889,556
142.861035,43.42699694444445,557
142.8614536111111,43.42764361111111,558
142.86146888888888,43.42765888888889,558
142.8617825,43.427841111111114,560
142.86254527777777,43.42844222222222,562
142.86287277777777,43.42853888888889,561
142.8634686111111,43.428558333333335,564
142.86356722222223,43.428579166666665,564
142.8643602777778,43.428756944444444,570
142.86532916666667,43.428849166666666,572
142.86583277777777,43.42889916666667,573
142.8660236111111,43.42894027777778,575
142.86634333333333,43.42916388888889,576
142.86651916666668,43.429479722222226,584
142.86658,43.429921944444445,586
142.86661805555556,43.430567777777775,587
142.86665694444446,43.43121333333333,588
142.866695,43.43186,589
142.86671777777778,43.43224611111111,589
142.86664944444445,43.43289166666667,594
142.86661027777777,43.4332475,597
142.86667972222222,43.43359916666667,602
142.8668861111111,43.43422388888889,604
142.86710638888889,43.43482916666667,611
142.86706055555555,43.43519611111111,616
142.86704527777778,43.435475,617
142.86730444444444,43.435856944444446,615
142.86764083333333,43.436502222222224,618
142.8676788888889,43.43657388888889,618
142.8679838888889,43.437219444444445,622
142.8682886111111,43.437865,627
142.86837333333332,43.438027777777776,628
142.86834194444444,43.43841944444444,629
142.86840333333333,43.43878055555555,634
142.86868555555554,43.43942722222222,638
142.86871583333334,43.4394825,639
142.86871583333334,43.439864444444446,645
142.8686325,43.440194444444444,650
142.86818222222223,43.44084111111111,657
142.867785,43.441405,663
142.86764055555557,43.44170555555556,664
142.86748777777777,43.44235111111111,670
142.8673963888889,43.4427125,674
142.86722083333333,43.44315388888889,680
142.8668463888889,43.443800555555555,689
142.86647305555556,43.44444611111111,698
142.8662213888889,43.4448625,704
142.86612166666666,43.44515333333333,705
142.8660911111111,43.44545277777778,712
142.86616833333332,43.44560583333333,716
142.86629722222222,43.445819722222225,714
142.8665036111111,43.44613,717
142.86669444444445,43.4462625,718
142.8668311111111,43.44632305555555,717
142.86699166666668,43.44628194444444,718
142.86706027777777,43.44617,719
142.8669688888889,43.44593694444445,722
142.8669688888889,43.44576333333333,723
142.86700694444446,43.44560583333333,723
142.8673347222222,43.44530527777778,727
142.8681136111111,43.44466,734
142.86828083333333,43.444522222222226,736
142.86882972222222,43.4439125,733
142.8690825,43.44370416666667,736
142.86943277777777,43.443505555555554,735
142.8697075,43.44340361111111,735
142.86995916666666,43.44338861111111,734
142.87018055555555,43.44351527777778,734
142.870455,43.44383111111111,739
142.87063083333334,43.443963333333336,743
142.87080666666665,43.44401861111111,744
142.87115722222222,43.444029444444446,749
142.87190444444445,43.44397305555555,746
142.87219416666667,43.4439225,747
142.87240777777777,43.44385611111111,746
142.87290388888889,43.44336361111111,753
142.87317833333333,43.443220277777776,752
142.87352222222222,43.44320527777778,754
142.87366666666668,43.44324638888889,756
142.87386527777778,43.443418888888885,756
142.87410166666666,43.444065555555554,754
142.87410916666667,43.44408083333333,754
142.87454416666668,43.44472611111111,756
142.87466555555557,43.44490416666667,757
142.87466555555557,43.44509722222222,762
142.8745213888889,43.445453055555554,762
142.87405583333333,43.4461,762
142.87384194444445,43.44639388888889,762
142.87323972222222,43.44704027777778,762
142.87307916666666,43.447203055555555,763
142.87249138888888,43.447589444444446,765
142.8715388888889,43.448234722222224,765
142.87146944444444,43.448280277777776,765
142.87115694444444,43.44848972222222,764
142.8707825,43.44873833333333,763
142.87034083333333,43.44898777777778,770
142.86992083333334,43.44918083333334,774
142.8698222222222,43.44929805555556,775
142.8697222222222,43.44950638888889,775
142.86963111111112,43.44974527777778,775
142.86960833333333,43.450136666666666,778
142.86965388888888,43.45026472222222,777
142.86973,43.450361111111114,777
142.8698525,43.45046222222222,776
142.87013472222222,43.450584722222224,779
142.87072916666668,43.45081916666667,773
142.8710188888889,43.45097638888889,772
142.87115694444444,43.45112833333334,773
142.87145388888888,43.451393055555556,774
142.87204194444445,43.45173916666667,776
142.87223194444445,43.451795555555556,767
142.87246833333333,43.45178472222222,764
142.87295666666665,43.45167861111111,760
142.87327027777778,43.45167861111111,760
142.87374333333332,43.451769722222224,753
142.8740175,43.451769722222224,753
142.8742313888889,43.45174472222222,754
142.87455916666667,43.451663333333336,751
142.87495611111112,43.451663333333336,750
142.8752838888889,43.45171861111111,753
142.8756647222222,43.45181083333333,752
142.8758936111111,43.45181083333333,752
142.87629083333334,43.45178472222222,749
142.87725944444443,43.451820833333336,743
142.87754166666667,43.45183611111111,741
142.87779333333333,43.451922777777774,739
142.87791583333333,43.452055,736
142.87796916666667,43.4522025,734
142.87803,43.452710277777776,732
142.87811444444444,43.45292944444444,725
142.8782588888889,43.45312805555555,724
142.87870916666665,43.453646666666664,721
142.87908222222222,43.45395166666667,714
142.87912888888889,43.45406333333333,714
142.8791061111111,43.454211111111114,714
142.87895305555554,43.45448555555556,708
142.87893027777778,43.45461777777778,707
142.87898333333334,43.454795555555556,705
142.87905166666667,43.45491277777778,705
142.87904416666666,43.45500388888889,704
142.87896833333335,43.455085277777776,703
142.8788152777778,43.455151388888886,704
142.878495,43.4552025,707
142.87828888888887,43.4552025,708
142.87819027777778,43.455304444444444,704
142.87822805555555,43.45544666666667,701
142.87844194444443,43.45560388888889,697
142.878495,43.45569611111111,694
142.878495,43.45585361111111,696
142.8785711111111,43.45597083333333,695
142.87869361111112,43.456046666666666,695
142.8788075,43.456118333333336,692
142.87884666666667,43.45623,692
142.87884666666667,43.456428611111114,693
142.87889222222222,43.456535,695
142.8791061111111,43.456672777777776,692
142.87916666666666,43.45676388888889,693
142.87912111111112,43.45686027777778,693
142.8789911111111,43.45693722222222,693
142.87865555555555,43.4569775,695
142.87848,43.45706416666667,695
142.87835833333332,43.45720083333333,695
142.87830416666668,43.45733861111111,694
142.87832694444444,43.457501388888886,694
142.87851777777777,43.45784222222222,683
142.8785711111111,43.45795944444444,684
142.8785711111111,43.45829472222222,685
142.87854055555556,43.458376111111114,685
142.8783963888889,43.458468333333336,682
142.8780827777778,43.45856916666666,677
142.87779305555554,43.4587275,674
142.87738944444445,43.459026944444446,673
142.87719083333334,43.45912888888889,672
142.87693916666666,43.45922,669
142.87642055555557,43.4593675,663
142.87558083333334,43.45950972222222,665
142.8753063888889,43.45957583333333,667
142.87439055555555,43.45988611111111,662
142.8742311111111,43.45991222222222,663
142.8739402777778,43.45987638888889,662
142.87336833333333,43.459693055555555,663
142.87288027777777,43.45967777777778,665
142.87262083333334,43.45970388888889,663
142.87246777777779,43.45975388888889,664
142.87225555555557,43.459896666666666,663
142.8720188888889,43.46001833333333,662
142.87185833333334,43.46017138888889,661
142.87135472222224,43.460791944444445,663
142.8711563888889,43.46097972222222,665
142.8708436111111,43.461193333333334,663
142.87068305555556,43.46122916666667,666
142.87037833333332,43.46122916666667,666
142.87027083333334,43.461244444444446,667
142.86995833333333,43.46139194444444,664
142.86947777777777,43.461645555555556,665
142.86925638888889,43.461711944444446,665
142.8682875,43.46168138888889,665
142.86823444444445,43.46167611111111,665
142.8681813888889,43.46167166666667,665
142.86721222222224,43.46165638888889,671
142.86624333333333,43.461645555555556,676
142.8661522222222,43.46165111111111,676
142.86518361111112,43.46166083333333,680
142.8650761111111,43.46169666666667,681
142.8644563888889,43.461891944444446,683
</coordinates>
</LineString>
</Placemark>
</Document>
</kml>
