<?xml version="1.0" encoding="UTF-8"?>
<kml xmlns="http://www.opengis.net/kml/2.2" xmlns:atom="http://www.w3.org/2005/Atom">
<Document>
<name>夏合宿4日目1</name>
<atom:author>
<atom:name>早稲田大学サイクリングクラブ（WCC）</atom:name>
</atom:author> 
<atom:link href="https://latlonglab.yahoo.co.jp/route/watch?id=d25b7c0cece16360e64ec2999187de21" />
<description><![CDATA[]]></description>
<tags><![CDATA[]]></tags>  
<Placemark>
<Style>
<LineStyle>
<color>99ff0000</color>
<width>6</width>
</LineStyle>
</Style>
<LineString>
<coordinates>
143.0277213888889,42.6679425,241
143.02760111111112,42.66791972222222,242
143.02734916666665,42.667879722222224,241
143.02665472222222,42.6677625,241
143.026365,42.667701666666666,241
143.02611333333334,42.667635555555556,241
143.0259147222222,42.66755416666667,242
143.02555583333333,42.66739666666667,242
143.0254038888889,42.667335,243
143.02512944444445,42.667253611111114,245
143.02499166666666,42.66722861111111,247
143.0248311111111,42.66722861111111,248
143.02461722222222,42.667253611111114,247
143.02448055555556,42.66726833333333,247
143.02374055555555,42.66743666666667,248
143.02365694444444,42.66746277777778,248
143.02354194444445,42.667451944444444,249
143.02344333333335,42.667411666666666,249
143.02290083333332,42.66717194444445,250
143.0227563888889,42.66717722222222,250
143.0224127777778,42.66733472222222,250
143.02211555555556,42.66746277777778,250
143.02196361111112,42.66746694444444,251
143.02189416666667,42.66730416666667,251
143.02153611111112,42.6668725,252
143.02100222222222,42.666225833333336,252
143.0204675,42.66558027777778,253
143.02035361111112,42.66542833333333,253
143.01978166666666,42.664878333333334,253
143.01947583333333,42.664654722222224,252
143.01896472222222,42.664385555555555,252
143.01863694444444,42.664253333333335,252
143.01843083333333,42.664145833333336,252
143.01816416666668,42.663943055555556,252
143.01813388888888,42.663916944444445,252
143.01736333333332,42.66327138888889,252
143.01689777777779,42.662930555555555,254
143.01602027777778,42.662285,258
143.01515111111112,42.661638333333336,261
143.01448722222221,42.661251944444444,261
143.01351833333334,42.66069777777778,261
143.01336555555557,42.660535,260
143.01330472222222,42.66037222222222,260
143.01348055555556,42.66033638888889,258
143.0137777777778,42.66020416666667,254
143.0142813888889,42.659914444444446,254
143.01447972222223,42.6598025,255
143.01475444444443,42.65974722222222,257
143.01528027777778,42.65973638888889,256
143.01600527777777,42.65979277777778,253
143.01634166666668,42.659817777777775,251
143.01708916666666,42.65991972222222,252
143.0177825,42.66006194444444,257
143.0187511111111,42.66041361111111,256
143.01972027777776,42.66076388888889,256
143.02068888888888,42.66112,256
143.0216577777778,42.661475833333334,255
143.02241305555555,42.66175583333333,255
143.02311472222223,42.66231027777778,252
143.0240838888889,42.66273777777778,255
143.02416833333334,42.66277777777778,255
143.02464916666668,42.662996944444444,255
143.02561777777777,42.66342888888889,255
143.02595305555556,42.66357222222222,254
143.02692194444444,42.66397361111111,253
143.0278911111111,42.66437083333334,251
143.02818055555556,42.664522777777776,251
143.02860027777777,42.66473638888889,251
143.0287988888889,42.664838333333336,250
143.02970611111112,42.66533638888889,249
143.03067472222222,42.665866111111114,248
143.03164361111112,42.66639444444444,247
143.0326125,42.66692388888889,246
143.03358138888888,42.667452222222224,245
143.03455027777778,42.66797611111111,244
143.03498527777776,42.66820527777778,243
143.03595416666667,42.668708611111114,242
143.0369227777778,42.66921194444444,241
143.03707472222223,42.669288055555555,241
143.03788416666666,42.66970583333333,241
143.03885305555556,42.67020388888889,242
143.03820416666667,42.67084944444444,239
143.0378613888889,42.67118583333333,237
143.03764777777778,42.67146972222222,237
143.03758694444446,42.671577222222226,238
143.03754027777777,42.67178027777778,239
143.0374111111111,42.672426944444446,235
143.03727305555554,42.6730725,231
143.0372502777778,42.67316916666667,230
143.03712861111111,42.673784166666664,230
143.03711361111112,42.673946944444445,233
143.03712861111111,42.674079166666665,234
143.03718944444444,42.67416055555555,235
143.03735,42.67420055555556,234
143.03831888888888,42.67433888888889,233
143.0385163888889,42.674369166666665,232
143.03948527777777,42.67454722222222,233
143.04003527777778,42.67465444444444,234
143.0404161111111,42.67473583333334,231
143.04107277777777,42.67494416666667,231
143.04189583333334,42.67558972222222,232
143.04201083333334,42.67567666666667,232
143.04237666666666,42.67598666666667,232
143.0426977777778,42.67631222222222,232
143.04284972222223,42.67651083333333,232
143.04317722222223,42.67696333333333,231
143.04358944444445,42.67760888888889,231
143.04400166666667,42.67825444444444,230
143.04441416666666,42.67890111111111,230
143.044825,42.679546944444446,229
143.0452375,42.680192222222225,229
143.0456497222222,42.680838888888886,229
143.04606055555556,42.68148444444444,228
143.04647305555557,42.68213,228
143.0468852777778,42.68277666666667,227
143.0472963888889,42.68342222222222,227
143.0477161111111,42.68406777777778,226
143.04813611111112,42.684714444444445,226
143.04838777777778,42.68510083333334,225
143.0488,42.68574638888889,223
143.0492111111111,42.686391944444445,221
143.04962361111112,42.687038333333334,219
143.05003555555555,42.68768388888889,217
143.05044666666666,42.68832972222222,215
143.05085916666667,42.68897638888889,213
143.0512713888889,42.68962194444445,211
143.05128666666667,42.689637222222224,211
143.05156083333333,42.69003388888889,211
143.0516597222222,42.690176111111114,211
143.0518886111111,42.69043555555555,211
143.05213277777779,42.69058305555556,211
143.0524225,42.69070027777778,210
143.0526211111111,42.69077611111111,210
143.05358972222223,42.69114305555556,207
143.0545586111111,42.69150305555556,205
143.0547875,42.69166583333333,204
143.05483305555555,42.691716944444444,204
143.05536666666666,42.69236361111111,202
143.05590166666667,42.69300916666667,201
143.0561761111111,42.69338583333333,197
143.05624444444445,42.69358444444445,195
143.05632055555554,42.69401055555556,193
143.05632805555555,42.6941125,193
143.05635833333332,42.69475805555555,190
143.05638222222223,42.69540472222222,190
143.0564125,42.69605027777778,190
143.05643527777778,42.696441944444445,190
143.0565263888889,42.69672611111111,190
143.05691583333333,42.69737277777778,190
143.0570375,42.69756611111111,191
143.05741166666667,42.698211666666666,190
143.0576861111111,42.698675,190
143.0579225,42.699081944444444,190
143.05815916666666,42.69949277777778,190
143.05853222222223,42.700139444444446,192
143.05891416666665,42.700785,194
143.0592961111111,42.70143083333333,197
143.0593947222222,42.701593611111115,197
143.05958583333333,42.70190916666667,198
143.05978305555556,42.702243055555556,198
143.05978416666667,42.70224527777778,198
143.05996638888888,42.702554444444445,199
143.06034833333334,42.703201388888886,200
143.06045472222223,42.70337388888889,200
143.06083666666666,42.70401944444444,200
143.0612172222222,42.70466611111111,200
143.06159916666667,42.70531138888889,200
143.0619722222222,42.705956944444445,200
143.06214805555555,42.70607416666667,200
143.06311694444443,42.70670027777778,199
143.06408583333334,42.70732527777778,198
143.0645888888889,42.707656388888886,197
143.06555805555556,42.70829222222222,196
143.06652666666668,42.7089225,196
143.06749555555555,42.70955277777778,195
143.06846416666667,42.710184166666664,194
143.06943333333334,42.710814722222224,194
143.0704022222222,42.711439722222224,192
143.07137083333333,42.712065833333334,190
143.07234,42.712696111111114,188
143.07330861111112,42.71332666666667,185
143.0742775,42.71395777777778,183
143.0748338888889,42.71432361111111,182
143.0749413888889,42.71438972222222,183
143.07494888888888,42.714395,183
143.0758788888889,42.71504083333333,187
143.07635944444445,42.71550833333333,184
143.07661861111112,42.715824166666664,182
143.0766425,42.715849166666665,183
143.0771611111111,42.71649583333333,183
143.07767972222223,42.71714138888889,184
143.07819805555556,42.71778666666667,184
143.07870916666667,42.71843333333333,185
143.07967805555555,42.71801166666667,179
143.0806472222222,42.71758944444444,174
143.08161583333333,42.71716638888889,168
143.08226472222222,42.716882222222225,166
143.0832336111111,42.71646027777778,164
143.08340083333334,42.716384444444444,164
143.08436972222222,42.715962222222224,162
143.0853386111111,42.715539166666666,161
143.0863075,42.715117222222226,160
143.08657444444444,42.71499583333333,161
143.08754333333334,42.71456805555555,163
143.08787972222223,42.71442611111111,164
143.08841361111112,42.71418722222222,166
143.0893825,42.713765555555554,170
143.09035111111112,42.713342222222224,173
143.09093166666668,42.71308944444444,175
143.09093166666668,42.71308944444444,175
143.09132027777778,42.712920277777776,176
143.09228916666666,42.712498333333336,180
143.09325805555557,42.71207638888889,183
143.09422666666666,42.71165416666667,187
143.09519583333332,42.7112325,190
143.09616472222223,42.710810277777775,193
143.0971336111111,42.710388333333334,194
143.0981013888889,42.70996638888889,194
143.09907027777777,42.70954444444445,194
143.10003916666668,42.70912222222222,194
143.10100805555555,42.70870055555555,194
143.10197694444443,42.70827833333333,194
143.1020311111111,42.70825222222222,195
143.10206916666667,42.70823277777778,195
143.10303805555554,42.70780972222222,195
143.10400694444445,42.707387777777775,196
143.1049761111111,42.706965555555556,196
143.10594472222223,42.70654361111111,197
143.1069136111111,42.70612166666667,197
143.1078825,42.70569972222222,197
143.10883527777779,42.7052775,198
143.10980416666666,42.70485027777778,198
143.11077305555557,42.70442833333333,198
143.11174194444445,42.70400611111111,198
143.11271083333332,42.703584166666666,198
143.11368,42.703162222222225,199
143.114115,42.70296916666667,199
143.11483194444443,42.7025775,199
143.115305,42.70222694444445,198
143.1159311111111,42.70158055555556,199
143.1163877777778,42.70111277777778,199
143.11697611111111,42.70048666666667,196
143.1175477777778,42.69984138888889,195
143.11811972222222,42.699195833333334,194
143.11870027777778,42.69855027777778,193
143.11927972222222,42.69790388888889,192
143.11937944444443,42.6977975,192
143.11967666666666,42.69748722222222,191
143.11980583333334,42.69737972222222,191
143.11989055555554,42.69730361111111,191
143.1200425,42.697201666666665,192
143.12079,42.69692722222222,191
143.12117972222222,42.696779722222225,192
143.1221486111111,42.69642944444445,193
143.12301861111112,42.69611361111111,193
143.1239875,42.695752222222225,193
143.1249552777778,42.6953925,193
143.12592444444445,42.69502555555555,194
143.12689333333333,42.69466,194
143.1270311111111,42.69460361111111,194
143.12799222222222,42.69430305555556,194
143.1282136111111,42.694221666666664,194
143.12911416666665,42.6939225,195
143.1296175,42.69456805555556,195
143.12971638888888,42.69468527777778,195
143.12988777777778,42.694925833333336,203
143.12988666666666,42.694924722222225,194
143.1301513888889,42.69529583333333,194
143.1305863888889,42.69594138888889,193
143.13083055555555,42.6962875,192
143.13086833333332,42.696353888888886,192
143.13114305555555,42.69677055555555,191
143.13146305555554,42.69724361111111,191
143.13214222222223,42.69819388888889,190
143.1329125,42.69916055555556,188
143.13381305555555,42.700426944444445,188
143.1343388888889,42.70117,187
143.134415,42.70127111111111,187
143.13498777777778,42.70211055555556,186
143.13504111111112,42.70218666666667,186
143.13546861111112,42.702843055555554,185
143.13555222222223,42.70298527777778,185
143.1360175,42.703630833333335,185
143.13766555555554,42.70590472222222,182
143.1383661111111,42.70684555555555,180
143.13893916666666,42.70761805555556,180
143.1390377777778,42.70776138888889,180
143.14083888888888,42.71042055555556,175
143.14369861111112,42.71434138888889,172
143.14411083333334,42.71492638888889,172
143.14453833333334,42.71546027777778,172
143.14847444444445,42.71921972222222,168
143.15068666666667,42.72137,165
143.1509763888889,42.721695555555556,165
143.15115194444445,42.72192,165
143.15133527777778,42.722225,165
143.1519375,42.72372527777778,165
143.15383694444444,42.728449166666664,160
143.15453888888888,42.73016888888889,155
143.15506472222222,42.73144472222222,156
143.1553622222222,42.73233972222222,156
143.15659,42.737674444444444,152
143.15779472222223,42.742959444444445,150
143.15858055555555,42.74308111111111,150
143.15954944444445,42.743228611111114,151
143.16051805555554,42.74337611111111,151
143.16148694444445,42.74352388888889,151
143.1612961111111,42.744169444444445,150
143.16113666666666,42.74469,150
143.16113777777778,42.74468777777778,150
143.1610986111111,42.744815833333334,150
143.16105944444445,42.744933055555556,149
143.16098333333332,42.745425555555556,148
143.16096055555556,42.746072222222224,148
143.16093,42.746718055555554,147
143.1609225,42.746788611111114,147
143.16086166666668,42.74711361111111,148
143.16064055555555,42.74776055555556,147
143.16041916666666,42.74840611111111,147
143.1603963888889,42.74847222222222,146
143.16022055555555,42.749117777777776,146
143.16003722222223,42.749764166666665,145
143.1598852777778,42.750301388888886,145
143.1598852777778,42.750298055555554,145
143.15985361111112,42.75041,144
143.15967111111112,42.75105555555555,144
143.15948777777777,42.75170222222222,143
143.15930444444444,42.7523475,142
143.15924361111112,42.752540833333335,142
143.15909833333333,42.75318638888889,142
143.15906027777777,42.753324166666665,142
143.15887694444444,42.75396972222222,141
143.15869472222224,42.75461611111111,141
143.15851111111112,42.75526166666667,140
143.15832777777777,42.7559075,140
143.15814444444445,42.75655305555556,139
143.1579622222222,42.757199444444446,138
143.15777888888888,42.757845,138
143.15759527777777,42.758490555555554,137
143.15741166666666,42.7591375,136
143.15722194444444,42.75978277777778,136
143.15703083333332,42.76042833333333,135
143.15700055555556,42.760530277777775,135
143.1562225,42.76069861111111,134
143.15646666666666,42.76134416666667,134
143.15671083333334,42.761989444444445,133
143.156955,42.762636111111114,133
143.1571988888889,42.763281666666664,133
143.15725972222222,42.763441388888886,132
143.1572586111111,42.763439166666664,132
143.15744305555555,42.7639275,132
143.15769472222223,42.76457416666667,132
143.1579463888889,42.76521944444445,131
143.15806027777776,42.765503611111114,131
143.1581752777778,42.765794444444445,131
143.15841916666668,42.76644,130
143.15866333333332,42.76708583333333,130
143.1589075,42.76773222222222,129
143.15915166666667,42.76837777777778,129
143.15938805555555,42.76902333333334,128
143.15962444444443,42.76967,128
143.15986,42.770315833333335,127
143.16010416666666,42.77096111111111,127
143.16034805555554,42.77160666666666,127
143.16059222222222,42.77225333333333,126
143.1608361111111,42.77289888888889,126
143.16108027777778,42.77354444444445,126
143.16133333333335,42.77419111111111,126
143.16158472222222,42.774836666666666,126
143.1617061111111,42.775146944444444,125
143.1618288888889,42.775466944444446,125
143.16207305555557,42.776113611111114,125
143.16231694444446,42.776759166666665,125
143.16255333333334,42.77740472222222,124
143.16276722222221,42.777991666666665,124
143.16276611111113,42.77798972222222,124
143.16278888888888,42.77805138888889,124
143.1630252777778,42.77869694444444,124
143.16326194444446,42.7793425,123
143.16349805555555,42.779988055555556,123
143.16359805555555,42.78024305555556,123
143.16384222222223,42.78088861111111,122
143.16408638888888,42.78153416666667,122
143.16433027777776,42.782180555555556,121
143.16457444444444,42.782826388888886,121
143.16481833333333,42.78347194444444,121
143.1650625,42.78411861111111,120
143.16530666666668,42.78476388888889,120
143.16555083333333,42.78540527777778,119
143.16579472222222,42.786050833333334,119
143.1660388888889,42.78669638888889,119
143.16628305555557,42.78734277777778,118
143.16652722222221,42.78798833333333,118
143.1667713888889,42.78863416666667,117
143.1671822222222,42.789280833333336,116
143.16759444444443,42.78992638888889,114
143.16800694444444,42.790571666666665,113
143.16809805555556,42.79071388888889,112
143.16809694444444,42.79071277777778,112
143.16822833333333,42.79091777777778,112
143.16845694444444,42.79124888888889,112
143.16889972222222,42.791894444444445,112
143.1693336111111,42.79254,112
143.16976888888888,42.793186666666664,112
143.1707375,42.79282555555555,113
143.17170638888888,42.79246416666667,113
143.17267527777778,42.79210277777778,114
143.17364416666666,42.7917375,115
143.17461305555557,42.79137055555555,115
143.17558194444445,42.791005,116
143.17580333333333,42.79091805555556,116
143.17677194444445,42.79055722222222,116
143.17774111111112,42.790191388888886,116
143.1785188888889,42.78989638888889,116
143.17948805555557,42.789535,117
143.18045666666666,42.78917388888889,117
143.18142555555556,42.7888125,118
143.1818911111111,42.78863472222222,119
143.18214277777778,42.789005833333334,118
143.18257777777777,42.7896525,118
143.18301166666666,42.79029805555555,117
143.18343916666666,42.79094361111111,117
143.1832861111111,42.79159,116
143.18312666666668,42.792235833333336,116
143.18302916666667,42.79262861111111,115
143.18302916666667,42.7926275,115
143.1829661111111,42.79288138888889,115
143.18280555555555,42.793527777777776,114
143.18271444444446,42.793868333333336,114
143.1825613888889,42.794514166666666,113
143.18240916666667,42.79515972222222,113
143.18225611111112,42.79580611111111,112
143.18209666666667,42.79645166666667,111
143.18208166666668,42.796502777777775,111
143.18192083333332,42.79714833333333,111
143.1818525,42.7973925,111
143.18182861111111,42.797626944444445,111
143.181845,42.79782,111
143.18186777777777,42.798028333333335,111
143.18192861111112,42.79822111111111,111
143.18208916666666,42.79852611111111,110
143.18254583333334,42.79917277777778,110
143.18274444444444,42.79945277777778,110
143.18311138888888,42.79992055555556,110
143.18360694444445,42.80056611111111,110
143.18410277777778,42.80121166666667,110
143.1845911111111,42.801858333333335,110
143.18507916666667,42.80250361111111,110
143.18556722222223,42.80314944444444,110
143.18605555555555,42.80379611111111,110
143.18644416666666,42.804294166666665,109
143.18693972222223,42.80493972222222,108
143.18743555555557,42.80558638888889,107
143.1879238888889,42.80623166666667,107
143.1884122222222,42.80687722222222,106
143.1889,42.80752416666667,105
143.18938833333334,42.808169722222225,105
143.18978555555555,42.80867861111111,104
143.19028138888888,42.80932416666667,104
143.19077694444445,42.80996972222222,103
143.19126527777777,42.81061611111111,103
143.19175361111112,42.811261944444446,103
143.19224166666666,42.8119075,102
143.19272972222223,42.812554166666665,102
143.19321805555555,42.81319972222222,102
143.1937063888889,42.81384527777778,101
143.19419444444443,42.81449083333333,101
143.19468277777779,42.8151375,101
143.19517861111112,42.815783055555556,100
143.1952861111111,42.81592305555556,100
143.195285,42.81592194444445,100
143.19567444444445,42.816428611111114,100
143.19601833333334,42.81686694444444,100
143.19650638888888,42.8175125,99
143.19699472222223,42.81815805555556,99
143.19748305555555,42.818803611111115,98
143.19797111111112,42.819450277777776,98
143.19845916666668,42.82009583333333,97
143.198955,42.82074138888889,97
143.19937388888889,42.821286111111114,96
143.19961805555556,42.82159111111111,96
143.2001136111111,42.8222375,95
143.20060972222223,42.82288305555556,95
143.20110555555556,42.82352888888889,94
143.2016013888889,42.824174444444445,94
143.20174666666668,42.82435777777778,94
143.20223472222222,42.825004444444446,93
143.20271555555556,42.82565,92
143.20285333333334,42.825828055555554,92
143.2033338888889,42.82647333333333,92
143.20381472222223,42.82712,92
143.2038525,42.82718527777778,92
143.2041875,42.82783194444445,91
143.2042786111111,42.82810111111111,91
143.2044013888889,42.82843722222222,91
143.204615,42.82908305555556,91
143.2048288888889,42.829728333333335,91
143.2050425,42.830375,90
143.2040736111111,42.83072555555555,90
143.20315027777778,42.83106611111111,90
143.20218166666666,42.83142194444444,90
143.2012125,42.83177777777778,90
143.20024361111112,42.832139166666664,90
143.199275,42.8325,90
143.19868805555555,42.83272361111111,90
143.1977188888889,42.83306972222222,88
143.19709277777778,42.83329861111111,87
143.19612416666666,42.83365972222222,85
143.19598,42.833713055555556,84
143.1959788888889,42.83371388888889,84
143.1951552777778,42.83402,82
143.1942775,42.83435638888889,80
143.1940875,42.8344225,80
143.19311888888888,42.83475222222222,80
143.19277472222223,42.834874722222224,80
143.19262305555554,42.83493111111111,80
143.19190777777777,42.83517111111111,80
143.19190583333332,42.83517194444445,80
143.19165388888888,42.835256666666666,80
143.1909672222222,42.83548972222222,80
143.1912188888889,42.83586638888889,80
143.19156944444444,42.83637944444445,79
143.19161055555554,42.836441388888886,79
143.19160944444445,42.836439166666665,79
143.19200444444445,42.83702611111111,78
143.19241666666667,42.83761638888889,77
143.19338555555555,42.83725944444444,78
143.1935375,42.83719861111111,78
143.1935536111111,42.83719333333333,78
143.1935525,42.83719444444444,78
143.1935375,42.83719861111111,78
143.19338555555555,42.83725944444444,78
143.19241666666667,42.83761638888889,77
143.19144777777777,42.837966944444446,77
143.1904788888889,42.8383225,77
143.1900513888889,42.83848,76
143.18986805555556,42.838500555555555,76
143.18965527777777,42.83864805555555,76
143.18936444444444,42.83889222222222,76
143.18889166666668,42.83918194444445,76
143.18859444444445,42.839325,75
143.18762527777778,42.83976638888889,75
143.18720666666667,42.839959722222225,75
143.1862375,42.84039805555555,75
143.18542833333333,42.840763333333335,76
143.18445944444446,42.84120083333333,76
143.18349055555555,42.841638055555556,77
143.18341444444445,42.84166416666667,77
143.1830563888889,42.84182638888889,77
143.18208777777778,42.84224861111111,78
143.1818436111111,42.84238111111111,78
143.18135527777778,42.84270638888889,78
143.1813163888889,42.84269555555556,78
143.18120222222223,42.84270638888889,78
143.18094305555556,42.842797777777776,78
143.17997416666665,42.84321416666667,78
143.17905083333332,42.84362083333333,77
143.17808194444444,42.84403861111111,78
143.17711305555557,42.84446055555556,79
143.17614416666666,42.8448825,80
143.17517527777778,42.845304722222224,81
143.17420638888888,42.84572638888889,82
143.17323777777779,42.84614861111111,84
143.17317694444444,42.846178888888886,84
143.1731313888889,42.846199722222224,84
143.1721625,42.846626944444445,84
143.17119333333332,42.84704888888889,85
143.17022444444444,42.84747111111111,86
143.16925583333332,42.84789277777778,86
143.16828666666666,42.848315,87
143.16731777777778,42.84873694444445,87
143.1668447222222,42.848956111111114,87
143.1665625,42.84908305555555,87
143.16559388888888,42.849505,87
143.164945,42.84978916666667,88
143.1644036111111,42.85001388888889,88
143.16430472222223,42.85006472222222,88
143.16333583333332,42.85048111111111,88
143.16236694444444,42.850903333333335,88
143.16148166666667,42.85128972222222,88
143.16051277777777,42.85171166666667,88
143.1595438888889,42.852133611111114,88
143.158575,42.852555555555554,88
143.15760583333332,42.852983055555555,88
143.15663722222223,42.853410277777776,88
143.15566833333332,42.85383777777778,88
143.155615,42.85386277777778,88
143.1554013888889,42.85395944444444,88
143.15443222222223,42.854396666666666,88
143.15346333333332,42.85483361111111,87
143.15249444444444,42.855272222222226,87
143.15198333333333,42.85570388888889,87
143.15189972222223,42.85578527777778,87
143.1512586111111,42.856430833333334,87
143.15061,42.85686916666667,88
143.15060888888888,42.85686916666667,88
143.15057194444444,42.85689388888889,88
143.1497636111111,42.85736166666667,89
143.14879472222222,42.85792166666667,90
143.14951194444444,42.85856722222222,89
143.15022888888888,42.8592125,89
143.15094611111112,42.859859166666666,88
143.15100666666666,42.85991027777778,88
143.15175444444444,42.860555833333336,89
143.15245638888888,42.861150555555554,89
143.15254083333335,42.861246944444446,89
143.1526927777778,42.861379444444445,90
143.15294444444444,42.86163861111111,90
143.15302027777778,42.861705,88
143.15304416666666,42.86177638888889,88
143.15302027777778,42.861867777777775,88
143.15245611111112,42.86219305555556,89
143.15148722222222,42.8627625,89
143.15051861111112,42.86333777777778,89
143.15020611111112,42.863525277777775,89
143.15005305555556,42.863688055555556,89
143.14997694444443,42.863795555555555,89
143.1499313888889,42.863928055555554,89
143.1499163888889,42.864110277777776,88
143.14995416666667,42.86428388888889,88
143.15003,42.86443555555555,88
143.1501147222222,42.8645125,88
143.1507775,42.865158055555554,86
143.15125833333335,42.865565,85
143.1520211111111,42.866210555555554,84
143.15225,42.86640388888889,84
143.1529972222222,42.86705055555556,84
143.153745,42.86769611111111,83
143.15388277777777,42.86781333333333,83
143.15461527777776,42.86844361111111,83
143.155355,42.86908944444444,83
143.156095,42.86973583333333,83
143.1567513888889,42.870335833333336,82
143.15710194444443,42.870646111111114,82
143.15782638888888,42.871291666666664,82
143.15819305555556,42.87161722222222,82
143.15890277777777,42.87224777777778,82
143.15961972222223,42.87289444444445,81
143.1600688888889,42.87330138888889,81
143.16054222222223,42.87372333333333,81
143.1612513888889,42.87436888888889,81
143.16177,42.874832222222224,80
143.16247972222223,42.875477777777775,80
143.16257944444445,42.875619722222226,80
143.16302083333332,42.876016944444444,80
143.16373805555557,42.8766625,80
143.16436416666667,42.877226666666665,80
143.16482944444445,42.87764444444444,80
143.16512666666668,42.87790916666667,80
143.16543916666666,42.87818388888889,80
143.16563555555555,42.87836055555555,80
143.16563444444444,42.87835972222222,80
143.16615638888888,42.87882944444444,80
143.16650055555556,42.87911916666667,80
143.16682777777777,42.879353611111114,80
143.16765138888888,42.8799025,80
143.16812444444443,42.880203055555555,78
143.16909333333334,42.880813055555556,77
143.16978777777777,42.88125027777778,77
143.17057305555556,42.88176888888889,76
143.17154194444444,42.882400277777776,75
143.1719163888889,42.88263361111111,74
143.17283944444443,42.88324472222222,73
143.17372361111111,42.88380333333333,73
143.17387666666667,42.883895555555554,73
143.1742811111111,42.884155,73
143.17525027777776,42.88477555555556,72
143.17552472222224,42.88495361111111,72
143.17573083333335,42.88507083333333,72
143.17605055555555,42.885283333333334,71
143.1761875,42.88534972222222,71
143.17667555555556,42.885670833333336,71
143.17764472222223,42.88628583333333,71
143.17782777777776,42.886407222222225,71
143.17796555555555,42.886494166666665,71
143.17893444444445,42.88710944444444,70
143.1790863888889,42.887211388888886,70
143.17921666666666,42.88729277777778,70
143.17926222222223,42.88732861111111,70
143.18022333333334,42.88796861111111,67
143.18029166666668,42.88801,66
143.18036,42.888060833333334,66
143.1813286111111,42.88869666666667,66
143.18141333333332,42.88875222222222,66
143.18231277777778,42.88932722222222,65
143.18243555555554,42.8893575,65
143.18235944444444,42.88992722222222,65
143.18231277777778,42.89026805555556,66
143.1822977777778,42.89037,66
143.18222138888888,42.891015555555555,66
143.18220722222222,42.89112083333333,66
143.18220722222222,42.89111972222222,66
143.1821911111111,42.89123472222222,66
143.18216055555555,42.89145277777778,66
143.18213777777777,42.89162638888889,67
143.1820847222222,42.89202777777778,67
143.18206083333334,42.89216972222222,68
143.18202277777777,42.89242472222222,68
143.181985,42.892745,68
143.18197722222223,42.89283611111111,68
143.18191638888888,42.893258055555556,68
143.18184805555555,42.89367055555556,69
143.18180138888889,42.8940775,70
143.18174833333333,42.89447444444444,70
143.18171805555556,42.894661944444444,70
143.1816263888889,42.89530861111111,70
143.18154194444443,42.89595416666667,69
143.1814736111111,42.896406666666664,68
143.18141277777778,42.896834166666665,68
143.18135972222223,42.897265833333336,66
143.18133583333332,42.89742416666667,66
143.18132805555555,42.89752527777778,66
143.18131305555556,42.89767805555555,66
143.18111527777776,42.89921888888889,65
143.18102305555556,42.899926111111114,65
143.180985,42.900174722222225,65
143.18092416666667,42.9003275,65
143.1808861111111,42.90058166666667,65
143.18080916666668,42.90111111111111,65
143.1807711111111,42.901533055555554,65
143.1806877777778,42.90213861111111,65
143.18060305555557,42.90278388888889,65
143.1805672222222,42.903036666666665,64
143.1805672222222,42.903035555555554,63
143.18051194444445,42.90342944444444,62
143.18043583333332,42.90389833333333,59
143.18042833333334,42.90398388888889,58
143.1803588888889,42.90457416666667,55
143.1803361111111,42.90484416666666,53
143.18032861111112,42.90491027777778,53
143.1803361111111,42.90528138888889,51
143.18027527777778,42.90571888888889,50
143.18018416666666,42.90631861111111,49
143.18016138888888,42.90647583333333,49
143.18006916666667,42.9071225,49
143.17998527777777,42.90776833333334,49
143.17992444444445,42.90826583333333,48
143.17990166666667,42.908383055555554,48
143.1798475,42.90881611111111,48
143.17977166666665,42.909461666666665,48
143.1797488888889,42.90960916666667,48
143.17970333333332,42.90992388888889,48
143.179635,42.910396666666664,47
143.17957305555555,42.910956666666664,47
143.17956555555557,42.911047777777775,47
143.1795275,42.911322222222225,47
143.17948944444444,42.911566388888886,47
143.17940583333333,42.912212777777775,46
143.17939083333334,42.91228888888889,46
143.1793213888889,42.912705555555554,45
143.17924527777777,42.91335222222222,45
143.1792225,42.91354,45
143.17918444444445,42.913758888888886,45
143.17916166666666,42.91402361111111,45
143.179115,42.914364166666665,45
143.17908472222223,42.914542222222224,45
143.17902388888888,42.915025,45
143.17897833333333,42.91536583333333,45
143.17892527777778,42.9157725,44
143.17887083333332,42.916225,44
143.178795,42.916871666666665,44
143.17874944444443,42.917206944444445,44
143.17869638888888,42.91764944444444,44
143.1786886111111,42.917740555555554,44
143.17860416666667,42.91838611111111,44
143.17857361111112,42.91860527777778,44
143.17849777777778,42.91919,44
143.17845222222223,42.91959138888889,43
143.17839027777777,42.92013055555555,43
143.17836972222221,42.92020333333333,43
143.17836972222221,42.92020222222222,43
143.17839027777777,42.92013055555555,43
143.1789175,42.92017611111111,43
143.1798863888889,42.9202575,43
143.18085527777777,42.920314166666664,43
143.18111472222222,42.92032944444444,42
143.18173194444444,42.920375,42
143.1824122222222,42.920425,42
</coordinates>
</LineString>
</Placemark>
</Document>
</kml>
