<?xml version="1.0" encoding="UTF-8"?>
<kml xmlns="http://www.opengis.net/kml/2.2" xmlns:atom="http://www.w3.org/2005/Atom">
<Document>
<name>笛吹市桃源郷お花見ポタリング＆大善寺</name>
<atom:author>
<atom:name>WCC ひずまるけ</atom:name>
</atom:author> 
<atom:link href="https://latlonglab.yahoo.co.jp/route/watch?id=1ff96117c185ae1140bb5071d2eae65e" />
<description><![CDATA[桃の花を愛でながら、のんびりと笛吹市の「桃の花まつり」会場を巡り、ぶどうの丘「天空の湯」で汗を流したら、日帰りか大善寺に宿泊。
・・・のつもりでしたが、花見台まで200m直登が追加になってしまいました。当然、ご褒美はあたり一面の花桃畑です。]]></description>
<tags><![CDATA[]]></tags>  
<Placemark>
<Style>
<LineStyle>
<color>99ff0000</color>
<width>6</width>
</LineStyle>
</Style>
<LineString>
<coordinates>
138.7425088888889,35.67241027777778,472
138.74246333333335,35.67230083333333,472
138.74236444444443,35.67187333333333,474
138.74232555555557,35.67173555555556,474
138.74215083333334,35.671394722222225,476
138.74207361111112,35.67123194444444,473
138.741975,35.67109972222222,470
138.74192944444445,35.67104416666667,470
138.74157805555555,35.67061138888889,461
138.74146416666667,35.67045944444445,462
138.7414186111111,35.67040305555555,463
138.7409911111111,35.67005277777778,465
138.74080027777777,35.66988444444444,467
138.74060166666666,35.66971638888889,465
138.74050277777778,35.66961972222222,464
138.74042694444444,35.669534166666665,463
138.74027388888888,35.669335555555556,462
138.74019027777777,35.66922805555556,462
138.7401525,35.6691575,462
138.74010583333333,35.669065277777776,461
138.74007527777778,35.668999166666666,462
138.74006777777777,35.66894388888889,462
138.7400525,35.66889277777778,462
138.7400525,35.66882666666667,462
138.7400525,35.66876055555556,461
138.74006777777777,35.66869416666667,461
138.74009055555555,35.66862805555556,460
138.7401436111111,35.66854222222222,460
138.74021305555556,35.66842527777778,458
138.740365,35.668216944444445,456
138.74041166666666,35.66811472222222,456
138.7404422222222,35.668058333333335,454
138.7404422222222,35.66797694444445,452
138.7404422222222,35.667901111111114,452
138.74041166666666,35.667825,450
138.74038777777778,35.66775888888889,446
138.7403422222222,35.667681944444446,445
138.74027388888888,35.667611388888886,449
138.74021305555556,35.66754944444445,452
138.7401525,35.66750944444444,452
138.74006777777777,35.66747361111111,452
138.73991583333333,35.66744305555556,454
138.73965527777779,35.66739222222222,452
138.7391911111111,35.66731611111111,452
138.7383438888889,35.667183888888886,452
138.7382375,35.66714805555556,452
138.73813777777778,35.6671025,453
138.7380388888889,35.66704166666667,452
138.73797805555554,35.66697555555555,452
138.7378936111111,35.66688333333333,450
138.73784027777776,35.66681722222222,450
138.7377872222222,35.66672583333333,449
138.73777972222223,35.66663472222222,447
138.73777972222223,35.66650777777778,445
138.7378175,35.66625861111111,444
138.73786305555555,35.666044722222225,443
138.73786305555555,35.66598416666667,445
138.73784027777776,35.66591777777778,445
138.7378025,35.66586138888889,445
138.7377263888889,35.66578555555556,443
138.7375811111111,35.665709444444445,441
138.73735222222223,35.6656325,442
138.73716861111112,35.66556194444444,443
138.7369938888889,35.66546,443
138.7369625,35.66542416666667,445
138.73690166666665,35.66536888888889,445
138.73684111111112,35.6653025,444
138.73678027777777,35.66521027777778,443
138.73674222222223,35.665108333333336,442
138.73672611111112,35.66498694444444,442
138.73671833333333,35.66484916666667,442
138.73671833333333,35.66469166666667,441
138.73674222222223,35.664411666666666,436
138.73672611111112,35.66410694444444,433
138.73672611111112,35.66406138888889,433
138.73670333333334,35.66401027777778,433
138.73666527777777,35.663959166666665,430
138.73661194444443,35.66389861111111,430
138.73651333333333,35.66384222222222,432
138.73635277777777,35.66376611111111,434
138.7359175,35.663582777777776,436
138.7358188888889,35.663531666666664,435
138.73566583333334,35.66345027777778,433
138.73543722222223,35.66325305555556,433
138.7353688888889,35.663160833333336,433
138.73529277777777,35.66304916666667,432
138.73520055555556,35.66286138888889,424
138.7351627777778,35.66274861111111,424
138.7351627777778,35.66263694444444,423
138.73517777777778,35.662148611111114,424
138.73517777777778,35.662011944444444,425
138.73512472222222,35.661885,426
138.73504111111112,35.66166027777778,425
138.7349413888889,35.66149333333333,424
138.7347275,35.661207777777776,426
138.73457555555555,35.66102,426
138.7345225,35.660959444444444,426
138.7345202777778,35.66095722222222,187
138.73448222222223,35.660912777777774,183
138.7344813888889,35.660911666666664,426
138.73426194444446,35.66065916666667,425
138.73407972222222,35.660486666666664,425
138.73391916666668,35.660354166666664,427
138.733675,35.66019583333333,427
138.7334688888889,35.66036916666667,423
138.7333625,35.660445,422
138.73249222222222,35.66092777777778,417
138.7320875,35.66032777777778,415
138.73198166666666,35.66018583333334,414
138.73189027777778,35.66011944444445,413
138.73147805555556,35.659824444444446,407
138.73140222222221,35.65974305555556,403
138.731325,35.65965194444444,399
138.73126444444443,35.65955972222222,397
138.7312186111111,35.65945333333333,396
138.73118083333333,35.659351388888886,395
138.73115027777777,35.659260277777776,395
138.73108861111112,35.65811027777778,406
138.73108861111112,35.65800388888889,407
138.73105055555556,35.65789222222222,408
138.7310125,35.65779555555556,408
138.73090611111112,35.65765777777778,408
138.73085194444445,35.6576175,408
138.7307911111111,35.65757638888889,408
138.73000555555555,35.65709361111111,407
138.72959333333333,35.65680805555556,406
138.72940222222223,35.65665083333333,408
138.72934166666667,35.656595555555555,407
138.72925055555555,35.65641222222222,408
138.72918972222223,35.65624388888889,409
138.72908972222223,35.655903333333335,409
138.72902916666666,35.65575055555556,408
138.72895305555556,35.65558333333333,408
138.72867888888888,35.65517111111111,408
138.7284261111111,35.654784722222225,408
138.72840333333335,35.65472833333333,408
138.7283197222222,35.65435194444444,406
138.72818194444446,35.653843888888886,408
138.72807555555556,35.65342638888889,407
138.7280375,35.65338611111111,407
138.7275036111111,35.65336,405
138.72744194444445,35.653335,405
138.72741916666666,35.653309166666666,405
138.7274038888889,35.65329388888889,405
138.72734305555556,35.65323305555555,405
138.7269775,35.652968333333334,405
138.72693833333332,35.65295305555556,405
138.7268777777778,35.65287722222222,405
138.72680166666666,35.65276,406
138.7266563888889,35.65235305555556,407
138.72662583333334,35.6522775,408
138.72658027777777,35.65217,408
138.72651944444445,35.65192583333334,409
138.72650444444446,35.65186083333333,410
138.72645,35.651666666666664,412
138.7264425,35.65158527777778,412
138.72631333333334,35.651020833333334,411
138.72631333333334,35.65099611111111,411
138.72630583333333,35.65089388888889,411
138.72629055555555,35.65085277777778,411
138.72625277777777,35.65074638888889,411
138.72621361111112,35.65070083333333,412
138.72619083333333,35.65067472222222,412
138.72609222222223,35.65060861111111,414
138.7255661111111,35.65050222222222,418
138.72550527777778,35.65047722222222,418
138.72544333333335,35.65042638888889,418
138.72538277777778,35.650385,418
138.72534472222222,35.650354722222225,418
138.72529166666666,35.650329722222224,418
138.72503972222222,35.650258055555554,417
138.72464277777777,35.650151944444445,414
138.72452,35.65013555555556,413
138.72441361111112,35.65014638888889,413
138.7243075,35.65017666666667,414
138.7241163888889,35.65029388888889,415
138.72404055555555,35.650329722222224,415
138.72396333333333,35.650345,415
138.72380388888888,35.650345,415
138.72323111111112,35.65029388888889,417
138.72310194444444,35.650283055555555,416
138.72247583333333,35.650282777777775,421
138.7224075,35.650282777777775,422
138.721965,35.65029361111111,424
138.7210797222222,35.65036,421
138.72100472222223,35.65035555555556,421
138.72100361111112,35.65035555555556,421
138.72098833333334,35.650354444444446,421
138.72088222222223,35.65033388888889,421
138.72064555555556,35.6502525,421
138.72064555555556,35.65018638888889,422
138.72064555555556,35.65017111111111,422
138.7209125,35.649525555555556,430
138.72117944444443,35.64888,437
138.72119472222224,35.648854166666666,438
138.72151472222222,35.648208333333336,443
138.72159055555557,35.64806083333333,444
138.72160694444443,35.647979444444445,445
138.72160694444443,35.64792861111111,445
138.72162527777778,35.647510833333335,449
138.72162527777778,35.647509722222225,449
138.72162972222222,35.647425,450
138.72143111111112,35.647419722222224,449
138.7214236111111,35.647415277777775,449
138.72045472222223,35.647353333333335,448
138.72021805555556,35.64731861111111,449
138.71990555555556,35.64726777777778,449
138.71970694444445,35.64722638888889,448
138.71941722222223,35.64716027777778,449
138.719005,35.64707888888889,448
138.7185775,35.64696166666667,448
138.7183261111111,35.64687611111111,451
138.71765444444443,35.646662222222226,453
138.71705222222224,35.64642777777778,455
138.71655611111112,35.646143611111114,452
138.71620472222222,35.645945,452
138.71608305555554,35.645869166666664,453
138.71595305555556,35.64577694444444,453
138.7158388888889,35.645700833333336,452
138.71522055555556,35.64528416666667,452
138.71509138888888,35.645176666666664,452
138.71501555555557,35.645070555555556,452
138.7149536111111,35.6449175,451
138.71496888888888,35.644866388888886,451
138.71503055555556,35.644683055555554,454
138.71501555555557,35.64459194444444,455
138.7149536111111,35.64449527777778,455
138.7148547222222,35.64440416666667,453
138.71460305555556,35.64417527777778,452
138.7145575,35.644129722222225,451
138.71428333333333,35.64390083333333,453
138.714115,35.643819444444446,452
138.7137711111111,35.64380861111111,450
138.71348138888888,35.64380416666667,448
138.71338277777778,35.64377805555556,447
138.7132677777778,35.64369138888889,447
138.713245,35.64368694444445,447
138.7128563888889,35.64342777777778,447
138.71279444444446,35.64338638888889,447
138.71271861111111,35.64333111111111,447
138.71252,35.64317361111111,446
138.7125188888889,35.64317277777778,446
138.7119025,35.64268444444444,442
138.7113688888889,35.64228277777778,437
138.7108188888889,35.641936666666666,433
138.71055194444443,35.64175888888889,430
138.71023944444445,35.64157111111111,427
138.71020166666668,35.641545,425
138.70999527777778,35.641418055555555,425
138.70941583333334,35.641062222222224,420
138.7092325,35.640945,419
138.70874444444445,35.64067055555556,417
138.70849277777776,35.6405175,415
138.70850805555557,35.64044138888889,414
138.7084886111111,35.64031138888889,414
138.7084875,35.64031027777778,414
138.7084775,35.64024305555556,414
138.7084397222222,35.64002472222222,414
138.70843194444444,35.63998361111111,413
138.7083702777778,35.63977555555556,415
138.708355,35.63970944444444,415
138.7082411111111,35.639266666666664,415
138.7080652777778,35.638666666666666,412
138.70796694444445,35.63825972222222,409
138.7079288888889,35.63819361111111,408
138.70788972222223,35.6381025,407
138.70773027777778,35.63790916666667,407
138.70760777777778,35.63780194444445,407
138.70740916666668,35.637700833333334,407
138.7072572222222,35.637654166666664,408
138.70724972222223,35.63765,408
138.70628055555557,35.63746111111111,406
138.7059911111111,35.63740027777778,405
138.70553333333334,35.63731888888889,407
138.7052588888889,35.637252777777775,410
138.7051211111111,35.637191944444446,412
138.70494527777777,35.63711055555556,414
138.7047086111111,35.63695222222222,414
138.70457194444444,35.636851388888886,413
138.70414444444444,35.63652027777778,415
138.7040838888889,35.636469444444444,416
138.70380944444443,35.63626111111111,420
138.70367166666668,35.63615472222222,420
138.703015,35.635645833333335,423
138.70249638888887,35.635243611111115,425
138.7024586111111,35.63521305555555,425
138.70194777777778,35.63482694444444,426
138.7018338888889,35.63473583333333,427
138.70144416666668,35.63444611111111,431
138.70070416666667,35.633876388888886,431
138.7004677777778,35.63370277777778,430
138.70023111111112,35.633519444444445,430
138.70001,35.633336944444444,430
138.69987333333333,35.633204722222224,430
138.69943055555555,35.63272611111111,430
138.6993275,35.63261861111111,431
138.6993263888889,35.632617777777774,431
138.69914083333333,35.63242666666667,433
138.6991788888889,35.63231916666667,434
138.69960527777778,35.63195361111111,438
138.69985694444443,35.63174444444444,441
138.70003277777778,35.63158722222222,443
138.7004225,35.63126166666667,448
138.70056666666667,35.631144444444445,450
138.7009713888889,35.63086,455
138.7015822222222,35.6304425,465
138.7019175,35.63021916666667,468
138.70204666666666,35.63014305555556,470
138.70214638888888,35.63012805555555,470
138.70229055555555,35.6300975,472
138.7023675,35.630051944444446,473
138.70245888888888,35.63000527777778,474
138.7025813888889,35.629959722222225,475
138.70273333333333,35.629934722222224,475
138.702985,35.62987833333333,476
138.70322166666668,35.6298275,477
138.70344305555557,35.62976111111111,479
138.70356555555554,35.62970583333333,481
138.7037175,35.62962888888889,483
138.70387805555555,35.629528055555554,484
138.7042827777778,35.62927833333333,488
138.70461805555556,35.629085555555555,492
138.7047472222222,35.62901388888889,492
138.70483194444444,35.628947777777775,494
138.7049152777778,35.628861944444445,496
138.70508361111112,35.62869388888889,497
138.70514444444444,35.628597222222226,499
138.70524416666666,35.62850611111111,501
138.705305,35.62847027777778,501
138.70553388888888,35.628368333333334,503
138.70569333333333,35.62828694444445,506
138.70577805555556,35.62822611111111,506
138.70602222222223,35.628099166666665,509
138.70692916666667,35.627630833333335,522
138.70705944444444,35.627545,523
138.70737166666666,35.627269444444444,528
138.7074563888889,35.62719333333333,529
138.70750944444444,35.62716833333333,529
138.70760833333333,35.627163055555556,530
138.70779166666668,35.62715333333333,533
138.70784472222223,35.627138055555555,533
138.70802055555555,35.62703055555556,534
138.70804333333334,35.62701,534
138.70814222222222,35.627005833333335,536
138.70833305555556,35.62702083333333,534
138.70837111111112,35.62701,535
138.70841777777778,35.62699472222222,536
138.70847833333335,35.62695472222222,536
138.7086302777778,35.62682222222222,538
138.70876805555557,35.62669527777778,540
138.7091413888889,35.62630388888889,547
138.70920333333333,35.626262777777775,547
138.7093172222222,35.626196388888886,549
138.70937027777777,35.626171666666664,550
138.7095461111111,35.62606944444445,552
138.70980555555556,35.62592194444444,554
138.70989,35.62585583333333,556
138.70994333333334,35.62581027777778,555
138.71001916666665,35.62571361111111,558
138.71014194444444,35.625545555555554,562
138.7101722222222,35.625373055555556,562
138.71017972222222,35.625210277777775,564
138.71021777777779,35.62517,564
138.7102786111111,35.62512888888889,565
138.71037083333334,35.62506805555556,567
138.71043166666666,35.62503777777778,567
138.71056833333333,35.624986666666665,570
138.71080472222224,35.62489027777778,573
138.71089694444444,35.62483944444445,573
138.71094277777777,35.624788333333335,574
138.7113475,35.62442166666667,580
138.71162944444444,35.624162222222225,585
138.7116902777778,35.62412222222222,587
138.7119952777778,35.62392888888889,589
138.71215583333333,35.62383666666667,593
138.71231527777778,35.62372055555556,594
138.712285,35.62363916666666,597
138.7122163888889,35.62349611111111,596
138.7122163888889,35.62346138888889,596
138.71222083333333,35.623448333333336,596
138.71222194444445,35.623448333333336,596
138.71223166666667,35.62342,597
138.712285,35.62334416666667,598
138.71230777777777,35.62330277777778,599
138.7122925,35.6232725,599
138.71225444444445,35.62323666666666,599
138.71152972222222,35.622931944444446,605
138.71110333333334,35.62320638888889,599
138.71075916666666,35.62343527777778,596
138.71069083333333,35.62348083333333,599
138.7106063888889,35.623511111111114,596
138.71037083333334,35.62358833333333,593
138.71029388888888,35.62361861111111,591
138.71021777777779,35.623669722222225,590
138.71015694444444,35.623730555555554,590
138.71013416666668,35.62378138888889,590
138.71004194444444,35.62395388888889,588
138.70998138888888,35.62408083333333,585
138.7098825,35.624162222222225,584
138.7094475,35.624426666666665,576
138.7093172222222,35.62452888888889,575
138.7089061111111,35.624920555555555,571
138.70878333333334,35.62502666666666,568
138.70868472222222,35.625098333333334,568
138.70856972222222,35.62516472222222,566
138.70844055555557,35.62520472222222,563
138.70808166666666,35.62529694444444,559
138.70799055555557,35.62531222222222,557
138.70789055555557,35.625321944444444,554
138.7076463888889,35.625321944444444,552
138.70759333333334,35.6253275,552
138.70755527777777,35.625348055555556,552
138.70700638888889,35.62566805555556,542
138.70674694444443,35.625820833333336,540
138.70671222222222,35.62583055555555,539
138.7067111111111,35.62583055555555,539
138.70665472222223,35.62584583333334,538
138.70657888888888,35.625885833333335,538
138.70657888888888,35.625794722222224,538
138.70660916666668,35.625728611111114,538
138.70676972222222,35.625484722222225,538
138.70692916666667,35.62522,535
138.70696833333332,35.62517972222222,535
138.70704416666666,35.62512888888889,537
138.70737944444446,35.6250225,538
138.70745666666667,35.625011666666666,539
138.70768555555554,35.6250225,544
138.70778416666667,35.625011666666666,544
138.70788305555556,35.62498111111111,538
138.70786027777777,35.624920555555555,538
138.70800555555556,35.62483916666667,535
138.70804361111112,35.62480333333333,537
138.70802833333335,35.62475222222222,534
138.70793416666666,35.62461888888889,531
138.70793416666666,35.62461777777778,531
138.70780722222221,35.6244375,528
138.7077463888889,35.62435611111111,527
138.70755527777777,35.6244375,523
138.70750972222223,35.624472222222224,524
138.70725805555554,35.62468166666667,525
138.707105,35.62480333333333,521
138.70705944444444,35.62482833333333,521
138.70702138888888,35.62484444444444,521
138.70696833333332,35.62486416666667,519
138.70692916666667,35.62486944444444,519
138.70690638888888,35.62489,519
138.70685333333333,35.624920555555555,519
138.7067925,35.62498111111111,519
138.70675444444444,35.62500194444444,522
138.7067088888889,35.62502666666666,522
138.70663194444444,35.62503777777778,519
138.7064725,35.625052777777775,519
138.7063575,35.6250625,519
138.70619694444446,35.625077777777776,518
138.70612083333333,35.625077777777776,515
138.70606,35.62506805555556,515
138.70593,35.62503777777778,514
138.70564777777778,35.6250475,508
138.70557194444444,35.62506805555556,508
138.7055186111111,35.62510388888889,507
138.70536555555555,35.62521,507
138.70524416666666,35.625260833333336,508
138.70510638888888,35.62531194444445,505
138.70505305555557,35.625327222222225,505
138.7048925,35.62536277777778,501
138.70481666666666,35.625393333333335,501
138.7046938888889,35.625454166666664,503
138.70464083333334,35.62546916666667,499
138.70458,35.625484444444446,499
138.70432861111112,35.62559611111111,501
138.70425916666667,35.62560166666667,501
138.7041225,35.62562222222222,499
138.70395416666668,35.62562222222222,499
138.70377083333332,35.62561138888889,496
138.7037102777778,35.62558638888889,496
138.70363972222222,35.625547222222224,493
138.7036386111111,35.625546388888885,493
138.70361888888888,35.62553555555556,493
138.70355833333332,35.62549527777778,491
138.70335972222222,35.62544416666667,489
138.70277166666668,35.62537277777778,487
138.70269555555555,35.625351944444446,487
138.70263472222223,35.625321666666665,484
138.7025425,35.625255555555555,483
138.70242861111112,35.62527611111111,481
138.70238305555554,35.625296666666664,481
138.70233,35.625321666666665,480
138.70226055555557,35.62537805555556,481
138.7022225,35.625393333333335,480
138.70203166666667,35.625393333333335,480
138.70194805555556,35.625413888888886,480
138.701795,35.62544416666667,478
138.70162027777778,35.625454166666664,475
138.70152805555554,35.62543888888889,473
138.7014597222222,35.625418333333336,473
138.70134583333333,35.62540305555556,471
138.70123083333334,35.62540305555556,470
138.70111694444444,35.625418333333336,468
138.70108527777776,35.62543888888889,468
138.7010475,35.625459444444445,469
138.7009713888889,35.62555611111111,466
138.7008727777778,35.62576444444444,466
138.70079555555554,35.6259725,468
138.70073527777777,35.62600277777778,469
138.70054416666667,35.62605388888889,467
138.70046833333333,35.62606888888889,467
138.70033055555555,35.626084166666665,466
138.70023166666667,35.62610472222222,464
138.7000938888889,35.62613527777778,466
138.70001805555555,35.62617111111111,466
138.69992888888888,35.626221944444445,465
138.6999277777778,35.626221944444445,463
138.69972055555556,35.62633916666667,463
138.69960555555556,35.626354444444445,460
138.69942333333333,35.626420555555555,456
138.6993463888889,35.62631861111111,453
138.69927027777777,35.62626222222222,453
138.69899583333333,35.626155833333335,446
138.6989425,35.62612,446
138.6989047222222,35.62612,446
138.69880472222223,35.626155833333335,445
138.6987288888889,35.62616111111111,443
138.69856833333333,35.6262275,443
138.69815583333335,35.62634361111111,440
138.6980725,35.62636416666667,440
138.69779777777777,35.62636944444444,441
138.69769166666666,35.62639444444444,441
138.69753083333333,35.626486666666665,439
138.69747027777777,35.626511666666666,439
138.69739305555555,35.62652694444444,438
138.69721083333334,35.626577777777776,437
138.6971413888889,35.6265475,437
138.69684444444445,35.626445555555556,436
138.69672277777778,35.62640972222222,436
138.69592111111112,35.62616083333333,432
138.6956236111111,35.62607944444444,431
138.69545222222223,35.626038333333334,431
138.6954511111111,35.626038333333334,431
138.69541,35.62602861111111,431
138.69483055555557,35.625860277777775,433
138.69416666666666,35.62569222222222,431
138.69406805555556,35.62566722222222,432
138.69361777777777,35.62558055555556,431
138.69322055555557,35.625478333333334,430
138.69279416666666,35.625347222222224,431
138.69253361111112,35.625255,430
138.6924425,35.62521916666667,430
138.69219833333332,35.625076944444444,430
138.6919697222222,35.62495555555556,430
138.69119166666667,35.62463,427
138.69114611111112,35.624609166666666,427
138.6909552777778,35.62452805555556,426
138.6908325,35.624446666666664,426
138.69065777777777,35.624314166666665,425
138.69058083333334,35.62423833333333,425
138.69015444444443,35.62359166666667,425
138.690085,35.62349527777778,425
138.69004694444445,35.623444166666665,425
138.6899711111111,35.62334333333333,425
138.68950555555554,35.62269666666667,425
138.6894675,35.62264666666667,426
138.68932222222222,35.622437222222224,429
138.68929166666666,35.62235583333333,429
138.6892613888889,35.62220388888889,431
138.68922333333333,35.622076944444444,431
138.6891236111111,35.62175583333333,432
138.68905555555557,35.62159305555556,433
138.68895666666666,35.62135472222222,434
138.6889338888889,35.62127861111111,435
138.6889338888889,35.620978055555554,435
138.68891888888888,35.62092722222222,435
138.68887222222222,35.62083611111111,435
138.68865944444445,35.620556111111114,435
138.6885597222222,35.62042916666667,435
138.6883838888889,35.620245833333335,435
138.68830777777777,35.62014361111111,435
138.68820916666667,35.62000166666667,435
138.6880713888889,35.61976277777778,435
138.68801805555555,35.61964555555556,434
138.68798027777777,35.61955444444445,432
138.68797916666668,35.61955138888889,432
138.68797916666668,35.619550277777776,432
138.68787277777778,35.61923888888889,435
138.6875677777778,35.61929416666667,434
138.6872325,35.61933527777778,431
138.68626361111112,35.61940166666667,429
138.68578305555556,35.619437222222224,428
138.6854936111111,35.6194525,427
138.6849825,35.6194775,424
138.68457,35.619503611111114,422
138.6836011111111,35.61956416666666,418
138.68263222222222,35.61963027777778,413
138.682335,35.61964527777778,412
138.6823122222222,35.619528333333335,413
138.68209861111112,35.61922861111111,413
138.68203666666668,35.61924388888889,413
138.68194555555556,35.619193055555556,412
138.68187194444445,35.619081111111115,412
138.68187083333333,35.61908,412
138.68182416666667,35.61900972222222,412
138.68174694444446,35.61884694444444,411
138.6816938888889,35.618627777777775,411
138.68167111111111,35.618627777777775,411
138.6815875,35.6185975,411
138.68151805555556,35.61853138888889,411
138.68145722222224,35.61844555555555,411
138.6812436111111,35.61832305555556,410
138.68108416666666,35.6182525,410
138.68096888888888,35.618186111111115,409
138.6809311111111,35.61817111111111,409
138.68087027777779,35.61817111111111,409
138.68069444444444,35.618205833333334,408
138.68059583333334,35.61819611111111,407
138.68034416666666,35.618145,406
138.68028222222222,35.618135277777775,406
138.68020611111112,35.61815472222222,405
138.68013027777778,35.61819611111111,405
138.68,35.61831333333333,404
138.6798861111111,35.6182775,404
138.67985583333333,35.61821111111111,403
138.67959638888888,35.61786611111111,401
138.67959527777776,35.617865,401
138.67958,35.617845555555554,400
138.6794813888889,35.61776861111111,400
138.6794586111111,35.61774361111111,400
138.67944333333332,35.61770222222222,399
138.67942055555557,35.617713055555555,399
138.67913083333335,35.61772305555556,398
138.6790313888889,35.61772833333333,397
138.67879472222222,35.61776416666667,396
138.67869611111112,35.61776416666667,395
138.67865805555556,35.61774361111111,395
138.6785811111111,35.61769805555556,395
138.67852027777778,35.61766222222222,394
138.67844444444444,35.61763611111111,394
138.6783597222222,35.61761111111111,394
138.67823055555556,35.61761111111111,394
138.67804722222223,35.61762083333333,394
138.67781833333333,35.61763611111111,395
138.6777575,35.61765138888889,395
138.67767388888888,35.61766222222222,394
138.6773225,35.61770194444444,393
138.67684916666667,35.61776833333333,391
138.6766975,35.61776833333333,390
138.67671027777777,35.61768694444444,390
138.67671027777777,35.61768583333333,390
138.67673527777777,35.61751972222222,390
138.67676583333332,35.61734111111111,390
138.67687222222222,35.61669527777778,390
138.67687222222222,35.61653805555556,390
138.67685694444444,35.61644583333333,391
138.6768188888889,35.616369722222224,391
138.67677333333333,35.61629388888889,391
138.67653666666666,35.61604444444445,391
138.67639888888888,35.615922777777776,391
138.67591833333333,35.615469166666664,391
138.67538472222222,35.61497694444444,395
138.67524805555556,35.61485416666667,395
138.67501916666666,35.61463611111111,396
138.6748963888889,35.61451888888889,395
138.6745688888889,35.61421833333333,394
138.67411833333333,35.613771388888885,396
138.674035,35.61369555555556,396
138.67395027777778,35.61365416666667,398
138.67384388888888,35.613614166666665,398
138.67366055555556,35.613578333333336,396
138.67335555555556,35.61356305555555,394
138.67276,35.61351194444445,392
138.6717913888889,35.613435,390
138.67150916666668,35.61341,390
138.67054027777777,35.61332861111111,385
138.67013666666668,35.61328861111111,382
138.67005944444443,35.613277777777775,382
138.66909083333334,35.61319638888889,378
138.6685113888889,35.613145277777775,376
138.66809916666668,35.613115,376
138.6678938888889,35.61309,376
138.66796222222223,35.612560555555554,379
138.66800027777776,35.61243888888889,380
138.66803833333333,35.61237277777778,380
138.6682,35.61219361111111,382
138.6682,35.61219361111111,382
138.66803833333333,35.61237277777778,380
138.66800027777776,35.61243888888889,380
138.66796222222223,35.612560555555554,379
138.6678938888889,35.61309,376
138.66809916666668,35.613115,376
138.6685113888889,35.613145277777775,376
138.66909083333334,35.61319638888889,378
138.67005944444443,35.613277777777775,382
138.67013666666668,35.61328861111111,382
138.67054027777777,35.61332861111111,385
138.67150916666668,35.61341,390
138.6717913888889,35.613435,390
138.67276,35.61351194444445,392
138.67335555555556,35.61356305555555,394
138.67366055555556,35.613578333333336,396
138.67384388888888,35.613614166666665,398
138.67395027777778,35.61365416666667,398
138.674035,35.61369555555556,396
138.67411833333333,35.613771388888885,396
138.6745688888889,35.61421833333333,394
138.6748963888889,35.61451888888889,395
138.67501916666666,35.61463611111111,396
138.67524805555556,35.61485416666667,395
138.67538472222222,35.61497694444444,395
138.67591833333333,35.615469166666664,391
138.67639888888888,35.615922777777776,391
138.67653666666666,35.61604444444445,391
138.67677333333333,35.61629388888889,391
138.6768188888889,35.616369722222224,391
138.67685694444444,35.61644583333333,391
138.67687222222222,35.61653805555556,390
138.67687222222222,35.61669527777778,390
138.67683194444444,35.61693833333333,390
138.67683194444444,35.61693722222222,390
138.67676583333332,35.61734111111111,390
138.67673527777777,35.61751972222222,390
138.6766975,35.61776833333333,390
138.6766736111111,35.61790611111111,390
138.67664305555556,35.618271666666665,390
138.67663555555555,35.61836388888889,390
138.6765825,35.618719722222224,389
138.67652166666667,35.61910611111111,388
138.67646861111112,35.61935972222222,388
138.6764611111111,35.61989472222222,388
138.6764611111111,35.61991416666667,388
138.6764611111111,35.61994472222222,388
138.67646861111112,35.62023,388
138.6764611111111,35.620535,387
138.67646861111112,35.620601111111114,386
138.67650666666665,35.62080944444445,384
138.67653694444445,35.62092666666667,382
138.67658277777778,35.62108361111111,382
138.67669777777778,35.62152638888889,383
138.67685722222222,35.62216222222222,381
138.67691027777778,35.62236083333333,382
138.67695694444444,35.62251805555555,382
138.67701027777778,35.62272222222222,380
138.67703305555557,35.6227775,381
138.67705583333333,35.62285444444444,380
138.67708611111112,35.62294527777778,380
138.6770936111111,35.62298666666667,380
138.6772086111111,35.623530277777775,381
138.67723138888888,35.623835,381
138.67724666666666,35.62388611111111,381
138.67726194444444,35.62398805555556,381
138.6773,35.62442,380
138.6773075,35.6245425,379
138.6773227777778,35.62468027777778,379
138.67733777777778,35.624745555555556,379
138.67736055555557,35.62494916666667,378
138.6774225,35.625594722222225,378
138.67743777777778,35.62569666666667,378
138.67748555555556,35.62620027777778,377
138.67748555555556,35.626199166666666,377
138.67749833333335,35.6263425,377
138.67750611111111,35.626485555555554,377
138.67753638888888,35.62658666666667,376
138.67755916666667,35.62672944444444,376
138.67762,35.62687694444445,376
138.67769694444445,35.627004166666666,375
138.6778563888889,35.62723722222222,375
138.67791083333333,35.62728388888889,375
138.67823055555556,35.627634444444446,376
138.6782838888889,35.627674722222224,376
138.67852027777778,35.627935,377
138.67859638888888,35.62800555555555,377
138.67922222222222,35.62865111111111,380
138.67933638888888,35.62883444444444,380
138.67947416666667,35.629058055555554,378
138.67959555555555,35.62927722222222,377
138.67973333333333,35.62952111111111,377
138.6800838888889,35.63009611111111,376
138.68010027777777,35.63012666666667,375
138.68038222222222,35.63059972222222,374
138.68047333333334,35.630721111111114,373
138.68058805555555,35.63084388888889,373
138.68068694444443,35.63092527777778,373
138.680855,35.631010833333335,373
138.68096888888888,35.631077222222224,373
138.68122083333333,35.63122027777778,373
138.68144972222223,35.63135277777778,374
138.68161027777776,35.63142861111111,375
138.68257916666667,35.63195277777778,375
138.68278555555557,35.63206888888889,375
138.68286138888888,35.63211972222222,375
138.68334944444445,35.632374722222224,376
138.68358583333332,35.63251694444445,376
138.6838072222222,35.632695,377
138.68389083333332,35.63277083333333,377
138.68457,35.6334175,377
138.68485972222223,35.63371277777778,376
138.68500527777778,35.633900555555556,377
138.68508111111112,35.6340025,377
138.68517194444445,35.634144722222224,378
138.68527194444445,35.634342777777775,378
138.6853175,35.634475277777774,378
138.68534777777776,35.63452638888889,378
138.68548555555554,35.63487666666666,377
138.68550833333333,35.63491694444444,376
138.68566777777778,35.635395277777775,375
138.68576027777777,35.63559388888889,375
138.68584361111112,35.63574166666667,374
138.68597055555554,35.636003055555555,372
138.68596944444445,35.636001944444445,372
138.68598138888888,35.636025833333335,372
138.6860725,35.63627527777778,371
138.68580583333335,35.6363925,370
138.68550833333333,35.63657027777778,368
138.68530972222223,35.63677861111111,368
138.68521,35.63684472222222,367
138.6851188888889,35.636875277777776,367
138.68493555555557,35.63689027777778,367
138.684585,35.63691638888889,366
138.68450916666666,35.63697722222222,365
138.68445472222223,35.637053055555555,366
138.68443194444444,35.63717027777778,365
138.68443194444444,35.6373275,365
138.68445472222223,35.63745027777778,364
138.6845297222222,35.637613055555555,363
138.6845297222222,35.637611944444444,363
138.68445472222223,35.63745027777778,364
138.68443194444444,35.6373275,365
138.68443194444444,35.63717027777778,365
138.68445472222223,35.637053055555555,366
138.68450916666666,35.63697722222222,365
138.684585,35.63691638888889,366
138.68493555555557,35.63689027777778,367
138.6851188888889,35.636875277777776,367
138.68521,35.63684472222222,367
138.68530972222223,35.63677861111111,368
138.68550833333333,35.63657027777778,368
138.68580583333335,35.6363925,370
138.6860725,35.63627527777778,371
138.68637,35.636245,373
138.68656083333335,35.63620916666667,373
138.68672138888888,35.63617888888889,375
138.68682,35.63614305555556,375
138.68695777777776,35.636091944444445,376
138.68742333333333,35.63585333333333,377
138.68759805555555,35.63575138888889,378
138.68769777777777,35.63570027777778,378
138.687995,35.6358175,378
138.68799388888888,35.63581638888889,378
138.6883836111111,35.63597055555555,378
138.688415,35.63598555555556,378
138.6893836111111,35.636387222222226,378
138.6894597222222,35.6364175,378
138.68950527777778,35.63644361111111,378
138.68987972222223,35.63661611111111,378
138.69023,35.636784166666665,377
138.6904438888889,35.63688638888889,378
138.69081722222222,35.63702833333333,378
138.69106888888888,35.637125,378
138.69149611111112,35.63722694444444,378
138.692465,35.63749638888889,378
138.69261805555556,35.63754194444444,378
138.69270916666667,35.637568055555555,378
138.69328222222222,35.637725277777776,377
138.69389166666667,35.63791833333333,375
138.69416611111112,35.63800972222222,377
138.6944711111111,35.63809111111111,379
138.69472277777777,35.63818333333333,380
138.69483027777778,35.63820805555556,380
138.6949213888889,35.63822888888889,380
138.69527277777777,35.63831027777778,381
138.69540972222222,35.638335,382
138.6958825,35.638391666666664,383
138.69606583333334,35.63842722222222,384
138.69658444444445,35.63850333333333,383
138.69698166666666,35.638533611111114,383
138.6970575,35.63854444444444,383
138.6978961111111,35.63866055555555,384
138.6984688888889,35.638752777777775,384
138.69879666666668,35.638843888888886,384
138.69921666666667,35.638849444444446,385
138.69974277777777,35.63883416666667,386
138.6998338888889,35.63883416666667,387
138.70044472222222,35.638844166666665,388
138.70097083333334,35.63894638888889,387
138.7016088888889,35.63901138888889,387
138.70160777777778,35.63901138888889,387
138.70177166666667,35.63902777777778,387
138.7018563888889,35.6390125,387
138.7021536111111,35.638936666666666,388
138.7027936111111,35.6390375,388
138.70309194444445,35.63907861111111,388
138.7037938888889,35.63922083333333,390
138.70389277777778,35.63924138888889,390
138.70474666666667,35.63945944444445,392
138.704945,35.63951055555555,393
138.70524333333333,35.6395875,395
138.70586833333334,35.63977527777778,399
138.70612777777777,35.63986638888889,402
138.7064552777778,35.63999444444445,404
138.70650194444445,35.640034722222225,403
138.70681416666667,35.640278888888886,404
138.70690527777776,35.64030916666667,405
138.7072797222222,35.64042638888889,406
138.70737833333334,35.64046222222222,407
138.7074088888889,35.6404675,407
138.70831694444445,35.640971111111114,413
138.7091175,35.641378055555556,418
138.70939305555555,35.64156027777778,419
138.7096525,35.64174361111111,420
138.70966777777778,35.64178472222222,420
138.70964805555556,35.64185222222222,420
138.70964805555556,35.64185111111111,420
138.70966777777778,35.64178472222222,420
138.7096525,35.64174361111111,420
138.7099802777778,35.64191611111111,423
138.71015583333335,35.64200833333334,426
138.71027,35.64208444444444,428
138.71051416666666,35.64228277777778,430
138.71072777777778,35.642445555555554,431
138.711155,35.64286222222222,435
138.71132972222222,35.643035833333336,439
138.71137638888888,35.64309138888889,439
138.71142944444443,35.643142222222224,439
138.71142944444443,35.64317805555556,439
138.7114675,35.64328444444445,439
138.71168138888888,35.64369111111111,437
138.71179527777778,35.643925277777775,435
138.71199388888888,35.64384944444444,436
138.71205444444445,35.643834166666664,436
138.71215444444445,35.643859166666665,438
138.71224555555557,35.64392,438
138.71245166666668,35.64410888888889,438
138.71264277777777,35.644286666666666,437
138.71286388888888,35.64447444444444,438
138.71297027777777,35.64457111111111,437
138.71336722222222,35.64494333333333,439
138.71354305555556,35.64512111111111,439
138.7135886111111,35.64521222222222,440
138.7135886111111,35.64531861111111,440
138.71356583333332,35.64543583333333,440
138.71356583333332,35.645512777777775,440
138.71358083333334,35.64556833333334,439
138.71360388888888,35.64564416666666,439
138.71365694444444,35.64570055555556,438
138.71377833333332,35.6458025,438
138.71399222222223,35.645944722222225,439
138.71400416666665,35.64595333333333,439
138.71400305555557,35.64595222222222,439
138.71436666666668,35.646204166666664,441
138.71448055555555,35.64626055555556,441
138.71454222222224,35.64628555555556,441
138.71461833333333,35.64629083333333,442
138.7149536111111,35.64626055555556,443
138.71504583333333,35.64624972222222,444
138.7150761111111,35.64626055555556,444
138.71516722222222,35.646275555555555,445
138.71541916666666,35.6463875,445
138.71563277777778,35.646478611111114,445
138.71603,35.64665222222222,449
138.71622861111112,35.64674333333333,449
138.7164563888889,35.646834444444444,449
138.71675472222222,35.646951666666666,450
138.71736472222221,35.647170833333334,449
138.71779222222222,35.647307777777776,447
138.71808194444444,35.647385,445
138.7187075,35.647485833333334,442
138.7187911111111,35.64750111111111,443
138.7191263888889,35.647618055555554,444
138.71933277777777,35.64766916666667,444
138.71947805555556,35.64769416666667,443
138.71985138888888,35.647710277777776,443
138.71989027777778,35.64772027777778,443
138.7199813888889,35.64772027777778,443
138.720065,35.647745,443
138.720165,35.64777111111111,443
138.72094277777776,35.6478775,446
138.72105027777778,35.647890555555556,445
138.72104916666666,35.647889444444445,445
138.72120222222222,35.647907777777775,445
138.72160694444443,35.64792861111111,445
138.72160694444443,35.647979444444445,445
138.72159055555557,35.64806083333333,444
138.72151472222222,35.648208333333336,443
138.72119472222224,35.648854166666666,438
138.72117944444443,35.64888,437
138.721035,35.649229444444444,433
138.721035,35.64922833333333,433
138.7209125,35.649525555555556,430
138.72064555555556,35.65017111111111,422
138.72064555555556,35.65018638888889,422
138.72064555555556,35.6502525,421
138.72065305555554,35.650395555555555,420
138.7206911111111,35.65060833333333,417
138.72070638888889,35.65067027777778,417
138.72072916666667,35.65072555555555,416
138.72076722222224,35.6508275,415
138.7211413888889,35.65130055555556,410
138.7212175,35.6514025,409
138.7212325,35.65143305555556,409
138.72127805555556,35.65155444444444,408
138.72129333333334,35.651849444444444,406
138.7213313888889,35.652235555555556,403
138.7213313888889,35.65232777777778,403
138.72133888888888,35.652409166666665,402
138.72133888888888,35.65251138888889,401
138.72133888888888,35.65258722222222,400
138.72135527777777,35.652657777777776,400
138.72136277777778,35.652674166666664,400
138.72137777777778,35.65331972222222,390
138.72139277777777,35.65341611111111,387
138.72143083333333,35.65349222222222,386
138.72151444444444,35.65357888888889,387
138.72165222222222,35.653660277777774,387
138.72172833333335,35.65373638888889,388
138.7217511111111,35.65378722222222,389
138.72176611111112,35.65382861111111,389
138.7217738888889,35.65447388888889,387
138.7217813888889,35.655007777777776,385
138.72179666666668,35.655231388888886,385
138.72182694444444,35.655878055555554,386
138.72184333333334,35.65649333333333,385
138.72185083333332,35.656869444444446,385
138.72188111111112,35.656915,385
138.72190388888887,35.65696611111111,385
138.72221638888888,35.65731638888889,386
138.72227722222223,35.65741861111111,386
138.72231527777777,35.6575,386
138.72231527777777,35.657535555555555,386
138.72236944444444,35.657719166666666,387
138.722415,35.65799361111111,385
138.72243777777777,35.65830833333333,385
138.72245305555555,35.65841361111111,385
138.72245305555555,35.6584125,385
138.7225061111111,35.65876611111111,385
138.72254416666667,35.659015833333335,384
138.72256694444445,35.6591175,384
138.7226288888889,35.65920305555556,384
138.72274277777777,35.65931055555556,384
138.72281972222223,35.65942777777778,383
138.7228577777778,35.65957,382
138.72280361111112,35.66009833333333,380
138.72281972222223,35.66014944444444,380
138.7228425,35.660200277777776,380
138.72305527777777,35.660465,376
138.72311694444446,35.66056722222222,374
138.72313222222223,35.660627777777776,374
138.72314,35.66068305555556,373
138.72314,35.66078527777778,372
138.723155,35.66083611111111,372
138.72317777777778,35.661258333333336,372
138.72317777777778,35.661299444444445,372
138.72321583333334,35.66194472222222,377
138.72323111111112,35.66214333333333,378
138.72323111111112,35.66231055555556,379
138.72320055555556,35.66244833333333,380
138.72317027777777,35.662535,380
138.72313222222223,35.662616388888885,380
138.72307916666668,35.66267722222222,382
138.7230172222222,35.66274333333333,382
138.72290333333333,35.662885555555555,383
138.7228577777778,35.66299194444444,383
138.7228425,35.66306888888889,383
138.7228577777778,35.66315027777778,383
138.7229563888889,35.66364305555555,383
138.723155,35.66410611111111,384
138.72352833333332,35.66475166666667,384
138.72355222222222,35.66478194444444,384
138.72372694444445,35.6650675,384
138.72399388888888,35.66560138888889,384
138.72416972222223,35.665932222222224,384
138.724215,35.666018888888885,384
138.7245286111111,35.66666472222222,383
138.72458916666668,35.66676638888889,383
138.72468805555556,35.66693333333333,383
138.72491694444443,35.66724388888889,383
138.7250775,35.66744777777778,383
138.7254127777778,35.66791555555555,382
138.7254888888889,35.6680175,382
138.72585555555557,35.668525277777775,381
138.72587833333333,35.66856638888889,381
138.7260161111111,35.66887694444444,381
138.7262061111111,35.66929361111111,379
138.72625277777777,35.66951805555556,379
138.72627555555556,35.66961888888889,379
138.72629055555555,35.66981722222222,378
138.72629055555555,35.66988333333333,378
138.72627555555556,35.67000055555555,378
138.72626777777776,35.67004083333333,378
138.72627555555556,35.67019388888889,377
138.7263513888889,35.67051388888889,375
138.72638944444444,35.670676666666665,374
138.72646527777778,35.67092611111111,375
138.72652722222222,35.67118555555555,376
138.7265425,35.67142416666667,376
138.7265425,35.671505555555555,376
138.72651944444445,35.67164888888889,376
138.72648166666667,35.671775833333335,377
138.72641972222223,35.67191805555556,376
138.7263252777778,35.67194194444444,376
138.72632416666667,35.67194194444444,376
138.72641972222223,35.67191805555556,376
138.72656527777778,35.67188222222222,377
138.72669416666668,35.671841944444445,377
138.72705305555556,35.67168361111111,378
138.72738833333332,35.671505555555555,379
138.72767805555554,35.67142416666667,380
138.72781583333332,35.671393888888886,380
138.72786916666666,35.67137861111111,380
138.72883805555554,35.671165,381
138.7291125,35.67108388888889,381
138.72936444444446,35.6709775,383
138.72993722222222,35.67064111111111,384
138.73014333333333,35.67055,384
138.73035611111112,35.670474166666665,385
138.73044083333335,35.67044361111111,384
138.7305775,35.670407777777775,385
138.7314625,35.67023416666667,389
138.7316688888889,35.670184722222224,389
138.73179027777778,35.67014888888889,391
138.73204972222223,35.670052222222225,395
138.73214194444444,35.67002611111111,397
138.732515,35.66988388888889,400
138.73320194444443,35.66961916666666,399
138.73332444444443,35.669583333333335,399
138.73349166666668,35.66956833333333,399
138.73363722222223,35.669583333333335,399
138.73412527777776,35.669690833333334,400
138.73433138888888,35.66975166666667,401
138.73443,35.66979277777778,405
138.73459055555554,35.66988388888889,407
138.73482722222224,35.67001111111111,416
138.73499416666667,35.670052222222225,415
138.73510166666668,35.670052222222225,414
138.73523833333334,35.67002611111111,415
138.7355138888889,35.669935,414
138.73562777777778,35.66988416666667,412
138.73574194444444,35.669844166666664,414
138.73586444444445,35.669808333333336,415
138.7359402777778,35.669808333333336,416
138.73666527777777,35.66979305555556,419
138.73672611111112,35.66979972222222,418
138.736725,35.66979972222222,418
138.73675,35.669803055555555,418
138.73680305555555,35.66981805555555,416
138.73690166666665,35.66988416666667,414
138.7369625,35.66996555555556,415
138.73700166666666,35.6700525,419
138.73713833333332,35.67046916666666,424
138.7372761111111,35.67095722222222,423
138.73736722222222,35.67158333333333,426
138.73739,35.67164388888889,426
138.73764944444446,35.67216805555555,430
138.73780222222223,35.6724275,428
138.73786277777776,35.67252388888889,429
138.73793111111112,35.67259027777778,429
138.73801583333332,35.67265638888889,428
138.73841194444444,35.67286472222222,435
138.73852694444443,35.67296666666667,435
138.7386875,35.67322611111111,435
138.73872555555556,35.6733075,436
138.73873305555554,35.67331166666666,436
138.73886222222222,35.67356638888889,449
138.7389925,35.67373361111111,448
138.73923666666667,35.67399833333333,444
138.73926694444444,35.67409055555556,445
138.73938083333334,35.674365,446
138.7393886111111,35.67440083333333,446
138.73942,35.67451694444444,448
138.7394036111111,35.67461888888889,450
138.73925166666666,35.67507694444444,456
138.7392288888889,35.67517333333333,459
138.73923666666667,35.67530027777778,457
138.73928972222222,35.6754025,457
138.73935055555555,35.675468611111114,457
138.73958694444445,35.67565638888889,456
138.73965527777779,35.67570722222222,458
138.73991583333333,35.67583416666667,460
138.74011333333334,35.675956944444444,461
138.74017194444446,35.676000277777774,461
138.74017083333334,35.675999166666664,462
138.74011333333334,35.675956944444444,461
138.73982361111112,35.67660222222222,468
138.73979333333332,35.67666833333333,469
138.73971722222223,35.676724722222225,468
138.73966416666667,35.67674,469
138.73964027777777,35.67674972222222,469
138.7389925,35.67666833333333,476
138.73893166666667,35.67665861111111,476
138.73886222222222,35.67662277777778,477
138.73883944444444,35.676581666666664,477
138.73877861111112,35.67642416666666,477
138.73864083333333,35.67617472222222,482
138.7384272222222,35.67577333333333,486
138.73809944444446,35.67549861111111,486
138.73781722222222,35.67526,487
138.73778694444445,35.67519388888889,486
138.73762638888888,35.67477638888889,492
138.73758833333332,35.67471555555556,492
138.7375125,35.67464944444445,493
138.73709277777778,35.67430861111111,493
138.73708305555556,35.67429888888889,493
138.73708194444444,35.67429777777778,493
138.73709277777778,35.67430861111111,493
138.7375125,35.67464944444445,493
138.73758833333332,35.67471555555556,492
138.73762638888888,35.67477638888889,492
138.73778694444445,35.67519388888889,486
138.73790083333333,35.67505194444445,482
138.73844333333332,35.67471555555556,478
138.73850416666667,35.67454305555555,479
138.7384661111111,35.67442583333333,477
138.73839666666666,35.674347777777776,477
138.73839555555554,35.674346666666665,477
138.7383663888889,35.67431416666667,476
138.7376036111111,35.67411,473
138.73744305555556,35.674034166666665,477
138.73729138888888,35.673835555555556,476
138.73723805555557,35.67375972222222,474
138.73720666666668,35.67357611111111,477
138.73723805555557,35.67324083333333,476
138.73720666666668,35.6730175,477
138.73713833333332,35.672885,473
138.736955,35.67268111111111,473
138.73693972222222,35.67266583333333,473
138.73658916666668,35.672264722222224,460
138.73631472222223,35.67205083333333,455
138.73613138888888,35.67194888888889,453
138.7359936111111,35.67189777777778,453
138.73588722222223,35.67189777777778,454
138.73578083333334,35.671908888888886,454
138.73559,35.67193916666667,454
138.7349563888889,35.672065833333335,450
138.73491833333333,35.672065833333335,450
138.73480444444445,35.67205055555556,447
138.7346513888889,35.671994166666664,445
138.7345136111111,35.671908611111114,443
138.73439194444444,35.67179138888889,443
138.73430083333332,35.671683888888886,442
138.73423888888888,35.6715525,446
138.73421611111112,35.671435555555554,444
138.7342313888889,35.67129777777778,444
138.73425416666666,35.67116111111111,445
138.73426166666667,35.671135,444
138.73435416666666,35.67077388888889,431
138.73433888888889,35.670697777777775,429
138.73433888888889,35.67065222222222,427
138.73426166666667,35.670474444444444,426
138.7341786111111,35.67033222222222,422
138.73406472222223,35.67022472222222,420
138.73392666666666,35.67013361111111,419
138.7337813888889,35.67005666666667,414
138.733255,35.66992527777778,407
138.73317916666667,35.66990888888889,407
138.73308055555555,35.66990888888889,407
138.73290472222223,35.66996527777778,407
138.73277444444443,35.6700675,406
138.7327061111111,35.670234444444446,408
138.73267583333333,35.67031583333333,405
138.73267583333333,35.67046888888889,403
138.7328125,35.67104805555555,404
138.73280472222223,35.67114027777778,403
138.73274416666666,35.67123138888889,400
138.73263777777777,35.671308333333336,399
138.73249222222222,35.67134305555555,398
138.73224055555556,35.67135833333333,396
138.7321038888889,35.671369166666665,393
138.73213416666667,35.67108277777778,394
138.73213416666667,35.671081666666666,394
138.73216472222222,35.67079416666667,396
138.7321875,35.67046888888889,397
138.7321797222222,35.67038194444444,397
138.73214194444444,35.67002611111111,397
138.73211916666668,35.66988388888889,391
138.7321038888889,35.66970611111111,391
138.7320875,35.66963444444445,392
138.73211916666668,35.66954861111111,392
138.73235555555556,35.66912666666666,394
138.7324011111111,35.669019166666665,395
138.73243916666667,35.66887722222222,395
138.73246194444445,35.66871444444445,395
138.73253027777778,35.66806888888889,395
138.73256833333335,35.667925833333335,395
138.73256833333335,35.66791055555556,395
138.73259222222222,35.66784444444444,395
138.7328286111111,35.66722361111111,396
138.7329425,35.66690916666667,396
138.73300333333333,35.66668555555555,397
138.73302611111112,35.66659333333333,397
138.73311083333334,35.666156388888886,399
138.7332172222222,35.66551055555556,402
138.73322472222222,35.66546944444445,402
138.73329305555555,35.66517416666667,403
138.733355,35.66493555555556,404
138.73337777777778,35.66486944444444,404
138.7334763888889,35.66466111111111,405
138.73372833333335,35.6643,406
138.7337813888889,35.664208888888886,406
138.73380527777778,35.6641275,406
138.73390388888888,35.663801944444444,407
138.73402555555555,35.66337444444444,408
138.73406472222223,35.66316055555556,409
138.73361416666665,35.66256055555556,412
138.7331336111111,35.66191527777778,415
138.73311833333332,35.6619,415
138.73298055555554,35.66171666666666,415
138.73284388888888,35.66150833333333,416
138.73273111111112,35.66132277777778,416
138.73273111111112,35.661321666666666,417
138.73249222222222,35.66092777777778,417
138.7333625,35.660445,422
138.7334688888889,35.66036916666667,423
138.733675,35.66019583333333,427
138.73394972222223,35.65990055555555,429
138.73402555555555,35.659819166666665,428
138.7344,35.65944388888889,428
138.73457555555555,35.65927027777778,428
138.735155,35.65866055555556,435
138.73527,35.65857916666667,436
138.73539166666666,35.658502222222225,435
138.73555222222222,35.65843611111111,435
138.7360025,35.65828416666667,436
138.73615444444445,35.65824277777778,438
138.73646666666667,35.65820277777778,437
138.7368561111111,35.65815166666667,438
138.7369788888889,35.65812666666667,439
138.7370775,35.65809111111111,439
138.73742805555557,35.65795861111111,444
138.73839694444445,35.65749111111111,446
138.73848166666667,35.65745,446
138.73929,35.65703333333333,447
138.73944305555557,35.657018055555554,449
138.7396025,35.65696722222222,452
138.7397175,35.65694111111111,455
138.73987694444443,35.65691611111111,456
138.74007555555556,35.65692583333333,455
138.74025138888888,35.65693666666667,455
138.74048,35.65692583333333,456
138.74066333333334,35.656910833333335,456
138.74086861111113,35.656875,454
138.7410138888889,35.656844444444445,457
138.74124277777779,35.65678388888889,459
138.7415552777778,35.6566625,456
138.7417311111111,35.656570277777774,459
138.74183,35.656509444444445,457
138.74261666666666,35.65597555555556,464
138.74288666666666,35.65579888888889,463
</coordinates>
</LineString>
</Placemark>
</Document>
</kml>
