<?xml version="1.0" encoding="UTF-8"?>
<kml xmlns="http://www.opengis.net/kml/2.2" xmlns:atom="http://www.w3.org/2005/Atom">
<Document>
<name>第57代新歓合宿１日目</name>
<atom:author>
<atom:name>ザッカーバーグ</atom:name>
</atom:author> 
<atom:link href="https://latlonglab.yahoo.co.jp/route/watch?id=ea426a5864369e1e2f4ab3d6ed4e3b4b" />
<description><![CDATA[]]></description>
<tags><![CDATA[wcc57th]]></tags>  
<Placemark>
<Style>
<LineStyle>
<color>99ff0000</color>
<width>6</width>
</LineStyle>
</Style>
<LineString>
<coordinates>
139.33932388888888,35.657626111111114,109
139.33932805555557,35.65767888888889,109
139.33935305555556,35.658096111111114,109
139.3393661111111,35.65827888888889,109
139.3393661111111,35.65831305555555,109
139.33937805555556,35.65857111111111,109
139.33940305555555,35.658838055555556,109
139.3394411111111,35.659238055555555,109
139.33947805555556,35.659728888888885,109
139.33951611111112,35.66055388888889,110
139.33955305555557,35.66155388888889,110
139.33960305555556,35.66234611111111,110
139.33960305555556,35.662436944444444,110
139.33962805555555,35.662953888888886,109
139.33964111111112,35.663178888888886,109
139.33967805555557,35.663286944444444,108
139.33972805555555,35.66339611111111,108
139.34012805555557,35.66387888888889,107
139.34022805555554,35.66402,107
139.34040305555556,35.66425388888889,107
139.34054111111112,35.66467,106
139.3409161111111,35.666145,106
139.3411411111111,35.667136944444444,109
139.34115305555557,35.66776194444444,112
139.34115305555557,35.668261944444446,116
139.34124,35.669895,120
139.34129,35.67092805555556,122
139.34140305555556,35.67211888888889,125
139.34150305555556,35.67506111111111,131
139.34149194444444,35.67554888888889,132
139.34149194444444,35.67554888888889,132
139.34149,35.67561888888889,132
139.34145305555555,35.67601111111111,133
139.34132805555555,35.67648611111111,134
139.341265,35.67671888888889,135
139.341165,35.67696111111111,135
139.34109,35.67717694444445,136
139.34095305555556,35.67756111111111,137
139.34089,35.67773611111111,136
139.34062805555556,35.678201944444446,132
139.34010305555555,35.67912694444444,129
139.33947805555556,35.68021,123
139.33934,35.68046,120
139.33920305555554,35.68070194444444,112
139.338965,35.68119305555555,114
139.33887805555557,35.68155194444444,117
139.33885305555555,35.681693055555556,121
139.33884,35.68187694444445,123
139.33884,35.68204305555555,127
139.33887805555557,35.682268055555554,127
139.33890305555556,35.682435,127
139.339015,35.68264305555556,128
139.33910305555557,35.68286805555555,128
139.34010305555555,35.68481,116
139.34027694444444,35.68514305555556,117
139.34067694444445,35.685918055555554,114
139.34079,35.68612611111111,113
139.34079,35.68624305555556,113
139.34103888888887,35.68662611111111,112
139.34103888888887,35.68662611111111,112
139.34079,35.68624305555556,113
139.33984,35.68660111111111,113
139.339215,35.68686805555556,116
139.33864,35.68713388888889,115
139.337615,35.68763388888889,117
139.33687805555556,35.68800111111111,116
139.33637805555554,35.68824305555555,117
139.33635305555555,35.68825888888889,117
139.335765,35.688543055555556,117
139.33499,35.68892611111111,118
139.33410305555554,35.68935888888889,119
139.33270305555556,35.69005888888889,119
139.33255305555556,35.69012611111111,119
139.33247805555555,35.69005888888889,119
139.33219111111111,35.68976694444444,119
139.3299911111111,35.68758388888889,137
139.3293661111111,35.686993055555554,142
139.3291911111111,35.686866944444446,145
139.3290411111111,35.68678388888889,145
139.3288161111111,35.68669194444445,147
139.32860305555556,35.68664305555556,150
139.32830305555555,35.68660111111111,156
139.32805305555556,35.68660111111111,155
139.3278411111111,35.68663388888889,155
139.32705388888888,35.68680111111111,147
139.3258911111111,35.68705111111111,146
139.3256661111111,35.687066944444446,140
139.3253138888889,35.68707388888889,138
139.3253138888889,35.68707388888889,138
139.3252161111111,35.68707611111111,138
139.32502888888888,35.68705888888889,138
139.3246538888889,35.687018055555555,139
139.32422888888888,35.68692611111111,138
139.3239788888889,35.686841944444446,138
139.3237288888889,35.68674305555555,140
139.32356611111112,35.68666805555556,140
139.3230288888889,35.68637611111111,142
139.32141694444445,35.68552611111111,155
139.32069194444443,35.68514305555556,159
139.32040388888888,35.68497611111111,159
139.32016694444445,35.68479305555555,159
139.3200038888889,35.68461805555555,159
139.3198788888889,35.68443388888889,158
139.3197788888889,35.68423388888889,158
139.31966694444444,35.68391694444445,155
139.31936694444445,35.68337611111111,146
139.31924194444446,35.68320888888889,144
139.3184288888889,35.682251111111114,136
139.31751694444444,35.68120111111111,134
139.31679194444445,35.68044305555556,134
139.31666694444445,35.68029305555556,134
139.31558,35.67912611111111,131
139.31536694444443,35.67890111111111,129
139.31533,35.67886,128
139.31511694444444,35.678635,127
139.31506694444445,35.67857611111111,127
139.31441805555556,35.67787611111111,128
139.314355,35.67781,128
139.31416694444445,35.677593055555555,128
139.31404194444445,35.67745194444444,129
139.31384194444445,35.67725194444444,129
139.31336694444445,35.676735,130
139.31281694444445,35.676143055555556,135
139.31258,35.67641805555556,135
139.31223,35.67675194444445,135
139.31139305555556,35.67751,135
139.31133,35.677551111111114,136
139.311205,35.67765111111111,136
139.310355,35.67825111111111,137
139.309855,35.67859305555555,140
139.309755,35.67866,140
139.30943,35.678885,140
139.30939305555555,35.678918055555556,140
139.309105,35.67913388888889,140
139.308205,35.67979305555556,141
139.308055,35.679901111111114,141
139.30758111111112,35.680258888888886,142
139.3075311111111,35.68030111111111,142
139.30723111111112,35.680526111111114,142
139.30704305555557,35.68065111111111,142
139.30656805555554,35.680993055555554,142
139.3063061111111,35.68116805555555,142
139.3061811111111,35.68125888888889,142
139.30611805555554,35.681308888888886,142
139.3059061111111,35.681466944444445,142
139.30569305555557,35.68163388888889,142
139.30534305555557,35.68196694444445,142
139.3052561111111,35.68205888888889,142
139.30516805555555,35.68213388888889,143
139.3045561111111,35.68275111111111,144
139.3042311111111,35.68305111111111,142
139.30396805555554,35.683258888888886,140
139.30371805555555,35.68343388888889,140
139.30311805555556,35.68383388888889,140
139.30295611111111,35.683616944444445,140
139.30264305555556,35.683191944444445,138
139.30251805555557,35.68304194444445,138
139.30231805555556,35.68275888888889,136
139.30226805555554,35.68270111111111,136
139.30171805555557,35.68198388888889,135
139.30133111111112,35.68159305555555,135
139.30126805555557,35.681491944444446,135
139.30124305555555,35.68139305555555,135
139.30123111111112,35.68125888888889,135
139.30114305555554,35.68110111111111,134
139.30110611111112,35.681043055555556,134
139.30009388888888,35.68004305555556,140
139.30000611111112,35.679966944444445,140
139.2999311111111,35.67989305555555,140
139.2996061111111,35.67977611111111,140
139.2994688888889,35.67969194444444,140
139.29906888888888,35.67928388888889,141
139.2988188888889,35.67904305555555,141
139.2986061111111,35.67881805555555,142
139.2981061111111,35.67832611111111,143
139.2979688888889,35.67812611111111,143
139.2979061111111,35.678018055555555,143
139.2978061111111,35.67775888888889,144
139.29771888888888,35.67744305555556,144
139.2975688888889,35.67682611111111,143
139.2975561111111,35.67675111111111,143
139.2975311111111,35.67668388888889,143
139.2974311111111,35.67626805555555,142
139.2971938888889,35.675268055555556,142
139.29718111111112,35.675201111111114,142
139.2970938888889,35.674885,141
139.29704388888888,35.67467611111111,141
139.29694388888888,35.67444305555556,142
139.29690694444446,35.67437611111111,142
139.29685694444444,35.674285,142
139.29669388888888,35.67404305555556,143
139.29656888888888,35.673935,143
139.29635694444445,35.673743055555555,143
139.29625694444445,35.67366805555555,144
139.2960938888889,35.673535,144
139.29573888888888,35.673228888888886,143
139.29573888888888,35.673228888888886,143
139.29566888888888,35.67316805555556,143
139.29509388888889,35.67342611111111,145
139.2945188888889,35.67362611111111,145
139.2940438888889,35.673785,146
139.29399805555556,35.67380111111111,146
139.29399805555556,35.67380111111111,146
139.29331888888888,35.674035,147
139.29309388888888,35.67379305555556,147
139.2929938888889,35.67369305555555,147
139.29290694444444,35.67371,147
139.29275694444445,35.67371,147
139.2924438888889,35.673701111111114,147
139.2917438888889,35.67366805555555,148
139.29165694444444,35.67366805555555,148
139.29136888888888,35.67371,148
139.2909938888889,35.67376,148
139.2905188888889,35.673768055555556,149
139.29017,35.67366805555555,149
139.290165,35.67363611111111,149
139.290165,35.67363611111111,149
139.29017,35.67366805555555,149
139.289895,35.67360111111111,149
139.28977,35.673568055555556,149
139.28910694444446,35.67344305555556,149
139.28903194444445,35.673435,149
139.288645,35.673476111111114,149
139.28847,35.673493055555554,149
139.288345,35.67350111111111,149
139.28777,35.67357611111111,150
139.287695,35.67355111111111,149
139.28763194444446,35.67361805555556,150
139.28761111111112,35.673635,150
139.28761111111112,35.673635,150
139.28763194444446,35.67361805555556,150
139.286845,35.67351,149
139.28645694444444,35.67346,149
139.28628194444445,35.67342611111111,149
139.28608194444445,35.67337611111111,149
139.28575805555556,35.673235,149
139.285495,35.673143055555556,150
139.284945,35.67299305555556,151
139.28462,35.67295111111111,152
139.284345,35.67296,152
139.28413194444445,35.67296805555556,153
139.283895,35.67297611111111,153
139.283445,35.672983888888886,154
139.28332,35.672983888888886,155
139.28312,35.67296805555556,155
139.28265805555554,35.67290111111111,156
139.282345,35.67288388888889,156
139.28220805555554,35.67287611111111,156
139.282045,35.672868055555554,156
139.281745,35.672851111111115,156
139.28152,35.67283388888889,156
139.281295,35.67280111111111,156
139.28102,35.672718055555556,156
139.28068305555556,35.67260888888889,156
139.28059611111112,35.67258388888889,156
139.28049611111112,35.67255111111111,156
139.2803461111111,35.67251805555556,156
139.27972111111112,35.67245111111111,157
139.27963305555556,35.672443055555554,157
139.27953305555556,35.67242611111111,157
139.27945805555555,35.672401111111114,157
139.2792961111111,35.67232611111111,157
139.2788461111111,35.67210111111111,157
139.27838305555557,35.67187611111111,158
139.27822111111112,35.67178388888889,159
139.2781461111111,35.67173388888889,158
139.27799611111112,35.67158388888889,158
139.27788305555555,35.67146805555556,159
139.27770805555556,35.67134305555555,159
139.27750805555556,35.67118388888889,159
139.27745805555554,35.67115111111111,159
139.27719611111112,35.67106805555556,162
139.27655805555557,35.67082611111111,164
139.27600805555556,35.67058388888889,166
139.2756961111111,35.67045888888889,168
139.27527111111112,35.67036805555556,171
139.27504611111112,35.67032611111111,173
139.2749088888889,35.670276111111114,174
139.2747588888889,35.67020888888889,174
139.27437111111112,35.66997611111111,174
139.2742338888889,35.669893055555555,175
139.2741961111111,35.669868055555554,174
139.27402111111113,35.66976805555556,173
139.27310888888888,35.66939305555555,173
139.2729338888889,35.66935111111111,173
139.2724088888889,35.669293055555556,174
139.27223388888888,35.66925888888889,174
139.27202111111112,35.66919305555555,173
139.2718588888889,35.669108888888886,171
139.2716961111111,35.66903388888889,172
139.2714961111111,35.668976111111114,173
139.2711461111111,35.66889305555556,176
139.2708461111111,35.66880111111111,178
139.2707211111111,35.66876805555555,178
139.2704338888889,35.66865888888889,178
139.26912194444444,35.668143055555554,178
139.26847194444446,35.66789305555555,182
139.2683088888889,35.66780111111111,182
139.26822194444443,35.667718055555554,182
139.2680588888889,35.66746,182
139.26797194444444,35.66736,182
139.2677338888889,35.66721,182
139.26759694444445,35.667093055555554,184
139.26747194444445,35.667051111111114,185
139.2674561111111,35.66706694444444,186
139.2674561111111,35.66706694444444,186
139.26709694444443,35.66741805555556,188
139.26704694444444,35.66746,189
139.26672194444444,35.66769305555555,195
139.2663088888889,35.667926111111115,198
139.26565888888888,35.66822611111111,201
139.26549694444444,35.66828388888889,202
139.26530888888888,35.66833388888889,204
139.26512194444445,35.668368055555554,205
139.26459694444443,35.668418055555556,207
139.2643338888889,35.66847611111111,207
139.26418388888888,35.66852611111111,208
139.26402194444444,35.66860111111111,209
139.26259694444445,35.66963388888889,208
139.26226,35.669893055555555,199
139.26216,35.669983888888886,198
139.26169694444445,35.67039194444445,189
139.26151,35.67057611111111,187
139.260785,35.67128388888889,183
139.26064694444443,35.671416944444445,182
139.26041,35.67165111111111,181
139.26036,35.67169194444445,180
139.260085,35.67195888888889,180
139.2597911111111,35.672255,181
139.2597911111111,35.672255,181
139.25942194444445,35.672626111111114,181
139.259185,35.67237611111111,182
139.25909694444445,35.67227611111111,182
139.25856,35.67169194444445,183
139.25814694444443,35.67125111111111,183
139.257885,35.67097611111111,184
139.25771,35.67080111111111,184
139.25761,35.67068388888889,184
139.25754694444444,35.67061694444445,184
139.25722305555556,35.67028388888889,184
139.256985,35.67002611111111,184
139.25686,35.669893055555555,185
139.25667305555555,35.66970888888889,185
139.25652305555556,35.66957611111111,186
139.256235,35.66936694444444,186
139.256035,35.669218055555554,187
139.255935,35.66915111111111,187
139.25582305555557,35.66911694444445,188
139.255685,35.669091944444446,188
139.25511111111112,35.66908388888889,189
139.2548111111111,35.66908388888889,189
139.25463611111113,35.669066944444445,189
139.25398611111112,35.66898388888889,191
139.25351111111112,35.66880888888889,195
139.25309805555557,35.66865111111111,195
139.25282305555555,35.66855888888889,196
139.25172305555554,35.66826805555556,197
139.2516361111111,35.66824305555556,198
139.2515611111111,35.66820111111111,196
139.2514361111111,35.66810111111111,196
139.2513111111111,35.667968055555555,196
139.2511861111111,35.66785111111111,196
139.2509611111111,35.66766805555555,197
139.2508238888889,35.66759305555556,197
139.2503238888889,35.66737611111111,198
139.2500488888889,35.66732611111111,197
139.24979888888888,35.66730888888889,197
139.2495111111111,35.667276111111114,197
139.24919888888888,35.66720888888889,198
139.2486238888889,35.66706805555555,199
139.24843611111112,35.66699305555556,199
139.2478988888889,35.66675111111111,202
139.24784888888888,35.66672611111111,202
139.24764888888888,35.66668388888889,203
139.2468988888889,35.66660888888889,207
139.24683611111112,35.66661805555555,206
139.2468111111111,35.666626111111114,206
139.2467738888889,35.666643055555554,205
139.2466738888889,35.66670111111111,206
139.2465488888889,35.66678388888889,205
139.24628694444445,35.66697611111111,203
139.24624888888889,35.66700888888889,205
139.24617388888888,35.66710888888889,202
139.24611194444444,35.66720888888889,203
139.24591194444446,35.66778388888889,207
139.24569888888888,35.668193055555555,207
139.24556194444443,35.66842611111111,209
139.24549888888887,35.66849305555556,209
139.2453988888889,35.66855888888889,209
139.24533694444443,35.66860888888889,209
139.24483694444444,35.66894305555556,205
139.24456194444446,35.66918388888889,206
139.24448694444445,35.669243055555555,205
139.24441194444444,35.669268055555555,203
139.24432388888889,35.66930111111111,203
139.24423694444445,35.66930888888889,203
139.24399888888888,35.66930888888889,202
139.24383694444444,35.66930111111111,202
139.24364888888888,35.66927611111111,203
139.24271194444444,35.66912611111111,202
139.24215,35.669043055555555,202
139.24166194444444,35.668976944444445,202
139.2408,35.668868055555556,201
139.24061194444445,35.66882694444445,202
139.24033694444444,35.668735,202
139.240025,35.668585,203
139.2398,35.66846888888889,203
139.239675,35.66841,203
139.2394,35.66824388888889,204
139.23916305555557,35.668076944444444,204
139.23893805555556,35.66796,203
139.23858805555557,35.66784388888889,204
139.23833805555554,35.66779388888889,205
139.23773805555555,35.66763611111111,206
139.2374761111111,35.66756888888889,206
139.23730111111112,35.66753611111111,206
139.23710111111112,35.66753611111111,206
139.23663805555555,35.66761888888889,207
139.23616305555555,35.667726944444446,209
139.2359011111111,35.66777694444445,209
139.23540111111112,35.66782805555555,209
139.2346761111111,35.66782805555555,207
139.23437611111112,35.66781888888889,208
139.23425111111112,35.667836111111114,209
139.23413888888888,35.667878055555555,210
139.2340511111111,35.66793611111111,212
139.23401388888888,35.66797694444445,212
139.2339888888889,35.66806111111111,213
139.2340011111111,35.66842694444444,212
139.2340011111111,35.668526944444444,211
139.2339888888889,35.66936888888889,211
139.2339761111111,35.66950305555556,211
139.2339511111111,35.66959388888889,211
139.23388888888888,35.66968611111111,212
139.2336388888889,35.669893888888886,214
139.2331888888889,35.670276944444446,217
139.23302611111112,35.67069388888889,217
139.2329388888889,35.67084388888889,218
139.2328511111111,35.67095194444445,218
139.2327261111111,35.67105194444444,217
139.2326011111111,35.67111888888889,216
139.2322638888889,35.67124388888889,216
139.2321261111111,35.671301944444444,217
139.2317011111111,35.67148611111111,214
139.2314011111111,35.67161111111111,216
139.23086388888888,35.67180194444445,218
139.23063888888888,35.671886111111114,219
139.23028888888888,35.67206111111111,221
139.22942694444444,35.67250305555555,223
139.2293138888889,35.67254388888889,222
139.22926388888888,35.672553055555554,222
139.22912694444443,35.67256888888889,224
139.22872694444445,35.672578055555554,224
139.22856388888889,35.67256888888889,224
139.22846388888888,35.67254388888889,222
139.22832694444443,35.67246111111111,223
139.22792694444445,35.67207805555555,222
139.2278638888889,35.672018888888886,223
139.227515,35.67167805555555,223
139.22732694444446,35.671545,222
139.22694,35.67135305555556,222
139.22685194444443,35.671328055555556,221
139.22670194444444,35.67128611111111,222
139.22649,35.67125305555555,223
139.22624,35.671245,223
139.22592694444444,35.67122,225
139.22579,35.671236111111114,227
139.225665,35.67125305555555,230
139.225465,35.67131111111111,230
139.22492694444443,35.67147,233
139.22475194444445,35.67152,232
139.224565,35.671595,232
139.224065,35.67183694444444,232
139.22329,35.67222,231
139.223215,35.672311944444445,230
139.22319,35.67241194444444,230
139.223215,35.672536944444445,230
139.223565,35.673386944444445,231
139.223615,35.673611944444445,232
139.223615,35.673795,233
139.22359,35.67392805555556,234
139.223565,35.67406111111111,235
139.22342805555556,35.67440305555556,231
139.223315,35.674595,230
139.223265,35.674661111111114,230
139.22320305555556,35.67471111111111,231
139.22309,35.67477,230
139.222915,35.67481194444444,234
139.22277805555555,35.67481194444444,233
139.22259,35.67478694444444,234
139.22175305555555,35.67456194444444,234
139.22160305555556,35.674528055555555,233
139.22117805555555,35.67442805555556,234
139.22107805555555,35.674395,235
139.22099111111112,35.67435305555556,234
139.22070305555556,35.67416194444444,234
139.22022805555557,35.67391194444444,240
139.2201161111111,35.67386194444445,240
139.2199911111111,35.673836944444446,241
139.2199161111111,35.673836944444446,241
139.21975305555554,35.673845,241
139.2193411111111,35.67391194444444,242
139.21929111111112,35.67392,242
139.21907805555554,35.67396194444444,243
139.2188661111111,35.67397,243
139.2183411111111,35.673986944444444,243
139.21810305555556,35.67402,243
139.21802805555555,35.674045,243
139.21795305555557,35.67407,242
139.2177911111111,35.67413694444444,246
139.21772805555557,35.67415305555556,246
139.2176161111111,35.67416194444444,246
139.21749111111112,35.674145,247
139.2173161111111,35.67408694444445,245
139.21705305555557,35.67397888888889,245
139.2167661111111,35.673836944444446,247
139.21660305555557,35.67372,246
139.2163161111111,35.673445,249
139.21621611111112,35.67332,246
139.2161661111111,35.67323694444445,246
139.2161411111111,35.67317,245
139.2161661111111,35.67286194444444,245
139.2162661111111,35.672145,250
139.2162788888889,35.67205388888889,252
139.21632888888888,35.671953888888886,254
139.2164038888889,35.67183694444444,254
139.21645388888888,35.67177,253
139.21670305555554,35.671528888888886,253
139.21687805555555,35.67137,253
139.21697805555556,35.67120388888889,253
139.2169911111111,35.67112,253
139.21703694444443,35.671126944444445,252
139.21703694444443,35.671126944444445,252
139.2169911111111,35.67112,253
139.21697805555556,35.67105388888889,253
139.2167411111111,35.67004611111111,255
139.2166288888889,35.669896111111115,255
139.2165411111111,35.66982888888889,255
139.21642888888888,35.66977888888889,255
139.21634111111112,35.669761944444446,254
139.21621611111112,35.66975388888889,254
139.21601611111112,35.66977888888889,255
139.2157161111111,35.669896111111115,256
139.2154538888889,35.66999611111111,255
139.21475388888888,35.67027888888889,251
139.21462888888888,35.670321111111114,252
139.21442888888888,35.670428888888885,255
139.21429111111112,35.67054611111111,256
139.2140161111111,35.67085388888889,253
139.2139038888889,35.67099611111111,250
139.21385388888888,35.67102111111111,252
139.2137661111111,35.67102888888889,253
139.2135788888889,35.67102111111111,253
139.21271611111112,35.67099611111111,253
139.21239111111112,35.67100388888889,254
139.2122038888889,35.67102888888889,254
139.2115538888889,35.671171111111114,255
139.21100388888888,35.67133694444444,257
139.2109288888889,35.67138694444444,256
139.21087888888889,35.67133694444444,256
139.21055388888888,35.67117888888889,258
139.21022888888888,35.671061944444446,258
139.2100538888889,35.67097888888889,257
139.20991694444444,35.67093694444444,258
139.20956694444445,35.67090388888889,258
139.20932888888888,35.670836944444446,259
139.20920388888888,35.670746111111114,259
139.20889194444445,35.67047111111111,258
139.2088038888889,35.670411944444446,258
139.20795388888888,35.670161944444445,261
139.2077788888889,35.67012888888889,261
139.2075788888889,35.67010388888889,260
139.20702888888889,35.670096111111114,262
139.20696694444445,35.67008805555555,263
139.2068538888889,35.67006305555555,264
139.2066288888889,35.66992888888889,265
139.20657888888888,35.669896111111115,265
139.20649194444445,35.66984611111111,266
139.20637888888888,35.66981194444445,267
139.20627888888887,35.669803888888886,269
139.20594194444445,35.66979611111111,273
139.20580388888888,35.66977111111111,273
139.20536694444445,35.66962111111111,274
139.20511694444446,35.66954611111111,274
139.20494194444444,35.66946305555555,280
139.2047038888889,35.66939611111111,278
139.20441694444443,35.66930388888889,280
139.20434194444445,35.66927111111111,280
139.2042788888889,35.66923805555555,286
139.20420388888888,35.66918694444445,282
139.20375388888888,35.66874611111111,275
139.20366694444445,35.66864611111111,272
139.20361694444443,35.66860388888889,274
139.20352888888888,35.66856305555556,276
139.20332888888888,35.66848805555556,277
139.20286694444445,35.66834611111111,279
139.20236694444444,35.66819611111111,282
139.20227888888888,35.668188055555554,282
139.20176694444444,35.66825388888889,289
139.2015788888889,35.668261944444446,290
139.2014538888889,35.66825388888889,293
139.20089194444444,35.66817888888889,288
139.2008538888889,35.668171111111114,289
139.2007538888889,35.66812111111111,293
139.20061694444445,35.668036944444445,286
139.20049194444445,35.667988055555554,283
139.20041694444444,35.66797888888889,282
139.200355,35.667988055555554,282
139.200305,35.66799611111111,279
139.20028,35.66802111111111,280
139.20024194444446,35.66809611111111,280
139.20019194444444,35.66838694444444,283
139.2001788888889,35.66845388888889,290
139.20009194444444,35.66872111111111,292
139.2000538888889,35.66881305555555,295
139.19999194444443,35.668911944444446,296
139.19989194444443,35.66897888888889,296
139.1998288888889,35.66900388888889,299
139.19979194444446,35.66900388888889,299
139.19970388888888,35.66897888888889,296
139.19926694444445,35.66867888888889,299
139.19889194444445,35.66842888888889,292
139.19884194444444,35.66840388888889,293
139.198755,35.668371111111114,293
139.198605,35.66836305555555,293
139.19854194444446,35.66838694444444,291
139.19849194444444,35.66842111111111,291
139.19786694444446,35.66922111111111,296
139.1978038888889,35.66927111111111,306
139.1977288888889,35.669286944444444,304
139.19764194444446,35.669286944444444,304
139.19749194444444,35.66922111111111,298
139.19716694444443,35.66892111111111,295
139.19673,35.66852111111111,296
139.19668,35.66847888888889,296
139.19653,35.66838694444444,295
139.196405,35.668371111111114,296
139.19628,35.668396111111115,296
139.19544194444444,35.66876194444445,301
139.19533,35.66877888888889,307
139.19526694444446,35.66876194444445,304
139.19523,35.66874611111111,304
139.19458,35.66820388888889,301
139.19456805555555,35.66811194444445,301
139.19458,35.66788694444445,302
139.19456805555555,35.667811944444445,302
139.19449194444445,35.66766194444445,304
139.19436694444445,35.66747888888889,306
139.19429305555556,35.667386944444445,306
139.19416805555556,35.66733694444444,307
139.193705,35.667321111111114,308
139.193555,35.66730388888889,308
139.193405,35.66726194444445,309
139.193155,35.66712111111111,309
139.193005,35.666986944444446,309
139.19298,35.66692111111111,311
139.193005,35.666786944444446,309
139.19309305555555,35.66663805555556,310
139.19323,35.666378888888886,310
139.193255,35.66627111111111,311
139.193255,35.66618694444445,311
139.19321805555555,35.66604611111111,313
139.19308,35.66580388888889,315
139.19303,35.66567888888889,315
139.19279305555557,35.66516305555555,316
139.1926811111111,35.665078888888885,317
139.19256805555557,35.66489611111111,317
139.19251805555555,35.664746111111114,317
139.19244305555554,35.66457111111111,318
139.19239305555556,35.66449611111111,317
139.19229305555555,35.664363055555555,318
139.1922311111111,35.66430388888889,317
139.1921561111111,35.66427111111111,318
139.19194305555556,35.66421305555556,318
139.19186805555555,35.664186944444445,318
139.19173111111112,35.66407888888889,318
139.19111805555556,35.66352111111111,325
139.1910311111111,35.66347888888889,324
139.19094305555555,35.66346305555555,325
139.19081805555555,35.66347888888889,325
139.19069305555556,35.66352888888889,327
139.19049305555555,35.66365388888889,327
139.1902061111111,35.66382111111111,324
139.19011805555556,35.66386305555555,324
139.19003111111113,35.66387888888889,324
139.1898811111111,35.66383694444445,325
139.18954305555556,35.663578888888885,326
139.18948111111112,35.663536944444445,328
139.1891688888889,35.66339611111111,329
139.1890061111111,35.663488055555554,327
139.1889438888889,35.66350388888889,327
139.1887811111111,35.66352111111111,327
139.1885061111111,35.663536944444445,328
139.18824388888888,35.66363805555556,332
139.18810611111113,35.663671111111114,336
139.18758111111111,35.663786944444446,337
139.18743111111112,35.66385388888889,337
139.18720611111112,35.66399611111111,338
139.1871311111111,35.66402111111111,340
139.1868061111111,35.66408805555555,341
139.18678111111112,35.664096111111114,341
139.1865061111111,35.664228888888886,348
139.18641888888888,35.66425388888889,348
139.1863561111111,35.66424611111111,348
139.1861311111111,35.66415388888889,348
139.1859188888889,35.66405388888889,349
139.1853188888889,35.66375388888889,356
139.18526888888888,35.66374611111111,356
139.1849061111111,35.66372111111111,359
139.18485611111112,35.663711944444444,366
139.1847688888889,35.66362111111111,369
139.18473111111112,35.66347888888889,367
139.1846561111111,35.66325388888889,367
139.18461888888888,35.663178888888886,365
139.18448194444446,35.66301194444444,366
139.18443194444444,35.66297111111111,366
139.18430694444444,35.66290388888889,367
139.18385694444444,35.66279611111111,371
139.1837438888889,35.662753888888886,369
139.18328194444445,35.66256194444444,379
139.18324388888888,35.66254611111111,376
139.1830938888889,35.662396111111114,378
139.18295694444444,35.66232888888889,380
139.18230694444443,35.662213055555554,386
139.18218194444444,35.66215388888889,389
139.1820438888889,35.662036944444445,389
139.18195694444444,35.661946111111114,392
139.18188194444446,35.66182888888889,397
139.18175694444443,35.66162111111111,395
139.1816938888889,35.66152888888889,393
139.18166888888888,35.66147888888889,393
139.18160694444444,35.66142888888889,395
139.1813938888889,35.661338055555554,400
139.18125694444444,35.66129611111111,398
139.1811688888889,35.66127888888889,399
139.18109388888888,35.66126194444445,401
139.18099388888888,35.661253888888886,401
139.180845,35.66126194444445,400
139.18078194444445,35.66126194444445,400
139.180695,35.66123805555556,400
139.18057,35.66119611111111,398
139.18053194444445,35.66117888888889,398
139.18030694444445,35.66103694444445,399
139.18025694444444,35.66099611111111,399
139.18023194444444,35.66094611111111,399
139.18022,35.66088694444444,405
139.180245,35.66077111111111,399
139.18025694444444,35.66072111111111,399
139.18027,35.66069611111111,399
139.18038194444443,35.66054611111111,403
139.180395,35.660511944444444,403
139.180495,35.66023805555555,404
139.18048194444444,35.659936944444446,404
139.18045694444444,35.659863055555554,404
139.18042,35.659821111111114,407
139.18028194444443,35.65974611111111,407
139.180045,35.65960388888889,408
139.17997,35.65961305555555,409
139.17965694444445,35.65973805555556,409
139.17953194444445,35.659753888888886,415
139.17947,35.65974611111111,415
139.17938305555555,35.65972111111111,424
139.179045,35.659621111111115,425
139.17895694444445,35.65957888888889,440
139.17890805555555,35.659528888888886,417
139.178845,35.659463055555555,419
139.178795,35.65945388888889,419
139.17867,35.659463055555555,422
139.178495,35.65947111111111,446
139.17833194444444,35.65947111111111,462
139.17825805555555,35.65944611111111,462
139.17812,35.65934611111111,456
139.17807,35.659286944444446,439
139.17800805555555,35.65917888888889,434
139.177845,35.65900388888889,438
139.17778305555555,35.65891194444445,437
139.17772,35.658838055555556,436
139.17768305555555,35.65882888888889,436
139.17757,35.65882888888889,438
139.17732,35.65893805555555,460
139.17720805555555,35.658971111111114,460
139.17715805555557,35.65896305555555,460
139.177045,35.65889611111111,463
139.17697,35.658838055555556,448
139.17690805555554,35.65882111111111,448
139.17685805555556,35.658813055555555,448
139.17663305555556,35.65880388888889,461
139.176545,35.65879611111111,473
139.17648305555556,35.65877888888889,473
139.176345,35.65872111111111,455
139.17622,35.65872111111111,458
139.17615,35.65873194444445,459
139.17615,35.65873194444445,459
139.17600805555554,35.65875388888889,459
139.175945,35.65875388888889,465
139.17573305555555,35.65872888888889,465
139.17567111111111,35.65873805555555,465
139.1754961111111,35.65877888888889,469
139.1751711111111,35.65879611111111,479
139.17463305555555,35.65887111111111,486
139.17442111111112,35.65897888888889,488
139.1742461111111,35.659036944444445,497
139.17375805555557,35.65904611111111,500
139.17348305555555,35.65907111111111,505
139.1732961111111,35.65911194444445,509
139.17308305555557,35.65917888888889,513
139.1730211111111,35.65921194444444,513
139.1729961111111,35.65925388888889,516
139.17293305555555,35.65937111111111,519
139.17285805555557,35.65941194444444,517
139.17278305555556,35.65942888888889,517
139.17273305555557,35.65941194444444,514
139.17272111111112,35.65938694444444,514
139.17272111111112,35.65935388888889,514
139.1727711111111,35.65924611111111,515
139.17278305555556,35.65920388888889,512
139.17265805555556,35.65902111111111,518
139.17253305555556,35.65888694444445,519
139.1724211111111,35.65871194444444,521
139.17233305555555,35.65852888888889,514
139.17225805555555,35.65837888888889,517
139.1722211111111,35.65828805555556,519
139.17218305555556,35.65823805555556,519
139.1720961111111,35.65820388888889,519
139.17203305555554,35.65820388888889,519
139.1719961111111,35.658228888888885,525
139.17195805555556,35.65829611111111,525
139.1719711111111,35.65833694444444,531
139.1719961111111,35.65837111111111,531
139.17215805555554,35.65852888888889,521
139.17218305555556,35.65857111111111,523
139.17220805555556,35.65862888888889,523
139.1721961111111,35.65898694444444,535
139.17220805555556,35.65902888888889,536
139.17233305555555,35.65913694444444,529
139.17234611111112,35.659171111111114,529
139.17235805555555,35.65920388888889,529
139.17230805555556,35.65927111111111,531
139.17223305555555,35.65933694444445,528
139.1719711111111,35.65952111111111,534
139.17188305555555,35.65957111111111,536
139.17180805555554,35.65960388888889,536
139.17178305555555,35.65960388888889,536
139.1716461111111,35.659596111111114,544
139.1715961111111,35.65960388888889,544
139.17155805555555,35.65964611111111,544
139.17147111111112,35.65980388888889,546
139.1714211111111,35.65987888888889,553
139.1711711111111,35.66002888888889,555
139.17110805555555,35.66007888888889,558
139.17105805555556,35.66012888888889,557
139.17102111111112,35.66021194444444,557
139.17105805555556,35.66042888888889,564
139.17105805555556,35.66047888888889,568
139.17103305555557,35.660536944444445,568
139.17098305555555,35.66058694444445,570
139.17093305555557,35.660595,570
139.17085805555556,35.66058694444445,576
139.17078305555555,35.66052888888889,569
139.17077111111112,35.66042888888889,571
139.17078305555555,35.66012888888889,566
139.1708211111111,35.66002888888889,574
139.1709211111111,35.65987888888889,576
139.1710461111111,35.659753888888886,575
139.17105805555556,35.65972111111111,575
139.17105805555556,35.659661944444444,576
139.17098305555555,35.65957888888889,579
139.17095805555556,35.65952111111111,579
139.1709461111111,35.65945388888889,579
139.1709711111111,35.659286944444446,585
139.17095805555556,35.659236944444444,585
139.17088305555555,35.65917888888889,588
139.1708461111111,35.659171111111114,588
139.1706961111111,35.65918694444444,590
139.17063305555556,35.65918694444444,594
139.17054611111112,35.65914611111111,598
139.17053388888888,35.659061944444446,600
139.1706088888889,35.65884611111111,589
139.1706088888889,35.65875388888889,593
139.17057111111112,35.65868694444445,593
139.17020888888888,35.65847111111111,620
139.1700088888889,35.65837888888889,611
139.1698338888889,35.65830388888889,610
139.16973388888889,35.658228888888885,620
139.16965888888888,35.658121111111114,622
139.16964611111112,35.65807111111111,622
139.16965888888888,35.657986944444445,627
139.1697211111111,35.65788694444444,620
139.17034611111112,35.65752111111111,611
139.1703838888889,35.65745388888889,611
139.1704088888889,35.657378888888886,613
139.1704088888889,35.65726194444444,614
139.1702711111111,35.65690388888889,625
139.17019611111112,35.65692111111111,628
139.1702338888889,35.65715388888889,618
139.1702338888889,35.657246111111114,617
139.17019611111112,35.657313055555555,621
139.17012111111111,35.65737111111111,618
139.16998388888888,35.65743805555555,632
139.1696211111111,35.657561944444446,637
139.16932111111112,35.65775388888889,647
139.1691461111111,35.65787888888889,647
139.16908388888888,35.657961944444445,648
139.1690461111111,35.65807111111111,647
139.1690338888889,35.65826194444445,654
139.16907111111112,35.658361944444444,660
139.1691338888889,35.658453888888886,659
139.16950888888888,35.65879611111111,656
139.16952111111112,35.65887111111111,656
139.1693838888889,35.65921194444444,664
139.1693588888889,35.659236944444444,667
139.16928388888888,35.65922111111111,668
139.1692711111111,35.65917888888889,668
139.1693338888889,35.65896194444444,660
139.1693338888889,35.658878888888886,659
139.16930888888888,35.65882111111111,664
139.1686961111111,35.65847888888889,686
139.16862111111112,35.65842111111111,686
139.1685961111111,35.65837111111111,686
139.1685588888889,35.65783694444445,683
139.1685588888889,35.65777111111111,685
139.16855305555555,35.657761111111114,686
139.16855305555555,35.657761111111114,686
139.1685338888889,35.65772888888889,688
139.1683711111111,35.65765388888889,691
139.1683211111111,35.65763694444444,692
139.16793388888888,35.65757111111111,691
139.16780888888889,35.65752111111111,692
139.1675461111111,35.65732888888889,683
139.1674211111111,35.65715388888889,684
139.1672961111111,35.657086944444444,685
139.1672211111111,35.65710388888889,688
139.16717111111112,35.657136944444446,688
139.1671838888889,35.657246111111114,688
139.1672338888889,35.657311944444444,685
139.1674588888889,35.65749611111111,676
139.1675588888889,35.65761194444445,672
139.16780888888889,35.657761944444445,669
139.16784611111112,35.65782111111111,669
139.1677588888889,35.65799611111111,666
139.1676961111111,35.65807111111111,668
139.16762111111112,35.65811194444444,669
139.1674711111111,35.658096111111114,665
139.1671961111111,35.65802111111111,664
139.16704611111112,35.65799611111111,661
139.16682111111112,35.657986944444445,658
139.16670888888888,35.658011944444446,657
139.16658388888888,35.65807888888889,655
139.1662838888889,35.65826194444445,650
139.1658461111111,35.658611944444445,647
139.1657211111111,35.65869611111111,640
139.1653088888889,35.658895,629
139.16499611111112,35.659061944444446,627
139.16488388888888,35.659103888888886,626
139.1647088888889,35.65911194444445,641
139.1643588888889,35.65902,616
139.16430888888888,35.659011944444444,611
139.16420888888888,35.659011944444444,608
139.16397111111112,35.65908694444445,605
139.16389611111111,35.659145,609
139.1638338888889,35.659261944444445,616
139.1637838888889,35.659303888888886,616
139.16364611111112,35.65936194444444,618
139.16285888888888,35.659395,610
139.1627711111111,35.65938694444444,615
139.1626711111111,35.65935388888889,615
139.16159611111112,35.65891194444445,608
139.1614211111111,35.658811944444444,609
139.16125888888888,35.65865388888889,605
139.16099694444443,35.65832888888889,594
139.16092194444445,35.65827,594
139.1608338888889,35.658228888888885,596
139.1607588888889,35.658211944444446,591
139.16045888888888,35.658195,591
139.1602088888889,35.65820388888889,583
139.16003388888888,35.65827,587
139.15997194444444,35.65827,587
139.15989694444445,35.658245,587
139.1598588888889,35.658211944444446,582
139.15984694444444,35.65813694444444,582
139.15984694444444,35.65810388888889,580
139.15987194444443,35.65806194444445,580
139.1599338888889,35.658028888888886,580
139.16007194444444,35.65803694444445,577
139.16019694444444,35.65808694444444,577
139.1603088888889,35.65810388888889,577
139.1603838888889,35.65811194444444,590
139.16054694444443,35.65808694444444,571
139.16084694444444,35.657995,564
139.16093388888888,35.657986944444445,564
139.16099694444443,35.65800388888889,568
139.1610588888889,35.65803694444445,566
139.16117194444445,35.65811194444444,568
139.16150888888887,35.65840388888889,573
139.1616588888889,35.65847888888889,584
139.1617838888889,35.65848694444445,561
139.16184611111112,35.65847,561
139.1619211111111,35.658436944444446,554
139.1620211111111,35.658345,556
139.16207111111112,35.658253888888886,557
139.1620838888889,35.65817,557
139.16207111111112,35.65812,557
139.16195888888888,35.657936944444444,554
139.16164694444444,35.65752888888889,546
139.1614338888889,35.65735388888889,538
139.16129694444444,35.65727888888889,539
139.16092194444445,35.65714611111111,536
139.16068388888888,35.65705388888889,537
139.1605588888889,35.65697111111111,538
139.1601838888889,35.656686944444445,520
139.16003388888888,35.656511944444446,522
139.15999694444446,35.65613694444444,524
139.1599588888889,35.65607888888889,528
139.15990888888888,35.65604611111111,528
139.15982194444445,35.65604611111111,526
139.15974694444444,35.65607888888889,527
139.1597088888889,35.65613694444444,526
139.15969694444445,35.65620388888889,526
139.15984694444444,35.65649611111111,515
139.15992194444445,35.65665388888889,517
139.1599838888889,35.656711944444446,515
139.16014694444445,35.65682888888889,517
139.16024694444445,35.65692888888889,523
139.1603088888889,35.65702888888889,522
139.1604088888889,35.65725388888889,523
139.16048388888888,35.65742,523
139.16049694444445,35.65747888888889,526
139.16048388888888,35.657536944444445,526
139.1603838888889,35.657586944444446,527
139.16022194444446,35.657545,523
139.1599838888889,35.657378888888886,517
139.15992194444445,35.65737,517
139.15937194444444,35.657445,523
139.15919694444443,35.657495,514
139.15912194444445,35.657536944444445,514
139.15904694444444,35.65763694444444,515
139.1590338888889,35.65785388888889,522
139.15902194444445,35.65810388888889,522
139.1590588888889,35.65835388888889,517
139.1590588888889,35.65840388888889,517
139.1590338888889,35.658436944444446,517
139.1589588888889,35.65847888888889,509
139.15887194444446,35.65848694444445,500
139.15882194444444,35.65847,500
139.15879694444445,35.65842,506
139.1588088888889,35.658295,503
139.15888388888888,35.658045,502
139.15889694444445,35.65792888888889,509
139.1588088888889,35.65771194444444,502
139.1587088888889,35.657345,492
139.1586838888889,35.657295,491
139.15864694444446,35.65727,489
139.15859694444444,35.65725388888889,489
139.15854694444445,35.657245,488
139.15847194444444,35.65726194444444,488
139.15843388888888,35.65730388888889,491
139.15843388888888,35.65738694444445,490
139.1586338888889,35.65765388888889,485
139.15867194444445,35.65775388888889,486
139.15867194444445,35.657828888888886,482
139.1586338888889,35.657995,477
139.15787194444445,35.659528055555555,448
139.15777194444445,35.659886944444445,439
139.1577088888889,35.659936944444446,446
139.15754694444445,35.659945,445
139.1573588888889,35.659895,453
139.15730888888888,35.65987,447
139.15727194444443,35.65982805555556,447
139.1571588888889,35.65960305555556,436
139.15709694444445,35.659528055555555,435
139.15687194444445,35.659395,435
139.1567838888889,35.65937,435
139.15673388888888,35.659328055555555,434
139.1564338888889,35.658945,429
139.15640888888888,35.658861944444446,428
139.15640888888888,35.65866194444445,426
139.15627194444446,35.65822,420
139.15615888888888,35.657961944444445,418
139.15614694444446,35.65786194444444,416
139.15615888888888,35.65765388888889,415
139.15614694444446,35.65761194444445,415
139.15603388888889,35.657336944444445,412
139.15602194444443,35.65722888888889,412
139.15607194444445,35.65707888888889,410
139.1560838888889,35.65687,410
139.15604694444445,35.65678694444444,410
139.15599694444444,35.656711944444446,407
139.1556338888889,35.65641194444444,402
139.15542194444444,35.656303888888885,399
139.1552088888889,35.65620388888889,399
139.1549588888889,35.65611194444445,396
139.15484694444444,35.65611194444445,395
139.1545088888889,35.65621194444444,392
139.15439694444444,35.65622,391
139.15402194444445,35.65618694444444,388
139.15362194444444,35.65618694444444,386
139.15349694444444,35.65617,385
139.15332194444446,35.656095,386
139.15324694444445,35.65602888888889,386
139.15319694444443,35.65591194444445,384
139.15319694444443,35.655811944444444,380
139.153235,35.655645,382
139.15321,35.65547888888889,379
139.15309694444446,35.655361944444444,378
139.15277194444445,35.655211944444446,379
139.15264694444446,35.65514611111111,381
139.152585,35.65507888888889,376
139.15256,35.65502111111111,376
139.15256,35.654696111111114,376
139.152535,35.65459611111111,375
139.152385,35.65428694444444,372
139.15236,35.65425388888889,372
139.152185,35.65412111111111,369
139.15216,35.65409611111111,368
139.15211,35.653911944444445,368
139.15206,35.65382888888889,368
139.15204694444444,35.65378694444444,368
139.152085,35.65361194444444,366
139.152085,35.65357888888889,366
139.15201,35.65354611111111,366
139.15114694444443,35.653511944444446,362
139.151035,35.65352111111111,360
139.15092194444443,35.65354611111111,359
139.15076,35.65353694444445,359
139.15067194444444,35.65352111111111,359
139.150485,35.65342888888889,359
139.15017194444445,35.65320388888889,360
139.150085,35.653103888888886,359
139.15006,35.65302888888889,359
139.15004694444445,35.652861944444446,356
139.15011,35.65233805555555,360
139.150135,35.65213694444444,364
139.15011,35.652011944444446,360
139.14997194444445,35.651828888888886,359
139.149885,35.651761944444445,359
139.149735,35.65170388888889,355
139.14931,35.65163694444445,350
139.149135,35.65157888888889,349
139.148985,35.651511944444444,346
139.148485,35.65107888888889,347
139.14826,35.650936944444446,345
139.14802194444445,35.650846111111115,345
139.14782305555556,35.65078694444444,343
139.147285,35.65065388888889,348
139.14677305555554,35.650488055555556,341
139.14646,35.65034611111111,341
139.14577305555557,35.650036944444444,325
139.14544805555556,35.64996305555555,326
139.14512305555556,35.64986305555556,326
139.14501,35.64979611111111,324
139.144885,35.64970388888889,324
139.14481,35.649636944444445,328
139.14476,35.649563055555554,324
139.144635,35.64929611111111,325
139.144485,35.64908805555555,323
139.14381111111112,35.648763055555555,320
139.14347305555555,35.648563055555556,317
139.1431611111111,35.64830388888889,323
139.14303611111112,35.64817111111111,322
139.14299805555555,35.648113055555555,320
139.1429611111111,35.64798805555556,322
139.14294805555556,35.64785388888889,323
139.14299805555555,35.64759611111111,316
139.1429861111111,35.64741305555555,311
139.14294805555556,35.64727888888889,312
139.1428361111111,35.64705388888889,310
139.1427611111111,35.64696305555555,307
139.1425361111111,35.646788055555554,300
139.14209805555555,35.646555,309
139.14199805555555,35.646505,305
139.14187305555555,35.646388055555555,303
139.1418111111111,35.64628,303
139.14176111111112,35.64618,301
139.14164805555555,35.645763055555555,300
139.14153611111112,35.64564611111111,297
139.14139805555556,35.64558,291
139.14127305555556,35.64552111111111,290
139.14122305555554,35.645471111111114,290
139.1411611111111,35.645363055555556,291
139.14112305555557,35.64519611111111,293
139.14112305555557,35.64496305555556,294
139.14114805555556,35.644863055555554,294
139.14131111111112,35.64451305555556,294
139.14133611111112,35.644421944444446,293
139.14133611111112,35.64431305555556,290
139.14133611111112,35.64423,290
139.1412861111111,35.64398,286
139.1412361111111,35.643855,287
139.14114805555556,35.643746944444445,283
139.14108611111112,35.64364694444444,277
139.14099805555554,35.64333805555555,271
139.14094805555555,35.64304694444444,275
139.14067305555557,35.642696944444445,270
139.14047305555556,35.642605,260
139.14039805555555,35.642563055555556,258
139.14037305555556,35.642505,260
139.14037305555556,35.64243805555556,263
139.14032,35.642426944444445,261
</coordinates>
</LineString>
</Placemark>
</Document>
</kml>
