<?xml version="1.0" encoding="UTF-8"?>
<kml xmlns="http://www.opengis.net/kml/2.2" xmlns:atom="http://www.w3.org/2005/Atom">
<Document>
<name>第56代プレ合宿2日目</name>
<atom:author>
<atom:name>ザッカーバーグ</atom:name>
</atom:author> 
<atom:link href="https://latlonglab.yahoo.co.jp/route/watch?id=9855dfae5bc800f08b645fbf2bd9e18d" />
<description><![CDATA[]]></description>
<tags><![CDATA[wcc56th]]></tags>  
<Placemark>
<Style>
<LineStyle>
<color>99ff0000</color>
<width>6</width>
</LineStyle>
</Style>
<LineString>
<coordinates>
138.48841388888889,35.941563888888886,1331
138.48810194444445,35.94145888888889,1331
138.48617694444445,35.94150111111111,1333
138.485815,35.94215888888889,1330
138.485715,35.94224194444445,1330
138.485015,35.94250111111111,1329
138.48419,35.942191944444446,1335
138.48399,35.94215111111111,1336
138.48380305555557,35.94220888888889,1336
138.48139111111112,35.94365111111111,1340
138.48061611111112,35.944141944444446,1340
138.48057805555555,35.94418388888889,1340
138.47882805555557,35.94583388888889,1342
138.47785305555556,35.946691944444446,1343
138.47644111111111,35.948,1344
138.47519111111112,35.949125,1346
138.47439111111112,35.94985805555555,1347
138.47257888888888,35.951416944444446,1350
138.4724788888889,35.9515,1349
138.4725038888889,35.95155805555556,1349
138.4725288888889,35.951633055555554,1349
138.47254194444446,35.951681111111114,1349
138.47254194444446,35.951681111111114,1349
138.47256611111112,35.95176611111111,1349
138.47277805555555,35.95229111111111,1349
138.47307805555556,35.953183055555556,1349
138.47324111111112,35.95364111111111,1348
138.47385305555557,35.955466111111114,1348
138.47397805555556,35.95584888888889,1348
138.4742911111111,35.95676611111111,1345
138.4747661111111,35.95809888888889,1345
138.47488694444445,35.958528888888885,1345
138.47488694444445,35.958528888888885,1345
138.4747661111111,35.95809888888889,1345
138.4742911111111,35.95676611111111,1345
138.47465305555556,35.95668194444445,1344
138.4747911111111,35.956648888888886,1344
138.4753661111111,35.956541111111115,1343
138.47589,35.956448888888886,1342
138.476115,35.95628305555555,1342
138.47684,35.95563305555556,1341
138.477365,35.955148888888885,1338
138.47782805555556,35.95479888888889,1334
138.47817805555556,35.95458305555555,1332
138.47880305555555,35.95432388888889,1328
138.47915305555554,35.95424888888889,1325
138.47944,35.95421611111111,1323
138.479715,35.95421611111111,1325
138.47997805555556,35.95424888888889,1321
138.48015305555555,35.95431611111111,1319
138.48040194444445,35.95444888888889,1318
138.48079,35.95467388888889,1314
138.48100194444444,35.95477388888889,1313
138.48122805555556,35.954833055555554,1312
138.481565,35.954908055555556,1311
138.48190194444445,35.954948888888886,1309
138.482115,35.95495805555556,1308
138.48250194444444,35.95498305555556,1308
138.482715,35.95499111111111,1308
138.483065,35.95503305555555,1306
138.483365,35.95509888888889,1307
138.48365194444443,35.95519888888889,1305
138.48423888888888,35.95544888888889,1299
138.48502694444446,35.95580805555556,1291
138.48505194444445,35.95582388888889,1291
138.4859138888889,35.95634111111111,1294
138.4866638888889,35.95679888888889,1303
138.4869888888889,35.957033055555556,1305
138.4872638888889,35.957281944444446,1306
138.48782694444444,35.95789111111111,1305
138.48857611111112,35.95884111111111,1306
138.4888261111111,35.95911611111111,1304
138.4890888888889,35.95928194444444,1305
138.48946388888888,35.95941611111111,1305
138.49203888888889,35.95995694444444,1292
138.4927011111111,35.96011611111111,1291
138.49373805555555,35.96040694444444,1292
138.49396305555555,35.96046611111111,1291
138.49445111111112,35.96059888888889,1288
138.49519305555555,35.960751944444446,1287
138.49519305555555,35.960751944444446,1287
138.4968761111111,35.96109888888889,1286
138.4976,35.96126611111111,1284
138.49951305555555,35.96169888888889,1278
138.50155,35.96214888888889,1275
138.501825,35.962215,1275
138.50211194444444,35.96227388888889,1274
138.50485,35.962356944444444,1268
138.50538694444444,35.96237388888889,1267
138.50661194444444,35.962406944444446,1264
138.5067238888889,35.962415,1264
138.50712388888888,35.96244,1264
138.5072988888889,35.96252388888889,1264
138.5094738888889,35.96339,1259
138.5101738888889,35.96367388888889,1259
138.5108988888889,35.96398194444444,1259
138.5118361111111,35.964365,1259
138.5127861111111,35.96474805555555,1258
138.5129738888889,35.964798055555555,1258
138.51359888888888,35.96489805555556,1256
138.5137611111111,35.964973055555554,1255
138.5139988888889,35.965165,1255
138.5140238888889,35.96519,1255
138.5144361111111,35.965415,1254
138.5160488888889,35.96599,1251
138.5167361111111,35.96622305555555,1252
138.5175111111111,35.96649,1249
138.51854805555556,35.96684805555556,1247
138.5188611111111,35.96693194444445,1247
138.51919805555556,35.96699805555556,1246
138.51961111111112,35.96704805555556,1245
138.52073611111112,35.96714,1243
138.5213361111111,35.967215,1242
138.52304805555556,35.96744,1241
138.5234111111111,35.96743194444444,1241
138.52392305555554,35.967348055555554,1243
138.524135,35.967265,1244
138.52467305555555,35.96698194444444,1245
138.52636,35.965673055555555,1237
138.52752305555555,35.96477388888889,1237
138.52782305555556,35.964565,1237
138.52794805555556,35.964506944444445,1236
138.52819805555555,35.964415,1237
138.52854805555555,35.96432388888889,1236
138.52901,35.964265,1235
138.53072194444445,35.96415694444445,1232
138.53461,35.96397388888889,1212
138.53522194444446,35.96397388888889,1210
138.53687194444444,35.963948888888886,1201
138.53729694444445,35.96404888888889,1201
138.5373088888889,35.96404888888889,1201
138.53955888888888,35.962783055555555,1190
138.54034694444445,35.96234111111111,1193
138.5408338888889,35.96204111111111,1192
138.54103388888888,35.961891111111115,1192
138.5426338888889,35.95923305555556,1186
138.54279694444443,35.95904888888889,1183
138.54294694444445,35.958908055555554,1179
138.54347194444443,35.95872388888889,1177
138.54379694444444,35.958725,1179
138.54409694444445,35.95879111111111,1181
138.54434694444444,35.958891111111114,1190
138.54454694444445,35.95903305555556,1191
138.54469694444444,35.959223888888886,1193
138.5450711111111,35.96021611111111,1195
138.5453588888889,35.96070805555556,1200
138.5461461111111,35.961706944444444,1212
138.5461961111111,35.96154888888889,1214
138.54633388888888,35.96118305555556,1216
138.54667111111112,35.96066611111111,1223
138.54737111111112,35.960098888888886,1226
138.5475338888889,35.95981611111111,1232
138.54758388888888,35.959516111111114,1237
138.5474211111111,35.95839111111111,1240
138.54704611111111,35.956941944444445,1244
138.5469711111111,35.956575,1243
138.5469711111111,35.95555805555556,1245
138.5469838888889,35.955475,1246
138.54703388888888,35.95496694444444,1248
138.54725888888888,35.95319194444444,1255
138.54737194444445,35.95225888888889,1258
138.54752194444444,35.95191694444444,1260
138.5478588888889,35.951366944444445,1262
138.5479588888889,35.95125888888889,1262
138.5480088888889,35.95110888888889,1262
138.54814694444445,35.95077611111111,1262
138.5483338888889,35.95023388888889,1266
138.54837194444445,35.94999305555555,1263
138.54839694444445,35.94979305555555,1261
138.54834694444443,35.94930111111111,1272
138.54797194444444,35.94776805555556,1274
138.54792194444445,35.94724305555555,1277
138.54797194444444,35.946176111111114,1277
138.54809694444444,35.94506805555555,1277
138.54828388888888,35.94415111111111,1275
138.54827194444445,35.94381805555555,1281
138.5482338888889,35.943435,1283
138.5481088888889,35.94311,1282
138.54797194444444,35.94277694444445,1283
138.5478588888889,35.942435,1284
138.54782194444445,35.94216,1285
138.5478338888889,35.94186805555555,1284
138.54793388888888,35.94152694444445,1285
138.54803388888888,35.94096,1285
138.54803388888888,35.940351944444444,1287
138.54790888888888,35.939751944444446,1288
138.54762194444444,35.93881,1288
138.5475088888889,35.93850194444445,1291
138.54742194444444,35.93831888888889,1291
138.54696,35.93734388888889,1294
138.546535,35.936436111111114,1294
138.54611,35.93556111111111,1293
138.54594694444444,35.93524388888889,1293
138.54556,35.93446111111111,1297
138.544635,35.93257805555555,1305
138.54436,35.93201888888889,1309
138.543135,35.929428055555555,1331
138.54242305555556,35.927945,1350
138.5421111111111,35.927495,1355
138.54122305555555,35.926386944444445,1362
138.54111111111112,35.926161944444445,1368
138.54109805555555,35.92602,1371
138.54114805555557,35.92542,1376
138.54112305555554,35.92526194444444,1376
138.54104805555556,35.925136944444446,1378
138.54087305555555,35.92496194444445,1382
138.54057305555557,35.924695,1387
138.54044805555554,35.924495,1385
138.54037305555556,35.92417,1383
138.5403611111111,35.92317111111111,1387
138.5404111111111,35.92297888888889,1388
138.5411738888889,35.921261944444446,1399
138.5414238888889,35.92064611111111,1408
138.5417111111111,35.91984611111111,1408
138.54181111111112,35.91965388888889,1416
138.5418488888889,35.91946305555555,1421
138.5418738888889,35.91897111111111,1424
138.54177388888888,35.91867111111111,1427
138.5417361111111,35.91757111111111,1435
138.54166111111113,35.916763055555556,1442
138.5416361111111,35.91641305555556,1446
138.54154888888888,35.91621305555555,1447
138.54157388888888,35.91607111111111,1447
138.54166111111113,35.91598805555556,1448
138.54177388888888,35.91593,1448
138.5418611111111,35.915913055555556,1448
138.5422861111111,35.91596305555556,1448
138.5425111111111,35.916021111111114,1448
138.54269888888888,35.91604611111111,1450
138.54282388888888,35.91604611111111,1451
138.5429488888889,35.91597111111111,1456
138.5430111111111,35.91583,1458
138.54293611111112,35.915688055555556,1456
138.54283611111111,35.91563,1457
138.5424361111111,35.915555,1461
138.54224888888888,35.91551305555556,1462
138.5422111111111,35.915455,1463
138.5421988888889,35.915396944444446,1464
138.5422111111111,35.915263055555556,1466
138.54224888888888,35.915196944444446,1466
138.54244888888888,35.915013055555555,1468
138.54248611111112,35.91488,1467
138.54247388888888,35.914746944444445,1467
138.54237388888887,35.91458,1466
138.54232194444444,35.914523055555556,1466
138.54232194444444,35.914523055555556,1466
138.5422988888889,35.914496944444444,1466
138.5419861111111,35.91408805555555,1459
138.54189888888888,35.91388805555555,1456
138.5420488888889,35.913271944444446,1445
138.5420861111111,35.912996944444444,1443
138.5420488888889,35.912821944444445,1440
138.5416111111111,35.911971944444446,1426
138.5414988888889,35.91188888888889,1425
138.5412988888889,35.91186388888889,1425
138.5411488888889,35.91188888888889,1424
138.5408611111111,35.91208888888889,1425
138.5407361111111,35.91208,1424
138.54064888888888,35.91202194444445,1425
138.5406111111111,35.91176388888889,1416
138.5404861111111,35.91115611111111,1415
138.5404611111111,35.91105611111111,1412
138.54041194444446,35.91083888888889,1408
138.54042388888888,35.91070611111111,1407
138.54052388888888,35.91061388888889,1407
138.54098611111112,35.91054694444444,1400
138.54111111111112,35.91048111111111,1396
138.5411611111111,35.91035611111111,1396
138.54112388888888,35.90879694444445,1379
138.54108694444446,35.90868888888889,1377
138.54073694444443,35.908473055555554,1376
138.5405988888889,35.90844805555555,1376
138.54044888888887,35.908473055555554,1373
138.53961194444443,35.908946944444445,1366
138.5394488888889,35.90895611111111,1363
138.53936194444444,35.90886388888889,1365
138.53931194444445,35.908723055555555,1368
138.5393488888889,35.90853111111111,1365
138.53976194444445,35.90783111111111,1356
138.53991194444444,35.90768888888889,1354
138.54019888888888,35.907513888888886,1354
138.54058694444444,35.907448055555555,1343
138.54098694444446,35.90740611111111,1342
138.54157388888888,35.907271944444446,1339
138.5418238888889,35.90716388888889,1335
138.54202388888888,35.906998055555555,1335
138.54222388888888,35.906773055555554,1333
138.54233694444446,35.906573055555555,1328
138.54237388888887,35.90625611111111,1326
138.54248694444445,35.90613111111111,1324
138.54253694444444,35.90598111111111,1326
138.54257388888888,35.905656111111114,1318
138.5427738888889,35.90544805555555,1315
138.54283694444445,35.905298055555555,1315
138.54286194444444,35.90498111111111,1313
138.5428738888889,35.904806111111114,1309
138.5427738888889,35.90465611111111,1306
138.54278694444446,35.90453111111111,1303
138.54266194444443,35.90449805555556,1304
138.5422738888889,35.90458111111111,1307
138.54216194444444,35.90454805555556,1303
138.54213694444445,35.90445611111111,1303
138.54221194444443,35.904365,1300
138.54231194444444,35.90433111111111,1296
138.54298694444444,35.90413111111111,1287
138.54306194444445,35.90400611111111,1282
138.54298694444444,35.90392305555556,1278
138.54276194444444,35.90394805555555,1278
138.54259888888888,35.90385611111111,1276
138.5423988888889,35.90364,1275
138.54221194444443,35.90348111111111,1276
138.54199888888888,35.903398055555556,1274
138.54173694444444,35.90334,1269
138.54161194444444,35.90324,1267
138.5415988888889,35.903115,1267
138.5415988888889,35.902923055555554,1264
138.5414988888889,35.90282305555556,1265
138.5413738888889,35.902773055555556,1264
138.5411738888889,35.90269,1268
138.54108694444446,35.90259805555556,1267
138.5410488888889,35.902465,1263
138.5409238888889,35.90234805555556,1257
138.5406988888889,35.90229,1255
138.54056194444445,35.90222305555555,1256
138.54056194444445,35.90209,1254
138.5406988888889,35.901698055555556,1253
138.5407238888889,35.901473055555556,1249
138.5406988888889,35.901265,1247
138.54056194444445,35.90094805555555,1247
138.5405738888889,35.90080694444445,1245
138.54071194444444,35.90067305555556,1246
138.5408488888889,35.90049,1244
138.5409238888889,35.900081944444445,1238
138.5408488888889,35.89998194444444,1235
138.54066194444445,35.899881944444445,1232
138.54058694444444,35.89973194444445,1232
138.54061194444444,35.89959888888889,1232
138.5409238888889,35.89927388888889,1226
138.54096194444443,35.899056944444446,1224
138.54087388888888,35.898781944444444,1219
138.5406988888889,35.89833194444444,1212
138.54067388888888,35.89819111111111,1212
138.5407238888889,35.89810694444444,1213
138.54081194444444,35.89808194444444,1212
138.5409488888889,35.89812388888889,1212
138.5413738888889,35.898316111111114,1205
138.54176194444443,35.89847388888889,1206
138.54189888888888,35.89847388888889,1198
138.54199888888888,35.898381944444445,1197
138.54196194444444,35.89828194444444,1196
138.54181194444445,35.89812388888889,1196
138.54168694444445,35.897931944444444,1193
138.5415988888889,35.897798888888886,1188
138.54151194444444,35.89767388888889,1187
138.539775,35.89649111111111,1176
138.53816194444445,35.89553305555555,1162
138.53806194444445,35.895448888888886,1160
138.5379,35.89532388888889,1157
138.537675,35.89503194444445,1157
138.53751305555556,35.89464888888889,1153
138.53745,35.89423305555555,1145
138.53735,35.89399111111111,1140
138.5372,35.893881944444445,1137
138.53591194444445,35.89334111111111,1138
138.53566305555555,35.89317388888889,1137
138.53541305555555,35.89289111111111,1136
138.53525,35.89263305555556,1135
138.53518805555555,35.892448888888886,1137
138.53523805555557,35.89199111111111,1124
138.53523805555557,35.89181611111111,1122
138.53516305555556,35.89171611111111,1121
138.53418805555555,35.89084888888889,1113
138.5335,35.89034111111111,1113
138.5333261111111,35.89019111111111,1112
138.53270111111112,35.88930805555555,1103
138.53256305555556,35.88916611111111,1101
138.5323511111111,35.88905805555556,1097
138.53153805555556,35.88885805555555,1097
138.53078805555555,35.888691111111115,1094
138.53048805555557,35.888533055555556,1093
138.52996305555556,35.88815,1091
138.52871305555556,35.887258055555556,1083
138.52758888888889,35.88645805555556,1076
138.52713888888889,35.8862,1073
138.52672611111112,35.886025,1067
138.5264261111111,35.88595,1068
138.52570111111112,35.8858,1080
138.5255388888889,35.88571694444445,1065
138.5253261111111,35.885416944444444,1056
138.5248761111111,35.884775,1051
138.52467611111112,35.884616944444446,1050
138.5239138888889,35.88424194444445,1049
138.5237888888889,35.88413305555556,1048
138.52375111111112,35.88401694444445,1049
138.52376388888888,35.883525,1048
138.52370194444444,35.8834,1047
138.5235638888889,35.88336694444445,1048
138.52310194444445,35.883383888888886,1047
138.5229388888889,35.883383888888886,1045
138.52242694444445,35.883375,1043
138.52217694444445,35.88333388888889,1044
138.52192694444443,35.883225,1047
138.52175194444445,35.88310888888889,1043
138.52165194444444,35.88296694444445,1042
138.52158888888889,35.88275888888889,1044
138.52110194444444,35.88196694444444,1041
138.52100194444444,35.88163388888889,1046
138.52087694444444,35.881475,1042
138.5205638888889,35.88125111111111,1042
138.52042694444444,35.88109194444444,1041
138.51985194444444,35.880141944444446,1040
138.51984,35.87996694444445,1041
138.51990194444446,35.879666944444445,1042
138.51990194444446,35.87951694444445,1042
138.51990194444446,35.87934194444444,1039
138.51984,35.87914305555555,1036
138.51959,35.878816944444445,1034
138.51907694444444,35.87835111111111,1032
138.51849,35.87792611111111,1024
138.518215,35.87780111111111,1020
138.51800194444445,35.87773388888889,1018
138.51745305555556,35.87773388888889,1014
138.517265,35.87769194444444,1012
138.51714,35.877583888888886,1012
138.51689,35.87732611111111,1013
138.516765,35.877116944444445,1007
138.51674,35.87690888888889,1004
138.51680194444444,35.87676805555556,1005
138.51702694444444,35.876508888888885,1006
138.51710305555557,35.87636805555555,1005
138.517115,35.87618388888889,1007
138.51702694444444,35.87594305555555,1006
138.51689,35.87575888888889,1006
138.51660305555555,35.875526111111114,1004
138.51610305555556,35.87520111111111,995
138.515565,35.87491,995
138.51519,35.87475111111111,995
138.5148661111111,35.87466,994
138.5143911111111,35.87456,992
138.51335305555557,35.87446,981
138.51311611111112,35.87436,982
138.51287805555555,35.87421,983
138.5125661111111,35.87396805555556,986
138.5123661111111,35.87390111111111,983
138.5121661111111,35.873893055555556,982
138.5119411111111,35.87390111111111,983
138.5117911111111,35.873935,984
138.5114911111111,35.87406,985
138.5111411111111,35.874185,983
138.51084111111112,35.87421,982
138.51052805555557,35.87405111111111,983
138.5102038888889,35.873826111111114,983
138.51004111111112,35.87366,984
138.5097911111111,35.873185,986
138.5096288888889,35.87305111111111,984
138.50901611111112,35.87265111111111,986
138.50867888888888,35.872385,987
138.5085288888889,35.872235,984
138.5083788888889,35.87197694444444,987
138.5081911111111,35.871785,986
138.5080411111111,35.871701944444446,986
138.50665388888888,35.87161805555556,995
138.5063411111111,35.871543055555556,1005
138.50620388888888,35.87139305555556,1003
138.50611694444444,35.871235,1004
138.5061038888889,35.870685,1001
138.5060288888889,35.870535,996
138.50539194444445,35.869751944444445,1008
138.5052038888889,35.86931888888889,1004
138.50501694444444,35.86686888888889,986
138.5049788888889,35.86669388888889,981
138.50492888888888,35.86660194444445,976
138.50489194444444,35.86654388888889,973
138.50481694444446,35.86651111111111,974
138.50437888888888,35.86638611111111,976
138.50399194444444,35.86628611111111,969
138.50359194444445,35.866128055555556,967
138.503305,35.86597694444445,966
138.50303,35.86580305555555,965
138.502605,35.86550305555556,956
138.50206694444444,35.86515194444444,957
138.50193,35.86503611111111,957
138.501855,35.864826944444445,953
138.501255,35.86382805555556,943
138.500905,35.86357805555556,944
138.49901805555555,35.862653055555555,912
138.49868,35.862478055555556,906
138.4970311111111,35.86125305555556,900
138.49688111111112,35.86107,906
138.49665611111112,35.860753055555556,908
138.4965811111111,35.86048611111111,907
138.49656805555554,35.86017805555556,906
138.4966311111111,35.859878055555555,905
138.49688111111112,35.85947,903
138.49859305555555,35.85777888888889,894
138.49933,35.85716194444444,900
138.49974305555557,35.85696194444444,903
138.50074305555555,35.85662,909
138.50154305555554,35.85635388888889,899
138.501655,35.85628694444444,898
138.50174305555555,35.85635388888889,899
138.50193,35.85637111111111,898
138.50251694444444,35.856386944444445,895
138.50284194444444,35.85635388888889,896
138.50308388888888,35.85631111111111,897
138.50308305555555,35.85631111111111,897
138.50381694444445,35.85617888888889,898
138.504105,35.85614611111111,898
138.505505,35.85612888888889,905
138.505655,35.85612888888889,908
138.50678,35.85619611111111,909
138.50744194444445,35.85632888888889,909
138.50867888888888,35.85671194444444,911
138.5096538888889,35.85715388888889,912
138.5109038888889,35.857928888888885,914
138.51127888888888,35.858153888888886,914
138.51150388888888,35.858395,904
138.51160388888889,35.85852888888889,908
138.5116661111111,35.858486944444444,908
138.51206611111112,35.85821194444444,908
138.5122538888889,35.85807,909
138.5125661111111,35.85781194444444,910
138.51276611111112,35.85767888888889,917
138.5136288888889,35.85747,928
138.5138661111111,35.85745388888889,928
138.5140911111111,35.857503888888886,934
138.5145411111111,35.857886944444445,936
138.5147538888889,35.85800388888889,949
138.51501611111112,35.85807,946
138.51526611111112,35.858095,945
138.51547888888888,35.85807,946
138.51606611111112,35.857886944444445,943
138.5163288888889,35.857886944444445,945
138.5165538888889,35.85796194444445,951
138.5172411111111,35.85847,968
138.51735305555556,35.858536944444445,967
138.51751611111112,35.858545,966
138.51772805555555,35.85846194444444,967
138.51860305555556,35.858086944444445,973
138.5191661111111,35.85796194444445,975
138.51940305555556,35.85790388888889,977
138.52075305555556,35.85731194444445,983
138.52159111111112,35.85705388888889,988
138.52182805555555,35.85696194444444,988
138.52214111111113,35.856811944444445,993
138.5223161111111,35.856786944444444,995
138.52262805555554,35.85680388888889,998
138.522765,35.856836944444446,1000
138.52285305555554,35.856878888888886,1002
138.522815,35.85699611111111,1004
138.52252805555557,35.857171111111114,1005
138.5219911111111,35.85745388888889,1007
138.52152805555556,35.85767888888889,1006
138.52126611111112,35.85782888888889,1005
138.5211161111111,35.85799611111111,1005
138.52101611111112,35.85826194444444,1007
138.52100305555555,35.858645,1007
138.52105305555557,35.85882888888889,1011
138.52124111111112,35.85917,1016
138.521615,35.85957,1018
138.52185305555557,35.859795,1019
138.52200305555556,35.85988694444445,1016
138.52314,35.860295,1005
138.52319,35.86038694444444,1000
138.52315305555555,35.861353055555554,994
138.52319,35.861595,993
138.52329,35.86178694444445,992
138.523665,35.862453055555555,987
138.52402694444444,35.86297,987
138.524165,35.86317,986
138.52432805555554,35.86338611111111,984
138.524465,35.86351111111111,984
138.52470305555556,35.863686111111114,983
138.52505194444444,35.863945,982
138.52519,35.86407805555555,978
138.52535194444445,35.86446111111111,980
138.52552694444444,35.86451111111111,982
138.52577694444443,35.86461111111111,984
138.52612694444446,35.86494388888889,988
138.52645194444443,35.86511111111111,989
138.52670194444445,35.865161111111114,988
138.52692694444445,35.86521888888889,987
138.5272138888889,35.865386111111114,988
138.52771388888888,35.86591888888889,996
138.52790194444444,35.86600305555555,998
138.5292388888889,35.86609388888889,1007
138.52966388888888,35.866103055555556,1006
138.52997694444446,35.86604388888889,1007
138.53112694444445,35.86548611111111,1002
138.5315388888889,35.86531111111111,1003
138.53181388888888,35.86527805555556,1005
138.53207694444444,35.865345,1008
138.53226388888888,35.865445,1009
138.5323888888889,35.865478055555556,1009
138.53250194444445,35.86548611111111,1009
138.53280194444446,35.86532805555556,1009
138.53290194444443,35.86527805555556,1012
138.53303888888888,35.865295,1013
138.5334388888889,35.86550305555556,1013
138.5335888888889,35.86552,1015
138.53375111111112,35.86550305555556,1016
138.53438888888888,35.86547,1020
138.5345761111111,35.86555305555556,1023
138.5347138888889,35.865586111111114,1022
138.5350138888889,35.86557,1022
138.53510111111112,35.865595,1022
138.53542611111112,35.86582,1025
138.5355761111111,35.86583611111111,1027
138.53598888888888,35.865795,1029
138.5363011111111,35.86577805555556,1033
138.5365261111111,35.865795,1039
138.5372761111111,35.865878055555555,1041
138.5375011111111,35.865903055555556,1048
138.5379511111111,35.865903055555556,1047
138.5386388888889,35.86586111111111,1045
138.5393261111111,35.86586111111111,1047
138.53985111111112,35.865895,1049
138.54052611111112,35.86588611111111,1054
138.54158805555556,35.86571111111111,1059
138.54233805555555,35.865645,1066
138.54261305555556,35.865645,1066
138.5428261111111,35.86568611111111,1066
138.54292611111111,35.86575305555556,1064
138.5429761111111,35.865845,1065
138.54291305555554,35.86645305555555,1070
138.54290111111112,35.86658611111111,1072
138.5429761111111,35.86667805555555,1071
138.54312611111112,35.86672,1075
138.54325111111112,35.866703055555554,1077
138.54346305555555,35.86662805555556,1084
138.54405111111112,35.866445,1082
138.54426305555555,35.866461111111114,1082
138.54450111111112,35.86652,1085
138.54458805555555,35.86658611111111,1093
138.5446511111111,35.86661111111111,1093
138.54471305555555,35.86658611111111,1096
138.54517611111112,35.86620305555556,1093
138.54583805555555,35.86580305555555,1097
138.54671305555556,35.86542,1104
138.5468,35.86532805555556,1104
138.54678805555557,35.86517805555555,1102
138.54705,35.865045,1104
138.54728805555555,35.86495305555555,1106
138.5475,35.864945,1106
138.547725,35.86495305555555,1106
138.54813805555557,35.86503694444445,1107
138.54833805555555,35.86502,1108
138.5485,35.864978055555554,1112
138.5487,35.86485305555556,1115
138.54886194444444,35.864845,1115
138.54905,35.86487805555556,1116
138.549375,35.86503694444445,1116
138.5495,35.865045,1118
138.54996194444445,35.86487805555556,1120
138.55035,35.86482,1128
138.550625,35.864795,1129
138.55071305555555,35.864736944444445,1124
138.55071305555555,35.86457,1119
138.5512,35.86437,1124
138.551625,35.86436194444445,1124
138.55181305555556,35.86422,1128
138.55203694444444,35.86421194444444,1128
138.55211194444445,35.864153888888886,1128
138.55223694444445,35.86392,1133
138.55241194444446,35.86382,1133
138.55271194444444,35.86378694444444,1134
138.55281194444444,35.86367,1139
138.5532,35.86302888888889,1145
138.55333694444445,35.862895,1152
138.553725,35.86277111111111,1164
138.55418694444444,35.86267888888889,1168
138.55466194444443,35.86264611111111,1165
138.555375,35.86277111111111,1164
138.55553694444444,35.862836944444446,1166
138.55572388888888,35.862836944444446,1163
138.5559738888889,35.86279611111111,1162
138.5563238888889,35.86270388888889,1166
138.55651194444445,35.86262111111111,1168
138.55658694444443,35.86251194444444,1171
138.55701194444444,35.86189611111111,1181
138.55718694444445,35.86170388888889,1183
138.5574738888889,35.86149611111111,1183
138.55766194444445,35.86140388888889,1185
138.55831194444445,35.86122888888889,1185
138.55854888888888,35.86112888888889,1187
138.5587238888889,35.86101194444444,1191
138.55896194444443,35.86087888888889,1193
138.55976194444443,35.86014611111111,1204
138.56053694444444,35.859563055555554,1213
138.5607488888889,35.85943805555556,1216
138.56106194444445,35.859338055555554,1210
138.5616738888889,35.85924611111111,1210
138.5622488888889,35.85915388888889,1221
138.56248694444446,35.85908805555555,1225
138.5629361111111,35.85892111111111,1226
138.56321111111112,35.85872111111111,1227
138.5634488888889,35.85842111111111,1226
138.5635738888889,35.85817888888889,1227
138.56363611111112,35.85809611111111,1228
138.5637861111111,35.85799611111111,1228
138.5639361111111,35.857953888888886,1227
138.56419888888888,35.85802888888889,1231
138.56466111111112,35.85805388888889,1238
138.56487388888888,35.858088055555555,1237
138.56499888888888,35.85816305555556,1238
138.5650861111111,35.85822888888889,1240
138.5652861111111,35.858488055555554,1247
138.56544888888888,35.85872888888889,1254
138.5656611111111,35.85890388888889,1257
138.5659861111111,35.859138055555555,1258
138.56614888888888,35.85922111111111,1255
138.5662988888889,35.85927111111111,1257
138.5665111111111,35.85925388888889,1257
138.56668611111112,35.85923805555556,1258
138.5669988888889,35.85922111111111,1255
138.5673611111111,35.85924611111111,1258
138.5676611111111,35.85917111111111,1251
138.5678611111111,35.85915388888889,1252
138.56841111111112,35.85898805555556,1258
138.56862305555555,35.858871111111114,1258
138.56877305555557,35.85869611111111,1258
138.56889805555556,35.85841305555556,1262
138.56927305555556,35.858155,1268
138.56939805555555,35.858055,1267
138.5694611111111,35.85797111111111,1267
138.5696111111111,35.85771305555556,1266
138.56982305555556,35.857555,1272
138.5704861111111,35.85713805555555,1278
138.57059805555556,35.85697111111111,1276
138.57079805555554,35.856771944444446,1279
138.57092305555557,35.85668805555556,1285
138.57114805555557,35.856613055555556,1288
138.57119805555556,35.856546944444446,1285
138.5714861111111,35.856046944444444,1287
138.57159805555557,35.855955,1287
138.57179805555555,35.855855,1294
138.57203611111112,35.855755,1296
138.57217305555557,35.855646944444445,1295
138.5727611111111,35.854913055555556,1309
138.57326111111112,35.85436388888889,1318
138.57382305555555,35.853905,1328
138.57407305555554,35.853771944444446,1328
138.57444805555556,35.853605,1329
138.5747111111111,35.85353,1332
138.5749361111111,35.85353888888889,1336
138.5751361111111,35.85357194444445,1338
138.5753611111111,35.85366388888889,1336
138.57557305555557,35.853771944444446,1336
138.57572305555556,35.85383888888889,1338
138.57587305555555,35.85383,1337
138.576435,35.85367194444444,1338
138.576635,35.85363888888889,1338
138.576785,35.85364694444444,1340
138.57687305555555,35.85367194444444,1340
138.57714805555557,35.85389694444444,1346
138.57724805555554,35.85389694444444,1347
138.57736,35.853755,1347
138.57737305555557,35.853605,1347
138.57712305555555,35.853321944444446,1352
138.57712305555555,35.85322194444444,1353
138.57724805555554,35.853121944444446,1354
138.57726,35.85303888888889,1355
138.57719805555556,35.853006111111114,1355
138.577035,35.85299694444444,1358
138.57694805555556,35.85296388888889,1355
138.576935,35.852871944444445,1361
138.57697305555556,35.85263888888889,1366
138.57684805555556,35.85245611111111,1363
138.576885,35.85236388888889,1365
138.577485,35.85194694444444,1378
138.57754805555555,35.851821944444445,1376
138.57754805555555,35.85171388888889,1377
138.577385,35.85152194444444,1383
138.577435,35.851238888888886,1386
138.57741,35.851081111111114,1387
138.57732305555555,35.85095611111111,1386
138.5768111111111,35.85017194444445,1397
138.57672305555556,35.850006111111114,1399
138.57669805555557,35.84981388888889,1405
138.57672305555556,35.84948111111111,1409
138.57676111111113,35.849223055555555,1412
138.57678611111112,35.84914805555555,1414
138.5769861111111,35.84888888888889,1415
138.5770361111111,35.84875611111111,1415
138.5770611111111,35.84860611111111,1415
138.57702305555554,35.84844694444445,1415
138.57704805555557,35.848348055555554,1414
138.57729805555556,35.84811388888889,1424
138.57737305555557,35.84784805555555,1425
138.57746111111112,35.84775611111111,1428
138.57756111111112,35.84770611111111,1431
138.57769805555554,35.847588888888886,1437
138.5777361111111,35.84750611111111,1436
138.5777361111111,35.84740611111111,1437
138.57757305555555,35.84728111111111,1443
138.57746111111112,35.84718111111111,1444
138.57742305555556,35.84702305555555,1442
138.57733611111112,35.84598888888889,1456
138.57732305555555,35.84568111111111,1453
138.5772111111111,35.84538888888889,1454
138.57717305555556,35.845213888888885,1455
138.57714805555557,35.844973055555556,1464
138.57712305555555,35.84485611111111,1466
138.5765111111111,35.84415611111111,1464
138.57646111111112,35.844048055555554,1465
138.57647305555557,35.843898055555556,1467
138.5766111111111,35.84379805555555,1472
138.5768611111111,35.84368111111111,1479
138.57717305555556,35.84349,1485
138.57744805555555,35.843215,1487
138.57754805555555,35.843165,1487
138.57781111111112,35.84314805555555,1489
138.57784805555556,35.84307305555556,1488
138.57781111111112,35.84289805555556,1488
138.57781111111112,35.84278111111111,1488
138.57813611111112,35.842281944444444,1493
138.57822305555555,35.84220694444444,1493
138.57849805555554,35.842131944444446,1495
138.57857305555555,35.842056944444444,1494
138.5787611111111,35.84133194444444,1496
138.57881111111112,35.841006944444445,1497
138.57879805555555,35.840873055555555,1497
138.57874805555556,35.840765,1495
138.57867305555556,35.84052305555556,1496
138.5786361111111,35.84039805555555,1496
138.57867305555556,35.840215,1497
138.57906111111112,35.839915,1498
138.57916111111112,35.839815,1499
138.57919805555557,35.83964,1501
138.57932305555556,35.83918194444445,1503
138.57934805555556,35.83877388888889,1504
138.57927388888888,35.83864,1503
138.5791361111111,35.83849,1502
138.5787361111111,35.83824888888889,1503
138.5784988888889,35.83815694444444,1504
138.5783238888889,35.83815694444444,1506
138.5772988888889,35.83840694444444,1511
138.57687388888888,35.83854,1512
138.57676111111113,35.83864888888889,1513
138.57666111111112,35.83889888888889,1516
138.57654888888888,35.839481944444444,1520
138.5763738888889,35.83982388888889,1521
138.5762861111111,35.83992388888889,1521
138.57619888888888,35.839956944444445,1522
138.57611111111112,35.839931944444444,1522
138.5760488888889,35.83989888888889,1523
138.5760238888889,35.83978194444445,1524
138.5760238888889,35.839506944444445,1524
138.5759111111111,35.83938194444445,1525
138.5751361111111,35.83898194444444,1532
138.57484888888888,35.838865,1534
138.57463611111112,35.838865,1536
138.5744738888889,35.83889,1539
138.5738861111111,35.839056944444444,1545
138.57358694444446,35.83915694444445,1547
138.57346194444443,35.83917388888889,1547
138.5731738888889,35.83903194444444,1547
138.5729988888889,35.83889888888889,1549
138.5729488888889,35.83874,1547
138.57303694444445,35.83819,1553
138.57302388888888,35.838073888888886,1553
138.57298694444444,35.837965,1555
138.57282388888888,35.83774888888889,1555
138.57188694444446,35.83684888888889,1568
138.57179888888888,35.83674888888889,1566
138.57173694444444,35.83652388888889,1566
138.5716238888889,35.836281944444444,1567
138.5716238888889,35.83607388888889,1566
138.57154888888888,35.83594111111111,1567
138.5711988888889,35.835656944444445,1572
138.5706238888889,35.835206944444444,1576
138.57053694444446,35.83514111111111,1577
138.57043694444445,35.83502388888889,1579
138.57025,35.83474888888889,1581
138.57016194444444,35.83470694444444,1584
138.57005,35.834781944444444,1587
138.569925,35.83495694444444,1590
138.56978694444444,35.83514111111111,1594
138.569775,35.835206944444444,1596
138.56978694444444,35.83526611111111,1595
138.569925,35.83539888888889,1596
138.570025,35.835481944444446,1598
138.57008694444445,35.83559888888889,1601
138.5700238888889,35.835631944444444,1601
138.56991194444444,35.83562388888889,1602
138.569125,35.83539888888889,1606
138.56841194444445,35.83524111111111,1618
138.568375,35.83515694444444,1616
138.56838694444446,35.83509111111111,1617
138.56851194444445,35.83501611111111,1615
138.56855,35.83492388888889,1617
138.56855,35.83479888888889,1619
138.568425,35.83441611111111,1627
138.568525,35.83426611111111,1626
138.56871194444443,35.83401611111111,1628
138.5688,35.83381611111111,1632
138.5688,35.83329888888889,1641
138.5687,35.83311611111111,1642
138.56861305555555,35.83302388888889,1643
138.56841194444445,35.832908055555556,1646
138.56813805555555,35.83274888888889,1644
138.56775,35.83244111111111,1648
138.56745,35.83221611111111,1652
138.56738805555557,35.832166111111114,1654
138.56718694444444,35.83191611111111,1656
138.566925,35.83145805555556,1663
138.566825,35.83132388888889,1663
138.5667,35.83117388888889,1665
138.56661305555556,35.83101611111111,1668
138.56658805555554,35.83071611111111,1672
138.56652194444445,35.83069111111111,1672
138.56652194444445,35.83069111111111,1672
138.56658805555554,35.83071611111111,1672
138.56811194444444,35.830908055555554,1662
138.568875,35.83099888888889,1666
138.56903805555555,35.830983055555556,1666
138.56938805555555,35.83091611111111,1663
138.5695,35.83089888888889,1664
138.5696,35.830908055555554,1664
138.56996305555555,35.83108305555555,1664
138.5703,35.83121611111111,1665
138.57043694444445,35.83126611111111,1662
138.57063694444443,35.83129888888889,1659
138.570925,35.831316111111114,1658
138.571575,35.83129888888889,1649
138.57191194444445,35.83128305555555,1644
138.57213694444445,35.83119888888889,1644
138.57236194444445,35.83108305555555,1643
138.57256194444443,35.83085805555555,1646
138.572675,35.830798888888886,1645
138.57285,35.83083305555556,1645
138.5731,35.83092388888889,1640
138.573275,35.83094888888889,1637
138.5737988888889,35.83087388888889,1636
138.57476194444445,35.83068305555555,1630
138.57511194444444,35.83060805555556,1624
138.57523694444444,35.83055805555556,1621
138.5754488888889,35.83042388888889,1624
138.57558694444444,35.83032388888889,1626
138.5757988888889,35.830258055555554,1621
138.57628694444443,35.830108055555556,1617
138.57648694444444,35.83000805555555,1613
138.5767488888889,35.829825,1616
138.57711194444445,35.829525,1617
138.57747388888887,35.829433055555555,1614
138.57763694444444,35.829408055555554,1611
138.57771194444445,35.82934111111111,1608
138.57812388888888,35.82906611111111,1606
138.57838694444445,35.828825,1606
138.57847388888888,35.82871611111111,1606
138.57851194444444,35.82861611111111,1607
138.57861194444445,35.8283,1606
138.57871194444445,35.82820805555556,1605
138.5788488888889,35.82816694444445,1603
138.57903694444445,35.828116944444446,1601
138.5791238888889,35.828075,1602
138.57921194444444,35.827933055555555,1604
138.5793488888889,35.82785805555555,1602
138.57961194444445,35.82780805555556,1603
138.57969888888888,35.82776694444444,1605
138.5797738888889,35.82771694444445,1605
138.57981194444446,35.82765805555555,1606
138.57982388888888,35.827508055555555,1601
138.57992388888889,35.82720805555556,1595
138.57996194444445,35.82716694444444,1595
138.58004888888888,35.82713305555556,1598
138.58014888888889,35.82714194444444,1595
138.5803238888889,35.827283055555554,1596
138.58039888888888,35.82735,1598
138.58049888888888,35.82736694444444,1597
138.58071194444443,35.827325,1588
138.58088694444444,35.827333055555556,1587
138.58123694444444,35.8276,1576
138.58123694444444,35.827675,1571
138.58096194444445,35.827875,1577
138.58096194444445,35.827925,1576
138.58098694444445,35.827983055555556,1576
138.58106194444446,35.82805,1573
138.58143694444445,35.82820805555556,1564
138.58156194444445,35.82830805555555,1562
138.58153694444445,35.8285,1564
138.5813861111111,35.82881611111111,1565
138.58141111111112,35.82888305555556,1565
138.5815738888889,35.82890805555556,1567
138.5819111111111,35.828941111111114,1565
138.5822861111111,35.828833055555556,1555
138.5826361111111,35.828783055555554,1557
138.5827238888889,35.828725,1553
138.5827988888889,35.82864194444444,1547
138.5829238888889,35.828583055555555,1548
138.5830861111111,35.828541944444446,1545
138.5831488888889,35.8285,1547
138.5832738888889,35.828358055555555,1545
138.58333611111112,35.82830805555555,1543
138.58354888888888,35.828225,1546
138.58367388888888,35.82815,1546
138.58399888888889,35.827841944444444,1538
138.58438611111112,35.82761694444444,1535
138.5846361111111,35.8276,1537
138.58483611111112,35.82751694444445,1535
138.5851111111111,35.82739194444444,1535
138.58538611111112,35.82736694444444,1536
138.5856738888889,35.82735,1527
138.58593611111112,35.82745,1518
138.58606111111112,35.827475,1515
138.58616111111112,35.827466944444446,1511
138.5862238888889,35.827375,1506
138.5861988888889,35.82723305555555,1508
138.58604888888888,35.82715805555556,1508
138.5856861111111,35.82705,1507
138.5854488888889,35.827016944444445,1507
138.58514888888888,35.82700805555555,1507
138.58479888888888,35.827083055555555,1499
138.5841988888889,35.827333055555556,1498
138.58381111111112,35.827533055555556,1497
138.58367388888888,35.82756694444444,1503
138.5836238888889,35.827558055555556,1498
138.5833738888889,35.82758305555556,1489
138.5831611111111,35.827641944444444,1487
138.5830361111111,35.82763305555556,1487
138.5829861111111,35.827575,1488
138.58301111111112,35.8275,1485
138.5830861111111,35.82745,1485
138.58346111111112,35.82738305555556,1479
138.5836238888889,35.827325,1476
138.58423611111112,35.827,1479
138.58481111111112,35.826725,1474
138.5851111111111,35.82655,1465
138.58538611111112,35.82626694444444,1464
138.5855361111111,35.82615888888889,1462
138.5858861111111,35.826025,1463
138.5860361111111,35.826025,1464
138.58608611111111,35.82606694444444,1464
138.5861111111111,35.826125,1463
138.5860988888889,35.8262,1465
138.5861361111111,35.8263,1464
138.5862111111111,35.826341944444444,1466
138.58627388888888,35.826391944444445,1465
138.58696111111112,35.826633888888885,1457
138.5870361111111,35.82671694444444,1453
138.58707388888888,35.826841944444446,1452
138.58694888888888,35.82713388888889,1449
138.5870111111111,35.827216944444444,1447
138.5871111111111,35.82723388888889,1448
138.5872238888889,35.82723388888889,1447
138.5875861111111,35.827175,1447
138.5876861111111,35.8271,1446
138.5877361111111,35.82688388888889,1443
138.5879361111111,35.826658888888886,1443
138.5880361111111,35.826366944444445,1434
138.5881361111111,35.82625,1435
138.58831111111112,35.82618388888889,1433
138.5884861111111,35.82618388888889,1432
138.58872305555556,35.826225,1430
138.58897305555556,35.82635,1425
138.5889361111111,35.8266,1428
138.58902305555554,35.826633888888885,1425
138.58914805555557,35.826616944444446,1426
138.58939805555556,35.826433888888886,1423
138.58952305555556,35.82631694444444,1421
138.58956111111112,35.826166944444445,1417
138.58954805555555,35.826008888888886,1410
138.58959805555557,35.82579194444445,1412
138.59007305555556,35.82537611111111,1406
138.5902861111111,35.82510888888889,1403
138.59037305555555,35.824933888888886,1403
138.5905111111111,35.82481694444444,1403
138.59074805555557,35.824708888888885,1399
138.59093611111112,35.824666944444445,1397
138.59126111111112,35.82459194444444,1394
138.59138611111112,35.824601111111114,1394
138.59197305555554,35.82465111111111,1394
138.59217305555555,35.82460888888889,1388
138.5923361111111,35.82462611111111,1383
138.59234805555556,35.82482611111111,1381
138.59228611111112,35.82496694444445,1384
138.59217305555555,35.825158888888886,1383
138.5917861111111,35.82547611111111,1375
138.59172305555555,35.825583888888886,1375
138.59171111111112,35.825676111111115,1375
138.59177305555556,35.82577611111111,1375
138.59183611111112,35.825808888888886,1378
138.59193611111112,35.825808888888886,1378
138.5920361111111,35.825766944444446,1373
138.59238611111113,35.82565888888889,1372
138.59251111111112,35.825766944444446,1371
138.59251111111112,35.82605111111111,1374
138.592585,35.82615888888889,1376
138.59272305555555,35.82618388888889,1376
138.59286,35.82615888888889,1377
138.59294805555555,35.826101111111115,1373
138.59306,35.82592611111111,1372
138.59316,35.82585111111111,1371
138.593285,35.82580111111111,1374
138.59346,35.82577611111111,1375
138.59357305555557,35.82575111111111,1378
138.59364805555555,35.82565888888889,1372
138.59359805555556,35.825491944444444,1367
138.59351,35.82530888888889,1362
138.59352305555555,35.825226111111114,1362
138.593585,35.82516694444445,1364
138.59381,35.82501694444444,1364
138.59406,35.82490888888889,1357
138.594235,35.824933888888886,1354
138.594635,35.82515111111111,1345
138.59466,35.82527611111111,1347
138.59466,35.82535111111111,1348
138.59461,35.82575888888889,1343
138.59462305555556,35.82588388888889,1338
138.59474805555556,35.82604194444444,1336
138.59484805555556,35.82615111111111,1335
138.594935,35.82630888888889,1334
138.59506,35.82665111111111,1336
138.595135,35.82668388888889,1337
138.59529694444444,35.82664194444445,1334
138.59552194444444,35.826526111111114,1333
138.59566,35.826301111111114,1333
138.59574694444444,35.82605111111111,1334
138.59579694444446,35.82564194444444,1332
138.59566,35.82499305555555,1322
138.59566,35.82481694444444,1322
138.595685,35.82435111111111,1325
138.59566,35.82420111111111,1324
138.59557305555555,35.824043055555556,1324
138.595485,35.823951111111114,1323
138.595385,35.82383388888889,1319
138.59532305555555,35.823543055555554,1317
138.59506,35.82340888888889,1315
138.59501,35.823368055555555,1315
138.59496,35.82327611111111,1312
138.59504805555557,35.82308388888889,1314
138.59516,35.82290111111111,1316
138.59556,35.82241805555555,1301
138.595935,35.82190888888889,1296
138.59604805555554,35.82168388888889,1295
138.596085,35.82147611111111,1287
138.59604805555554,35.82123388888889,1281
138.59606,35.82110111111111,1275
138.59616,35.820951111111114,1273
138.59624805555555,35.82087611111111,1271
138.596385,35.82082611111111,1274
138.59677305555556,35.820751111111115,1273
138.59706,35.820726111111114,1274
138.59736,35.82067611111111,1267
138.59791,35.82055111111111,1258
138.59824694444444,35.820543055555554,1253
138.59834805555556,35.82060111111111,1255
138.59846,35.820751111111115,1256
138.59859805555556,35.820835,1257
138.59899694444445,35.82086805555556,1257
138.59911,35.82087611111111,1256
138.599235,35.82085111111111,1255
138.59934694444445,35.82071805555555,1253
138.59939694444444,35.820535,1256
138.59899694444445,35.820368055555555,1251
138.598785,35.82026805555556,1250
138.598585,35.82011,1250
138.59849805555555,35.81996,1249
138.59847305555556,35.81986,1247
138.59839805555555,35.81957611111111,1245
138.59839805555555,35.819435,1243
138.59844805555556,35.81930111111111,1242
138.598585,35.819185,1242
138.59922194444445,35.81839305555555,1238
138.59919805555555,35.81829305555556,1235
138.59912194444445,35.81821,1233
138.59877194444445,35.81801,1234
138.59871,35.817926944444444,1234
138.59869805555556,35.81786,1234
138.59872305555555,35.81766,1235
138.59881,35.81742694444444,1231
138.598785,35.81729388888889,1229
138.598685,35.81721,1226
138.598335,35.81700194444444,1228
138.59812305555556,35.81686888888889,1222
138.59807305555555,35.81679388888889,1225
138.598035,35.816635,1222
138.59796,35.81650194444445,1221
138.5973611111111,35.81599388888889,1215
138.59716111111112,35.81590194444444,1216
138.59703611111112,35.81581888888889,1215
138.59687305555556,35.815635,1209
138.59664805555556,35.815285,1209
138.59654805555556,35.81503611111111,1209
138.5965111111111,35.81482694444444,1209
138.59648611111112,35.81456111111111,1208
138.59644805555556,35.81442694444444,1205
138.59639805555557,35.81426888888889,1206
138.5962861111111,35.814051944444444,1206
138.5960611111111,35.81372694444445,1207
138.5958861111111,35.81354388888889,1204
138.59568611111112,35.81346111111111,1206
138.59554805555555,35.813386111111114,1209
138.5954111111111,35.81316888888889,1206
138.59509805555555,35.81304388888889,1208
138.59502305555554,35.812978055555554,1205
138.5947611111111,35.812603055555556,1205
138.59469805555557,35.81256888888889,1205
138.5945861111111,35.81246111111111,1206
138.5945361111111,35.81234388888889,1209
138.59457305555554,35.81226888888889,1207
138.59466111111112,35.81219388888889,1207
138.5945238888889,35.81193611111111,1207
138.5945361111111,35.81176888888889,1202
138.5944111111111,35.81169388888889,1204
138.5940738888889,35.81168611111111,1208
138.5939611111111,35.81165194444444,1206
138.59366111111112,35.811526944444445,1203
138.59354888888888,35.81153611111111,1201
138.5934861111111,35.81158611111111,1204
138.59339888888888,35.811776944444446,1203
138.5933611111111,35.81213611111111,1208
138.5932738888889,35.81226888888889,1207
138.59317388888888,35.81231888888889,1204
138.5930611111111,35.812328055555554,1204
138.59296111111112,35.812218888888886,1206
138.5927988888889,35.81176111111111,1204
138.5926988888889,35.81160194444445,1206
138.5925988888889,35.811503055555555,1207
138.59241111111112,35.81134388888889,1209
138.59238611111113,35.81121111111111,1213
138.5924738888889,35.81091888888889,1214
138.5924611111111,35.81079388888889,1213
138.5923361111111,35.810518888888886,1215
138.59229888888888,35.81028611111111,1215
138.5921488888889,35.81021111111111,1212
138.5918988888889,35.810203055555554,1213
138.5917988888889,35.81018611111111,1215
138.5916861111111,35.81008611111111,1216
138.5915361111111,35.80971111111111,1218
138.59137388888888,35.80958611111111,1223
138.59128611111112,35.80941111111111,1224
138.59116111111112,35.809353055555555,1222
138.5909988888889,35.80934388888889,1223
138.59078694444443,35.809311111111114,1222
138.5904988888889,35.809218888888886,1210
138.59036194444445,35.80925305555556,1207
138.59028694444444,35.80938611111111,1204
138.5903238888889,35.80951888888889,1203
138.59037388888888,35.80962805555556,1205
138.5903238888889,35.80984388888889,1203
138.5903238888889,35.80996888888889,1202
138.5903988888889,35.81005305555556,1201
138.5905361111111,35.81011888888889,1201
138.59061111111112,35.810178055555554,1203
138.5906611111111,35.81031111111111,1202
138.59057388888888,35.81066888888889,1195
138.5903988888889,35.81076111111111,1191
138.5902738888889,35.81076111111111,1190
138.59016194444445,35.81072694444445,1188
138.5900488888889,35.81060305555555,1186
138.58936194444445,35.81011111111111,1173
138.58922388888888,35.80968611111111,1174
138.5891488888889,35.80959388888889,1172
138.58889888888888,35.80938611111111,1165
138.58877388888888,35.80923611111111,1161
138.58868694444445,35.809018888888886,1164
138.58863694444443,35.80885305555555,1161
138.58864888888888,35.808753055555556,1157
138.5884988888889,35.80821111111111,1151
138.58853694444446,35.808078055555555,1151
138.58861194444444,35.807895,1154
138.5885738888889,35.80775305555556,1148
138.5884988888889,35.807695,1145
138.58832388888888,35.80767,1134
138.58822388888888,35.807695,1134
138.58809888888888,35.80788611111111,1129
138.58798694444445,35.808303055555555,1134
138.5878238888889,35.808528055555556,1139
138.58777388888888,35.808528055555556,1142
138.5876738888889,35.80833611111111,1139
138.5877238888889,35.80800305555555,1133
138.58793694444444,35.807645,1125
138.5880488888889,35.80746111111111,1124
138.58821194444445,35.807295,1120
138.58828694444443,35.80721111111111,1118
138.58833694444445,35.80712,1119
138.5883488888889,35.80706111111111,1117
138.58832388888888,35.80698611111111,1114
138.58828694444443,35.80692805555555,1114
138.58818694444443,35.80687,1114
138.58796194444446,35.806803055555555,1115
138.58787388888888,35.80677,1112
138.58784888888889,35.806603055555556,1109
138.58784888888889,35.80650305555555,1108
138.5878238888889,35.80645305555556,1108
138.58771194444444,35.80637,1106
138.58738694444443,35.806295,1104
138.58717388888888,35.806178055555556,1102
138.5870988888889,35.80603694444444,1100
138.58706194444446,35.80582805555556,1098
138.58706194444446,35.805395,1097
138.58711194444444,35.80492805555556,1095
138.58676194444445,35.804811944444445,1098
138.58645,35.804653055555555,1097
138.5863,35.804545,1095
138.586225,35.80446194444445,1095
138.58621194444444,35.804245,1093
138.5863,35.80407888888889,1092
138.58626194444443,35.803936944444445,1092
138.586225,35.80390388888889,1092
138.58611194444444,35.80386194444444,1092
138.58603694444446,35.80387888888889,1093
138.58591194444443,35.80397,1095
138.585825,35.803986944444446,1096
138.585725,35.803936944444445,1098
138.58558694444446,35.803795,1098
138.58538694444445,35.80352888888889,1098
138.585125,35.80316194444445,1102
138.58461194444445,35.802345,1105
138.5846,35.80225388888889,1106
138.584625,35.80215388888889,1106
138.58471194444445,35.802061944444446,1107
138.584875,35.801946111111114,1108
138.58500388888888,35.80187194444444,1107
138.58500388888888,35.80187194444444,1107
138.58538694444445,35.801653888888886,1106
138.58546194444443,35.801586944444445,1103
138.58545,35.80147111111111,1103
138.58525,35.80124611111111,1106
138.58513805555555,35.80112111111111,1105
138.58456305555555,35.80111194444444,1118
138.583925,35.80095388888889,1101
138.583725,35.800871111111114,1103
138.583625,35.80079611111111,1105
138.583575,35.80070388888889,1104
138.583525,35.800536944444445,1103
138.58345,35.80047111111111,1103
138.583325,35.80042888888889,1103
138.58325,35.80038694444445,1103
138.58318805555555,35.80034611111111,1103
138.58313805555557,35.80029611111111,1101
138.58306305555556,35.80009611111111,1102
138.58291194444445,35.80002888888889,1103
138.58278694444445,35.800021111111114,1103
138.582575,35.80007888888889,1104
138.58241305555555,35.80012111111111,1106
138.5823,35.800111944444446,1106
138.58208805555554,35.79997111111111,1105
138.58205,35.79992111111111,1105
138.58201305555556,35.79984611111111,1102
138.58203805555556,35.79975388888889,1103
138.58215,35.799636944444444,1104
138.582375,35.79952888888889,1103
138.58246194444445,35.79942888888889,1104
138.58246194444445,35.79929611111111,1106
138.58243805555554,35.79922888888889,1107
138.58231305555555,35.79916305555555,1108
138.58146305555556,35.79922111111111,1104
138.581025,35.79916305555555,1105
138.580625,35.79932111111111,1102
138.58046305555555,35.79936305555555,1104
138.5803,35.79937888888889,1106
138.58013805555555,35.79932888888889,1102
138.57993805555554,35.79924611111111,1098
138.5798,35.79922111111111,1093
138.57971305555554,35.79927111111111,1093
138.5797,35.79938694444444,1095
138.579675,35.79956194444444,1097
138.57961305555557,35.799661944444445,1095
138.57948805555554,35.79973694444445,1097
138.57933805555555,35.79977888888889,1097
138.5792,35.79976194444444,1096
138.5790511111111,35.79956194444444,1097
138.57891305555555,35.79922888888889,1089
138.57877611111113,35.79909611111111,1087
138.5786511111111,35.79897111111111,1084
138.57856305555555,35.798963055555554,1084
138.57841305555556,35.79907111111111,1086
138.57768805555557,35.79983694444444,1079
138.5775011111111,35.79993694444445,1074
138.57746305555557,35.80002888888889,1074
138.57748805555556,35.80010388888889,1074
138.57755111111112,35.80017888888889,1073
138.57790111111112,35.80042111111111,1075
138.57810111111112,35.80062888888889,1072
138.57825111111111,35.80082111111111,1067
138.57825111111111,35.801003888888886,1065
138.57821305555555,35.80106194444444,1066
138.57812611111112,35.80107888888889,1066
138.57806305555556,35.80106194444444,1066
138.57793805555556,35.801003888888886,1068
138.5773011111111,35.80074611111111,1057
138.57701305555557,35.80060388888889,1056
138.57686305555555,35.80049611111111,1057
138.57678805555557,35.80038694444445,1055
138.5766761111111,35.800136944444446,1055
138.57653805555555,35.79997888888889,1055
138.5758761111111,35.799661944444445,1044
138.57578805555556,35.79962888888889,1044
138.5757011111111,35.79964611111111,1042
138.57558805555556,35.79977111111111,1043
138.57552611111112,35.799953888888886,1043
138.57533805555556,35.80062888888889,1045
138.57527611111112,35.80068694444444,1043
138.5752011111111,35.80068694444444,1044
138.57505111111112,35.800646111111114,1044
138.5749761111111,35.800561944444446,1046
138.5748011111111,35.80007888888889,1041
138.57478805555556,35.79990388888889,1039
138.5748761111111,35.79974611111111,1036
138.5750261111111,35.79953694444445,1032
138.5749761111111,35.799436944444444,1030
138.57483805555555,35.79938694444444,1029
138.57466305555556,35.799411944444444,1025
138.57450111111112,35.79952111111111,1026
138.57440111111111,35.79954611111111,1025
138.57421305555556,35.79951194444445,1024
138.5740761111111,35.79942888888889,1021
138.57396305555557,35.79929611111111,1020
138.57396305555557,35.799236944444445,1020
138.57398805555556,35.79915388888889,1018
138.5740761111111,35.79911194444445,1018
138.57451305555554,35.79904611111111,1017
138.57466305555556,35.798986944444444,1015
138.57492611111113,35.79877888888889,1016
138.57516305555555,35.79835388888889,1012
138.57517611111112,35.798186944444446,1011
138.57513805555556,35.79790388888889,1008
138.5751511111111,35.797738055555556,1007
138.57523805555556,35.79755388888889,1005
138.5752511111111,35.797446111111114,1005
138.5752261111111,35.797311944444445,1000
138.57516305555555,35.79704611111111,997
138.5752511111111,35.79670388888889,995
138.57533805555556,35.796596111111114,994
138.57550111111112,35.796463055555556,991
138.57613805555556,35.796188055555554,989
138.5762761111111,35.79612888888889,988
138.5763761111111,35.79600388888889,987
138.57693805555556,35.79514611111111,986
138.57708805555555,35.79488,981
138.57710111111112,35.794713055555555,982
138.57701305555557,35.794555,983
138.57706305555556,35.794338055555556,983
138.5770511111111,35.79423,983
138.57686305555555,35.793855,974
138.57686305555555,35.793638055555554,973
138.57697611111112,35.793371111111114,972
138.57700111111112,35.793171111111114,974
138.57700111111112,35.79304611111111,974
138.57701305555557,35.79279611111111,972
138.57703805555556,35.792613055555556,965
138.5770761111111,35.792521944444445,962
138.57718805555555,35.79233,963
138.57722611111112,35.792205,966
138.5772511111111,35.792105,965
138.5772511111111,35.791938055555555,965
138.57726305555556,35.791805,963
138.5773511111111,35.791705,964
138.57765111111112,35.79141305555556,961
138.5778261111111,35.79118805555556,963
138.57802611111111,35.79074694444444,963
138.5781761111111,35.79042194444445,955
138.57828805555556,35.79033,958
138.57868805555555,35.79032194444444,955
138.57873805555556,35.79042194444445,953
138.57873805555556,35.790655,948
138.57876305555556,35.790705,948
138.57886305555556,35.790755,946
138.5795011111111,35.79074694444444,938
138.57973805555557,35.79072194444444,937
138.57998805555556,35.790638888888886,932
138.58001305555555,35.79051388888889,928
138.58005111111112,35.790255,925
138.58005111111112,35.790213888888886,927
138.57993805555554,35.79011388888889,924
138.5799011111111,35.789955,927
138.5799011111111,35.789771944444446,925
138.5799761111111,35.78968888888889,925
138.58016305555554,35.78943888888889,924
138.58040111111112,35.78918,924
138.5805511111111,35.78903888888889,923
138.5806511111111,35.78888888888889,922
138.58060111111112,35.78873111111111,923
138.58048805555555,35.78858888888889,922
138.5803261111111,35.78843111111111,923
138.5801261111111,35.78829694444445,925
138.58001305555555,35.78823111111111,923
138.5797761111111,35.78826388888889,922
138.57931305555556,35.78832194444445,916
138.57903805555554,35.78832194444445,915
138.57876305555556,35.788288888888886,906
138.5784011111111,35.78818111111111,904
138.57821305555555,35.788063888888885,902
138.57812611111112,35.78793888888889,905
138.57810111111112,35.78778888888889,901
138.5780761111111,35.787506111111114,895
138.57803805555557,35.78738111111111,895
138.5778011111111,35.78702194444445,883
138.57776305555555,35.78689694444444,881
138.5777511111111,35.78679694444445,882
138.5778011111111,35.78661388888889,884
138.57826305555557,35.78594694444445,885
138.57833805555555,35.785606111111115,885
138.57835111111112,35.78548111111111,884
138.57847611111112,35.785246944444445,884
138.57876305555556,35.784798055555555,884
138.57881305555554,35.784621944444446,885
138.57883805555556,35.78446388888889,884
138.57886305555556,35.78418111111111,882
138.57892611111112,35.783881111111114,883
138.57915111111112,35.78335611111111,887
138.57916305555557,35.78319805555556,887
138.57915111111112,35.78303888888889,887
138.57903805555554,35.78273111111111,885
138.5790011111111,35.78253888888889,885
138.5790511111111,35.78240611111111,884
138.5792261111111,35.78210611111111,886
138.57931305555556,35.78189805555556,884
138.57951305555557,35.78139,876
138.57978805555555,35.78050611111111,876
138.57998805555556,35.779665,864
138.57996305555557,35.779415,863
138.57980111111112,35.779198055555554,858
138.5796261111111,35.778965,853
138.5795011111111,35.77878194444445,851
138.57946305555555,35.77859,852
138.5795011111111,35.778365,849
138.5796261111111,35.77793194444445,842
138.57982611111112,35.777406944444444,841
138.5798761111111,35.77717388888889,840
138.57983805555557,35.777015,841
138.5797511111111,35.77689888888889,838
138.5796261111111,35.776831944444446,833
138.57941305555556,35.77673194444444,832
138.5791011111111,35.77665694444445,833
138.5786261111111,35.77659888888889,831
138.57856305555555,35.776556944444444,831
138.57855111111112,35.776465,831
138.5787261111111,35.776015,832
138.5788761111111,35.77564,822
138.57901305555555,35.77534,826
138.57903805555554,35.774948888888886,823
138.57913805555555,35.77466611111111,823
138.5794511111111,35.77399888888889,823
138.57968805555555,35.77362388888889,825
138.5798511111111,35.77330805555555,822
138.57996305555557,35.77276611111111,813
138.58015111111112,35.772508055555555,813
138.58025111111112,35.77239888888889,814
138.58048805555555,35.77217388888889,815
138.58073805555554,35.77184111111111,814
138.5810011111111,35.771366111111114,818
138.58101305555556,35.771183055555554,816
138.58098805555557,35.77066611111111,812
138.5811011111111,35.77043305555556,812
138.58126305555555,35.77030805555555,813
138.58166305555557,35.77020805555556,814
138.58191305555556,35.77014111111111,818
138.58193805555555,35.770125,818
138.58216305555555,35.76998305555556,821
138.58240111111112,35.769725,826
138.58251305555555,35.76949111111111,829
138.58288805555554,35.76860805555555,839
138.58297611111112,35.7684,824
138.58306305555556,35.768,805
138.58313805555557,35.76683305555556,823
138.58321305555555,35.76660805555556,822
138.58345,35.76613388888889,825
138.583525,35.7659,822
138.58348805555556,35.76573388888889,826
138.58331305555555,35.76558388888889,825
138.58296305555555,35.765416944444446,825
138.58278805555557,35.765275,825
138.58261305555556,35.764925,825
138.58236305555556,35.76461694444444,824
138.5820511111111,35.76438388888889,823
138.5817011111111,35.76418388888889,826
138.58131305555557,35.76404194444444,825
138.5807511111111,35.763916944444446,826
138.5805511111111,35.763916944444446,824
138.58041305555557,35.76394194444445,823
138.58023805555555,35.764025,819
138.57892611111112,35.76464194444444,810
138.57776305555555,35.7651,810
138.57751305555556,35.7651,812
138.57733805555554,35.764983055555554,818
138.57653888888888,35.76395888888889,823
138.57607611111112,35.763525,821
138.57586388888888,35.76338388888889,821
138.5754761111111,35.763266944444446,821
138.5748888888889,35.763041944444446,814
138.57470111111112,35.762925,815
138.5743511111111,35.76246694444445,813
138.57415111111112,35.762325,810
138.5735511111111,35.76206694444444,812
138.57302611111112,35.761925,813
138.57267611111112,35.76186694444444,812
138.5719388888889,35.76184194444444,814
138.5716888888889,35.76186694444444,814
138.5713388888889,35.76198388888889,815
138.57108888888888,35.762008888888886,808
138.57008888888888,35.7619,810
138.5697888888889,35.76186694444444,815
138.56922694444444,35.76155,803
138.56895194444445,35.76144194444444,802
138.5686638888889,35.761325,801
138.56838888888888,35.761325,800
138.56800194444443,35.761383888888886,801
138.56771388888887,35.761383888888886,786
138.5674388888889,35.76126694444444,792
138.56730194444444,35.761091944444445,803
138.56720194444443,35.76081694444444,806
138.56715194444445,35.76058388888889,804
138.56701388888888,35.76035111111111,802
138.5665888888889,35.76003388888889,811
138.5663888888889,35.75992611111111,814
138.5661388888889,35.75992611111111,809
138.56582694444444,35.75998388888889,801
138.56547694444444,35.76003388888889,801
138.565265,35.76000888888889,797
138.56509,35.75989194444445,797
138.56497694444445,35.75958388888889,792
138.56487694444445,35.75938388888889,783
138.56452694444445,35.75932611111111,780
138.56435194444444,35.75938388888889,782
138.564065,35.759725,775
138.56385194444445,35.75980888888889,775
138.56367694444444,35.75978388888889,777
138.56354,35.75966694444445,778
138.563465,35.75935111111111,765
138.56332694444444,35.75926694444444,762
138.563115,35.75932611111111,760
138.56297805555556,35.75946694444445,760
138.56290305555555,35.75963388888889,762
138.56290305555555,35.76000888888889,760
138.56272694444445,35.76018388888889,754
138.56255194444444,35.76029194444445,752
138.56234,35.76040888888889,753
138.56227694444445,35.76053388888889,752
138.562215,35.760866944444444,755
138.56212805555555,35.76099194444444,755
138.56202694444445,35.76105,755
138.56187805555555,35.76105888888889,750
138.561915,35.76094194444445,751
138.56199,35.76058388888889,748
138.56224,35.75954194444444,745
138.562615,35.75862611111111,738
138.56280305555555,35.75843388888889,743
138.56372694444445,35.75823388888889,732
138.56445194444444,35.75796694444445,725
138.56452694444445,35.757866944444444,726
138.56454,35.75774194444445,724
138.56447694444444,35.757601111111114,722
138.56407694444445,35.75700888888889,709
138.56379,35.75638388888889,709
138.563765,35.75610888888889,709
138.56382694444446,35.75588388888889,709
138.564065,35.75563388888889,707
138.56419,35.75537611111111,706
138.564215,35.75498388888889,706
138.56425194444444,35.75490888888889,705
138.56434,35.75485888888889,705
138.56450194444446,35.75481805555555,704
138.564715,35.75478388888889,707
138.56484,35.75476805555556,707
138.564915,35.75474305555556,708
138.56517694444443,35.75455111111111,708
138.565515,35.754176111111114,708
138.565535,35.754153055555555,708
138.565535,35.754153055555555,708
138.56584,35.75380888888889,708
138.56594,35.75362611111111,707
138.56599,35.753368055555555,707
138.566015,35.75320111111111,707
138.56604,35.752918055555554,709
138.566065,35.75271,710
138.56619,35.75236,710
138.56624,35.752118055555556,712
138.56624,35.751801111111114,711
138.566265,35.751585,711
138.56635194444445,35.75131805555556,712
138.566465,35.75116805555555,715
138.5668638888889,35.75056,706
138.5670888888889,35.750076944444444,705
138.56715194444445,35.749943055555555,707
138.56715194444445,35.74957694444444,711
138.56713888888888,35.74911888888889,726
138.56713888888888,35.74886,724
138.56722694444446,35.748576944444444,725
138.56893888888888,35.747011111111114,708
138.56910194444444,35.74678611111111,703
138.5691388888889,35.74651111111111,703
138.56912694444443,35.74633611111111,700
138.56872694444445,35.74584388888889,689
138.56855194444444,35.74513611111111,686
138.56842694444444,35.744976944444446,683
138.567265,35.744478055555554,666
138.566665,35.74426111111111,661
138.566515,35.74401888888889,655
138.56650194444444,35.74366888888889,653
138.566765,35.74238611111111,644
138.56689,35.74211888888889,637
138.567065,35.74202805555556,635
138.56755194444443,35.74205305555556,636
138.56762694444444,35.74199388888889,629
138.56757694444445,35.74191888888889,629
138.56734,35.74180305555556,625
138.56720194444443,35.74166888888889,621
138.56727694444444,35.741553055555556,623
138.56737694444445,35.74146888888889,626
138.56740194444444,35.74128611111111,622
138.567315,35.74084388888889,615
138.56719,35.740453055555555,614
138.56719,35.740245,611
138.567415,35.73998611111111,605
138.56742694444443,35.73987,604
138.56730194444444,35.739745,604
138.567015,35.73961111111111,603
138.566465,35.739095,598
138.566165,35.73882805555556,596
138.566065,35.73871111111111,595
138.56540305555555,35.738011944444445,595
138.56512694444444,35.73771194444444,596
138.564665,35.73727805555556,593
138.56447805555555,35.73666194444444,589
138.56432805555556,35.73597,589
138.56405305555555,35.73471194444444,592
138.56384,35.73372888888889,594
138.56374,35.73341194444444,582
138.56350305555554,35.73307,583
138.56285305555556,35.73257111111111,580
138.562215,35.73182111111111,571
138.56204,35.73172111111111,573
138.56180305555554,35.731636944444446,576
138.56157805555554,35.731636944444446,577
138.56089111111112,35.73172111111111,573
138.56064111111112,35.73171194444444,571
138.5603911111111,35.73162888888889,573
138.5598411111111,35.731296111111114,589
138.55945305555557,35.73099611111111,593
138.55907805555555,35.73072888888889,589
138.5589161111111,35.73066194444444,589
138.55840305555554,35.73048694444444,590
138.5581161111111,35.73040388888889,591
138.55777805555556,35.73035388888889,581
138.55742805555556,35.73027111111111,581
138.55722805555556,35.730153888888886,583
138.55705305555554,35.73004611111111,582
138.55695305555557,35.72992888888889,582
138.5568411111111,35.72974611111111,582
138.5568411111111,35.72934611111111,586
138.55680305555555,35.72720388888889,579
138.5567661111111,35.72669611111111,575
138.55669111111112,35.72642888888889,575
138.5566161111111,35.72634611111111,573
138.5561788888889,35.72613805555556,563
138.5559411111111,35.725988055555554,565
138.55587888888888,35.72577111111111,568
138.55589111111112,35.72562888888889,566
138.55601611111112,35.72499611111111,557
138.5561661111111,35.72459611111111,555
138.5563161111111,35.72435388888889,554
138.5567661111111,35.72392111111111,558
138.55716611111112,35.72367888888889,559
138.55735388888888,35.723596111111114,559
138.5576288888889,35.723488055555556,555
138.55795305555554,35.723463055555555,557
138.55850305555555,35.72342111111111,551
138.5591161111111,35.72342111111111,547
138.55931611111112,35.72329611111111,545
138.55940305555555,35.72316305555555,543
138.55937805555556,35.72293805555555,548
138.55915305555556,35.722705,554
138.5584661111111,35.72243,555
138.5579661111111,35.72229611111111,554
138.5572161111111,35.721696111111115,552
138.5563038888889,35.72138,553
138.5562161111111,35.721246111111114,554
138.5562161111111,35.721138055555556,556
138.55636611111112,35.72036305555555,555
138.5562661111111,35.72018805555555,554
138.55614111111112,35.720146944444444,554
138.5555911111111,35.72011305555556,553
138.5554788888889,35.720038055555555,554
138.5553538888889,35.71988,555
138.5551788888889,35.71924694444444,555
138.5547161111111,35.71879694444444,554
138.55456611111111,35.718605,556
138.55452888888888,35.718471944444445,554
138.5545161111111,35.71832194444445,545
138.5547411111111,35.718088055555555,543
138.5549538888889,35.717846944444446,544
138.55500388888888,35.717655,537
138.5549161111111,35.71753888888889,537
138.55477888888888,35.71744694444445,540
138.55452888888888,35.71743,545
138.55412611111112,35.71745194444444,548
138.55412611111112,35.71745194444444,548
138.55376611111112,35.71747194444445,551
138.5535911111111,35.71744694444445,553
138.5533661111111,35.71738805555555,554
138.5532538888889,35.71728,555
138.55319111111112,35.717171944444445,555
138.5532538888889,35.71703,556
138.5534661111111,35.71668,558
138.55339111111113,35.71618,564
138.5534538888889,35.71546388888889,566
138.5534288888889,35.71503,563
138.5532038888889,35.71406388888889,564
138.55311694444444,35.71375611111111,567
138.55305388888888,35.71364694444444,568
138.5529788888889,35.71355611111111,567
138.55299194444444,35.71343888888889,567
138.5529788888889,35.71233111111111,567
138.5529788888889,35.71230611111111,567
138.55301694444444,35.71217194444444,568
138.5530288888889,35.71210611111111,568
138.55339194444446,35.711438888888885,558
138.55356694444444,35.71111388888889,557
138.55362888888888,35.710723055555555,553
138.55329194444445,35.709963888888886,554
138.5529038888889,35.70928111111111,559
138.5529038888889,35.70907305555556,556
138.5530038888889,35.70841388888889,553
138.55294194444446,35.70807305555556,557
138.5530038888889,35.707906111111114,559
138.55307888888888,35.70778888888889,557
138.5538038888889,35.707498055555554,565
138.55410388888887,35.70733888888889,564
138.55431694444445,35.70718111111111,564
138.55462888888889,35.70678111111111,565
138.55514194444444,35.706648055555554,567
138.55612888888888,35.70637305555555,566
138.55625388888888,35.70629805555556,564
138.55655388888889,35.70613111111111,562
138.5569538888889,35.70589,561
138.55716611111112,35.705715,561
138.55737888888888,35.70549,561
138.5575661111111,35.705306944444445,561
138.5577788888889,35.70509805555555,562
138.5578538888889,35.70498194444444,562
138.5578788888889,35.70489805555555,562
138.5578911111111,35.70480694444444,562
138.5578661111111,35.70464,562
138.5577661111111,35.704465,562
138.5576538888889,35.704315,562
138.5574411111111,35.704031944444445,561
138.5574288888889,35.70393194444444,562
138.55747888888888,35.70375694444444,562
138.5578911111111,35.703615,562
138.5579661111111,35.703565,562
138.5582288888889,35.703365,562
138.5587538888889,35.70317388888889,561
138.5587911111111,35.70314888888889,561
138.55885388888888,35.70309,560
138.5589038888889,35.703015,560
138.55894111111112,35.702865,555
138.5589288888889,35.702756944444445,553
138.55885388888888,35.70263194444444,552
138.5586788888889,35.70234,551
138.5586661111111,35.70223194444444,551
138.55871611111112,35.702106944444445,552
138.5587661111111,35.702065,552
138.55885388888888,35.70200694444444,550
138.55894111111112,35.70194,550
138.5590038888889,35.70189888888889,548
138.5590411111111,35.701856944444444,550
138.5591538888889,35.70169,547
138.5592538888889,35.70154888888889,546
138.5593788888889,35.70144888888889,545
138.5598161111111,35.70118194444444,543
138.5608038888889,35.700673888888886,530
138.56099111111112,35.700541111111114,531
138.5612788888889,35.70026611111111,525
138.5615038888889,35.700091111111114,523
138.5617538888889,35.69997388888889,521
138.5618161111111,35.699908055555554,516
138.5618411111111,35.69984111111111,519
138.5618411111111,35.699781944444446,519
138.56156611111112,35.69942388888889,512
138.5615038888889,35.69927388888889,513
138.5615161111111,35.69916611111111,511
138.5616161111111,35.69894111111111,505
138.5616161111111,35.69884888888889,503
138.56155388888888,35.698748888888886,501
138.5613911111111,35.69867388888889,508
138.5611911111111,35.698616111111114,506
138.5609038888889,35.698506944444446,499
138.56065388888888,35.698456944444445,503
138.56056611111111,35.69842388888889,499
138.56055388888888,35.69833194444445,502
138.5606161111111,35.69826611111111,500
138.5607411111111,35.69824888888889,494
138.5609661111111,35.69833194444445,491
138.5612538888889,35.69849111111111,496
138.56134111111112,35.69849888888889,494
138.5614038888889,35.69846611111111,494
138.56144111111112,35.698408055555554,490
138.5614161111111,35.69834111111111,490
138.5613788888889,35.69829111111111,485
138.56099111111112,35.698191111111115,487
138.5608411111111,35.698081944444446,485
138.56064111111112,35.69775805555555,482
138.5604911111111,35.69762388888889,482
138.5604661111111,35.697558055555554,482
138.5605038888889,35.69747388888889,479
138.5605788888889,35.69744111111111,471
138.5606788888889,35.69748194444445,473
138.56087888888888,35.697673888888886,478
138.5610538888889,35.69775805555555,473
138.5613161111111,35.697966111111114,477
138.5613911111111,35.69798194444444,475
138.56146611111112,35.697966111111114,474
138.5615038888889,35.69790694444445,474
138.5614911111111,35.69782388888889,470
138.5611661111111,35.69753305555555,466
138.5609538888889,35.69723305555556,462
138.5607411111111,35.69706611111111,459
138.56052888888888,35.696933055555554,458
138.5604661111111,35.69688305555555,455
138.5604661111111,35.69680805555556,455
138.5605038888889,35.696758055555556,452
138.5605788888889,35.696733055555555,451
138.56066611111112,35.696758055555556,451
138.5608538888889,35.69692388888889,454
138.56097888888888,35.69705805555556,457
138.5610411111111,35.697116111111114,458
138.5611288888889,35.69712388888889,457
138.56121611111112,35.69707388888889,452
138.56122888888888,35.69699111111111,450
138.5611911111111,35.69692388888889,451
138.56099111111112,35.69680805555556,449
138.5608038888889,35.69657388888889,446
138.5606911111111,35.69651611111111,445
138.5604911111111,35.696466111111114,446
138.56042888888888,35.69642388888889,443
138.56041611111112,35.69591611111111,438
138.5604538888889,35.69572388888889,432
138.56056611111111,35.69556611111111,432
138.56099111111112,35.695225,426
138.5610411111111,35.69511611111111,419
138.5610411111111,35.695025,419
138.56099111111112,35.69493305555556,421
138.5607411111111,35.69471611111111,421
138.5606161111111,35.69465,420
138.5604911111111,35.694633055555556,421
138.5601411111111,35.694675,425
138.5600661111111,35.69465,422
138.5600411111111,35.694583055555555,422
138.5600661111111,35.6945,420
138.56040388888889,35.69414111111111,404
138.5604538888889,35.69401611111111,400
138.56044111111112,35.693891111111114,402
138.5602288888889,35.6934,399
138.5601661111111,35.693283055555554,400
138.5600538888889,35.69319111111111,393
138.5597911111111,35.69305,393
138.55975388888888,35.692975,393
138.5598038888889,35.692883055555555,391
138.5599288888889,35.692875,390
138.5607161111111,35.69315,386
138.5609411111111,35.69325,382
138.56101611111112,35.69325805555555,380
138.56110388888888,35.693216944444444,381
138.5611411111111,35.69315,377
138.5611288888889,35.693066944444446,378
138.5610788888889,35.69300805555555,381
138.56075388888888,35.692858055555554,382
138.5606038888889,35.692775,381
138.56040388888889,35.69255,374
138.55985388888888,35.691941944444444,366
138.5598411111111,35.69184194444444,365
138.5599288888889,35.691783055555554,364
138.5600288888889,35.69179194444445,363
138.5602411111111,35.69190805555556,365
138.5606038888889,35.692033055555555,356
138.5608288888889,35.692125,356
138.5611288888889,35.692233055555555,352
138.5612661111111,35.69234194444444,349
138.56146611111112,35.69246694444445,349
138.56156611111112,35.69249194444444,349
138.5617411111111,35.69246694444445,348
138.5619911111111,35.6924,347
138.5620661111111,35.69234194444444,346
138.56210388888888,35.692275,345
138.56211611111112,35.69218305555555,344
138.5620411111111,35.691975,341
138.56201611111112,35.69191694444444,341
138.56200388888888,35.69185,340
138.56202888888888,35.691783055555554,340
138.5621538888889,35.69153388888889,338
138.5622038888889,35.69141694444444,337
138.5622788888889,35.691316944444445,336
138.56232888888889,35.69126694444444,336
138.5624161111111,35.69124194444444,337
138.5625288888889,35.69125,337
138.5627411111111,35.69125888888889,337
138.5628788888889,35.69123388888889,338
138.5630038888889,35.691175,337
138.56326611111112,35.69096694444445,336
138.56336611111112,35.69085,335
138.5634538888889,35.6907,335
138.5635411111111,35.69059194444444,334
138.56361611111112,35.690525,331
138.5639161111111,35.690291944444446,327
138.5640038888889,35.690175,326
138.56404111111112,35.69005888888889,324
138.56404111111112,35.68989194444445,323
138.5640911111111,35.68980888888889,322
138.5642038888889,35.689658888888886,321
138.56427888888888,35.68951694444444,320
138.5643161111111,35.68940111111111,320
138.56449111111112,35.68892611111111,318
138.5645411111111,35.688791944444446,317
138.56460388888888,35.688451111111114,315
138.56461611111112,35.688383888888886,315
138.56464111111111,35.68819194444445,314
138.56470388888889,35.687893055555556,313
138.5647538888889,35.687826111111114,312
138.56485388888888,35.687716944444446,312
138.5651038888889,35.68735111111111,311
138.5651161111111,35.68727611111111,310
138.5649911111111,35.687083888888885,309
138.56496611111112,35.68698388888889,309
138.56495388888888,35.68689194444445,309
138.5650288888889,35.68669194444445,309
138.5652661111111,35.686526111111114,309
138.56531611111112,35.68647611111111,309
138.5653288888889,35.686393055555556,309
138.56529111111112,35.68628388888889,308
138.5652411111111,35.686168055555555,308
138.5652411111111,35.686101111111114,307
138.5652661111111,35.686033888888886,307
138.5654661111111,35.685718055555554,306
138.5655661111111,35.68557611111111,305
138.56574111111112,35.68535111111111,303
138.56586611111112,35.68520111111111,305
138.56597888888888,35.685068055555554,306
138.56620388888888,35.68475888888889,306
138.5664911111111,35.684243055555555,306
138.5665911111111,35.68400111111111,306
138.56664111111112,35.683835,306
138.5666788888889,35.68372611111111,306
138.5669288888889,35.682985,306
138.56709111111113,35.682518055555555,306
138.5671288888889,35.68244305555555,306
138.56722888888888,35.682385,306
138.56822805555555,35.682026944444445,306
138.56849111111111,35.681935,306
138.56871611111112,35.681851944444446,307
138.56857805555555,35.68154305555556,306
138.56850305555557,35.681418055555554,305
138.56826611111111,35.68121,304
138.5680911111111,35.68106,303
138.5677661111111,35.680776944444446,302
138.5676161111111,35.68064388888889,301
138.56732888888888,35.68037694444445,300
138.56709111111113,35.68017694444445,299
138.5668411111111,35.67996,298
138.56655388888888,35.679701944444446,297
138.56585388888888,35.679085,294
138.5655661111111,35.67884388888889,293
138.5653538888889,35.67864388888889,292
138.56505388888888,35.678385,291
138.56527888888888,35.67821,291
138.5659411111111,35.677661111111114,291
138.56630388888888,35.677368888888886,292
138.5663911111111,35.67728611111111,292
138.56699111111112,35.67678611111111,292
138.56744111111112,35.67641888888889,292
138.5674788888889,35.676386111111114,292
138.5674788888889,35.67634388888889,292
138.56744111111112,35.67621888888889,291
138.5673038888889,35.675868888888886,290
138.56722888888888,35.675668888888886,289
138.5671538888889,35.67546111111111,289
138.5671411111111,35.67541888888889,289
138.5669538888889,35.67491888888889,287
138.5668411111111,35.67462694444445,286
138.56676611111112,35.67440194444445,285
138.5666788888889,35.674168888888886,284
138.5664661111111,35.67359388888889,283
138.5669538888889,35.673428055555554,284
138.5673911111111,35.67329388888889,284
138.5683788888889,35.67298611111111,284
138.56892805555555,35.672828055555556,284
138.5697411111111,35.67258611111111,284
138.57082805555555,35.67226111111111,284
138.5707911111111,35.67216111111111,284
138.57055305555556,35.67166111111111,284
138.5704411111111,35.67142,284
138.5703161111111,35.671128055555556,284
138.57012805555556,35.670703055555556,283
138.5700911111111,35.67057,283
138.57000305555556,35.67027,282
138.56985305555557,35.66987805555556,282
138.56971611111112,35.669553055555554,281
138.56949111111112,35.668995,280
138.5692411111111,35.66836194444444,279
138.56896,35.66766388888889,277
</coordinates>
</LineString>
</Placemark>
</Document>
</kml>
