<?xml version="1.0" encoding="UTF-8"?>
<kml xmlns="http://www.opengis.net/kml/2.2" xmlns:atom="http://www.w3.org/2005/Atom">
<Document>
<name>第56代プレ合宿1日目</name>
<atom:author>
<atom:name>ザッカーバーグ</atom:name>
</atom:author> 
<atom:link href="https://latlonglab.yahoo.co.jp/route/watch?id=be11758efd7738d08dd260b1619bfc8b" />
<description><![CDATA[]]></description>
<tags><![CDATA[wcc56th]]></tags>  
<Placemark>
<Style>
<LineStyle>
<color>99ff0000</color>
<width>6</width>
</LineStyle>
</Style>
<LineString>
<coordinates>
138.1531961111111,35.99442,790
138.1539788888889,35.994481111111114,792
138.15462888888888,35.99454,793
138.1553788888889,35.99459805555556,794
138.15606694444443,35.99465611111111,796
138.15624194444445,35.99468111111111,796
138.15654194444446,35.994748055555554,796
138.15689194444445,35.99482305555556,797
138.15766694444446,35.994998055555556,797
138.15815388888888,35.99510611111111,797
138.15860388888888,35.99520611111111,797
138.15940388888887,35.99538111111111,799
138.1604911111111,35.99563111111111,801
138.16207888888889,35.99613111111111,804
138.1623538888889,35.99623111111111,804
138.16244805555556,35.996276944444446,804
138.16244805555556,35.996276944444446,804
138.1623538888889,35.99623111111111,804
138.1621538888889,35.99633111111111,804
138.1613538888889,35.99648111111111,804
138.1614311111111,35.996563055555555,804
138.1614311111111,35.996563055555555,804
138.1619038888889,35.99706388888889,805
138.1623911111111,35.99760611111111,806
138.16249027777778,35.99771,806
138.16249027777778,35.99771,806
138.1624788888889,35.99769805555555,807
138.16256611111112,35.99778888888889,807
138.1627411111111,35.99791388888889,807
138.1629911111111,35.99808111111111,807
138.16335388888888,35.99824805555556,807
138.1633911111111,35.99833111111111,807
138.16359111111112,35.998398055555555,807
138.16385305555556,35.99849805555556,808
138.16427805555554,35.998688888888886,808
138.16477805555556,35.99892305555556,809
138.16642805555554,35.99968888888889,814
138.1667911111111,35.999856111111114,816
138.16765305555555,36.00026388888889,818
138.16790194444445,36.00037694444445,818
138.16790194444445,36.00037694444445,818
138.16820305555555,36.00051388888889,819
138.16854,36.00068111111111,819
138.17095305555554,36.001798055555554,826
138.17102805555555,36.00183888888889,825
138.17394,36.00316388888889,826
138.17412694444445,36.00323888888889,827
138.17432694444443,36.00335611111111,827
138.17445194444446,36.00345611111111,828
138.174565,36.00358111111111,828
138.17469,36.00371388888889,828
138.17494,36.003931111111115,827
138.175065,36.00401388888889,826
138.17513888888888,36.004063888888886,825
138.1756388888889,36.00428888888889,830
138.17591388888889,36.00441388888889,831
138.1762138888889,36.00453888888889,833
138.17638888888888,36.004646944444445,834
138.17652694444445,36.00476388888889,834
138.17662694444445,36.004871944444446,835
138.17671388888888,36.00499694444444,834
138.17690194444444,36.00530611111111,833
138.17692694444443,36.00535611111111,832
138.1772388888889,36.00587194444444,832
138.1775888888889,36.00646388888889,838
138.1780638888889,36.00733,845
138.17830194444446,36.007621944444445,846
138.17898888888888,36.00823,849
138.1800888888889,36.00946305555556,860
138.1807261111111,36.01013805555556,864
138.1815388888889,36.011005,867
138.18192611111112,36.01138,867
138.1822261111111,36.01163805555556,866
138.1824511111111,36.01182111111111,868
138.18411305555554,36.013005,877
138.18445111111112,36.01321305555555,876
138.1848011111111,36.013405,877
138.18521305555555,36.01358805555556,879
138.18580111111112,36.01382111111111,879
138.1861011111111,36.014005,881
138.1867261111111,36.014505,880
138.18698805555556,36.01461305555556,880
138.1877,36.014938055555554,885
138.18795,36.01504611111111,886
138.18821305555556,36.01519611111111,886
138.188425,36.01535388888889,888
138.18851305555555,36.01542111111111,887
138.18866305555557,36.01553805555555,888
138.189125,36.016128888888886,889
138.18931305555554,36.01638805555555,889
138.189425,36.01650388888889,889
138.1896,36.016663055555554,890
138.18985,36.01685388888889,894
138.18998805555555,36.01694611111111,895
138.19031305555555,36.01710388888889,898
138.19068694444445,36.01725388888889,899
138.1913,36.017471111111114,898
138.19171194444445,36.01759611111111,899
138.192125,36.017696111111114,899
138.19363694444445,36.01797888888889,900
138.19436194444444,36.01814611111111,905
138.19669888888887,36.01871305555556,917
138.19701194444445,36.01879611111111,918
138.19724888888888,36.01885388888889,918
138.1978988888889,36.018996111111115,925
138.19806194444445,36.01904611111111,927
138.19884888888888,36.01931305555556,927
138.19916194444446,36.019438055555554,928
138.1993488888889,36.01952111111111,928
138.1999238888889,36.01980388888889,929
138.20077388888888,36.02026194444444,929
138.20109888888888,36.020403888888886,934
138.2016238888889,36.02058805555556,937
138.20191111111112,36.02066305555555,938
138.20223611111112,36.02072888888889,940
138.20254888888888,36.020761944444445,942
138.2028861111111,36.020786944444446,942
138.2037738888889,36.020811944444446,946
138.20427388888888,36.02084611111111,948
138.2049861111111,36.02097111111111,948
138.20518611111112,36.021028888888885,950
138.2054611111111,36.02110388888889,951
138.2060611111111,36.021321111111114,951
138.20669805555556,36.02156305555555,954
138.20894805555557,36.02240388888889,965
138.2097361111111,36.02269611111111,969
138.21089805555556,36.02312111111111,971
138.211235,36.02322888888889,970
138.21176,36.023403888888886,971
138.21207305555555,36.02348805555555,972
138.21259805555556,36.02359611111111,973
138.21286,36.02363694444445,974
138.213135,36.02366305555555,973
138.21356,36.02370388888889,972
138.213785,36.02372111111111,971
138.21406,36.023786944444446,970
138.21427194444445,36.02387111111111,970
138.214485,36.02400388888889,971
138.21464694444444,36.02413694444444,972
138.215185,36.02460388888889,977
138.21534805555555,36.02472111111111,978
138.21569694444443,36.02489611111111,981
138.216685,36.02535388888889,979
138.21707194444446,36.025528888888886,979
138.21756,36.025686944444445,979
138.217835,36.02574611111111,980
138.218185,36.02578694444444,982
138.21887194444443,36.02576194444445,986
138.22115888888888,36.02557888888889,993
138.2245838888889,36.02532111111111,1004
138.22784611111112,36.025063055555556,1018
138.2290461111111,36.02496305555555,1019
138.22975888888888,36.024903888888886,1018
138.2302711111111,36.024878888888885,1021
138.2305838888889,36.024878888888885,1021
138.23088388888888,36.02489611111111,1020
138.2314338888889,36.02499611111111,1021
138.23180888888888,36.02509611111111,1021
138.23223388888889,36.02524611111111,1021
138.23245888888889,36.02536305555556,1023
138.2329088888889,36.025621111111114,1023
138.2330088888889,36.025688055555555,1023
138.2340461111111,36.02632888888889,1022
138.23493305555556,36.02687111111111,1023
138.23683305555556,36.02805388888889,1022
138.23873305555554,36.029246111111114,1021
138.23935805555556,36.02962888888889,1021
138.23960805555555,36.029786944444446,1020
138.239795,36.02985388888889,1021
138.24002,36.02987111111111,1022
138.24025805555556,36.02984611111111,1023
138.24070805555556,36.02974611111111,1024
138.24102,36.02964611111111,1025
138.24137,36.029561944444445,1023
138.24155805555554,36.02954611111111,1024
138.24330694444444,36.02952111111111,1040
138.24398305555556,36.02950388888889,1041
138.24443194444444,36.02947888888889,1042
138.24488305555556,36.029471111111114,1046
138.24502,36.029488055555554,1049
138.24542,36.02964611111111,1053
138.24597,36.029696111111114,1057
138.24613305555556,36.029713055555554,1058
138.24625805555556,36.02974611111111,1058
138.24660805555555,36.02985388888889,1058
138.24673305555555,36.02992111111111,1057
138.246895,36.03007888888889,1058
138.24708194444443,36.03035388888889,1055
138.24710694444445,36.030453888888886,1055
138.24710694444445,36.03055388888889,1055
138.24705694444444,36.03080388888889,1054
138.24705694444444,36.03102888888889,1053
138.24705694444444,36.03113694444444,1051
138.24700694444445,36.03196194444445,1049
138.24703194444444,36.03207111111111,1054
138.24708194444443,36.03215388888889,1065
138.247195,36.032246111111114,1072
138.24733194444445,36.032286944444444,1074
138.24747,36.03230388888889,1076
138.248095,36.032178888888886,1071
138.24827,36.03217111111111,1072
138.24848194444445,36.03218694444445,1073
138.24873194444444,36.03223805555555,1076
138.24918194444444,36.03236305555556,1076
138.25029388888888,36.03266305555555,1073
138.25053194444445,36.03272111111111,1073
138.25063194444445,36.032738055555555,1072
138.2506938888889,36.03274611111111,1072
138.25096888888888,36.032761944444445,1074
138.25129388888888,36.032761944444445,1078
138.2518188888889,36.032761944444445,1082
138.25218194444443,36.03279611111111,1085
138.25235694444444,36.03288694444444,1089
138.2527188888889,36.03319611111111,1093
138.25288194444445,36.033321111111114,1094
138.2530688888889,36.03347111111111,1096
138.25318194444444,36.03352888888889,1096
138.25354388888888,36.03365388888889,1100
138.25383194444444,36.03375388888889,1102
138.2541938888889,36.03388694444445,1104
138.25546888888888,36.03425388888889,1114
138.2558938888889,36.03434611111111,1116
138.25716888888888,36.034686944444445,1123
138.2576061111111,36.03477111111111,1126
138.2590811111111,36.03506194444444,1137
138.25993111111111,36.03525388888889,1142
138.26025611111112,36.03530388888889,1144
138.2604938888889,36.03534611111111,1147
138.2613438888889,36.03542111111111,1157
138.2614561111111,36.03542111111111,1158
138.2622061111111,36.03543694444444,1162
138.26249388888888,36.03544611111111,1164
138.26314305555556,36.03546194444444,1170
138.26371805555556,36.035471111111114,1174
138.2638311111111,36.03546194444444,1175
138.2639061111111,36.03542888888889,1176
138.2641811111111,36.035113055555556,1178
138.26434305555554,36.03487888888889,1182
138.2645811111111,36.034686944444445,1183
138.26488111111112,36.03447111111111,1182
138.26523111111112,36.03427888888889,1184
138.26546805555554,36.03422888888889,1187
138.26571805555557,36.034196111111115,1186
138.26599305555555,36.034196111111115,1187
138.26623111111113,36.034213055555554,1186
138.26636805555555,36.03422111111111,1187
138.26649305555554,36.03427888888889,1189
138.26659305555555,36.03437888888889,1192
138.2666311111111,36.03449611111111,1194
138.26659305555555,36.03456194444444,1197
138.26634305555555,36.03478805555556,1197
138.2663061111111,36.03487111111111,1196
138.2663061111111,36.03496194444445,1196
138.26638111111112,36.03517111111111,1198
138.26649305555554,36.03543805555555,1201
138.26659305555555,36.03561305555556,1203
138.26676805555556,36.03587111111111,1202
138.26704305555555,36.03623694444445,1205
138.26719305555557,36.03640388888889,1206
138.2673561111111,36.03655388888889,1206
138.26750611111112,36.03662888888889,1205
138.26773111111112,36.03672111111111,1208
138.26799305555556,36.03682888888889,1211
138.26844305555557,36.03702888888889,1216
138.26854305555557,36.03713694444444,1216
138.2685811111111,36.03722111111111,1218
138.26859305555556,36.03732111111111,1218
138.26859305555556,36.037711944444446,1223
138.26856805555556,36.037861944444444,1227
138.26849305555555,36.03802888888889,1225
138.26846805555556,36.038136944444446,1225
138.26848,36.03852888888889,1225
138.268505,36.038645,1224
138.268555,36.03872,1222
138.268655,36.038795,1222
138.26878,36.038845,1224
138.268905,36.03887,1225
138.27001805555557,36.03892,1234
138.27026805555556,36.03897,1235
138.27049305555556,36.03903694444445,1235
138.270655,36.03912888888889,1234
138.270755,36.039211944444446,1236
138.270805,36.03927,1241
138.27081805555557,36.03937,1244
138.270755,36.039545,1244
138.27059305555557,36.03971194444444,1246
138.27056805555554,36.039786944444444,1247
138.27066805555555,36.04038694444444,1249
138.27073,36.04075388888889,1257
138.27076694444443,36.04110388888889,1254
138.27074194444444,36.04118694444445,1257
138.27051694444444,36.04138694444445,1263
138.27018,36.041795,1267
138.27003,36.041845,1266
138.26983,36.04187805555556,1264
138.269555,36.04190305555556,1267
138.269405,36.041895,1267
138.26903,36.04181194444445,1266
138.26886805555554,36.041795,1267
138.268705,36.04181194444445,1267
138.268505,36.04188694444444,1266
138.26834305555556,36.041995,1267
138.26818,36.04212805555556,1266
138.268055,36.042278055555556,1266
138.26801805555556,36.04237805555555,1267
138.268005,36.04246194444445,1269
138.268055,36.04257805555556,1273
138.268105,36.04266194444445,1273
138.268205,36.04280305555555,1281
138.26846694444444,36.043045,1284
138.26903,36.043503055555554,1285
138.26921694444445,36.04363611111111,1286
138.26928,36.04372,1286
138.269305,36.04378611111111,1287
138.26929305555555,36.043845,1287
138.269255,36.043895,1290
138.26918,36.043928055555554,1288
138.268755,36.04403611111111,1292
138.268555,36.044128055555554,1294
138.26844194444445,36.044203055555556,1293
138.26839194444443,36.04427,1295
138.26836694444444,36.044345,1296
138.26841694444445,36.04450305555556,1297
138.26849194444443,36.04458611111111,1300
138.26871805555555,36.044761111111114,1302
138.26878,36.044845,1303
138.26883,36.04490305555556,1304
138.26904305555556,36.04528611111111,1305
138.26924194444445,36.04552805555556,1308
138.26938,36.04572805555556,1308
138.26963,36.046168888888886,1312
138.26973,36.04624388888889,1313
138.26986694444443,36.046303055555555,1314
138.26998,36.04631888888889,1315
138.27021694444446,36.046236111111114,1317
138.27069194444445,36.04602805555555,1324
138.27093,36.04591111111111,1326
138.27113,36.04578611111111,1327
138.27141694444444,36.04553611111111,1323
138.27148,36.045495,1325
138.271555,36.045478055555556,1325
138.27164194444444,36.04552,1327
138.27168,36.04556111111111,1328
138.271705,36.04563611111111,1328
138.27169194444446,36.04572,1328
138.27164194444444,36.04577805555556,1328
138.271555,36.045845,1329
138.27139194444445,36.045945,1331
138.27134194444446,36.045995,1331
138.27133,36.046078055555554,1331
138.27136694444445,36.04613611111111,1332
138.27143,36.04617805555556,1332
138.27151694444444,36.04619388888889,1333
138.27163,36.04617805555556,1334
138.27166694444443,36.04616111111111,1335
138.27209194444444,36.04600305555556,1337
138.272205,36.045945,1338
138.272305,36.04587,1338
138.27239194444445,36.04577,1338
138.27249194444445,36.04556111111111,1341
138.27254194444444,36.045495,1342
138.272655,36.045445,1343
138.272905,36.04540305555555,1343
138.273055,36.04540305555555,1343
138.27314194444443,36.045428055555554,1344
138.27333,36.04557805555555,1347
138.27341694444445,36.04562,1347
138.27359194444443,36.04567,1349
138.2736788888889,36.045703055555556,1349
138.27375388888888,36.045745,1349
138.27389194444444,36.045878055555555,1354
138.27395388888888,36.045903055555556,1354
138.2740288888889,36.04591111111111,1356
138.27456694444444,36.04580305555555,1363
138.27462888888888,36.04582,1363
138.2746788888889,36.04586111111111,1365
138.27469194444444,36.04592805555556,1365
138.27464194444445,36.04612,1364
138.27456694444444,36.04631111111111,1365
138.27451694444446,36.04641111111111,1365
138.27444194444445,36.04649388888889,1365
138.2742788888889,36.04663611111111,1365
138.27419194444445,36.046703055555554,1366
138.2740538888889,36.04689388888889,1367
138.27407888888888,36.047043888888886,1368
138.2741288888889,36.04706888888889,1371
138.27429194444446,36.04707805555555,1374
138.2743788888889,36.04703611111111,1376
138.27510388888888,36.046528055555555,1375
138.2751788888889,36.04645305555555,1377
138.27524194444445,36.04637805555556,1378
138.27541694444446,36.04598611111111,1381
138.27546694444445,36.045878055555555,1386
138.2755038888889,36.04577,1386
138.27552888888889,36.04531111111111,1386
138.27546694444445,36.044945,1386
138.2754788888889,36.044761111111114,1385
138.2755038888889,36.044545,1385
138.27552888888889,36.044445,1385
138.27556694444445,36.04436111111111,1386
138.27567888888888,36.04422805555556,1386
138.27649194444444,36.04365305555555,1395
138.2766538888889,36.043495,1394
138.27674194444444,36.04338694444444,1394
138.27679194444445,36.043278055555554,1397
138.27680388888888,36.043078055555554,1397
138.27677888888888,36.04287,1397
138.27679194444445,36.04277,1397
138.27706694444444,36.042145,1404
138.27713,36.041945,1405
138.27714194444445,36.04172888888889,1405
138.277155,36.04166194444444,1405
138.277205,36.041603888888886,1405
138.27749194444445,36.041378888888886,1408
138.277655,36.04117,1411
138.27834194444443,36.040503888888885,1418
138.27969194444444,36.03962111111111,1435
138.27985388888888,36.03948694444444,1436
138.27996694444445,36.039361944444444,1436
138.2801288888889,36.03922111111111,1437
138.28024194444444,36.03917888888889,1439
138.28044194444445,36.03915388888889,1442
138.2812538888889,36.03908694444444,1447
138.28139194444444,36.03905388888889,1448
138.2815038888889,36.03900388888889,1449
138.2815788888889,36.03892111111111,1453
138.28161694444444,36.03883694444445,1455
138.2816038888889,36.03872888888889,1456
138.28142888888888,36.03842888888889,1452
138.2814038888889,36.038336944444445,1452
138.28141694444443,36.038246111111114,1453
138.28146694444445,36.03817111111111,1455
138.2815788888889,36.03812111111111,1457
138.28169194444445,36.03812111111111,1460
138.28177888888888,36.03817111111111,1462
138.28186694444443,36.03829611111111,1462
138.28212888888888,36.03881194444445,1471
138.2821788888889,36.03901194444445,1475
138.2821788888889,36.03911194444444,1474
138.28214194444445,36.039211944444446,1474
138.28206694444444,36.03933694444444,1475
138.2814788888889,36.039786944444444,1476
138.2814038888889,36.039878888888886,1475
138.2813538888889,36.04012,1483
138.28134194444445,36.04036194444444,1483
138.28131694444446,36.040461944444445,1482
138.28116694444444,36.040711944444446,1483
138.2811288888889,36.04093694444445,1485
138.2811538888889,36.04105388888889,1485
138.28122888888888,36.041195,1487
138.28142888888888,36.041445,1491
138.28161694444444,36.04157,1493
138.28255388888888,36.04208694444444,1496
138.2827538888889,36.04217,1500
138.28290388888888,36.042211944444446,1502
138.28301694444446,36.04222,1502
138.28312888888888,36.04217888888889,1502
138.28322888888889,36.04208694444444,1502
138.28331694444444,36.041945,1503
138.2839038888889,36.04057888888889,1518
138.28405388888888,36.04032111111111,1516
138.2842038888889,36.04022111111111,1515
138.2844288888889,36.04013694444444,1517
138.28471694444445,36.04007111111111,1520
138.28496694444445,36.04004611111111,1521
138.2852038888889,36.04005388888889,1521
138.28540388888888,36.04009611111111,1521
138.28549194444443,36.040171111111114,1522
138.28559194444443,36.04032111111111,1523
138.2858038888889,36.04085388888889,1526
138.2858911111111,36.04097888888889,1527
138.28597888888888,36.041061944444444,1526
138.2861161111111,36.041111944444445,1526
138.2862538888889,36.04112,1526
138.2863911111111,36.04110388888889,1527
138.2865161111111,36.04105388888889,1528
138.2866038888889,36.04096194444445,1529
138.2869038888889,36.04056194444444,1535
138.2870288888889,36.04045388888889,1536
138.28744111111112,36.040171111111114,1536
138.2875911111111,36.04012111111111,1539
138.2877038888889,36.04011194444445,1540
138.28779111111112,36.04014611111111,1542
138.2878411111111,36.04020388888889,1542
138.28789111111112,36.04034611111111,1543
138.2879788888889,36.04093694444445,1546
138.28801611111112,36.04102888888889,1547
138.28812888888888,36.04112,1548
138.2883161111111,36.041245,1549
138.2885161111111,36.041336944444446,1551
138.2886288888889,36.041361944444446,1551
138.2889911111111,36.04132888888889,1554
138.28936611111112,36.04130388888889,1556
138.28960388888888,36.041311944444445,1557
138.2906911111111,36.04141194444444,1566
138.2912411111111,36.04150388888889,1571
138.2924911111111,36.04182,1579
138.29282805555556,36.04188694444444,1581
138.29356611111112,36.041961944444445,1587
138.29412805555555,36.04201194444445,1592
138.29422805555555,36.04206194444444,1590
138.29430305555556,36.042145,1593
138.29430305555556,36.04222,1593
138.29427805555557,36.042245,1595
138.29352805555556,36.04235388888889,1596
138.29332805555555,36.04243694444445,1594
138.2932911111111,36.042495,1596
138.29331611111112,36.042561944444444,1598
138.29337805555556,36.042611944444445,1599
138.29365305555555,36.04272888888889,1602
138.2938161111111,36.04275388888889,1603
138.29492805555554,36.04290388888889,1612
138.29516611111112,36.04292,1614
138.29536611111112,36.04300388888889,1616
138.29564,36.04317805555556,1619
138.29710305555557,36.04401194444444,1628
138.298065,36.044595,1632
138.298515,36.044845,1633
138.298615,36.04492805555556,1634
138.298715,36.045053055555556,1634
138.29874,36.045145,1635
138.29874,36.045211944444446,1635
138.29869,36.045295,1636
138.29850305555556,36.045453055555555,1638
138.29839,36.045586944444445,1639
138.298365,36.04567,1640
138.29839,36.04576111111111,1640
138.29845305555557,36.045811111111114,1642
138.29860305555556,36.04586111111111,1642
138.30027694444445,36.046278055555554,1653
138.30050194444445,36.046345,1655
138.30059,36.046395,1655
138.30060194444445,36.046445,1657
138.30057694444446,36.046495,1657
138.30047694444445,36.04651111111111,1657
138.30040194444445,36.04651111111111,1657
138.30019,36.04647,1656
138.299965,36.04648611111111,1655
138.29987694444443,36.046553055555556,1655
138.29980194444445,36.046686111111114,1660
138.29979,36.04683611111111,1661
138.29982694444445,36.04692,1662
138.29984,36.04702,1661
138.29982694444445,36.04725305555556,1661
138.29980194444445,36.04736111111111,1662
138.29972694444444,36.047536111111114,1661
138.29977694444443,36.04761111111111,1662
138.299865,36.04766111111111,1664
138.29994,36.04767805555556,1666
138.30067694444443,36.04710305555555,1669
138.300815,36.04707,1670
138.30089,36.04708611111111,1672
138.30100194444444,36.047153055555555,1672
138.30105194444445,36.04723611111111,1672
138.30114,36.04728611111111,1674
138.30129,36.04728611111111,1675
138.30145194444444,36.047195,1677
138.30172694444445,36.04686111111111,1675
138.30187694444444,36.046495,1675
138.30192694444443,36.04633611111111,1678
138.30209,36.04613611111111,1682
138.3022638888889,36.04597805555556,1682
138.30238888888888,36.045903055555556,1683
138.30283888888889,36.04592,1685
138.3031138888889,36.045811944444445,1684
138.3033638888889,36.04576194444444,1684
138.30370194444444,36.045595,1690
138.30388888888888,36.04553694444444,1690
138.3040388888889,36.04555305555556,1690
138.30420194444446,36.045636944444446,1691
138.30445194444445,36.04582805555555,1692
138.30488888888888,36.04627,1696
138.30533888888888,36.04671111111111,1700
138.3054388888889,36.04681111111111,1701
138.30545194444446,36.046895,1702
138.3054138888889,36.04697,1703
138.3050638888889,36.04718611111111,1706
138.30501388888888,36.04726111111111,1707
138.3050638888889,36.047336111111115,1709
138.3052888888889,36.04741111111111,1710
138.3054888888889,36.04747,1713
138.3057638888889,36.04756111111111,1711
138.30600194444443,36.047603055555555,1714
138.30617694444445,36.04756111111111,1714
138.30627694444445,36.04751111111111,1714
138.30667694444443,36.047145,1717
138.30672694444445,36.04702,1716
138.30675194444444,36.04678611111111,1716
138.30681388888888,36.046695,1719
138.30703888888888,36.046445,1723
138.3073138888889,36.045995,1721
138.30740194444445,36.04591194444444,1722
138.30750194444445,36.04586194444445,1721
138.30771388888888,36.04582805555555,1723
138.3082138888889,36.04587,1726
138.3083511111111,36.04592,1730
138.30841388888888,36.045995,1730
138.3086888888889,36.046528055555555,1735
138.30907611111112,36.046895,1738
138.3092511111111,36.046995,1737
138.30931388888888,36.04707,1738
138.30930111111113,36.047195,1739
138.3091138888889,36.04736111111111,1743
138.3082638888889,36.047603055555555,1742
138.3080511111111,36.047695,1743
138.3078888888889,36.047845,1745
138.3075638888889,36.04815305555555,1753
138.3074511111111,36.04827,1752
138.3073638888889,36.04846111111111,1753
138.3073388888889,36.048645,1753
138.3074761111111,36.04919388888889,1754
138.3076888888889,36.04983611111111,1758
138.3078011111111,36.05004388888889,1761
138.3079888888889,36.05014388888889,1762
138.3083511111111,36.05013611111111,1765
138.3084638888889,36.05008611111111,1765
138.30865111111112,36.04996111111111,1766
138.3090388888889,36.04954388888889,1766
138.3094011111111,36.04917805555556,1768
138.3095888888889,36.049053055555554,1771
138.30987611111112,36.04895305555556,1772
138.3101761111111,36.04896111111111,1773
138.31035111111112,36.04901111111111,1774
138.3105138888889,36.04906888888889,1774
138.3106138888889,36.049128055555556,1777
138.3107388888889,36.04925305555555,1780
138.31080111111112,36.049328055555556,1781
138.3108511111111,36.04956111111111,1783
138.3108638888889,36.04974388888889,1784
138.3108261111111,36.04991888888889,1784
138.3107138888889,36.05011888888889,1783
138.3104138888889,36.05031888888889,1782
138.3101888888889,36.05050305555555,1784
138.30988888888888,36.05079388888889,1786
138.3097261111111,36.050978055555554,1786
138.30966388888888,36.05111888888889,1786
138.30967611111112,36.051228055555555,1786
138.30976388888888,36.051386111111114,1786
138.31001388888888,36.05154388888889,1788
138.31055111111112,36.051878055555555,1792
138.3108138888889,36.052128055555556,1796
138.31092611111112,36.05231888888889,1796
138.3109761111111,36.05251111111111,1796
138.31098805555555,36.05271111111111,1795
138.31103805555554,36.05341888888889,1798
138.31112611111112,36.053578055555555,1800
138.31125111111112,36.05366111111111,1801
138.31148805555554,36.053736111111114,1803
138.31160111111112,36.05374388888889,1804
138.31166305555556,36.053736111111114,1804
138.31181305555555,36.05369388888889,1806
138.31191305555555,36.05359388888889,1807
138.31198805555556,36.05346111111111,1807
138.31203805555555,36.05316888888889,1808
138.31205111111112,36.05254388888889,1815
138.31208805555556,36.05197694444445,1816
138.31213805555555,36.051743888888886,1817
138.31226305555555,36.05154388888889,1817
138.31241305555557,36.05141888888889,1817
138.31271305555555,36.05130305555556,1823
138.31311305555556,36.05108611111111,1826
138.3132511111111,36.05098611111111,1827
138.31330111111112,36.05088611111111,1826
138.31333805555556,36.05065305555556,1828
138.3134761111111,36.05032805555555,1833
138.3135761111111,36.05021111111111,1833
138.31372611111112,36.05014388888889,1834
138.3138761111111,36.05011888888889,1836
138.31401305555556,36.050153055555555,1838
138.31411305555557,36.05021111111111,1838
138.31418805555555,36.05033611111111,1842
138.31426305555556,36.05061888888889,1844
138.31441305555555,36.05141111111111,1845
138.31448805555556,36.051653055555555,1849
138.3146011111111,36.05189388888889,1852
138.3146761111111,36.05197694444445,1853
138.3148261111111,36.05206111111111,1853
138.3153761111111,36.05225305555555,1859
138.3169761111111,36.05283611111111,1868
138.3182,36.05322694444445,1876
138.31841305555557,36.05327694444444,1877
138.31853805555556,36.05327694444444,1878
138.31865,36.05319388888889,1877
138.31876305555556,36.05298611111111,1879
138.31883805555555,36.05266888888889,1883
138.31903805555555,36.05211888888889,1887
138.3191,36.05201111111111,1889
138.3192,36.05188611111111,1891
138.31935,36.051811111111114,1893
138.31953805555557,36.05180305555555,1894
138.31963805555554,36.05182805555555,1894
138.31968805555556,36.05186111111111,1895
138.31986305555554,36.05199388888889,1897
138.319925,36.052128055555556,1898
138.31993805555555,36.05314388888889,1904
138.319925,36.05327694444444,1905
138.3199,36.05346111111111,1907
138.3195,36.05417694444444,1912
138.31913805555556,36.05486111111111,1916
138.3189,36.05533611111111,1920
138.31885,36.05556111111111,1924
138.318825,36.05561888888889,1924
138.31873805555554,36.05567694444444,1926
138.31838805555554,36.055818888888886,1926
138.31771305555554,36.056018888888886,1927
138.31723805555555,36.05636888888889,1928
138.31681305555554,36.05670194444444,1932
138.316675,36.056851944444446,1933
138.31665,36.056935,1932
138.31665,36.057026944444445,1931
138.31666305555555,36.05712694444444,1930
138.3167,36.05719388888889,1931
138.31685,36.05731888888889,1931
138.31703805555554,36.05739388888889,1931
138.31715,36.05739388888889,1932
138.3173,36.057335,1933
138.3176,36.05714388888889,1936
138.31759833333334,36.05714527777778,1936
138.31759833333334,36.05714527777778,1936
138.31775,36.05701,1938
138.31828805555554,36.05655194444444,1944
138.3184,36.05647694444445,1946
138.318475,36.05646111111111,1947
138.31858805555555,36.05649388888889,1947
138.31913805555556,36.05670194444444,1948
138.3198,36.05694388888889,1957
138.31991305555556,36.056985,1957
138.320025,36.05699388888889,1957
138.32013805555556,36.05697694444444,1957
138.32028805555555,36.05692694444444,1957
138.320375,36.056851944444446,1958
138.32043694444445,36.05674388888889,1957
138.32041305555555,36.05626888888889,1964
138.32045,36.05610194444444,1964
138.32048694444444,36.05603611111111,1964
138.32058694444444,36.05598611111111,1963
138.320775,36.05590194444444,1964
138.320925,36.05589388888889,1965
138.32108805555555,36.055926944444444,1965
138.32125,36.056001944444446,1965
138.322125,36.05679388888889,1973
138.3223,36.05696888888889,1975
138.32278805555555,36.05744388888889,1981
138.322925,36.05756888888889,1983
138.323075,36.05766,1984
138.32313805555555,36.057676944444445,1985
138.32325,36.05771,1986
138.32336305555555,36.05771,1987
138.323625,36.05761,1987
138.32396194444445,36.05739388888889,1986
138.32435,36.05726,1989
138.3245,36.05724388888889,1990
138.32468694444444,36.05715194444444,1994
138.32516194444443,36.05655194444444,1996
138.32528694444446,36.05648611111111,1997
138.32541194444445,36.05649388888889,1999
138.32548694444444,36.05659388888889,2001
138.32546194444444,36.05691111111111,2004
138.32538694444443,36.05710194444445,2004
138.325375,36.057451944444445,2006
138.32533694444444,36.05760194444444,2006
138.32521194444445,36.05784388888889,2005
138.32496194444445,36.058143888888885,2012
138.32476194444445,36.05829388888889,2009
138.32471194444443,36.05839388888889,2010
138.32473694444445,36.058485,2010
138.32483694444446,36.058535,2012
138.32496194444445,36.058535,2013
138.325125,36.05844388888889,2016
138.32595,36.05784388888889,2022
138.32651194444443,36.057435,2023
138.32723694444445,36.05695194444444,2028
138.327425,36.056868888888886,2030
138.32761194444444,36.056826944444445,2032
138.32776194444443,36.05684388888889,2032
138.32785,36.05693611111111,2033
138.32788694444446,36.057051944444446,2034
138.32788694444446,36.057185,2034
138.32768694444445,36.05760194444444,2036
138.32745,36.05802694444444,2035
138.32731194444443,36.05847694444444,2041
138.32728694444444,36.05864388888889,2042
138.32731194444443,36.05871888888889,2044
138.32763694444444,36.058926944444444,2048
138.327725,36.05891888888889,2047
138.328075,36.058735,2048
138.32828694444444,36.05856,2051
138.328475,36.05836,2054
138.32866194444443,36.05816,2053
138.32903694444445,36.05772694444445,2056
138.3294,36.05741888888889,2055
138.329775,36.057201944444444,2057
138.33005,36.05707694444445,2057
138.33058694444443,36.056868888888886,2064
138.33078694444444,36.056776944444444,2063
138.33088694444444,36.05670194444444,2063
138.33098694444445,36.05647694444445,2061
138.33106194444446,36.05612694444444,2062
138.331175,36.05589388888889,2062
138.33128694444446,36.055793888888886,2062
138.3316,36.05566888888889,2063
138.33199888888888,36.055526944444445,2062
138.3327238888889,36.055276944444444,2064
138.33293694444444,36.05522694444444,2064
138.33351194444444,36.05521111111111,2064
138.33383694444444,36.05518611111111,2064
138.33408694444444,36.05513611111111,2064
138.33428694444444,36.055076944444444,2064
138.33457388888888,36.05491111111111,2068
138.33469888888888,36.054878055555555,2069
138.3348738888889,36.054878055555555,2070
138.3349738888889,36.054901944444445,2072
138.33503694444445,36.05493611111111,2073
138.33508694444444,36.05497694444445,2073
138.33518694444444,36.05508611111111,2075
138.33539888888888,36.055661111111114,2081
138.33551194444445,36.05582694444445,2082
138.33569888888888,36.05601111111111,2084
138.33596194444445,36.056201944444446,2087
138.3362238888889,36.05634388888889,2090
138.33676194444445,36.056601944444445,2094
138.3370988888889,36.05670194444444,2096
138.33741194444445,36.05676888888889,2097
138.33766194444445,36.05679388888889,2098
138.33828694444443,36.05672694444444,2101
138.33876194444446,36.056668888888886,2104
138.33899888888888,36.05667694444445,2105
138.3392988888889,36.05671111111111,2106
138.3402238888889,36.05707694444445,2108
138.3420361111111,36.05780194444444,2111
138.3434861111111,36.058326944444445,2114
138.34386111111112,36.05841888888889,2114
138.3453988888889,36.058726944444444,2118
138.34589888888888,36.05881888888889,2118
138.34618194444445,36.05886611111111,2118
138.34618194444445,36.05886611111111,2118
138.3463988888889,36.05890194444444,2118
138.3479988888889,36.059035,2119
138.3492488888889,36.05910194444444,2122
138.35014805555556,36.05909388888889,2122
138.3504111111111,36.05905194444444,2122
138.35107305555556,36.05884388888889,2123
138.3521111111111,36.058526944444445,2124
138.35341111111111,36.058011111111114,2121
138.3539861111111,36.057811111111114,2116
138.3542361111111,36.057651944444444,2114
138.3543361111111,36.05751111111111,2114
138.3543861111111,36.05737694444444,2114
138.3543611111111,36.05712694444444,2114
138.35428611111112,36.05679388888889,2112
138.35434805555556,36.05602694444445,2103
138.35439805555555,36.05546888888889,2102
138.3544361111111,36.05526888888889,2099
138.3544861111111,36.05519388888889,2098
138.35459805555556,36.055128055555556,2097
138.35502305555556,36.055076944444444,2095
138.35509805555554,36.05508611111111,2095
138.35519805555555,36.05511111111111,2094
138.3554611111111,36.05526111111111,2093
138.3556861111111,36.05541111111111,2093
138.35579805555557,36.05551111111111,2092
138.35588611111112,36.05565194444444,2091
138.35633611111112,36.05641111111111,2084
138.35646111111112,36.05659388888889,2082
138.35679805555554,36.05690194444445,2077
138.35742305555556,36.05726111111111,2073
138.35811,36.05771111111111,2066
138.358385,36.057851944444444,2064
138.35862305555557,36.05796111111111,2061
138.35881,36.05796888888889,2059
138.359235,36.05793611111111,2052
138.359435,36.05795194444445,2053
138.359635,36.05804388888889,2055
138.35984805555555,36.05819388888889,2059
138.36002305555556,36.05849388888889,2064
138.36007305555555,36.05865194444444,2063
138.36017305555555,36.05925194444445,2064
138.36029805555555,36.05941,2066
138.360635,36.05954388888889,2070
138.36092194444444,36.05956,2071
138.36197305555555,36.059585,2068
138.36229694444444,36.05961,2064
138.363485,36.05986,2061
138.36367194444443,36.059885,2055
138.363835,36.05986,2055
138.36396,36.059785,2054
138.36404694444445,36.05965194444445,2055
138.36406,36.05947694444444,2055
138.36389694444443,36.05899388888889,2052
138.36372194444445,36.05862694444444,2047
138.36364694444444,36.05840194444445,2047
138.363635,36.05831111111111,2044
138.36364694444444,36.05826111111111,2044
138.36374694444444,36.05816111111111,2039
138.363835,36.058126944444446,2039
138.364085,36.058143888888885,2037
138.36464694444444,36.05822694444444,2030
138.365035,36.058301944444445,2026
138.365585,36.05847694444444,2021
138.36586,36.058568888888885,2020
138.366185,36.058751944444445,2022
138.36662194444443,36.05905194444444,2014
138.36732194444446,36.05955194444444,2014
138.36744694444445,36.05959388888889,2012
138.3677588888889,36.059643888888885,2013
138.3679588888889,36.05969388888889,2010
138.3681838888889,36.059776944444444,2006
138.36834694444445,36.05987694444445,2006
138.36854694444443,36.06001888888889,2004
138.36878388888888,36.060226944444445,2005
138.36884694444444,36.06031,2005
138.3693338888889,36.06105194444444,2000
138.3695088888889,36.06124388888889,1993
138.37022194444444,36.06176,1988
138.37130888888888,36.062551944444444,1987
138.37153388888888,36.06267694444445,1986
138.3718838888889,36.062885,1985
138.3721338888889,36.06301,1985
138.3722711111111,36.063051944444446,1983
138.37233388888887,36.06301805555555,1982
138.3723711111111,36.06295194444444,1982
138.3723588888889,36.06287694444445,1980
138.37230888888888,36.062801944444445,1980
138.3722588888889,36.06266,1977
138.3722711111111,36.06259305555555,1977
138.3723461111111,36.06252694444444,1975
138.37242111111112,36.06250194444444,1975
138.37253388888888,36.062535,1974
138.3725838888889,36.06256,1974
138.37285888888889,36.062785,1969
138.3729711111111,36.062985,1967
138.37298388888888,36.063085,1966
138.37288388888888,36.063343055555556,1966
138.37287111111112,36.063426944444444,1966
138.3729088888889,36.06346805555555,1963
138.37300888888888,36.06351,1961
138.37309611111112,36.063476944444446,1961
138.37320888888888,36.063285,1963
138.3732961111111,36.063035,1961
138.3732838888889,36.06276,1963
138.3731838888889,36.06231,1956
138.3731711111111,36.06191,1955
138.3732588888889,36.06180194444445,1952
138.3733838888889,36.061751944444445,1950
138.37345888888888,36.06174388888889,1948
138.37354611111112,36.06180194444445,1947
138.3735838888889,36.06186,1944
138.37367111111112,36.062401944444446,1944
138.3737211111111,36.06256805555556,1944
138.37377111111113,36.062668055555555,1942
138.3738588888889,36.062735,1939
138.3739461111111,36.06272694444444,1937
138.37400888888888,36.06272694444444,1934
138.3740961111111,36.062635,1936
138.3741588888889,36.062485,1935
138.3741711111111,36.06236,1935
138.3740961111111,36.061985,1935
138.37400888888888,36.061785,1934
138.37402111111112,36.06171,1933
138.3740961111111,36.06162694444444,1931
138.3742088888889,36.06161,1929
138.3742838888889,36.06162694444444,1927
138.3748961111111,36.062201944444446,1923
138.37502111111112,36.06230194444444,1920
138.37517111111111,36.06236888888889,1917
138.37539611111112,36.06246888888889,1917
138.37610805555556,36.06274388888889,1915
138.3763711111111,36.062826944444446,1912
138.37660805555555,36.06286,1911
138.3767961111111,36.062835,1907
138.37685805555554,36.062735,1908
138.37683305555555,36.06261,1905
138.3766961111111,36.06254388888889,1903
138.3764211111111,36.06251,1908
138.37627111111112,36.06245194444445,1908
138.37615805555555,36.06232694444444,1906
138.3761461111111,36.06226,1906
138.37615805555555,36.06221,1904
138.37623305555556,36.06214388888889,1903
138.37638305555555,36.062126944444444,1903
138.37680805555556,36.06222694444445,1897
138.37828305555556,36.062601944444445,1891
138.37854611111112,36.062585,1890
138.37864611111112,36.06251,1889
138.37864611111112,36.06242694444445,1886
138.3785961111111,36.062376944444445,1886
138.3782961111111,36.06231,1888
138.37818305555555,36.062201944444446,1887
138.37815805555556,36.062126944444444,1887
138.37818305555555,36.06202694444445,1885
138.37835805555557,36.06196888888889,1881
138.3784961111111,36.06196888888889,1880
138.37867111111112,36.06200194444445,1877
138.37888305555555,36.06206888888889,1876
138.3792711111111,36.06229388888889,1875
138.37969611111112,36.06272694444444,1866
138.37993305555557,36.062935,1866
138.38023305555555,36.063093888888886,1864
138.38108305555556,36.063493888888885,1857
138.38165805555556,36.063676944444445,1851
138.381845,36.06364388888889,1847
138.38195805555554,36.063585,1845
138.38207,36.06336,1844
138.382045,36.06324388888889,1845
138.381995,36.06314388888889,1844
138.381495,36.06270194444444,1840
138.38143305555556,36.06261,1838
138.38145805555556,36.06256,1838
138.381495,36.06251,1836
138.381645,36.06246,1836
138.38190805555556,36.06246888888889,1836
138.382895,36.062601944444445,1825
138.38322,36.06261888888889,1824
138.38367,36.06276,1819
138.383795,36.06279388888889,1814
138.38390694444445,36.062785,1812
138.383995,36.06271,1814
138.383995,36.06261,1816
138.383845,36.06251,1816
138.38333305555557,36.06234388888889,1818
138.383095,36.06222694444445,1817
138.38287,36.06210194444444,1815
138.38225805555555,36.06165194444444,1805
138.38197,36.06141,1805
138.381895,36.061301944444445,1802
138.38188305555556,36.06118611111111,1801
138.38195805555554,36.061076944444444,1798
138.38205805555555,36.06105194444444,1797
138.38303305555556,36.061551944444446,1791
138.38327,36.06158611111111,1788
138.383695,36.06157694444445,1787
138.38443305555555,36.06164388888889,1785
138.384645,36.06165194444444,1784
138.38513194444445,36.06173611111111,1776
138.38555805555555,36.061886111111114,1775
138.385745,36.06200194444445,1777
138.38583194444445,36.06209388888889,1775
138.38592,36.06226,1774
138.38593194444445,36.06232694444444,1774
138.38592,36.06241,1773
138.38587,36.06246,1774
138.38567,36.062635,1774
138.38530694444444,36.063001944444444,1774
138.38505694444444,36.06326888888889,1774
138.38477,36.063626944444444,1767
138.38473305555556,36.06377694444444,1767
138.384795,36.06389388888889,1766
138.385095,36.064051944444444,1765
138.38563194444444,36.06434388888889,1764
138.385945,36.06446888888889,1757
138.38615694444445,36.064526944444445,1756
138.38638194444445,36.06457694444445,1757
138.38730694444445,36.064726944444445,1748
138.38770694444443,36.06481888888889,1746
138.3882438888889,36.065018888888886,1746
138.3886688888889,36.065193055555554,1744
138.38893194444444,36.06526,1742
138.38915694444444,36.06529305555556,1738
138.38931888888888,36.06525194444445,1736
138.3893688888889,36.06521,1735
138.38944388888888,36.06510194444444,1736
138.3894688888889,36.06491888888889,1735
138.38943194444445,36.06476888888889,1736
138.38931888888888,36.06464388888889,1734
138.38875694444445,36.06447694444444,1735
138.38820694444445,36.064301944444445,1734
138.38800694444444,36.064235,1735
138.387945,36.064185,1733
138.38793194444443,36.064126944444446,1733
138.38797,36.064035,1731
138.38813194444444,36.06391,1728
138.38825694444444,36.063901944444446,1727
138.38910694444445,36.06397694444444,1721
138.38953194444446,36.06396,1716
138.39000694444445,36.063835,1716
138.39009388888888,36.06382694444444,1716
138.39123194444446,36.063835,1713
138.3915188888889,36.063835,1710
138.39178194444443,36.06391,1706
138.3919688888889,36.063985,1706
138.39228194444445,36.06391,1705
138.39248194444446,36.06389388888889,1705
138.3925,36.06389388888889,1704
138.3925,36.06389388888889,1704
138.39305694444445,36.063901944444446,1702
138.39388194444444,36.06421888888889,1695
138.3941188888889,36.064235,1691
138.39470694444444,36.06399388888889,1686
138.3954938888889,36.06357694444444,1681
138.39570694444444,36.06343611111111,1679
138.39580694444444,36.06331111111111,1677
138.39586888888888,36.06316888888889,1676
138.39583194444444,36.063001944444444,1675
138.3956188888889,36.06269388888889,1673
138.39548194444444,36.06246111111111,1669
138.39531888888888,36.06236111111111,1667
138.39518194444443,36.06229388888889,1665
138.39503194444444,36.06223611111111,1665
138.3945688888889,36.06209388888889,1659
138.39420694444445,36.06201111111111,1658
138.39406888888888,36.061993888888885,1656
138.39325694444443,36.06200194444445,1658
138.3931438888889,36.06198611111111,1657
138.3928938888889,36.06189388888889,1658
138.3923438888889,36.061593888888886,1663
138.39223194444443,36.061526944444445,1663
138.3921188888889,36.06144388888889,1662
138.39204388888888,36.06133611111111,1664
138.39201888888888,36.06124388888889,1663
138.39203194444445,36.06092694444445,1663
138.3920938888889,36.060828055555554,1665
138.3923438888889,36.060651944444444,1664
138.39270694444446,36.06040194444444,1663
138.39310694444444,36.06019388888889,1664
138.39400694444444,36.05988611111111,1664
138.39439388888889,36.05971111111111,1662
138.39455694444445,36.05959388888889,1661
138.39463194444446,36.059511111111114,1663
138.39476888888888,36.05928611111111,1665
138.39496888888888,36.05891111111111,1664
138.3950188888889,36.058503055555555,1662
138.39503194444444,36.05840305555556,1663
138.3951188888889,36.05828611111111,1662
138.39523194444445,36.05821111111111,1662
138.39600694444445,36.05763611111111,1665
138.39613194444445,36.057518888888886,1666
138.39628194444444,36.057295,1666
138.39633194444446,36.057203055555554,1667
138.39633194444446,36.057003055555555,1667
138.39631888888889,36.05686111111111,1667
138.39625694444445,36.056736111111114,1666
138.3959438888889,36.05633611111111,1668
138.394945,36.054995,1684
138.39487,36.054878055555555,1683
138.39470694444444,36.054795,1684
138.39417,36.054595,1687
138.39400694444444,36.05446194444445,1686
138.393945,36.05437805555555,1686
138.393895,36.05431194444444,1684
138.39365694444444,36.053978055555554,1687
138.39330694444445,36.053345,1687
138.39285805555556,36.05281194444444,1688
138.392745,36.05262805555556,1687
138.392695,36.052411944444444,1683
138.39273305555557,36.05233694444444,1683
138.39282,36.05232,1679
138.393095,36.05240305555556,1673
138.39433194444445,36.05337,1662
138.39463194444446,36.053603055555556,1662
138.394795,36.053645,1664
138.39508194444446,36.05362,1663
138.395495,36.053445,1662
138.39572,36.05341194444444,1664
138.39610694444445,36.05343694444444,1664
138.39645694444445,36.05352805555555,1655
138.3968188888889,36.05363694444444,1654
138.39711888888888,36.053761944444446,1654
138.39735694444445,36.053845,1652
138.39755694444443,36.05387,1652
138.39770694444445,36.05383694444444,1651
138.39839388888888,36.05338694444445,1644
138.39871888888888,36.05327,1642
138.39970694444443,36.05293694444445,1634
138.39995694444445,36.05287888888889,1635
138.4002688888889,36.052845,1633
138.40051888888888,36.052845,1633
138.40068194444444,36.05287888888889,1635
138.40088194444445,36.052945,1632
138.4011688888889,36.05312,1623
138.4014938888889,36.05336194444445,1622
138.40218194444444,36.053803888888886,1622
138.40245694444445,36.053945,1622
138.40260694444444,36.053978055555554,1622
138.40288194444443,36.05397,1622
138.40313194444445,36.053803888888886,1622
138.40363194444444,36.05322,1617
138.40381888888888,36.05285388888889,1613
138.40385694444444,36.05236194444444,1606
138.4038688888889,36.051836944444446,1606
138.4038688888889,36.051521111111114,1604
138.40390694444446,36.05121194444445,1603
138.40391888888888,36.05104611111111,1603
138.40405694444445,36.050803888888886,1596
138.4048811111111,36.049863055555555,1596
138.4054688888889,36.04948805555556,1587
138.40584388888888,36.049303888888886,1588
138.4060561111111,36.04920388888889,1587
138.40665611111112,36.049011944444445,1582
138.40744388888888,36.048811944444445,1576
138.4082061111111,36.048721111111114,1567
138.4091061111111,36.04867888888889,1556
138.4093938888889,36.04871305555555,1553
138.4095188888889,36.04876194444444,1552
138.4096561111111,36.04887111111111,1553
138.40969388888888,36.04895388888889,1553
138.4099061111111,36.04957888888889,1553
138.4099688888889,36.049928888888886,1547
138.4099688888889,36.05000388888889,1545
138.40993111111112,36.05009611111111,1545
138.40981888888888,36.05018694444444,1543
138.4096188888889,36.05022888888889,1542
138.40880611111112,36.05032111111111,1545
138.4086061111111,36.05034611111111,1543
138.40844388888888,36.05040388888889,1545
138.4083938888889,36.05047111111111,1542
138.4083938888889,36.05057111111111,1539
138.4084061111111,36.05066194444444,1539
138.40848111111112,36.050778888888885,1535
138.4086438888889,36.05082111111111,1535
138.40891888888888,36.050803888888886,1534
138.4092311111111,36.050761944444446,1534
138.4096311111111,36.05067888888889,1532
138.4104561111111,36.05047111111111,1529
138.41061888888888,36.050378888888886,1527
138.41073111111112,36.050246111111115,1525
138.41084388888888,36.04957888888889,1524
138.4109811111111,36.04840388888889,1516
138.41104388888888,36.04827888888889,1515
138.4111561111111,36.048188055555556,1513
138.4114311111111,36.04815388888889,1510
138.4115811111111,36.04821305555556,1507
138.41166805555557,36.048321111111115,1506
138.41173111111112,36.048521111111114,1505
138.4118061111111,36.048746111111114,1503
138.41194305555555,36.049061944444446,1503
138.41206805555555,36.04922888888889,1501
138.41220611111112,36.049303888888886,1500
138.41243111111112,36.04932888888889,1497
138.41346805555557,36.04910388888889,1484
138.41365611111112,36.04912111111111,1485
138.41371805555556,36.04912111111111,1484
138.4138561111111,36.04916305555555,1482
138.41399305555555,36.04927111111111,1480
138.4140561111111,36.04936305555555,1476
138.4140811111111,36.04953694444445,1475
138.41403111111111,36.04971194444445,1474
138.4139811111111,36.04981305555555,1474
138.4135811111111,36.05019611111111,1466
138.4132811111111,36.05057111111111,1468
138.41323111111112,36.05070388888889,1468
138.41321805555555,36.050738055555556,1468
138.41321805555555,36.05082111111111,1469
138.41331805555555,36.05094611111111,1468
138.41343111111112,36.05101194444445,1469
138.4135311111111,36.05102111111111,1469
138.4136311111111,36.051003888888886,1469
138.4139561111111,36.050803888888886,1465
138.41449305555557,36.050488055555554,1458
138.41489305555555,36.05039611111111,1456
138.41514305555555,36.05038694444445,1457
138.41564305555556,36.050446111111114,1459
138.41579305555555,36.05047111111111,1455
138.4161311111111,36.05052111111111,1448
138.41651805555554,36.05059611111111,1444
138.4167811111111,36.05065388888889,1441
138.41724305555556,36.05082111111111,1436
138.41798,36.051161944444445,1428
138.419305,36.05169611111111,1414
138.42018,36.05205388888889,1412
138.42044305555555,36.052171111111114,1410
138.42091805555555,36.05234611111111,1406
138.421105,36.052461944444445,1403
138.42136805555555,36.05269611111111,1399
138.42184194444445,36.05318694444444,1394
138.42236805555555,36.05363694444444,1389
138.42348,36.05455388888889,1375
138.42376694444445,36.054745,1372
138.42491694444445,36.055078888888886,1364
138.42586694444444,36.05532888888889,1354
138.42625388888888,36.05535388888889,1354
138.4265038888889,36.05531194444445,1353
138.4277538888889,36.05513694444444,1351
138.42862888888888,36.05502888888889,1348
138.42940388888888,36.05493694444444,1344
138.43014194444444,36.05487111111111,1340
138.4309911111111,36.054811944444445,1335
138.43114111111112,36.05480388888889,1332
138.4312911111111,36.054853888888886,1331
138.4322288888889,36.05537888888889,1321
138.4344661111111,36.05657,1307
138.43672805555556,36.05775388888889,1293
138.43771611111111,36.05833694444444,1286
138.43810305555556,36.058528055555556,1283
138.4383161111111,36.058636944444444,1280
138.43850305555554,36.058703055555554,1277
138.43887805555556,36.05877,1275
138.43930305555557,36.058795,1274
138.43952805555554,36.05877805555556,1274
138.4396911111111,36.058745,1272
138.4403911111111,36.05852,1270
138.44054111111112,36.05848694444445,1268
138.4407161111111,36.058478055555554,1268
138.44235305555554,36.05842,1255
138.44249,36.05838694444444,1255
138.442615,36.05832888888889,1255
138.44274,36.058236944444445,1256
138.44324,36.05787,1258
138.443365,36.05780388888889,1259
138.44350305555557,36.05775388888889,1258
138.443665,36.05772,1258
138.44452805555557,36.05752888888889,1247
138.44474,36.05750388888889,1248
138.44490305555556,36.05748694444444,1248
138.445165,36.05753694444444,1247
138.44555194444445,36.05762,1246
138.44569,36.057628888888885,1239
138.44580194444444,36.05762,1239
138.44592694444444,36.05757888888889,1242
138.446015,36.05751194444444,1239
138.44635305555556,36.057095,1235
138.44669,36.05662888888889,1226
138.44682805555556,36.056536944444446,1225
138.44692694444444,36.056495,1225
138.44795305555556,36.05630388888889,1216
138.44807805555556,36.05627,1217
138.44817694444444,36.05619611111111,1211
138.448465,36.05592111111111,1207
138.44870305555557,36.05577111111111,1204
138.449215,36.05554611111111,1195
138.44950194444445,36.05544611111111,1197
138.45002694444443,36.05533694444444,1192
138.450365,36.05529611111111,1191
138.450515,36.05522111111111,1188
138.450615,36.055146111111114,1188
138.45067694444444,36.055036944444446,1187
138.450815,36.05463694444445,1183
138.450765,36.05390388888889,1176
138.45080194444444,36.05372888888889,1176
138.450865,36.05365388888889,1176
138.45122694444444,36.05334611111111,1169
138.45139,36.05319611111111,1167
138.45219,36.05232888888889,1157
138.45255194444445,36.05192888888889,1156
138.45269,36.05182888888889,1153
138.4535888888889,36.05152888888889,1146
138.4540638888889,36.05115388888889,1143
138.45420194444443,36.051096111111114,1142
138.45470194444445,36.05105388888889,1133
138.45505194444445,36.05102888888889,1130
138.45587694444444,36.050913055555554,1131
138.45637694444446,36.050803888888886,1132
138.45648888888888,36.05079611111111,1132
138.4574388888889,36.05075388888889,1129
138.4586138888889,36.05067888888889,1127
138.4593761111111,36.05078694444445,1127
138.4596511111111,36.05082111111111,1127
138.4598638888889,36.050825,1127
138.4598638888889,36.050826111111114,1127
138.4596511111111,36.05082111111111,1127
138.4596011111111,36.05103694444445,1128
138.4596138888889,36.05125388888889,1130
138.45966388888888,36.05137888888889,1132
138.4597638888889,36.05152888888889,1134
138.4598261111111,36.05160388888889,1136
138.4598511111111,36.05169611111111,1135
138.4598638888889,36.05183805555556,1135
138.4599638888889,36.052571111111114,1134
138.4599761111111,36.05334611111111,1134
138.4600011111111,36.053486944444444,1132
138.4600638888889,36.05358694444445,1131
138.46013888888888,36.05365388888889,1130
138.46023888888888,36.05369611111111,1127
138.4618761111111,36.053671111111115,1118
138.46206388888888,36.053711944444444,1117
138.4622511111111,36.05378694444445,1112
138.4630138888889,36.05427111111111,1105
138.4631138888889,36.05437111111111,1100
138.46318888888888,36.05450388888889,1098
138.4632138888889,36.05467888888889,1097
138.46320111111112,36.05502888888889,1096
138.4632261111111,36.05515388888889,1094
138.46328888888888,36.05525388888889,1095
138.4633761111111,36.05533694444444,1096
138.4635011111111,36.055436944444445,1094
138.4637261111111,36.055728888888886,1087
138.4638011111111,36.055886944444445,1084
138.46383805555556,36.05603694444444,1079
138.4638511111111,36.05620388888889,1076
138.46378805555557,36.056511944444445,1073
138.46381305555556,36.05662888888889,1071
138.46386305555555,36.05672,1070
138.46393805555556,36.05677,1069
138.4640261111111,36.056795,1063
138.46420111111112,36.05675388888889,1063
138.46426305555556,36.05670388888889,1060
138.4643011111111,36.05662888888889,1063
138.46431305555555,36.05650388888889,1063
138.4642761111111,36.056353888888886,1065
138.46416305555556,36.05603694444444,1068
138.46418805555555,36.05587888888889,1073
138.46423805555557,36.05582,1069
138.46431305555555,36.055795,1069
138.46438805555556,36.05577888888889,1068
138.4644761111111,36.05581194444444,1066
138.46453805555555,36.055861944444445,1066
138.4645761111111,36.055945,1062
138.4646011111111,36.056061944444444,1059
138.4646011111111,36.05632,1060
138.4646261111111,36.05642,1060
138.46467611111112,36.056495,1055
138.46487611111112,36.056736944444445,1053
138.46493805555556,36.05685305555556,1051
138.46496305555556,36.05697,1051
138.4649511111111,36.05723694444445,1044
138.46491305555554,36.057403055555554,1043
138.46486305555555,36.05752,1043
138.4646261111111,36.05797805555556,1036
138.4645761111111,36.058186944444444,1033
138.46458805555557,36.058211944444444,1033
138.46461305555556,36.058253055555554,1034
138.46498805555555,36.058645,1032
138.46525111111112,36.05896194444444,1031
138.4654011111111,36.05923611111111,1032
138.46546305555555,36.059511111111114,1031
138.46546305555555,36.05971111111111,1030
138.46541305555556,36.059995,1027
138.46538805555556,36.06018611111111,1025
138.4653761111111,36.060295,1024
138.46538805555556,36.06057805555555,1022
138.46547611111112,36.06100305555555,1017
138.46557611111112,36.061195,1015
138.46571305555557,36.06133611111111,1017
138.46580111111112,36.06135305555556,1016
138.46581305555554,36.06135305555556,1016
138.46618805555556,36.06133611111111,1013
138.46633805555555,36.061303055555555,1008
138.467225,36.06129388888889,999
138.46746305555556,36.06120305555555,999
138.46815,36.06076111111111,998
138.46835,36.06072,997
138.46853805555557,36.06072805555556,996
138.46873694444446,36.060746944444446,993
138.46873694444446,36.060746944444446,993
138.46898805555554,36.06077,990
138.469375,36.06149388888889,987
138.46971305555556,36.061928055555555,985
138.47053805555555,36.06289388888889,982
138.47243694444444,36.06518611111111,970
138.47351194444445,36.06648611111111,966
138.47401194444444,36.06711888888889,958
138.4743488888889,36.06764388888889,956
138.47453694444445,36.06806,954
138.4752488888889,36.069485,951
138.47525805555554,36.06950305555556,950
138.47525805555554,36.06950305555556,950
138.4752488888889,36.069485,951
138.47453694444445,36.06806,954
138.4743488888889,36.06764388888889,956
138.47401194444444,36.06711888888889,958
138.47351194444445,36.06648611111111,966
138.47243694444444,36.06518611111111,970
138.47053805555555,36.06289388888889,982
138.46971305555556,36.061928055555555,985
138.469375,36.06149388888889,987
138.46898805555554,36.06077,990
138.46886305555554,36.060345,991
138.46875,36.05997,990
138.46865,36.059745,991
138.468175,36.05936111111111,995
138.4676511111111,36.05905305555556,1001
138.46743805555556,36.058895,1002
138.4673261111111,36.058661944444445,1002
138.46728805555554,36.05847,1002
138.46726305555555,36.058295,1001
138.46702611111112,36.05692,1010
138.4668761111111,36.056086944444445,1013
138.4668511111111,36.055895,1013
138.46686305555556,36.05562,1013
138.46691305555555,36.055445,1013
138.46701305555555,36.05513694444444,1021
138.46727611111112,36.05392888888889,1033
138.4673511111111,36.05365388888889,1040
138.46750111111112,36.05340388888889,1042
138.46756305555556,36.05334611111111,1039
138.46762611111112,36.05327888888889,1042
138.46798805555557,36.05300388888889,1041
138.46878805555556,36.05256194444444,1050
138.4693511111111,36.052211944444444,1052
138.47006305555556,36.05162888888889,1052
138.47022611111112,36.05147888888889,1042
138.47045,36.05121194444445,1051
138.470975,36.05037111111111,1053
138.471,36.05023805555555,1051
138.47098805555555,36.05012111111111,1055
138.47085,36.049661944444445,1055
138.470575,36.04893805555555,1055
138.47056305555554,36.04880388888889,1054
138.470575,36.04870388888889,1053
138.4708,36.04807888888889,1055
138.4708,36.04797111111111,1056
138.47078805555554,36.04785388888889,1056
138.4707,36.04766305555555,1057
138.47036305555557,36.047155,1063
138.47026305555556,36.04689611111111,1065
138.4702761111111,36.04673805555556,1063
138.47033805555554,36.046605,1062
138.470625,36.04587111111111,1055
138.470625,36.04563,1056
138.47061305555556,36.04548,1056
138.4705261111111,36.045138055555555,1057
138.47053805555555,36.04463805555555,1056
138.47055111111112,36.044271944444446,1054
138.47066305555555,36.04348,1056
138.4707261111111,36.04318,1050
138.47078805555554,36.04302194444445,1046
138.4712,36.04237194444445,1043
138.47131305555556,36.042155,1041
138.47138805555556,36.041905,1042
138.47145,36.04163,1047
138.471475,36.04143888888889,1048
138.4715,36.041021944444445,1048
138.471475,36.04051388888889,1039
138.471525,36.040146944444444,1037
138.47158805555554,36.03988888888889,1035
138.4718,36.039363888888886,1037
138.47198805555556,36.03898111111111,1036
138.47215,36.038738888888886,1034
138.472375,36.03845611111111,1036
138.47295,36.03801388888889,1037
138.4738,36.03741388888889,1034
138.4756,36.03613111111111,1035
138.47621194444446,36.035713888888885,1036
138.4764,36.03561388888889,1036
138.4766,36.03552305555556,1036
138.47676194444443,36.03548111111111,1036
138.47688694444443,36.03545611111111,1036
138.477625,36.03545611111111,1035
138.477975,36.03541388888889,1036
138.47883694444445,36.035156111111114,1037
138.47994888888888,36.03478888888889,1035
138.4800488888889,36.034731111111114,1035
138.48053694444445,36.03442305555556,1037
138.48073694444443,36.03429805555555,1037
138.48122388888888,36.03407305555555,1038
138.4818488888889,36.033813888888886,1037
138.48244888888888,36.033588888888886,1037
138.4829861111111,36.03334805555556,1038
138.48347388888888,36.033065,1038
138.48383611111112,36.03279805555555,1038
138.48403611111112,36.032648055555555,1038
138.48461111111112,36.032215,1038
138.4853488888889,36.03154,1037
138.4861361111111,36.03059,1038
138.48633611111111,36.03022305555555,1037
138.4863861111111,36.02999805555555,1038
138.48639888888889,36.02974805555556,1038
138.4862361111111,36.02868194444444,1036
138.4862488888889,36.02824888888889,1035
138.48631111111112,36.02804888888889,1036
138.48641111111112,36.02779888888889,1036
138.48682305555556,36.02718194444444,1036
138.48762305555556,36.02604888888889,1036
138.48779805555554,36.025866111111114,1037
138.48811111111112,36.025706944444444,1038
138.4883111111111,36.02560694444445,1038
138.48849805555557,36.025441111111114,1038
138.48872305555557,36.02511611111111,1037
138.48892305555555,36.02476611111111,1036
138.48947305555555,36.02370694444444,1037
138.4897361111111,36.023291111111114,1037
138.4899111111111,36.02310694444444,1038
138.49006111111112,36.02294888888889,1038
138.49038611111112,36.02252388888889,1038
138.49114805555556,36.02146611111111,1038
138.49136,36.02113305555555,1039
138.49149805555555,36.02097388888889,1039
138.491985,36.02049111111111,1039
138.49249805555556,36.01998305555556,1039
138.49266,36.01981611111111,1039
138.492835,36.0196,1039
138.49297305555555,36.019333055555556,1039
138.49312305555554,36.01891611111111,1040
138.49327305555556,36.018475,1040
138.49329805555556,36.018341944444444,1040
138.49324805555557,36.018116944444444,1041
138.493085,36.01784194444444,1042
138.49294805555556,36.017675,1042
138.492835,36.0176,1043
138.49221111111112,36.017383055555555,1046
138.49197305555555,36.017275,1048
138.49174805555555,36.017133055555554,1048
138.49154805555557,36.016975,1047
138.4908861111111,36.01645888888889,1049
138.4906861111111,36.016275,1047
138.4905361111111,36.016041944444446,1046
138.49048611111112,36.015875,1044
138.49048611111112,36.015791944444445,1044
138.49047305555555,36.01570888888889,1043
138.49027805555556,36.01568611111111,1043
138.49027805555556,36.01568611111111,1043
138.4899611111111,36.01565,1044
138.48949805555554,36.01560888888889,1045
138.48909805555556,36.01560888888889,1047
138.4886611111111,36.01573388888889,1048
138.48834888888888,36.015816944444445,1049
138.4881861111111,36.01583388888889,1049
138.4878611111111,36.015816944444445,1050
138.4877488888889,36.015791944444445,1050
138.48764888888888,36.01573388888889,1051
138.4872738888889,36.01535888888889,1057
138.4869111111111,36.01498388888889,1074
138.4866988888889,36.0148,1074
138.4864738888889,36.01466694444444,1075
138.4857861111111,36.01448388888889,1082
138.4850988888889,36.01438388888889,1083
138.4849238888889,36.01430888888889,1083
138.48476194444444,36.01420888888889,1082
138.48449888888888,36.014026111111114,1082
138.4843238888889,36.01387611111111,1085
138.48414888888888,36.013801111111114,1085
138.48401194444443,36.01375888888889,1086
138.48383694444445,36.01374194444445,1085
138.48371194444445,36.01371694444445,1087
138.48357388888888,36.01365888888889,1090
138.48347388888888,36.01355888888889,1090
138.48336194444445,36.01335111111111,1094
138.48324888888888,36.01319194444444,1101
138.48313694444445,36.01306694444445,1103
138.48248694444445,36.01271694444444,1103
138.48133694444445,36.01209305555555,1114
138.481225,36.01179305555556,1113
138.48123694444445,36.011091944444445,1119
138.48126194444444,36.01092611111111,1124
138.48153694444446,36.01077611111111,1127
138.481775,36.01054305555556,1134
138.48186194444443,36.01029305555556,1138
138.4817,36.01015888888889,1143
138.48146194444445,36.01018388888889,1145
138.48115,36.01050111111111,1142
138.48098694444445,36.01054305555556,1147
138.480875,36.010468055555556,1150
138.48091194444444,36.01027611111111,1152
138.481175,36.00993388888889,1155
138.48188694444445,36.00938388888889,1169
138.482,36.009143055555555,1172
138.48183694444444,36.00904305555556,1175
138.48163694444443,36.00906805555555,1180
138.48115,36.00938388888889,1181
138.481,36.00938388888889,1181
138.48093694444444,36.009233888888886,1184
138.481025,36.00908388888889,1191
138.48163694444443,36.00864305555555,1192
138.48171194444444,36.008493055555554,1191
138.48168694444445,36.008268055555554,1192
138.48131194444446,36.00791,1197
138.48086194444446,36.00766,1203
138.47788805555555,36.00697611111111,1223
138.4760761111111,36.00685111111111,1245
138.47196305555556,36.00536805555556,1283
138.47170111111112,36.00512694444444,1283
138.4713138888889,36.00426888888889,1292
138.4708261111111,36.00394388888889,1299
138.4706138888889,36.00364388888889,1303
138.4704888888889,36.00331888888889,1301
138.46998888888888,36.00319388888889,1305
138.4699138888889,36.00316888888889,1305
138.4693888888889,36.002985,1302
138.46886388888888,36.00236,1306
138.46838888888888,36.00161888888889,1305
138.4679638888889,36.00123611111111,1313
138.46713888888888,36.000993888888885,1314
138.4663888888889,36.000726944444445,1324
138.46617388888887,36.00074194444444,1325
138.46617388888887,36.00074194444444,1325
138.46588888888888,36.00076111111111,1325
138.4624638888889,36.001351944444444,1351
138.46145194444443,36.00138611111111,1357
138.45815194444444,36.00063611111111,1381
138.457465,36.00042694444444,1389
138.45699,36.00011888888889,1393
138.456815,35.999901944444446,1392
138.45667694444444,35.99969388888889,1393
138.45665194444445,35.99941111111111,1394
138.45672694444445,35.99916888888889,1391
138.45677694444444,35.99911111111111,1392
138.45692694444443,35.99901888888889,1392
138.45714,35.99894388888889,1393
138.45785305555555,35.99881111111111,1393
138.45810194444445,35.998753055555554,1392
138.45820305555554,35.99868611111111,1391
138.45829,35.99859388888889,1391
138.45895305555555,35.99760305555556,1391
138.45967694444445,35.996586111111114,1384
138.460465,35.99541111111111,1394
138.46065194444444,35.995145,1396
138.46099,35.994661111111114,1400
138.46170194444446,35.99366194444445,1395
138.461815,35.993478055555556,1395
138.462115,35.992978055555554,1391
138.46234,35.99261194444444,1390
138.46247694444443,35.992445,1390
138.462615,35.99230305555555,1390
138.46337694444443,35.99178694444444,1386
138.463615,35.991545,1386
138.46409,35.99077888888889,1386
138.46412694444444,35.99063694444445,1387
138.46414,35.99048694444444,1387
138.46402694444444,35.99026194444444,1387
138.46370194444444,35.98992888888889,1388
138.46350194444443,35.98970388888889,1388
138.46314,35.98921194444444,1386
138.46299,35.98899611111111,1387
138.462365,35.988078888888886,1387
138.462315,35.98802111111111,1388
138.46220305555556,35.98789611111111,1388
138.46210305555556,35.98780388888889,1386
138.46195305555557,35.98769611111111,1385
138.46175194444444,35.987586944444445,1384
138.46135305555555,35.987453888888886,1384
138.46072805555556,35.98728805555555,1380
138.46057805555554,35.98720388888889,1377
138.46055194444443,35.98712888888889,1379
138.46055194444443,35.98702111111111,1379
138.46065305555555,35.986713055555555,1378
138.46062805555556,35.98670388888889,1378
138.46040194444444,35.98665388888889,1381
138.46036194444446,35.98663694444444,1381
138.46036194444446,35.98663694444444,1381
138.46040194444444,35.98665388888889,1381
138.46062805555556,35.98670388888889,1378
138.46065305555555,35.986713055555555,1378
138.46085305555556,35.98674611111111,1376
138.46100305555555,35.98675388888889,1377
138.46114,35.98675388888889,1376
138.461315,35.98672888888889,1376
138.46142694444444,35.98663805555555,1377
138.461465,35.98649611111111,1376
138.46140194444445,35.98634611111111,1379
138.46127694444445,35.98614611111111,1375
138.460465,35.985303888888886,1369
138.460265,35.98512111111111,1371
138.45965305555555,35.98475388888889,1359
138.45959,35.98467888888889,1359
138.45955305555555,35.984613055555556,1360
138.45955305555555,35.98454611111111,1359
138.45955305555555,35.98447888888889,1359
138.45977805555555,35.98417111111111,1347
138.45985305555556,35.984096111111114,1348
138.46017805555556,35.98375388888889,1362
138.46027805555556,35.98367888888889,1363
138.46044,35.98365388888889,1366
138.46060305555557,35.98369611111111,1365
138.46079,35.98377888888889,1365
138.462315,35.98454611111111,1376
138.46322805555556,35.98508805555556,1375
138.46345305555556,35.98512888888889,1374
138.46375194444445,35.98511305555556,1374
138.46395305555555,35.98502111111111,1376
138.465215,35.98401305555556,1376
138.46535194444445,35.98404611111111,1376
138.46630194444444,35.98450388888889,1371
138.46774,35.98517888888889,1363
138.46806388888888,35.98532888888889,1361
138.4690138888889,35.98577111111111,1358
138.4700638888889,35.98625388888889,1352
138.47070194444444,35.98655388888889,1351
138.4710388888889,35.98669611111111,1350
138.4716138888889,35.98694611111111,1347
138.47212694444445,35.98717111111111,1344
138.47325111111113,35.98755388888889,1339
138.47428888888888,35.98790388888889,1333
138.4753638888889,35.988278888888885,1328
138.4759011111111,35.98847111111111,1325
138.47643888888888,35.98867111111111,1322
138.4782011111111,35.98934611111111,1315
138.47918805555557,35.98972888888889,1309
138.47943805555556,35.98982111111111,1308
138.4807011111111,35.99028694444444,1303
138.4807761111111,35.99032,1303
138.48152611111112,35.990695,1299
138.4817261111111,35.99077,1298
138.4819011111111,35.99080388888889,1297
138.48208805555555,35.990786944444444,1296
138.48218805555555,35.99077888888889,1296
138.4825011111111,35.990195,1296
138.4830761111111,35.989111944444446,1294
138.4835511111111,35.98824611111111,1296
138.4838511111111,35.98768694444444,1298
138.48391305555555,35.98757888888889,1298
138.4839511111111,35.98754611111111,1298
138.4840511111111,35.98749611111111,1298
138.48423805555555,35.98742111111111,1298
138.48576694444444,35.986846944444444,1293
138.48576694444444,35.986846944444444,1293
138.485925,35.98678694444445,1292
138.48536305555555,35.98517888888889,1299
138.4852511111111,35.984813055555556,1300
138.4849011111111,35.98370388888889,1301
138.4842011111111,35.981655,1307
138.48402611111112,35.98113,1308
138.48381305555554,35.980655,1308
138.4824761111111,35.97896305555555,1314
138.4817138888889,35.97803,1316
138.48151388888888,35.977605,1317
138.4814011111111,35.97737194444444,1317
138.4812388888889,35.976705,1313
138.4811638888889,35.97644694444445,1308
138.4809388888889,35.97544694444444,1304
138.4808888888889,35.975231111111114,1306
138.48073888888888,35.97475611111111,1311
138.4804761111111,35.97420611111111,1315
138.48040111111112,35.97409694444445,1317
138.48010194444444,35.97355611111111,1316
138.47992694444446,35.97325611111111,1313
138.4796888888889,35.97285611111111,1315
138.47900194444443,35.97172305555556,1321
138.47885194444444,35.97143111111111,1324
138.47871388888888,35.97113111111111,1325
138.47850194444445,35.97056388888889,1327
138.47788888888888,35.96895611111111,1330
138.4777638888889,35.968698055555556,1331
138.47752694444443,35.967973055555554,1331
138.477465,35.96774805555555,1333
138.47670194444444,35.96539,1337
138.47649,35.96467305555556,1336
138.476215,35.963631944444444,1339
138.47577694444445,35.96183194444444,1342
138.475765,35.96174,1342
138.47542805555557,35.96037388888889,1343
138.475215,35.95970694444444,1341
138.47502805555555,35.95926611111111,1343
138.47494,35.95907388888889,1345
138.47492805555555,35.95890694444444,1346
138.47489,35.95854111111111,1345
138.4747661111111,35.95809888888889,1345
138.4742911111111,35.95676611111111,1345
138.47397805555556,35.95584888888889,1348
138.4741911111111,35.95578305555556,1348
138.47425305555555,35.955708055555554,1347
138.47420305555556,35.95547388888889,1347
138.4740911111111,35.95542388888889,1347
138.4739311111111,35.95545194444444,1348
138.4739311111111,35.95545194444444,1348
138.47385305555557,35.955466111111114,1348
138.47324111111112,35.95364111111111,1348
138.47307805555556,35.953183055555556,1349
138.47277805555555,35.95229111111111,1349
138.47258888888888,35.95182388888889,1349
138.47258888888888,35.95182388888889,1349
138.47256611111112,35.95176611111111,1349
138.47224111111112,35.95164194444445,1350
138.46915388888888,35.950583055555555,1356
138.4681788888889,35.95024194444444,1358
138.46233,35.94825111111111,1368
138.46089194444446,35.947766944444446,1372
138.4591538888889,35.94718,1373
138.4591538888889,35.94718,1373
138.45904305555555,35.947141944444446,1373
138.456205,35.94613388888889,1374
138.45533,35.94586694444445,1373
138.45514305555557,35.945841944444446,1374
138.45498,35.94585111111111,1374
138.45491805555557,35.94575888888889,1374
138.45484305555556,35.94570888888889,1374
138.45414305555556,35.94546805555556,1373
138.45339305555555,35.94521805555556,1374
138.45309305555554,35.945143055555555,1375
138.45285611111112,35.94510888888889,1375
138.4525911111111,35.94509611111111,1376
138.4525911111111,35.945095,1376
138.45254305555557,35.94509305555555,1377
138.4522061111111,35.94510888888889,1378
138.4515561111111,35.94439305555556,1369
138.45115611111112,35.94385111111111,1364
138.45096805555556,35.94355888888889,1359
138.45056805555555,35.942883888888886,1367
138.45035611111112,35.942393055555556,1368
138.4494688888889,35.94035111111111,1352
138.4488561111111,35.938968055555556,1359
138.4480311111111,35.93700194444445,1355
138.4476061111111,35.935985,1341
138.44739388888888,35.93546888888889,1343
138.4471438888889,35.93481,1342
138.44706888888888,35.93403611111111,1333
138.44710694444444,35.93371111111111,1335
138.4473438888889,35.93281888888889,1335
138.44733194444444,35.93252694444445,1334
138.44728194444446,35.93226111111111,1332
138.44705694444445,35.931868888888886,1334
138.4454188888889,35.93107805555555,1335
138.44480694444445,35.930793888888886,1333
138.44443194444443,35.930593888888886,1325
138.4440688888889,35.93034388888889,1313
138.44398194444443,35.93025305555555,1319
138.4436438888889,35.92991111111111,1323
138.44341888888889,35.92963611111111,1326
138.4431688888889,35.929203055555554,1327
138.44303194444444,35.92892805555555,1324
138.44238194444443,35.92807805555555,1322
138.44152,35.92701111111111,1318
138.44122,35.926628055555554,1317
138.44107,35.92648611111111,1317
138.440895,35.92636111111111,1316
138.44048305555555,35.92617805555555,1313
138.439945,35.92592805555555,1300
138.43978305555555,35.92582,1294
138.439595,35.925645,1300
138.43943305555555,35.92545305555556,1302
138.43938194444445,35.92522805555556,1303
138.439395,35.92507805555555,1301
138.43947,35.92477805555556,1296
138.43967,35.92431111111111,1292
138.43978305555555,35.924045,1292
138.4398011111111,35.92399888888889,1291
138.4398011111111,35.92399888888889,1291
138.43978305555555,35.924045,1292
138.439395,35.92392805555556,1297
138.43922,35.923895,1299
138.43895694444444,35.923836944444446,1299
138.43867,35.92377,1299
138.438345,35.923745,1302
138.43772,35.923586944444445,1301
138.437595,35.923545,1301
138.43750805555555,35.92351194444444,1302
138.43732,35.923453055555555,1304
138.436945,35.92330305555556,1304
138.43690805555556,35.92337,1305
138.43682,35.923445,1307
138.43663305555555,35.92352,1310
138.43650805555555,35.92352,1310
138.43633305555556,35.923453055555555,1311
138.43575805555557,35.92310305555556,1309
138.43545805555556,35.92292805555556,1309
138.4350711111111,35.922736944444445,1306
138.4340711111111,35.922286944444444,1304
138.43447111111112,35.92162805555556,1297
138.4347961111111,35.92115388888889,1295
138.43505805555554,35.920653888888886,1293
138.43513305555555,35.920453888888886,1293
138.43517111111112,35.920295,1292
138.4352211111111,35.92005388888889,1291
138.4352211111111,35.919845,1289
138.4350961111111,35.91942,1283
138.4350738888889,35.91918611111111,1281
138.4350738888889,35.91918611111111,1281
138.4350711111111,35.91914611111111,1280
138.43513305555555,35.91894611111111,1278
138.43482111111112,35.91892111111111,1277
138.43445805555555,35.91887111111111,1275
138.4342211111111,35.918796111111114,1276
138.4337211111111,35.91851194444445,1281
138.43385805555556,35.918171111111114,1277
138.4339961111111,35.91790388888889,1274
138.4340961111111,35.91775388888889,1272
138.4342211111111,35.91757111111111,1270
138.43425805555555,35.91746194444445,1269
138.4342961111111,35.91731194444444,1268
138.4342961111111,35.91727,1267
138.4342961111111,35.91727,1267
138.4342961111111,35.91705388888889,1266
138.43418305555556,35.91642888888889,1262
138.4340711111111,35.915838055555554,1261
138.43389611111112,35.91511305555556,1257
138.4337088888889,35.91450388888889,1253
138.4332588888889,35.91338805555556,1245
138.4330711111111,35.91287888888889,1243
138.4327461111111,35.911805,1238
138.4327088888889,35.91172111111111,1237
138.4322838888889,35.910505,1220
138.4321588888889,35.91013805555556,1222
138.4321461111111,35.90981305555555,1221
138.4322711111111,35.90781305555556,1204
138.4323711111111,35.907496944444446,1202
138.4325088888889,35.90723,1201
138.4326838888889,35.907021944444445,1201
138.4345588888889,35.90518,1186
138.4347588888889,35.904896944444445,1184
138.4349838888889,35.90446388888889,1178
138.43259694444444,35.90355611111111,1179
138.43244694444445,35.90410611111111,1187
138.43233388888888,35.90417194444444,1188
138.43233388888888,35.90417194444444,1188
138.43244694444445,35.90410611111111,1187
138.43259694444444,35.90355611111111,1179
138.4349838888889,35.90446388888889,1178
138.4347588888889,35.904896944444445,1184
138.4345588888889,35.90518,1186
138.4326838888889,35.907021944444445,1201
138.4325088888889,35.90723,1201
138.4323711111111,35.907496944444446,1202
138.4322711111111,35.90781305555556,1204
138.4321461111111,35.90981305555555,1221
138.4321588888889,35.91013805555556,1222
138.4322838888889,35.910505,1220
138.4327088888889,35.91172111111111,1237
138.4327461111111,35.911805,1238
138.4330711111111,35.91287888888889,1243
138.4332588888889,35.91338805555556,1245
138.4337088888889,35.91450388888889,1253
138.43389611111112,35.91511305555556,1257
138.4340711111111,35.915838055555554,1261
138.43418305555556,35.91642888888889,1262
138.4342961111111,35.91705388888889,1266
138.4342961111111,35.91731194444444,1268
138.43425805555555,35.91746194444445,1269
138.4342211111111,35.91757111111111,1270
138.4340961111111,35.91775388888889,1272
138.4339961111111,35.91790388888889,1274
138.43385805555556,35.918171111111114,1277
138.4337211111111,35.91851194444445,1281
138.4342211111111,35.918796111111114,1276
138.43445805555555,35.91887111111111,1275
138.43482111111112,35.91892111111111,1277
138.43513305555555,35.91894611111111,1278
138.4350711111111,35.91914611111111,1280
138.4350961111111,35.91942,1283
138.4352211111111,35.919845,1289
138.4352211111111,35.92005388888889,1291
138.43517111111112,35.920295,1292
138.43513305555555,35.920453888888886,1293
138.43505805555554,35.920653888888886,1293
138.4347961111111,35.92115388888889,1295
138.43447111111112,35.92162805555556,1297
138.4340711111111,35.922286944444444,1304
138.4350711111111,35.922736944444445,1306
138.43545805555556,35.92292805555556,1309
138.43575805555557,35.92310305555556,1309
138.43633305555556,35.923453055555555,1311
138.43650805555555,35.92352,1310
138.43663305555555,35.92352,1310
138.43682,35.923445,1307
138.43690805555556,35.92337,1305
138.436945,35.92330305555556,1304
138.43732,35.923453055555555,1304
138.43750805555555,35.92351194444444,1302
138.437595,35.923545,1301
138.43772,35.923586944444445,1301
138.438345,35.923745,1302
138.43867,35.92377,1299
138.43895694444444,35.923836944444446,1299
138.43922,35.923895,1299
138.439395,35.92392805555556,1297
138.439545,35.92402,1297
138.439645,35.92412,1295
138.43967,35.92418611111111,1293
138.43968305555555,35.924236111111114,1292
138.43967,35.92431111111111,1292
138.43947,35.92477805555556,1296
138.439395,35.92507805555555,1301
138.43938194444445,35.92522805555556,1303
138.43943305555555,35.92545305555556,1302
138.439595,35.925645,1300
138.43978305555555,35.92582,1294
138.439945,35.92592805555555,1300
138.44048305555555,35.92617805555555,1313
138.440895,35.92636111111111,1316
138.44107,35.92648611111111,1317
138.44122,35.926628055555554,1317
138.44152,35.92701111111111,1318
138.44238194444443,35.92807805555555,1322
138.44303194444444,35.92892805555555,1324
138.4431688888889,35.929203055555554,1327
138.44341888888889,35.92963611111111,1326
138.4436438888889,35.92991111111111,1323
138.44398194444443,35.93025305555555,1319
138.4440688888889,35.93034388888889,1313
138.44443194444443,35.930593888888886,1325
138.44480694444445,35.930793888888886,1333
138.4454188888889,35.93107805555555,1335
138.44705694444445,35.931868888888886,1334
138.44728194444446,35.93226111111111,1332
138.44733194444444,35.93252694444445,1334
138.4473438888889,35.93281888888889,1335
138.44710694444444,35.93371111111111,1335
138.44706888888888,35.93403611111111,1333
138.4471438888889,35.93481,1342
138.44739388888888,35.93546888888889,1343
138.4476061111111,35.935985,1341
138.4480311111111,35.93700194444445,1355
138.4488561111111,35.938968055555556,1359
138.4494688888889,35.94035111111111,1352
138.45035611111112,35.942393055555556,1368
138.45056805555555,35.942883888888886,1367
138.45096805555556,35.94355888888889,1359
138.45115611111112,35.94385111111111,1364
138.4515561111111,35.94439305555556,1369
138.4522061111111,35.94510888888889,1378
138.45254305555557,35.94509305555555,1377
138.45285611111112,35.94510888888889,1375
138.45309305555554,35.945143055555555,1375
138.45339305555555,35.94521805555556,1374
138.45406888888888,35.94544305555556,1373
138.45406888888888,35.94544305555556,1373
138.45414305555556,35.94546805555556,1373
138.45484305555556,35.94570888888889,1374
138.45491805555557,35.94575888888889,1374
138.45498,35.94585111111111,1374
138.45514305555557,35.945841944444446,1374
138.45533,35.94586694444445,1373
138.456205,35.94613388888889,1374
138.4564061111111,35.94620611111111,1373
138.4564061111111,35.94620611111111,1373
138.45904305555555,35.947141944444446,1373
138.46089194444446,35.947766944444446,1372
138.46233,35.94825111111111,1368
138.464165,35.94887611111111,1365
138.464165,35.94887611111111,1365
138.4681788888889,35.95024194444444,1358
138.46915388888888,35.950583055555555,1356
138.47224111111112,35.95164194444445,1350
138.47256611111112,35.95176611111111,1349
138.4725288888889,35.951633055555554,1349
138.4725038888889,35.95155805555556,1349
138.4724788888889,35.9515,1349
138.47257888888888,35.951416944444446,1350
138.47439111111112,35.94985805555555,1347
138.47519111111112,35.949125,1346
138.47644111111111,35.948,1344
138.47785305555556,35.946691944444446,1343
138.47882805555557,35.94583388888889,1342
138.48057805555555,35.94418388888889,1340
138.48061611111112,35.944141944444446,1340
138.48139111111112,35.94365111111111,1340
138.48380305555557,35.94220888888889,1336
138.48399,35.94215111111111,1336
138.48419,35.942191944444446,1335
138.485015,35.94250111111111,1329
138.485715,35.94224194444445,1330
138.485815,35.94215888888889,1330
138.48617694444445,35.94150111111111,1333
138.48810194444445,35.94145888888889,1331
138.48865194444446,35.94164388888889,1332
</coordinates>
</LineString>
</Placemark>
</Document>
</kml>
