<?xml version="1.0" encoding="UTF-8"?>
<kml xmlns="http://www.opengis.net/kml/2.2" xmlns:atom="http://www.w3.org/2005/Atom">
<Document>
<name>第57代夏合宿６日目</name>
<atom:author>
<atom:name>ザッカーバーグ</atom:name>
</atom:author> 
<atom:link href="https://latlonglab.yahoo.co.jp/route/watch?id=89bf41b9cfe49b0821f3c4620346b1d0" />
<description><![CDATA[78km
950up]]></description>
<tags><![CDATA[wcc57th]]></tags>  
<Placemark>
<Style>
<LineStyle>
<color>99ff0000</color>
<width>6</width>
</LineStyle>
</Style>
<LineString>
<coordinates>
137.85480611111112,36.51943,736
137.85487805555556,36.51938194444445,736
137.85504111111112,36.51914,736
137.85516611111112,36.51894,735
137.85529111111111,36.518765,736
137.8554161111111,36.518631944444444,736
137.85557805555555,36.518481944444446,736
137.85587805555556,36.51819805555556,735
137.85619111111112,36.517848055555554,734
137.8563661111111,36.517665,734
137.85687805555557,36.51712388888889,732
137.85720305555554,36.516781944444446,732
137.8580161111111,36.51589888888889,731
137.8584161111111,36.515456944444445,730
137.85866611111112,36.51517388888889,729
137.8588161111111,36.51499111111111,729
137.85895305555556,36.51479111111111,728
137.85914111111111,36.51441611111111,727
137.85920305555555,36.51425694444445,727
137.85937805555557,36.51387388888889,726
137.86004111111112,36.51226611111111,724
137.8600011111111,36.51226194444445,724
137.8600011111111,36.51226194444445,724
137.86004111111112,36.51226611111111,724
137.86032805555556,36.51152388888889,723
137.86046611111112,36.51120805555556,723
137.86085305555557,36.51023305555555,722
137.86097805555556,36.509925,722
137.86110305555556,36.509475,722
137.86129111111111,36.508833055555556,721
137.86142805555556,36.50829111111111,720
137.86147805555555,36.50808305555555,720
137.86157805555555,36.50780805555556,720
137.86177805555556,36.50718305555556,719
137.86202805555556,36.506416944444446,718
137.86222805555556,36.50575888888889,717
137.86240305555555,36.50523388888889,717
137.8625661111111,36.50475888888889,716
137.8626661111111,36.504508888888886,716
137.86260194444444,36.50449611111111,716
137.86260194444444,36.50449611111111,716
137.86149111111112,36.504266944444446,716
137.86042805555556,36.50403388888889,716
137.85991611111112,36.50394194444444,717
137.85979111111112,36.50389194444445,717
137.8596161111111,36.503841944444446,717
137.85817805555556,36.50351694444444,718
137.8572661111111,36.50329194444444,719
137.85637888888888,36.50309194444444,720
137.8559038888889,36.502975,720
137.8554411111111,36.502875,720
137.85535388888889,36.50285888888889,720
137.85470388888888,36.5027,720
137.8539411111111,36.502525,721
137.85335388888888,36.50239194444445,722
137.8527161111111,36.50224194444444,722
137.85220388888888,36.502091944444444,722
137.85120388888888,36.50177611111111,724
137.8511161111111,36.50174194444445,724
137.85049194444446,36.50155888888889,725
137.85031694444444,36.501508888888885,725
137.85005388888888,36.50145111111111,725
137.8499788888889,36.50143388888889,725
137.8496788888889,36.501376111111114,725
137.84956694444443,36.50135111111111,725
137.84925388888888,36.501291944444446,725
137.84904194444445,36.50125111111111,725
137.8484038888889,36.50111694444445,727
137.8481788888889,36.501066944444446,728
137.84790388888888,36.50099194444444,728
137.84769194444445,36.50091694444444,729
137.8474038888889,36.50078388888889,728
137.8469288888889,36.500526111111114,728
137.84610388888888,36.50007611111111,729
137.84564194444445,36.49982611111111,730
137.84496694444445,36.49945888888889,731
137.84453,36.49920888888889,730
137.844055,36.49895111111111,730
137.841405,36.49750111111111,729
137.84126694444444,36.49742611111111,730
137.84066805555557,36.497101111111114,730
137.840055,36.49678388888889,730
137.839805,36.49670888888889,730
137.83958,36.49663388888889,731
137.83938,36.49657611111111,731
137.83801805555555,36.49621805555556,734
137.83751805555556,36.49605888888889,734
137.83729305555556,36.49596694444445,734
137.837205,36.49592611111111,734
137.83684305555556,36.49571805555556,735
137.83649305555556,36.495468055555556,735
137.8364161111111,36.49541694444444,735
137.83641694444444,36.49541694444444,735
137.83629305555556,36.49533388888889,735
137.8355811111111,36.49475888888889,735
137.8354061111111,36.49463388888889,735
137.83533111111112,36.494593055555555,735
137.83516805555556,36.49453388888889,735
137.8350061111111,36.49449305555556,735
137.83475611111112,36.49446805555556,735
137.8341311111111,36.49438388888889,735
137.83399305555557,36.49435888888889,735
137.83376805555557,36.49431805555555,735
137.83299305555556,36.494193055555556,736
137.83256805555556,36.494143055555554,736
137.8321061111111,36.49409305555555,736
137.83124305555555,36.49401805555556,736
137.83103111111112,36.49400111111111,736
137.8308561111111,36.49398388888889,736
137.8304811111111,36.49395888888889,738
137.83019388888889,36.49388388888889,738
137.8295938888889,36.49365888888889,744
137.82964388888888,36.49324305555555,745
137.8296811111111,36.49300888888889,741
137.82976888888888,36.49261,737
137.8298561111111,36.492335,736
137.82989388888888,36.492243055555555,736
137.83009388888888,36.491935,736
137.8306311111111,36.491135,732
137.8307311111111,36.49096,732
137.83089305555555,36.490635,733
137.83101805555555,36.49026,733
137.83114305555554,36.489826944444445,729
137.83121805555555,36.48947694444445,729
137.8313061111111,36.48862694444445,728
137.83136805555554,36.48826,727
137.8314061111111,36.48814388888889,727
137.83154305555556,36.487635,726
137.83166805555555,36.487251944444445,725
137.83184305555557,36.486761111111115,724
137.83205611111111,36.48626111111111,722
137.83215611111112,36.48591111111111,722
137.83234305555555,36.48509388888889,720
137.83246805555555,36.484318888888886,719
137.83251805555557,36.48416888888889,719
137.8328061111111,36.48363611111111,716
137.83286805555556,36.48351888888889,715
137.83311805555556,36.48251111111111,714
137.8331311111111,36.48224388888889,714
137.83331805555557,36.48107805555556,713
137.83336805555555,36.480745,711
137.83346805555556,36.48022805555556,710
137.83360611111112,36.47961111111111,709
137.83389305555556,36.47828694444444,706
137.8341061111111,36.477136944444446,703
137.83426805555555,36.47647888888889,702
137.83484305555555,36.47367888888889,698
137.83520611111112,36.47184611111111,693
137.83520611111112,36.471786944444446,693
137.83549305555556,36.470488055555556,691
137.8355811111111,36.47000388888889,691
137.8359311111111,36.468246111111114,688
137.83635611111112,36.46618,685
137.83645611111112,36.46568888888889,684
137.83665611111113,36.46478888888889,683
137.8367061111111,36.46453,682
137.83674305555556,36.464305,682
137.8367561111111,36.464055,682
137.83674305555556,36.46382194444445,681
137.83661805555556,36.46233111111111,679
137.83655611111112,36.46158111111111,678
137.83649305555556,36.46080611111111,677
137.8363061111111,36.45848888888889,674
137.837555,36.45605611111111,672
137.83771805555557,36.455865,672
137.83859305555555,36.45520694444444,671
137.83888,36.45498194444444,671
137.83898,36.45489805555555,671
137.83906805555554,36.45479,670
137.839105,36.45473194444445,670
137.83949305555555,36.45413194444444,670
137.84029305555555,36.45289,668
137.840505,36.45257388888889,668
137.840605,36.45241611111111,668
137.84064305555555,36.45229888888889,668
137.84066805555557,36.45219888888889,667
137.84061805555555,36.45164111111111,667
137.840455,36.44971611111111,665
137.84044305555557,36.44914888888889,665
137.84038,36.447783055555554,664
137.84036805555556,36.447608055555555,663
137.84038,36.44686611111111,667
137.84038,36.44678305555556,667
137.84039305555555,36.44664888888889,667
137.84043,36.44621611111111,666
137.840455,36.445925,665
137.84041805555555,36.445616111111114,661
137.84036805555556,36.445375,659
137.84019305555555,36.445025,659
137.83991805555556,36.444558055555554,659
137.83984305555555,36.44446611111111,658
137.83953,36.444116111111114,657
137.83894305555555,36.44343305555556,650
137.83838,36.442858055555554,649
137.83818,36.442658055555555,649
137.8375061111111,36.441966944444445,646
137.8374061111111,36.44185,646
137.8371061111111,36.44139194444445,646
137.83686805555556,36.441025,646
137.83659305555557,36.440691944444445,645
137.83656805555555,36.440666944444445,645
137.83641805555555,36.440508888888886,645
137.8358561111111,36.439925,644
137.8357061111111,36.43974194444444,644
137.83566805555554,36.43969194444445,644
137.83534305555557,36.439191944444445,642
137.8351561111111,36.43890888888889,642
137.8350561111111,36.43869194444444,641
137.83486805555555,36.43827611111111,640
137.83449305555555,36.43754194444445,638
137.8344561111111,36.437441944444444,638
137.8344561111111,36.43727611111111,638
137.83446805555556,36.43711694444445,638
137.83456805555556,36.43677611111111,637
137.83471805555556,36.435966944444445,636
137.83473111111113,36.43586805555555,636
137.83473111111113,36.435608888888886,636
137.83471805555556,36.43535111111111,636
137.83471805555556,36.43516805555556,635
137.83465611111112,36.434491944444446,635
137.83461805555555,36.434018055555555,634
137.83464305555555,36.43326805555556,633
137.83465611111112,36.43262611111111,633
137.83444305555557,36.43212611111111,632
137.83426805555555,36.431693055555556,632
137.83418111111112,36.431335,632
137.83418111111112,36.431043055555556,631
137.83424305555556,36.430635,630
137.83441805555555,36.430101111111114,630
137.83456805555556,36.42972611111111,629
137.83459305555556,36.42955194444444,629
137.8345811111111,36.42939305555556,629
137.8345561111111,36.42921805555556,629
137.8341561111111,36.428635,628
137.83386805555557,36.42830194444444,628
137.83369305555556,36.428068055555556,628
137.83363111111112,36.427885,628
137.83361805555555,36.42756,628
137.83361805555555,36.426635,627
137.83361805555555,36.42644388888889,627
137.83364305555557,36.426335,627
137.8338061111111,36.426085,626
137.8345811111111,36.424951944444445,625
137.83461805555555,36.42487694444444,625
137.83475611111112,36.42462694444445,624
137.83479305555556,36.424526944444445,624
137.83484305555555,36.424393888888886,624
137.8351811111111,36.42357694444444,625
137.83539305555556,36.42321888888889,624
137.83544305555554,36.42312694444445,624
137.83574305555555,36.42277694444444,623
137.83599305555555,36.422628055555556,623
137.83614305555557,36.42256111111111,622
137.83665611111113,36.42251111111111,621
137.83684305555556,36.422426944444446,620
137.83699305555555,36.422311111111114,621
137.83726805555557,36.42200305555556,620
137.8374311111111,36.421776944444446,621
137.8376311111111,36.421261111111114,621
137.8376561111111,36.42118611111111,621
137.83776805555556,36.42106888888889,621
137.8382061111111,36.420743888888886,621
137.83861805555554,36.42044388888889,621
137.83934305555556,36.41976888888889,617
137.83963111111112,36.41941111111111,617
137.84085611111112,36.417903055555556,614
137.84129305555555,36.41737,616
137.8417311111111,36.416845,614
137.84288,36.415445,615
137.84311805555555,36.415195,615
137.84349305555557,36.41482888888889,614
137.84371805555554,36.414611944444445,614
137.84385194444445,36.41444388888889,613
137.84385194444445,36.41444388888889,613
137.84403,36.41422111111111,613
137.84424305555555,36.41392888888889,612
137.84443,36.41361194444445,611
137.844505,36.413471111111114,611
137.84461805555554,36.41314611111111,611
137.84469305555555,36.41281194444444,609
137.84473,36.41257888888889,609
137.84478,36.41214611111111,608
137.84554305555557,36.412286944444446,606
137.84578,36.41238694444444,604
137.84589305555556,36.41240388888889,604
137.846355,36.41199611111111,602
137.84724305555557,36.41029611111111,599
137.847305,36.41022111111111,599
137.84793,36.409238055555555,598
137.84908,36.40793,596
137.850155,36.40687194444445,592
137.85161805555555,36.40546388888889,592
137.85188,36.40521388888889,591
137.85208,36.40501388888889,590
137.85229305555555,36.40428,592
137.85288805555555,36.403198055555556,590
137.85288805555555,36.403198055555556,590
137.853805,36.40153111111111,586
137.85531694444444,36.39878111111111,582
137.85614194444443,36.39724805555556,581
137.85618,36.397165,581
137.85618,36.39704805555556,581
137.856055,36.396565,580
137.85604194444446,36.396315,578
137.85606694444445,36.396065,578
137.856105,36.39588194444445,578
137.856105,36.395765,578
137.85638,36.39524888888889,576
137.85643,36.39510694444444,576
137.85643,36.394965,576
137.856405,36.39480694444445,576
137.856355,36.39442388888889,576
137.856355,36.39438194444445,576
137.856355,36.39425694444444,576
137.856405,36.394131944444446,576
137.85699194444445,36.393256944444445,577
137.857055,36.39306611111111,576
137.85706694444445,36.39289111111111,576
137.85709194444445,36.39147388888889,576
137.857105,36.390683055555556,577
137.857105,36.390633055555554,577
137.85713,36.38961611111111,576
137.85714194444444,36.389023888888886,576
137.857155,36.388,578
137.85714194444444,36.38639111111111,577
137.85713,36.38525805555555,576
137.85713,36.385133055555556,576
137.85714194444444,36.3845,576
137.85714194444444,36.384433055555554,576
137.857155,36.3841,576
137.85723,36.38360888888889,576
137.85729194444446,36.383125,575
137.85736694444444,36.38243388888889,575
137.85738,36.38228388888889,575
137.85744194444445,36.38170888888889,575
137.85744194444445,36.381566944444444,575
137.85744194444445,36.38138388888889,575
137.85741694444445,36.381233888888886,575
137.85733,36.380941944444444,574
137.85731694444445,36.38083388888889,574
137.85731694444445,36.38053388888889,574
137.85729194444446,36.380383888888886,574
137.85724194444444,36.38024305555555,574
137.856955,36.37967611111111,574
137.85691694444444,36.37950111111111,574
137.85691694444444,36.37935111111111,574
137.85693,36.37915111111111,574
137.85693194444445,36.379131944444445,574
137.85693194444445,36.379131944444445,574
137.85699194444445,36.37864305555556,574
137.85699194444445,36.37853388888889,574
137.85698,36.378433888888885,574
137.85689194444444,36.378168055555555,574
137.85668,36.37765111111111,573
137.85644194444444,36.37699305555556,574
137.85639194444445,36.37647611111111,573
137.85639194444445,36.37636805555555,573
137.85643,36.37626,573
137.85648,36.37616805555555,572
137.85686694444445,36.37585111111111,571
137.856505,36.375535,571
137.85636694444443,36.37535111111111,571
137.85621694444444,36.37511,573
137.85611694444444,36.37486805555555,572
137.85596694444445,36.374285,572
137.85586694444444,36.37381805555555,571
137.85586694444444,36.37355194444444,571
137.85591694444443,36.37331805555556,570
137.85601694444443,36.37311805555556,570
137.856105,36.372993055555554,571
137.85624194444443,36.372818055555555,571
137.85684194444445,36.37215194444445,570
137.85711694444444,36.37176,568
137.85724194444444,36.37151,567
137.857355,36.371285,567
137.85756694444444,36.37069388888889,565
137.85804194444444,36.36944388888889,564
137.85829194444443,36.36878611111111,563
137.85863,36.36791888888889,562
137.85879194444445,36.367536111111114,561
137.85900388888888,36.36700305555556,561
137.85909194444446,36.36674388888889,560
137.85924194444445,36.36619388888889,559
137.85945388888888,36.36533611111111,557
137.8598288888889,36.363953055555555,557
137.85991694444445,36.36360305555556,557
137.8600788888889,36.36293694444444,557
137.86016694444444,36.36252805555556,557
137.86022888888888,36.362136944444444,557
137.86026694444445,36.36167,557
137.86024194444445,36.36145388888889,557
137.86012888888888,36.361095,557
137.8600538888889,36.36090388888889,558
137.86001694444445,36.36076194444444,558
137.859955,36.36057,558
137.85991694444445,36.360345,558
137.859905,36.36016194444444,557
137.85993,36.35993694444444,557
137.860005,36.35968694444445,557
137.86011694444446,36.35946194444445,556
137.86045388888888,36.35891194444444,555
137.86061694444444,36.35862888888889,554
137.86070388888888,36.35842111111111,553
137.86074194444444,36.35825388888889,553
137.8607788888889,36.35803694444444,553
137.86080388888888,36.35751194444445,553
137.86082888888888,36.35725388888889,553
137.86086694444444,36.357078888888886,553
137.86094194444445,36.35684611111111,553
137.86115388888888,36.356386944444445,552
137.86141694444444,36.35586305555555,551
137.86160388888888,36.35543805555555,551
137.86172888888888,36.35507111111111,551
137.86194194444445,36.35437888888889,551
137.86199194444444,36.35422111111111,550
137.86209194444444,36.35388805555556,547
137.86226694444446,36.353305,547
137.86234194444444,36.353055,547
137.86249194444446,36.35258805555556,547
137.86291694444444,36.351205,549
137.86296694444445,36.35103,549
137.86301694444444,36.350763055555554,550
137.8630288888889,36.350563055555554,550
137.8630038888889,36.350355,550
137.86295388888888,36.35014694444445,550
137.8628038888889,36.34981305555556,550
137.86239194444445,36.34889694444445,552
137.862355,36.34881388888889,552
137.8616411111111,36.347271944444444,555
137.8616411111111,36.347271944444444,555
137.86163,36.34724694444444,556
137.86131694444444,36.34733888888889,555
137.860955,36.347455,555
137.860505,36.34758,555
137.85994194444444,36.34778,555
137.85979194444445,36.34783,555
137.85904194444444,36.34808805555556,556
137.85848,36.34828,556
137.85804305555556,36.348455,555
137.85791805555556,36.34851305555556,555
137.857055,36.34898805555556,555
137.85689194444444,36.34903805555555,554
137.85659305555555,36.349113055555556,554
137.856305,36.34916305555556,554
137.85556805555555,36.34918,554
137.85394305555556,36.34923,556
137.85369305555557,36.34923805555555,556
137.85363,36.34923805555555,556
137.85254305555554,36.34929611111111,560
137.85204305555555,36.349338055555556,561
137.851455,36.34936305555556,562
137.85129305555554,36.34937111111111,562
137.85096805555557,36.34937111111111,564
137.84993111111112,36.34934611111111,568
137.8496561111111,36.349338055555556,569
137.84829305555556,36.34932111111111,573
137.84797305555554,36.34932111111111,574
137.84797305555554,36.34932111111111,574
137.84731805555555,36.34932111111111,576
137.8469061111111,36.34890388888889,575
137.84626805555556,36.348238055555555,576
137.84620611111112,36.34817888888889,577
137.84539305555555,36.347355,579
137.84505611111112,36.34701305555556,580
137.84491805555555,36.34686305555555,581
137.84483111111112,36.34673,582
137.84476805555556,36.34661305555556,583
137.8446811111111,36.346405,583
137.84435611111113,36.345355,584
137.84394305555554,36.343963055555555,590
137.8437561111111,36.343355,593
137.8437311111111,36.34326305555555,594
137.84366805555555,36.34305388888889,595
137.84366805555555,36.34305388888889,595
137.84351805555556,36.342555,598
137.84311888888888,36.34118888888889,607
137.8429311111111,36.34053888888889,611
137.8427061111111,36.33981388888889,615
137.8422811111111,36.33844694444444,623
137.84210611111112,36.337831111111115,626
137.8419188888889,36.33723111111111,631
137.8418861111111,36.33712388888889,632
137.8418861111111,36.33712388888889,632
137.84174388888889,36.33665611111111,636
137.84168111111111,36.33644694444445,637
137.84165611111112,36.33636388888889,638
137.8416061111111,36.33632194444444,638
137.84153111111112,36.33629694444444,639
137.84153111111112,36.33620611111111,639
137.84154388888888,36.33593111111111,638
137.8414938888889,36.33560611111111,640
137.8413561111111,36.33454694444445,645
137.8413438888889,36.33438888888889,645
137.8413438888889,36.33426388888889,646
137.8413811111111,36.33409805555556,647
137.84143111111112,36.333773055555554,649
137.8416188888889,36.33288888888889,653
137.84165611111112,36.332723055555554,653
137.8417061111111,36.33248888888889,654
137.84171805555556,36.33236388888889,655
137.84175611111112,36.332188888888886,656
137.84181805555556,36.33199805555556,657
137.84190611111111,36.33177305555556,655
137.84194305555556,36.33163888888889,655
137.84198111111112,36.33133888888889,654
137.84200611111112,36.33103888888889,653
137.84201805555554,36.33093888888889,652
137.84204305555556,36.33083888888889,652
137.84214305555557,36.330663888888886,651
137.8422561111111,36.33049805555556,651
137.8427061111111,36.32993111111111,651
137.84290611111112,36.32963111111111,649
137.84304305555557,36.329415,648
137.84313111111112,36.32924,647
137.8433061111111,36.32853111111111,645
137.84331805555556,36.32844,645
137.84334305555555,36.32819,645
137.84331805555556,36.327965,647
137.8433061111111,36.32788111111111,647
137.8433061111111,36.32774805555555,648
137.84334305555555,36.327615,647
137.84354305555556,36.327015,647
137.84379305555555,36.32622305555556,645
137.84389305555555,36.32590694444445,645
137.8439561111111,36.325765,645
137.8442311111111,36.32509,644
137.84464305555557,36.32412388888889,644
137.8448561111111,36.32356611111111,643
137.84489305555556,36.323481944444445,642
137.84516805555555,36.32284888888889,644
137.84518111111112,36.322806944444444,644
137.84546805555556,36.32210694444444,648
137.84569305555556,36.32152388888889,649
137.84575611111111,36.32134888888889,649
137.84616805555555,36.32041611111111,647
137.8462311111111,36.32027388888889,646
137.84643111111112,36.31994888888889,643
137.8466061111111,36.319741111111114,639
137.8469061111111,36.31949888888889,639
137.84716805555556,36.31932388888889,644
137.8472561111111,36.31927388888889,645
137.84736805555556,36.319208055555556,644
137.84730611111112,36.31904888888889,646
137.84721805555554,36.31884888888889,647
137.8471811111111,36.318708055555554,648
137.84714305555556,36.318558055555556,649
137.84714305555556,36.31843305555556,650
137.84714305555556,36.31836611111111,650
137.84719305555555,36.31818305555556,650
137.84733111111112,36.31792388888889,650
137.84759305555556,36.31764888888889,650
137.8476311111111,36.31757388888889,650
137.84768111111111,36.317375,650
137.8477311111111,36.317175,651
137.84774305555555,36.31709111111111,652
137.84774305555555,36.31694111111111,652
137.84774305555555,36.31644111111111,654
137.84774305555555,36.31641611111111,654
137.8477311111111,36.3158,656
137.8477311111111,36.31549111111111,656
137.84774305555555,36.31536611111111,656
137.84779305555554,36.3151,655
137.8478061111111,36.315016944444444,655
137.84781805555556,36.31491694444444,655
137.84781805555556,36.31474194444444,654
137.84778111111112,36.31444194444445,654
137.84776805555555,36.31424194444445,655
137.84778111111112,36.31404194444445,654
137.84781805555556,36.31381694444445,654
137.8478561111111,36.31361694444445,653
137.84788111111112,36.31335,652
137.84788111111112,36.313141944444446,652
137.84786805555555,36.313025,652
137.8478311111111,36.31279194444444,652
137.8477311111111,36.312525,652
137.84755611111112,36.31220888888889,652
137.84741805555555,36.31200888888889,652
137.8471561111111,36.31163388888889,651
137.84696888888888,36.31135888888889,651
137.8467688888889,36.311033888888886,652
137.8465938888889,36.310766944444445,653
137.84616888888888,36.31015,654
137.84606888888888,36.30995,654
137.8460438888889,36.30985,653
137.8460188888889,36.30965111111111,653
137.8460438888889,36.30952611111111,653
137.84629388888888,36.30840888888889,652
137.8463438888889,36.30825111111111,651
137.8464438888889,36.30810888888889,650
137.8465061111111,36.308033888888886,649
137.8472438888889,36.30725888888889,643
137.84751888888889,36.30697611111111,642
137.8476188888889,36.30680111111111,641
137.84764388888888,36.306716944444446,641
137.84766888888888,36.30660888888889,640
137.84768111111111,36.30648388888889,639
137.84768111111111,36.306216944444444,639
137.84768111111111,36.30602611111111,639
137.8477188888889,36.30589194444445,639
137.84778111111112,36.30577611111111,638
137.8480561111111,36.305326111111114,636
137.84810611111112,36.30521805555556,636
137.84813111111112,36.305143055555554,636
137.8481938888889,36.30498388888889,635
137.8482688888889,36.30475111111111,634
137.84833111111112,36.30450111111111,632
137.8483688888889,36.304118055555556,630
137.8483688888889,36.30394305555556,630
137.84833111111112,36.303601111111114,630
137.8483061111111,36.303443055555555,630
137.84833111111112,36.303235,629
137.84835611111112,36.30311805555556,628
137.8484688888889,36.30292611111111,626
137.8485938888889,36.30276805555555,625
137.84889388888888,36.302435,623
137.8494188888889,36.30185111111111,619
137.84968111111112,36.30152611111111,618
137.84991888888888,36.30121,617
137.85004388888888,36.30101805555555,616
137.8502188888889,36.30070194444444,615
137.85048111111112,36.30019305555555,614
137.8506188888889,36.29991805555556,613
137.85081888888888,36.29947694444444,612
137.85115611111112,36.29872694444445,610
137.8511938888889,36.29854388888889,609
137.8512188888889,36.29797694444444,607
137.8512061111111,36.29771888888889,606
137.8512188888889,36.296951944444444,605
137.8512561111111,36.29645194444444,604
137.85126888888888,36.29636111111111,604
137.8513188888889,36.29579388888889,603
137.85136888888889,36.295226944444444,602
137.85138111111112,36.29514388888889,602
137.8514188888889,36.29478611111111,601
137.85151888888888,36.29439388888889,601
137.8515811111111,36.29425194444445,600
137.8516811111111,36.29408611111111,600
137.85175611111111,36.29396888888889,600
137.8518688888889,36.29383611111111,600
137.8520438888889,36.29366111111111,600
137.85253111111112,36.29327694444444,600
137.85274388888888,36.29311888888889,600
137.85286888888888,36.29301888888889,600
137.85296888888888,36.292901944444445,600
137.8530561111111,36.29279388888889,599
137.85310611111112,36.292701944444445,599
137.8531688888889,36.29258611111111,599
137.85329388888889,36.29215305555555,599
137.8533688888889,36.29197805555555,598
137.8535811111111,36.29168611111111,598
137.85368111111111,36.29152805555555,598
137.8537311111111,36.291378055555555,598
137.85375611111112,36.29099388888889,598
137.85376888888888,36.29057805555556,597
137.85376888888888,36.29046888888889,597
137.85376888888888,36.29029388888889,597
137.85374388888889,36.29007,597
137.85368111111111,36.28967,597
137.85368111111111,36.28963611111111,597
137.8536061111111,36.28940305555555,597
137.8535061111111,36.28917805555555,597
137.8533811111111,36.288895,596
137.8533561111111,36.28886111111111,596
137.8531561111111,36.28842,596
137.8529561111111,36.287995,596
137.8529311111111,36.28787805555555,596
137.8528938888889,36.28762805555556,596
137.85284388888888,36.287261944444445,596
137.8528061111111,36.287011944444444,596
137.85276888888887,36.28672805555556,597
137.85274388888888,36.28632,597
137.85276888888887,36.286161944444444,597
137.8528061111111,36.286011944444446,596
137.85285611111112,36.28586194444444,596
137.85286888888888,36.28582,596
137.8530561111111,36.28526194444444,596
137.8531188888889,36.28516194444445,596
137.85321888888888,36.28502,596
137.8534061111111,36.28485388888889,597
137.85374388888889,36.28458694444444,597
137.85388111111112,36.28445388888889,597
137.85400611111112,36.284295,597
137.8540311111111,36.284245,597
137.85410611111112,36.28402,598
137.85411888888888,36.283878888888886,598
137.85409388888888,36.28335388888889,599
137.85409388888888,36.28328694444444,600
137.85409388888888,36.28305388888889,601
137.85411888888888,36.28234611111111,602
137.85420694444446,36.28169611111111,604
137.85421888888888,36.281528888888886,605
137.85420694444446,36.281303888888885,606
137.8541938888889,36.281196111111115,606
137.85418194444443,36.28112111111111,606
137.8541688888889,36.281061944444446,607
137.85415694444444,36.28091194444445,608
137.8541438888889,36.280611944444445,610
137.85415694444444,36.28052888888889,611
137.85421888888888,36.28015388888889,612
137.85421888888888,36.279963055555555,613
137.8541938888889,36.279738055555555,614
137.85411888888888,36.279378888888886,615
137.85405694444444,36.27900388888889,617
137.85393194444444,36.27842888888889,619
137.8538188888889,36.27784611111111,622
137.85378194444445,36.277661944444446,623
137.8537188888889,36.277363055555554,624
137.85358194444444,36.27663805555556,628
137.85350694444443,36.27622888888889,630
137.8533938888889,36.27578805555556,633
137.85321888888888,36.27538,636
137.8531688888889,36.275213055555554,637
137.85308194444445,36.27478,639
137.85306888888888,36.27459611111111,640
137.85306888888888,36.27446305555556,642
137.8531438888889,36.27403805555556,644
137.8531188888889,36.27384611111111,644
137.85309388888888,36.273763055555555,644
137.8530438888889,36.27367111111111,644
137.8529438888889,36.273538055555555,647
137.85219388888888,36.27268,652
137.8518938888889,36.27233805555556,653
137.8518188888889,36.272221944444446,654
137.8517688888889,36.27212194444444,654
137.85173194444445,36.27198805555555,655
137.8516688888889,36.27164694444444,655
137.8516438888889,36.27153805555555,656
137.85159388888889,36.27144694444444,656
137.8515438888889,36.27139694444445,656
137.8514438888889,36.271296944444444,656
137.85133194444444,36.271213055555556,658
137.85093194444445,36.270905,660
137.85072,36.270755,662
137.85058194444446,36.27068,663
137.85053194444444,36.270655,664
137.850145,36.270446944444444,665
137.85002,36.270355,667
137.84997,36.270305,667
137.849595,36.26993888888889,670
137.84885694444444,36.269221944444446,676
137.84763194444446,36.26804694444444,683
137.847545,36.26797194444445,683
137.84713305555556,36.26755611111111,683
137.846895,36.26730611111111,685
137.84678194444444,36.26716388888889,687
137.84673305555555,36.26705611111111,687
137.84665694444445,36.26683888888889,691
137.846595,36.266621944444445,691
137.84652,36.26635611111111,692
137.84648305555555,36.26618888888889,691
137.84643194444445,36.26598111111111,692
137.84618194444445,36.26508888888889,693
137.84615805555555,36.26501388888889,693
137.84608194444445,36.26471388888889,693
137.846045,36.26455611111111,692
137.845995,36.26430611111111,693
137.84598305555556,36.26415611111111,693
137.846045,36.26335611111111,692
137.84607,36.26305611111111,692
137.846145,36.26269805555555,691
137.846395,36.26201388888889,689
137.84680694444444,36.261023055555555,691
137.846945,36.26067305555556,692
137.84722,36.25989,694
137.84725805555556,36.25982305555556,695
137.847345,36.259656944444444,695
137.84758194444444,36.25919805555556,697
137.84807,36.25824,697
137.84815805555556,36.257965,698
137.84822,36.25767388888889,698
137.848295,36.25723194444444,699
137.84832,36.256973888888886,699
137.84850694444444,36.256996111111114,699
137.84850694444444,36.256996111111114,699
137.849295,36.25709,697
137.849695,36.257131944444446,696
137.84998305555555,36.256915,694
137.85033194444443,36.25667388888889,692
137.850645,36.256456944444444,691
137.851,36.256213055555556,690
137.851,36.256213055555556,690
137.85183305555555,36.25564111111111,687
137.85277,36.254981944444445,686
137.85383194444444,36.25441611111111,684
137.85487,36.25387388888889,683
137.854895,36.25386611111111,683
137.8555211111111,36.25353194444445,682
137.8555211111111,36.25353194444445,682
137.855895,36.25333194444445,682
137.85607,36.25324111111111,681
137.85615694444445,36.25315805555555,680
137.85617,36.25312388888889,680
137.85618194444444,36.25311611111111,680
137.85623194444443,36.252898888888886,679
137.856345,36.252408055555556,676
137.85638194444445,36.252248888888886,676
137.85647,36.25184888888889,676
137.856645,36.25102388888889,677
137.85665694444444,36.25089111111111,679
137.85663194444444,36.25077388888889,681
137.856545,36.25059111111111,681
137.85648305555554,36.250483055555556,682
137.85605694444445,36.24969888888889,690
137.85590805555555,36.249433055555556,691
137.85588305555555,36.249341111111114,691
137.855795,36.248783055555556,693
137.85562,36.24776611111111,693
137.85545805555554,36.246775,693
137.85545694444446,36.24677,693
137.85545694444446,36.24677,693
137.85530805555555,36.24579194444444,694
137.85515805555556,36.244866944444446,694
137.8548211111111,36.242758888888886,692
137.85464611111112,36.24174194444444,693
137.85448305555556,36.24075,693
137.85415805555556,36.23876694444444,693
137.85385805555555,36.236891944444444,696
137.85353388888888,36.234991944444445,696
137.8532338888889,36.233108888888886,698
137.8529211111111,36.23122611111111,700
137.85273388888888,36.230108888888886,700
137.85265388888888,36.22960805555556,699
137.85265388888888,36.22960805555556,699
137.85257194444443,36.22909305555556,698
137.85227194444445,36.22725111111111,697
137.85217194444445,36.226635,697
137.8545088888889,36.22512694444445,689
137.8549338888889,36.22486,687
137.85523388888888,36.224693055555555,686
137.8561838888889,36.224235,685
137.85642194444443,36.22411,684
137.8565088888889,36.224035,684
137.85724694444446,36.22317694444445,683
137.85737194444445,36.22306,683
137.85754694444444,36.222935,683
137.8576338888889,36.22286888888889,683
137.85883388888888,36.222035,681
137.8588838888889,36.22201,681
137.85874694444445,36.22181,681
137.8584588888889,36.22139388888889,674
137.8579588888889,36.22076888888889,673
137.85789694444443,36.22056888888889,670
137.85789694444443,36.22046,669
137.85828388888888,36.21996,667
137.85812194444443,36.21986,667
137.8579588888889,36.21969388888889,668
137.85754694444444,36.21923611111111,668
137.85736,36.21901888888889,668
137.85726,36.218893888888886,669
137.857085,36.21863611111111,668
137.856685,36.217976944444445,668
137.85631,36.21736111111111,668
137.85616,36.21708611111111,668
137.85604694444444,36.21685305555555,668
137.85597194444443,36.216726944444446,669
137.85592194444445,36.21665194444444,669
137.85497194444446,36.215228055555556,669
137.85486,36.21505305555556,669
137.85462194444443,36.214418888888886,670
137.85452305555555,36.21418611111111,670
137.854435,36.214061111111114,670
137.85401,36.21381888888889,670
137.85374694444445,36.213595,670
137.85346,36.21337805555556,670
137.85336,36.213278055555556,670
137.853285,36.213145,670
137.85322305555556,36.21306111111111,670
137.85406,36.21176111111111,665
137.85439805555555,36.21122805555556,665
137.85494805555555,36.21036194444444,666
137.85549694444444,36.20952888888889,666
137.85552194444443,36.209495,666
137.85622305555555,36.20840388888889,656
137.85662194444444,36.20779611111111,658
137.85666,36.20772888888889,660
137.857285,36.20677888888889,660
137.857585,36.20635388888889,660
137.85762194444445,36.20628694444444,660
137.85791,36.20585388888889,661
137.858135,36.205511944444446,661
137.85822305555556,36.20538805555555,662
137.85839694444445,36.20509611111111,670
137.858435,36.20494611111111,670
137.85842194444444,36.20482111111111,670
137.85827194444445,36.20452888888889,671
137.85791,36.20387888888889,674
137.85776,36.20361305555556,675
137.85766,36.20343805555556,675
137.85752194444444,36.203203888888886,675
137.85697305555556,36.202288055555556,676
137.85661,36.20167111111111,676
137.85654805555555,36.20152111111111,676
137.85641,36.20149611111111,676
137.85567305555554,36.20137111111111,676
137.855685,36.201255,677
137.85571,36.19993,686
137.85571,36.199821944444444,687
137.85571,36.19978,687
137.855935,36.19981305555556,686
137.856085,36.199855,687
137.85647305555557,36.199905,686
137.85656,36.19994694444444,686
137.85706,36.200271944444445,683
137.85716,36.20032111111111,684
137.8573461111111,36.20037305555555,684
137.8573461111111,36.20037305555555,684
137.85716,36.20032111111111,684
137.85706,36.200271944444445,683
137.85656,36.19994694444444,686
137.85647305555557,36.199905,686
137.856085,36.199855,687
137.855935,36.19981305555556,686
137.85571,36.19978,687
137.85571,36.199821944444444,687
137.85571,36.19993,686
137.855685,36.201255,677
137.85567305555554,36.20137111111111,676
137.85641,36.20149611111111,676
137.85654805555555,36.20152111111111,676
137.85661,36.20167111111111,676
137.85697305555556,36.202288055555556,676
137.85752194444444,36.203203888888886,675
137.85766,36.20343805555556,675
137.85776,36.20361305555556,675
137.85791,36.20387888888889,674
137.85827194444445,36.20452888888889,671
137.85842194444444,36.20482111111111,670
137.858435,36.20494611111111,670
137.85839694444445,36.20509611111111,670
137.85822305555556,36.20538805555555,662
137.858135,36.205511944444446,661
137.85791,36.20585388888889,661
137.85762194444445,36.20628694444444,660
137.857585,36.20635388888889,660
137.85731805555557,36.20673305555555,660
137.85731694444445,36.20673305555555,660
137.857285,36.20677888888889,660
137.85692194444445,36.20662111111111,661
137.85519805555555,36.20595388888889,662
137.853835,36.20541305555555,665
137.85184805555556,36.20459611111111,665
137.851535,36.20444611111111,665
137.8476861111111,36.20279611111111,667
137.84754805555556,36.202753888888886,667
137.84742305555557,36.20272111111111,667
137.84726111111112,36.20267888888889,667
137.8470861111111,36.20261305555555,667
137.8465111111111,36.20238805555555,668
137.8456611111111,36.202063055555556,670
137.8440361111111,36.20144611111111,670
137.84296111111112,36.20102888888889,672
137.84287194444445,36.20097611111111,672
137.84287194444445,36.20097611111111,672
137.8411861111111,36.19997111111111,675
137.84048611111112,36.199605,675
137.8381738888889,36.19844611111111,676
137.8372488888889,36.19799611111111,677
137.83468611111113,36.19673,684
137.83384611111111,36.19631611111111,683
137.83384611111111,36.19631611111111,683
137.8321488888889,36.19548,682
137.83193694444444,36.195355,682
137.83129888888888,36.194763055555555,683
137.83111194444444,36.194555,684
137.83097388888888,36.19448805555555,684
137.8299988888889,36.194088055555554,685
137.82768694444445,36.19314694444444,685
137.8265738888889,36.19266805555556,687
137.8265738888889,36.19266805555556,687
137.82561194444443,36.192255,688
137.82588694444445,36.191746944444446,689
137.82551194444446,36.19161305555556,689
137.82501194444444,36.19143,689
137.82388694444444,36.19099694444444,689
137.82308694444444,36.190713055555555,693
137.82291194444446,36.190646944444445,691
137.82263694444444,36.190555,690
137.82158694444445,36.19018,697
137.82141305555555,36.19011305555556,696
137.82108805555555,36.18998,696
137.82066194444445,36.189771944444445,697
137.82035,36.189605,697
137.82006305555555,36.18953,696
137.81965,36.18948888888889,696
137.81925,36.18948888888889,695
137.81871305555555,36.189555,694
137.81813805555555,36.18964694444445,692
137.817775,36.18963888888889,691
137.817425,36.189505,691
137.8171,36.18927194444444,692
137.81668805555555,36.18891388888889,693
137.81651305555556,36.188763888888886,694
137.816,36.188355,695
137.81568805555557,36.188155,696
137.81523805555557,36.18793,697
137.81477611111112,36.187755,698
137.81411305555557,36.187555,699
137.8135511111111,36.18738,698
137.81285111111112,36.187171944444444,699
137.81236305555555,36.187038888888885,698
137.8117511111111,36.18692194444444,704
137.81131305555556,36.18684694444445,704
137.81091305555555,36.18668888888889,704
137.8106261111111,36.186506111111115,706
137.80953805555555,36.18568111111111,715
137.80881305555556,36.18513111111111,724
137.80773888888888,36.18433111111111,728
137.80705111111112,36.183931111111114,727
137.8067388888889,36.18383111111111,725
137.8062138888889,36.183796944444445,699
137.80581388888888,36.183771944444445,699
137.80522611111112,36.18382305555556,712
137.80513888888888,36.18383111111111,713
137.80467611111112,36.18387194444445,715
137.8032888888889,36.18407194444445,722
137.80300194444445,36.18409805555556,722
137.80273888888888,36.18408111111111,722
137.80250194444446,36.18405611111111,722
137.80135194444443,36.18378888888889,723
137.80057694444446,36.18359805555556,727
137.79968888888888,36.18338111111111,728
137.79956388888888,36.18333888888889,728
137.79945194444446,36.18327305555555,728
137.7990638888889,36.182896944444444,728
137.79897694444443,36.18281388888889,728
137.79877694444446,36.182631111111114,728
137.79850194444444,36.182448055555554,728
137.79817694444444,36.18237305555556,727
137.79769,36.182298055555556,732
137.79695194444446,36.18214805555556,734
137.796565,36.182073055555556,730
137.796215,36.18205611111111,725
137.79567694444444,36.18210611111111,723
137.79532805555556,36.18217305555556,723
137.79482805555554,36.18235611111111,725
137.79327694444444,36.18306388888889,727
137.79282805555556,36.18323111111111,727
137.791715,36.18368888888889,736
137.79144,36.18382305555556,735
137.79117805555555,36.18389805555555,738
137.78989,36.18413888888889,736
137.78917805555557,36.18432305555555,734
137.78895305555557,36.18437194444444,736
137.7887411111111,36.18438888888889,736
137.7884161111111,36.18437194444444,736
137.78800305555555,36.18428888888889,728
137.78765305555555,36.184198055555555,724
137.78746611111112,36.18412305555555,725
137.78725305555557,36.18398888888889,719
137.7863911111111,36.18333111111111,720
137.78607805555555,36.183098055555554,725
137.78584111111113,36.182856111111114,730
137.7852661111111,36.182248055555554,734
137.78516611111112,36.18214805555556,734
137.7846911111111,36.18168111111111,734
137.78440305555554,36.18148111111111,736
137.7841288888889,36.18121388888889,731
137.78402888888888,36.181131111111114,735
137.78391611111113,36.181063888888886,734
137.7833411111111,36.180973055555555,736
137.7829411111111,36.18069,739
137.78246611111112,36.18015611111111,740
137.7821661111111,36.17950611111111,741
137.7818161111111,36.17820694444445,742
137.7817411111111,36.177906944444445,744
137.7816411111111,36.17765694444444,745
137.7814911111111,36.177365,745
137.7811661111111,36.17684805555555,756
137.78107888888889,36.17662305555555,756
137.7809288888889,36.175665,754
137.78089194444445,36.17554,754
137.78059194444444,36.17482388888889,754
137.7804788888889,36.17465694444444,754
137.7803788888889,36.17455694444445,756
137.7800538888889,36.17426611111111,752
137.7799038888889,36.17418194444444,751
137.7796788888889,36.174081944444445,751
137.77944194444444,36.17391611111111,753
137.77930388888888,36.17384888888889,752
137.77904194444446,36.17374111111111,751
137.77891694444443,36.17364888888889,747
137.77884194444445,36.17351611111111,750
137.7788038888889,36.173366111111115,746
137.77881694444446,36.173181944444444,751
137.77885388888888,36.17302388888889,752
137.77894194444445,36.17287388888889,753
137.77921694444444,36.17249888888889,751
137.77926694444446,36.17237388888889,747
137.77926694444446,36.17222388888889,739
137.77919194444445,36.17209888888889,739
137.77907888888888,36.171998888888886,741
137.7788788888889,36.17192388888889,753
137.7787538888889,36.17187388888889,747
137.77869194444443,36.17182388888889,747
137.77864194444444,36.171756944444446,743
137.77860388888888,36.171658055555554,742
137.7783538888889,36.17062388888889,742
137.7782288888889,36.17044888888889,743
137.77811694444443,36.170383055555554,743
137.77781694444445,36.17028305555556,743
137.77753,36.17021611111111,744
137.77633,36.17006611111111,745
137.77596694444443,36.169983055555555,742
137.77583,36.16993305555555,743
137.77573,36.16990805555555,744
137.77548,36.16989888888889,743
137.77521694444445,36.16982388888889,751
137.77518,36.16979888888889,751
137.77513,36.169758055555555,745
137.77458,36.16922388888889,755
137.77436694444444,36.169083055555554,763
137.77383,36.16901611111111,767
137.773155,36.168998888888886,763
137.773055,36.16895805555556,762
137.772855,36.16889111111111,761
137.77279305555555,36.16879888888889,757
137.772555,36.16824888888889,766
137.77239305555557,36.16799888888889,796
137.77234305555555,36.16794111111111,796
137.77164305555556,36.16745,792
137.77133,36.167225,796
137.77083,36.166758055555555,796
137.77045611111112,36.166291111111114,797
137.77016805555556,36.165908055555555,795
137.76953111111112,36.16555805555556,794
137.76906805555555,36.165216111111114,797
137.7687811111111,36.16509111111111,797
137.76836805555556,36.1649,794
137.76781805555555,36.164541944444444,797
137.76736805555555,36.16425,796
137.7671311111111,36.16421694444445,797
137.76674305555557,36.164208055555555,795
137.76638111111112,36.164125,793
137.76433111111112,36.163275,795
137.7640688888889,36.16305805555555,804
137.76365611111112,36.162641944444445,809
137.76353111111112,36.162575,810
137.7633438888889,36.16254194444444,812
137.76316888888888,36.16251694444444,811
137.76298111111112,36.16249194444445,813
137.76274388888888,36.16240805555555,813
137.76230611111112,36.1622,815
137.7620938888889,36.1621,817
137.76205611111112,36.162075,817
137.76204388888888,36.16191694444444,818
137.76216888888888,36.161425,819
137.7616438888889,36.16115888888889,818
137.76128111111112,36.160966944444446,817
137.76001888888888,36.1603,822
137.75890694444445,36.15972611111111,824
137.7587188888889,36.15960111111111,824
137.7585938888889,36.15947611111111,825
137.75838194444444,36.15915888888889,827
137.7577188888889,36.158076111111114,836
137.75740694444445,36.15786694444444,836
137.75710694444444,36.15768388888889,833
137.75653194444445,36.157291944444445,837
137.756145,36.15701694444444,837
137.75578194444444,36.15675111111111,846
137.75525694444445,36.15637611111111,847
137.75512,36.15627611111111,847
137.75430694444444,36.15573388888889,854
137.75382,36.15548388888889,854
137.75337,36.15521694444445,856
137.753145,36.15504305555555,855
137.75308194444443,36.15495111111111,855
137.75300694444445,36.15482611111111,856
137.752945,36.15458388888889,855
137.75298305555555,36.154093055555556,858
137.752845,36.15389305555556,861
137.752595,36.15372611111111,864
137.7519388888889,36.15351694444445,866
137.7519388888889,36.15351694444445,866
137.75170805555555,36.153443055555556,867
137.75015805555554,36.15295888888889,875
137.74994611111111,36.15287611111111,877
137.74958305555555,36.152568055555555,876
137.74945805555555,36.15229305555555,887
137.7493211111111,36.15191,883
137.74925805555554,36.15150111111111,885
137.74925805555554,36.15117611111111,887
137.74908305555556,36.15055111111111,894
137.74890805555555,36.15022611111111,894
137.74855805555555,36.14971,896
137.74840805555556,36.149535,897
137.74803305555557,36.14921,899
137.74719611111112,36.14856805555556,896
137.74693305555556,36.14836,897
137.7467088888889,36.14812694444444,903
137.74629611111112,36.147535,908
137.74619611111112,36.147418055555555,914
137.74587111111111,36.147185,916
137.7456838888889,36.146968888888885,918
137.7455338888889,36.146885,918
137.74525888888888,36.14681888888889,917
137.74439611111112,36.14686,923
137.7442211111111,36.14680194444445,925
137.74413388888888,36.14666,925
137.7439838888889,36.145885,926
137.74379611111112,36.14546,935
137.7436588888889,36.14486888888889,932
137.74357111111112,36.144735,932
137.7434211111111,36.14462694444445,934
137.74300888888888,36.14456,933
137.74282194444444,36.14449388888889,941
137.7426338888889,36.144351944444445,941
137.7423838888889,36.14406888888889,943
137.7422838888889,36.14381888888889,945
137.74189694444445,36.14348611111111,945
137.74167194444445,36.14322694444444,945
137.74127194444443,36.142986111111114,946
137.7411588888889,36.14286888888889,947
137.74112194444444,36.14272694444445,947
137.74108388888888,36.14209388888889,940
137.7410338888889,36.14191111111111,942
137.7408838888889,36.14166111111111,945
137.7408338888889,36.141353055555555,946
137.7407088888889,36.14116888888889,946
137.7404338888889,36.140993888888886,946
137.73987194444445,36.14083611111111,944
137.7395838888889,36.14077694444445,946
137.73897194444444,36.14071111111111,934
137.73881,36.140701944444444,933
137.73869694444446,36.140701944444444,933
137.73857194444443,36.14066111111111,935
137.738285,36.14033611111111,933
137.738135,36.14004388888889,934
137.73807194444444,36.13989388888889,929
137.738035,36.13980194444444,927
137.73796,36.139718888888886,924
137.73784694444444,36.13966888888889,923
137.73772194444444,36.139651944444445,926
137.73744694444446,36.13970194444445,925
137.73741,36.13970194444445,925
137.737285,36.139693888888885,924
137.73712194444445,36.13963611111111,926
137.73699694444446,36.13957805555555,923
137.73691,36.13950194444445,926
137.736835,36.13941111111111,927
137.73674694444443,36.13931888888889,927
137.73646,36.13915305555555,926
137.736285,36.139028055555556,925
137.73574805555555,36.13879388888889,923
137.735385,36.138528055555554,926
137.735235,36.13842805555556,928
137.734835,36.13826111111111,925
137.734635,36.13816111111111,925
137.73441,36.13801111111111,925
137.73412194444444,36.13777805555556,925
137.73376,36.13765305555555,925
137.73339805555557,36.13758611111111,925
137.732835,36.13755305555556,926
137.73224805555554,36.13746888888889,926
137.73201,36.13739388888889,926
137.73151,36.137143888888886,925
137.73087305555555,36.13672805555556,933
137.7295611111111,36.135978055555555,938
137.7289861111111,36.135795,941
137.7272111111111,36.135745,946
137.72658611111112,36.13567805555556,949
137.7263111111111,36.135578055555555,954
137.72599888888888,36.135378055555556,955
137.7255861111111,36.135153055555556,955
137.72531111111113,36.134953055555556,957
137.72508611111112,36.13482,956
137.7249611111111,36.13468611111111,955
137.72487388888888,36.134503055555555,958
137.72474888888888,36.13412805555556,965
137.7246861111111,36.13386111111111,971
137.7244488888889,36.13256194444445,975
137.72443611111112,36.132295,976
137.7244611111111,36.13177,976
137.72442388888888,36.13155305555556,973
137.7243861111111,36.131236944444446,975
137.72442388888888,36.13100305555555,974
137.72456111111111,36.13082,978
137.7246988888889,36.130545,976
137.72476111111112,36.13037,974
137.7247361111111,36.13006194444444,976
137.7246861111111,36.129945,977
137.7245738888889,36.12987,976
137.7244488888889,36.12986194444444,971
137.72429888888888,36.12988694444444,966
137.7240111111111,36.13026194444444,964
137.7236611111111,36.130653055555555,978
137.7234488888889,36.13112,972
137.72331111111112,36.13122805555555,983
137.72317388888888,36.131253055555554,988
137.72102388888888,36.130895,990
137.71933694444445,36.13138694444444,991
137.71906194444443,36.131503055555555,988
137.7190238888889,36.13153694444444,988
137.71893694444444,36.131611944444444,992
137.71839888888888,36.13213611111111,992
137.71821194444445,36.132511111111114,990
137.71817388888888,36.132736111111114,991
137.71817388888888,36.133003055555555,991
137.71819888888888,36.13328611111111,991
137.71846194444444,36.13383611111111,994
137.7184988888889,36.13400305555555,991
137.71836194444444,36.13418611111111,989
137.71803694444444,36.13446888888889,989
137.71753694444445,36.13476111111111,990
137.7170238888889,36.134993888888886,991
137.7164238888889,36.135153055555556,991
137.7150738888889,36.13544388888889,993
137.71431194444443,36.135601944444446,993
137.7131,36.135826944444446,995
137.712475,36.13589388888889,995
137.711475,36.13591888888889,996
137.70891305555554,36.135843888888886,999
137.7084,36.135843888888886,999
137.70815,36.13589388888889,1000
137.70775,36.13606111111111,999
137.7046261111111,36.137385,1006
137.70291305555557,36.13810194444444,1001
137.70267611111112,36.13816,1001
137.7024761111111,36.13816,993
137.7021511111111,36.138085,993
137.7019261111111,36.138085,1002
137.7016761111111,36.138151944444445,1006
137.70128805555555,36.13836805555555,1017
137.7008761111111,36.13862694444445,1017
137.70063805555554,36.13885194444445,1017
137.70031305555557,36.13927694444445,1017
137.69991305555556,36.13990111111111,1018
137.69960111111112,36.140335,1018
137.6994511111111,36.140501111111114,1018
137.69700111111112,36.14255111111111,1018
137.6956761111111,36.143768055555554,1018
137.6934511111111,36.14575888888889,1019
137.6931888888889,36.14595888888889,1019
137.6926388888889,36.146208888888886,1019
137.69168888888888,36.14646694444444,1019
137.6902388888889,36.1468,1019
137.68996388888888,36.14691694444444,1018
137.68977694444445,36.14705,1017
137.6895888888889,36.147241944444445,1018
137.68941388888888,36.147466944444446,1016
137.6893388888889,36.14758388888889,1018
137.6892138888889,36.14773388888889,1016
137.6887888888889,36.148,1019
137.6857061111111,36.149523055555555,1014
137.6857061111111,36.149523055555555,1014
137.68396388888888,36.15038305555556,1011
137.683065,36.15085,1009
137.68294,36.150933055555555,1008
137.68267694444444,36.15089888888889,1008
137.68244,36.15082388888889,1004
137.68224,36.15071611111111,1001
137.68035194444445,36.14944111111111,1002
137.68009,36.14928305555556,1005
137.67994,36.14921611111111,1009
137.67779,36.14850805555555,1005
137.67679,36.14819111111111,1006
137.67647805555555,36.14808305555555,1005
137.67625305555555,36.147958055555556,1004
137.67600305555555,36.14771611111111,1003
137.6758411111111,36.147475,1003
137.67565305555556,36.1471,1001
137.67542805555556,36.1466,1002
137.67522805555555,36.14613305555555,1005
137.67512805555555,36.14579194444445,1015
137.67510305555555,36.14536694444445,1016
137.6751661111111,36.144825,1013
137.67626611111112,36.14139194444444,1000
137.6763161111111,36.14114305555555,999
137.6763161111111,36.140993055555555,998
137.67622805555555,36.14070888888889,992
137.67605305555554,36.14046694444445,995
137.6759911111111,36.14030888888889,995
137.67585305555556,36.13955888888889,1005
137.6758661111111,36.13877611111111,1007
137.6757661111111,36.13855888888889,1009
137.6756161111111,36.138393055555554,1008
137.67515305555557,36.13798388888889,1013
137.67495305555556,36.13768388888889,1015
137.67487805555555,36.13735888888889,1016
137.67487805555555,36.13715111111111,1016
137.67497805555556,36.13646,1024
137.67497805555556,36.13619305555556,1025
137.67490305555555,36.135893055555556,1023
137.67445388888888,36.13480111111111,1032
137.6739161111111,36.133693055555554,1033
137.67379111111111,36.13356805555556,1034
137.6735788888889,36.133518055555555,1037
137.67321611111112,36.133435,1045
137.67296611111112,36.133285,1054
137.67262888888888,36.13291805555556,1057
137.6724788888889,36.132535,1064
137.6724411111111,36.13231888888889,1066
137.67239111111112,36.13216888888889,1066
137.67231611111112,36.13209388888889,1066
137.6718038888889,36.13184388888889,1064
137.67137888888888,36.13157694444445,1073
137.6712288888889,36.131535,1073
137.67092888888888,36.13149388888889,1075
137.67079194444443,36.13142694444444,1074
137.67069194444446,36.131335,1076
137.6705038888889,36.13100194444444,1084
137.6704038888889,36.130885,1083
137.67024194444446,36.13074388888889,1083
137.66996694444444,36.130585,1086
137.66886694444443,36.129776944444444,1085
137.66859194444444,36.12956888888889,1087
137.66839194444444,36.129443888888886,1092
137.6682788888889,36.12934388888889,1094
137.66816694444444,36.12914388888889,1093
137.6680538888889,36.12902694444445,1095
137.66789194444445,36.12898611111111,1095
137.66776694444445,36.128993888888886,1101
137.66765388888888,36.12906111111111,1104
137.66756694444445,36.12916888888889,1105
137.66756694444445,36.12930194444444,1108
137.66765388888888,36.12946111111111,1116
137.66776694444445,36.12956888888889,1117
137.66849194444444,36.13001,1116
137.6691788888889,36.13055194444444,1114
137.66947888888888,36.13081888888889,1116
137.6700538888889,36.13166,1125
137.67026694444445,36.13186888888889,1124
137.67039194444445,36.131976944444446,1125
137.6711038888889,36.132468055555556,1131
137.67125388888888,36.13265194444445,1132
137.6715288888889,36.133426944444444,1135
137.67192888888889,36.134118055555554,1134
137.6720038888889,36.134335,1131
137.6720161111111,36.13451,1132
137.67192888888889,36.13484305555556,1135
137.6718911111111,36.13532611111111,1136
137.67185388888888,36.135535,1143
137.6715788888889,36.13596805555556,1146
137.67150388888888,36.13616,1146
137.6713038888889,36.13695111111111,1154
137.6709788888889,36.137618055555556,1161
137.6708788888889,36.13773388888889,1163
137.6706788888889,36.13780111111111,1165
137.67049111111112,36.13775111111111,1165
137.6703161111111,36.137618055555556,1164
137.67025388888888,36.137393055555556,1168
137.67025388888888,36.13690888888889,1171
137.6705038888889,36.133985,1187
137.67049111111112,36.133685,1189
137.6704411111111,36.133518055555555,1192
137.6702788888889,36.13332694444444,1193
137.67001694444446,36.133118055555556,1193
137.66977888888889,36.13296805555556,1192
137.66955388888888,36.13286,1192
137.66849194444444,36.13251805555556,1198
137.66761694444443,36.132176944444446,1203
137.66717888888888,36.13200194444445,1205
137.66631694444445,36.131568055555555,1207
137.66596694444445,36.13146805555556,1208
137.66563,36.13144305555556,1209
137.66528,36.13145194444444,1211
137.66496694444444,36.131535,1213
137.66359194444445,36.13207694444444,1217
137.66341694444444,36.13211,1215
137.66324194444445,36.132085,1215
137.66308,36.13200194444445,1216
137.66298,36.13191,1217
137.662905,36.131785,1217
137.662805,36.131535,1220
137.66264194444443,36.13131805555555,1223
137.66243,36.131143055555555,1224
137.66204305555556,36.13096,1230
137.66179305555556,36.13081805555556,1233
137.66149305555555,36.13061,1236
137.66128,36.130426944444444,1238
137.66109305555557,36.13019305555556,1237
137.66099305555556,36.130085,1238
137.660755,36.12996,1244
137.65983,36.129576944444445,1252
137.65964305555556,36.129443888888886,1253
137.65949305555554,36.12930194444444,1253
137.65944305555556,36.129135,1254
137.65946805555555,36.128885,1257
137.6594561111111,36.12839388888889,1259
137.65941805555556,36.12825194444444,1258
137.65929305555557,36.12809388888889,1258
137.65876805555556,36.12775194444445,1260
137.6584311111111,36.12748611111111,1261
137.65823111111112,36.127276944444446,1261
137.6580561111111,36.12703611111111,1261
137.65788111111112,36.126801944444445,1261
137.6577061111111,36.12666111111111,1262
137.65736805555557,36.12649388888889,1264
137.6561188888889,36.12609388888889,1273
137.6553688888889,36.125726944444445,1273
137.6550061111111,36.12545194444444,1276
137.6548811111111,36.12531111111111,1277
137.6546561111111,36.124851944444444,1279
137.6545561111111,36.12471111111111,1279
137.6544311111111,36.12459388888889,1280
137.65418111111111,36.124426944444444,1282
137.65356888888888,36.124203055555554,1285
137.65336888888888,36.12417694444444,1286
137.6528688888889,36.124228055555555,1289
137.65225611111111,36.12444388888889,1292
137.65200611111112,36.124701944444446,1290
137.65176888888888,36.12488611111111,1293
137.65153194444446,36.12503611111111,1300
137.6504688888889,36.12521888888889,1306
137.65013194444444,36.12531111111111,1309
137.64994388888888,36.12536111111111,1313
137.6496688888889,36.125368888888886,1312
137.64938194444446,36.12533611111111,1311
137.64652,36.12476888888889,1318
137.646295,36.12463611111111,1320
137.64615694444444,36.12451111111111,1321
137.64592,36.12423611111111,1322
137.64580694444444,36.12413611111111,1322
137.64568194444445,36.12407694444445,1321
137.64538194444444,36.124001944444444,1322
137.64523305555556,36.123936111111114,1322
137.64495694444443,36.123736111111114,1322
137.64478194444445,36.12365194444445,1322
137.64467,36.123626944444446,1322
137.64452,36.12366111111111,1325
137.64433194444445,36.123736111111114,1328
137.64412,36.12376888888889,1331
137.64395694444445,36.12376111111111,1335
137.64357,36.12367694444445,1338
137.64340694444445,36.12366111111111,1340
137.64272,36.12366,1342
137.64248305555554,36.12370194444444,1343
137.642095,36.12389388888889,1345
137.641695,36.12399388888889,1347
137.64060805555556,36.12407694444445,1353
137.64028305555556,36.12407694444445,1354
137.64000805555557,36.12404388888889,1355
137.63939611111113,36.12386,1360
137.63908305555555,36.123826944444446,1362
137.63890805555556,36.12367694444445,1362
137.63637111111112,36.12204388888889,1364
137.6362838888889,36.12191888888889,1365
137.6362711111111,36.12179888888889,1365
</coordinates>
</LineString>
</Placemark>
</Document>
</kml>
