<?xml version="1.0" encoding="UTF-8"?>
<kml xmlns="http://www.opengis.net/kml/2.2" xmlns:atom="http://www.w3.org/2005/Atom">
<Document>
<name>第56代夏合宿７日目</name>
<atom:author>
<atom:name>ザッカーバーグ</atom:name>
</atom:author> 
<atom:link href="https://latlonglab.yahoo.co.jp/route/watch?id=3e0b248dad4af538930555ff8dcb0389" />
<description><![CDATA[]]></description>
<tags><![CDATA[wcc56th]]></tags>  
<Placemark>
<Style>
<LineStyle>
<color>99ff0000</color>
<width>6</width>
</LineStyle>
</Style>
<LineString>
<coordinates>
133.7244088888889,35.37677305555555,211
133.72445888888888,35.37674611111111,211
133.72479694444445,35.376553888888886,210
133.72489694444445,35.37652111111111,211
133.72492194444445,35.37667111111111,212
133.7250338888889,35.376646111111114,212
133.72522194444446,35.376646111111114,211
133.72558388888888,35.37669611111111,212
133.72597194444444,35.37678694444445,208
133.72638388888888,35.37687888888889,205
133.72662194444445,35.37692111111111,205
133.72684694444445,35.37692111111111,203
133.72714694444446,35.37689611111111,201
133.7273711111111,35.376871111111114,200
133.7295088888889,35.37654611111111,186
133.7300588888889,35.37647111111111,179
133.73033388888888,35.37645388888889,179
133.7312711111111,35.37647111111111,178
133.73375805555557,35.37670388888889,175
133.7344461111111,35.37660388888889,176
133.73543305555555,35.37625388888889,176
133.73578305555554,35.37619611111111,177
133.7362961111111,35.37618805555555,176
133.7368461111111,35.37611305555556,176
133.7368711111111,35.37610388888889,177
133.73810805555556,35.375571111111114,176
133.73828305555554,35.37553805555556,177
133.73848305555555,35.37554611111111,177
133.73892,35.37562111111111,176
133.73912,35.37565388888889,176
133.73958305555556,35.37574611111111,176
133.73987,35.37577111111111,176
133.740395,35.37576305555555,175
133.741645,35.37571194444445,175
133.74180694444445,35.375703888888886,175
133.74228194444444,35.37584611111111,175
133.74285805555556,35.37601194444444,175
133.74333194444444,35.37614611111111,173
133.74408194444445,35.37637888888889,169
133.74520694444445,35.376738055555556,164
133.746795,35.37725388888889,159
133.74733194444445,35.37744611111111,158
133.74739,35.37746694444444,158
133.74739,35.37746694444444,158
133.74744388888888,35.37748694444444,158
133.7475938888889,35.37755388888889,158
133.74856888888888,35.37797111111111,155
133.7492188888889,35.37837888888889,155
133.7497938888889,35.37876194444444,155
133.75018194444445,35.37898694444444,155
133.75090694444444,35.379295,155
133.75105694444446,35.379345,155
133.75138194444443,35.37940388888889,155
133.75180694444444,35.37940388888889,155
133.75366888888888,35.37924611111111,152
133.7540561111111,35.37916194444445,151
133.7542061111111,35.37912111111111,151
133.7544061111111,35.37900388888889,150
133.75526888888888,35.378478888888885,149
133.7554561111111,35.37837888888889,149
133.7557438888889,35.37827111111111,149
133.7570438888889,35.377986944444444,148
133.7572688888889,35.378503888888886,150
133.75740611111112,35.378836944444444,152
133.7574938888889,35.37915388888889,153
133.7575561111111,35.37941194444444,152
133.7575811111111,35.37970388888889,150
133.7575938888889,35.379936944444445,151
133.7576061111111,35.380111944444444,153
133.75763111111112,35.380561944444445,149
133.75774388888888,35.38177,146
133.75776888888888,35.38197805555556,145
133.75798111111112,35.38397805555555,131
133.7580311111111,35.38438611111111,130
133.7581561111111,35.38558611111111,134
133.7581688888889,35.38585305555556,136
133.7581311111111,35.38601888888889,138
133.7580188888889,35.38630305555556,138
133.7582561111111,35.38643611111111,137
133.75890611111112,35.38699388888889,135
133.7592938888889,35.38731111111111,135
133.7597311111111,35.38761888888889,133
133.76014388888888,35.38784388888889,131
133.7602688888889,35.38791111111111,130
133.76170611111112,35.38866111111111,122
133.76206805555555,35.38881888888889,122
133.76229305555555,35.38888611111111,121
133.7632811111111,35.389201944444444,118
133.76410611111112,35.38946111111111,117
133.7652561111111,35.38981111111111,115
133.7655061111111,35.38988611111111,115
133.76631805555556,35.390118888888885,115
133.7664311111111,35.390143888888886,115
133.76709305555556,35.39031111111111,114
133.76764305555557,35.39044388888889,112
133.768855,35.390701944444444,100
133.76913,35.390793888888886,100
133.76934305555557,35.39088611111111,101
133.76951805555555,35.39096888888889,101
133.772205,35.39247694444445,108
133.77384194444446,35.39340194444444,111
133.77403,35.39351,111
133.77434194444444,35.39377694444445,110
133.77449194444443,35.393951944444446,110
133.77593,35.39567611111111,101
133.77639194444444,35.39622611111111,97
133.77701694444445,35.39696,93
133.77769194444446,35.39776805555555,89
133.7783038888889,35.39848388888889,86
133.7784038888889,35.39860888888889,86
133.77911694444444,35.39945888888889,85
133.77937888888889,35.399768055555555,85
133.7794788888889,35.39989194444444,84
133.7798788888889,35.40036805555555,83
133.78051694444446,35.401133888888886,83
133.7805788888889,35.40121805555555,83
133.78122888888888,35.401966944444446,84
133.78204194444444,35.40293388888889,84
133.7828288888889,35.40385888888889,83
133.78384111111112,35.4051,81
133.7849038888889,35.40635888888889,77
133.7856538888889,35.40719194444444,75
133.7860288888889,35.40764194444444,75
133.7867288888889,35.40846694444444,71
133.78721611111112,35.40906611111111,70
133.7873661111111,35.40924111111111,70
133.7879288888889,35.409908055555555,70
133.7880911111111,35.4101,70
133.78855388888888,35.41065805555556,68
133.78922805555555,35.411458055555556,65
133.78992805555555,35.41229111111111,63
133.79060305555555,35.413108055555554,61
133.79127805555555,35.41392388888889,57
133.79212805555557,35.414906944444446,57
133.79220305555555,35.415016111111115,57
133.7922911111111,35.415123888888886,56
133.7929411111111,35.41589111111111,55
133.7936411111111,35.41673194444444,55
133.79422805555555,35.417406944444444,50
133.79436611111112,35.41759111111111,50
133.79487805555556,35.41816611111111,52
133.79510305555556,35.41842388888889,51
133.79524,35.41866611111111,51
133.795315,35.41872388888889,51
133.79542805555556,35.41878194444445,50
133.79567805555556,35.41889111111111,50
133.795965,35.41907388888889,50
133.79607805555557,35.419181944444446,50
133.79685305555554,35.419815,45
133.79714,35.42004,44
133.79725305555556,35.42014,43
133.79735305555556,35.420215,43
133.79750305555555,35.42035694444444,42
133.79762805555555,35.42049,42
133.79767694444445,35.42055694444444,42
133.797865,35.42093194444445,41
133.79794,35.421081944444445,40
133.79804,35.42119888888889,40
133.79845305555557,35.42174888888889,40
133.79864,35.42194,40
133.79875305555555,35.42204,40
133.799165,35.42234,40
133.79954,35.422623888888886,40
133.79974,35.42279888888889,40
133.79999,35.423006944444445,40
133.80059,35.423606944444444,37
133.80065194444444,35.423656944444446,37
133.800765,35.42374,37
133.801465,35.42415694444445,34
133.80185194444445,35.424323055555554,33
133.801965,35.42439,33
133.80212694444444,35.424531944444446,32
133.80235194444444,35.424715,32
133.80247694444444,35.42479,32
133.8027888888889,35.424956944444446,31
133.80285194444446,35.425023055555556,31
133.80290194444444,35.42509805555556,31
133.80307694444446,35.425423055555555,30
133.80312694444444,35.425531944444444,30
133.80320194444445,35.42574805555556,29
133.8032638888889,35.425981944444445,29
133.80335194444444,35.42622305555555,29
133.80345194444445,35.426431111111114,29
133.80355194444445,35.426615,29
133.80367694444445,35.426815,28
133.8037888888889,35.42693111111111,27
133.80388888888888,35.427015,27
133.8040388888889,35.42710611111111,26
133.80417694444444,35.427165,25
133.8042888888889,35.42719805555556,25
133.80457694444445,35.42725611111111,24
133.80457694444445,35.42780611111111,24
133.80457694444445,35.42854805555555,24
133.8052638888889,35.428665,24
133.80661388888888,35.42888111111111,23
133.8068888888889,35.428915,23
133.80702694444443,35.42894805555556,22
133.80771388888888,35.429098055555556,20
133.8080511111111,35.42924,19
133.8082511111111,35.42934,20
133.8099638888889,35.42990611111111,19
133.81011388888888,35.42997305555556,20
133.8102888888889,35.430065,20
133.81090111111112,35.43035611111111,21
133.81111388888888,35.43043888888889,21
133.81137611111112,35.430573055555556,20
133.8117761111111,35.43076388888889,20
133.81260111111112,35.43114805555555,20
133.81351305555555,35.43157305555555,20
133.8139011111111,35.43175611111111,20
133.8140011111111,35.431798055555554,20
133.81443805555554,35.432006111111114,20
133.81531305555555,35.43241388888889,19
133.81558805555557,35.43254805555556,19
133.81593805555556,35.43271388888889,19
133.81641305555556,35.43293888888889,19
133.81680111111112,35.433123055555555,19
133.81751305555557,35.43346388888889,19
133.81786305555556,35.43362305555556,19
133.81806305555557,35.43364805555556,19
133.8183,35.43368111111111,19
133.81871305555555,35.43367305555556,19
133.81905,35.43365611111111,19
133.819375,35.43363111111111,19
133.82015,35.43358111111111,19
133.82041305555555,35.43355611111111,18
133.82068694444445,35.43348888888889,18
133.8208,35.433481111111114,18
133.82153805555555,35.43343888888889,18
133.82268805555555,35.43335611111111,17
133.82313805555555,35.43333111111111,17
133.82366194444444,35.433298055555554,17
133.82399694444445,35.433276944444444,16
133.82399694444445,35.433276944444444,16
133.82406194444445,35.43327305555555,16
133.824,35.43295611111111,16
133.82391194444443,35.43259805555556,16
133.82383694444445,35.43219,17
133.823815,35.43219194444445,17
133.823815,35.43219194444445,17
133.82383694444445,35.43219,17
133.82423694444444,35.432165,16
133.824625,35.43215611111111,16
133.82468694444444,35.43214805555556,16
133.82478694444444,35.43214805555556,16
133.824825,35.43214,16
133.82481694444445,35.432085,16
133.82481805555557,35.432085,16
133.82476194444445,35.431648055555556,16
133.82463694444445,35.430915,18
133.824925,35.43089,18
133.82506194444446,35.43089,18
133.825225,35.430881944444444,19
133.8255161111111,35.43085,19
133.8255161111111,35.43085,19
133.826075,35.43079,18
133.8269,35.430706944444445,19
133.82698694444446,35.43069805555555,19
133.82733694444445,35.43065694444444,19
133.8275988888889,35.43063194444444,19
133.82778694444445,35.430615,19
133.8280738888889,35.43060694444444,19
133.82816194444445,35.43060694444444,19
133.8286738888889,35.43060694444444,19
133.82923694444443,35.43062305555556,19
133.82982388888888,35.43062305555556,19
133.83028694444445,35.43064,19
133.83078694444444,35.43067305555556,19
133.8309238888889,35.430681944444444,19
133.83107388888888,35.430715,19
133.8311488888889,35.43074,19
133.83121194444445,35.430773055555555,19
133.83148694444444,35.430681944444444,19
133.83158694444444,35.430681944444444,19
133.83178694444445,35.43069805555555,19
133.83236194444444,35.43069805555555,19
133.8327988888889,35.43069,19
133.83313694444445,35.430665,19
133.8346611111111,35.43058194444444,19
133.8363488888889,35.43052388888889,19
133.83652388888888,35.430506944444446,19
133.8367111111111,35.430465,19
133.83684888888888,35.43043194444444,19
133.8370361111111,35.43035694444445,19
133.8372488888889,35.430256944444444,19
133.8376738888889,35.43004888888889,19
133.8384861111111,35.42964,19
133.83969888888888,35.42902388888889,19
133.8419861111111,35.427881944444444,19
133.84277305555557,35.427481944444445,19
133.84297305555555,35.42739111111111,19
133.8433611111111,35.42718194444444,20
133.84363611111112,35.42704111111111,20
133.8437361111111,35.42702388888889,20
133.84409805555555,35.42686611111111,21
133.8460611111111,35.426006944444445,23
133.84612305555555,35.425981944444445,23
133.84697305555557,35.42559111111111,22
133.84769805555555,35.42527388888889,22
133.84821,35.42503305555555,22
133.84844805555556,35.424908055555555,21
133.84876,35.42467388888889,20
133.84894805555555,35.42449111111111,20
133.84906,35.42435805555556,20
133.849135,35.42424111111111,20
133.84931,35.42391611111111,20
133.84936,35.42373305555556,20
133.849435,35.42342388888889,21
133.84957305555557,35.42344111111111,20
133.85167305555555,35.42374888888889,22
133.85172305555557,35.42375805555555,22
133.85177305555555,35.42344111111111,22
133.851835,35.422758055555555,23
133.85186,35.422308055555554,23
133.85191,35.422,23
133.851935,35.421908055555555,23
133.85202305555555,35.421483055555555,23
133.852185,35.42089194444444,23
133.85241,35.42030805555556,23
133.852585,35.419983055555555,23
133.852685,35.41981694444444,23
133.852935,35.419466944444444,23
133.85317305555554,35.419225,23
133.853335,35.419075,24
133.85362305555554,35.41880888888889,25
133.85509694444445,35.417591944444446,25
133.85552194444443,35.41721694444445,25
133.85574805555555,35.416983888888886,25
133.85639694444444,35.41625111111111,25
133.856585,35.41601694444444,27
133.85671,35.41579194444444,28
133.85679694444445,35.41545888888889,32
133.856985,35.41489305555555,30
133.85737194444445,35.41376694444445,33
133.85764694444444,35.41314194444445,32
133.85774694444444,35.412793055555554,31
133.85789694444443,35.41250888888889,34
133.85797305555556,35.412258888888886,33
133.85799805555556,35.411993055555556,33
133.85799805555556,35.41175888888889,34
133.85791,35.41130888888889,35
133.85789694444443,35.41110888888889,34
133.85791,35.410868055555554,35
133.85801,35.41040111111111,38
133.85799805555556,35.40961,35
133.85801,35.409351111111114,36
133.85802305555555,35.409168055555554,33
133.85807305555556,35.40886805555556,32
133.858135,35.40866,33
133.85826,35.40839305555556,34
133.85842194444444,35.40816805555556,33
133.85854694444444,35.40801805555556,33
133.85869805555555,35.407918055555555,32
133.858835,35.407868055555554,32
133.85897194444445,35.407835,33
133.85977194444445,35.407835,34
133.86091,35.40784305555555,34
133.86147194444445,35.40784305555555,36
133.862685,35.407835,37
133.86449694444445,35.40784305555555,38
133.86554694444445,35.407835,38
133.8675088888889,35.40784305555555,39
133.86787194444443,35.407885,40
133.86847194444445,35.407876944444446,40
133.8690588888889,35.40791888888889,40
133.8692838888889,35.40796,41
133.86952194444444,35.408026944444444,41
133.8696838888889,35.408093055555554,40
133.8703338888889,35.40846,40
133.8714961111111,35.409126944444445,40
133.87232111111112,35.409585,42
133.8728338888889,35.40989305555556,43
133.87365888888888,35.41041,44
133.8745338888889,35.41096805555556,48
133.87479611111112,35.411185,56
133.8761211111111,35.412085,54
133.8765461111111,35.412368055555554,58
133.87700805555556,35.41254305555555,55
133.8774461111111,35.412685,58
133.87762111111113,35.41271805555556,57
133.8779211111111,35.412776111111114,54
133.87838305555556,35.41281,57
133.8788461111111,35.41281,58
133.87934611111112,35.41274305555555,54
133.8797461111111,35.41270111111111,53
133.88005805555557,35.412635,52
133.88038305555557,35.412551111111114,52
133.88058305555555,35.41245111111111,52
133.88117111111112,35.41196,51
133.88170805555555,35.41141,54
133.88188305555556,35.41121805555556,56
133.88208305555557,35.411026944444444,56
133.88243305555557,35.41071,59
133.88270805555555,35.41051,66
133.88392,35.40976,67
133.88502,35.40934388888889,68
133.88572,35.409168888888885,68
133.886445,35.40906888888889,69
133.887295,35.408935,69
133.88998194444446,35.40900194444445,71
133.89182,35.409061111111114,72
133.8924188888889,35.40901888888889,73
133.8933188888889,35.40879388888889,69
133.89363194444445,35.40871888888889,70
133.89380694444444,35.40865194444444,71
133.8946938888889,35.40829388888889,73
133.89605694444444,35.40774388888889,79
133.8972938888889,35.40727694444445,78
133.89835694444446,35.40694388888889,78
133.89885611111112,35.40678611111111,78
133.89926888888888,35.406711111111115,77
133.89940611111112,35.406686111111114,77
133.8995811111111,35.40666888888889,76
133.8999311111111,35.40666888888889,74
133.90098111111112,35.40676111111111,75
133.9012938888889,35.40679388888889,75
133.9013438888889,35.40680305555556,74
133.9016938888889,35.40688611111111,75
133.90199388888888,35.40701888888889,77
133.90225611111111,35.40719388888889,81
133.9024938888889,35.40745305555556,79
133.90301888888888,35.40810305555556,82
133.90361805555557,35.40884388888889,81
133.90403111111112,35.409193888888886,84
133.9043561111111,35.40940194444445,86
133.9061561111111,35.41010305555555,87
133.90631805555554,35.41016888888889,86
133.90701805555557,35.410468888888886,86
133.9071811111111,35.41052694444444,87
133.90721805555555,35.41054388888889,87
133.90928,35.40966111111111,86
133.90984305555557,35.40951888888889,87
133.91016611111112,35.40954111111111,90
133.91016611111112,35.40954111111111,90
133.910355,35.409553055555556,92
133.91049305555555,35.40960305555556,96
133.91081805555555,35.409728055555554,98
133.91189194444445,35.41045305555556,98
133.912505,35.41093611111111,98
133.91278,35.41093611111111,97
133.91451694444444,35.41093611111111,101
133.91484194444445,35.41095305555555,103
133.91593,35.411028055555555,104
133.9163288888889,35.41106111111111,104
133.91674194444445,35.41106888888889,103
133.91686694444445,35.411078055555556,102
133.91732888888887,35.41109388888889,101
133.91801694444445,35.41114388888889,105
133.91859194444444,35.411228055555554,111
133.91877888888888,35.41123611111111,113
133.92037888888888,35.41119388888889,112
133.92074194444444,35.41121111111111,111
133.92099194444444,35.411228055555554,113
133.92171611111112,35.411411111111114,112
133.9232788888889,35.411318888888886,116
133.9250911111111,35.41136111111111,124
133.9262911111111,35.41132805555556,125
133.9265661111111,35.41130305555556,126
133.92815305555555,35.41120305555555,132
133.92854111111112,35.41121111111111,132
133.9289411111111,35.411253055555555,134
133.92952805555555,35.41147,137
133.93007805555555,35.411695,138
133.9304161111111,35.41182805555555,139
133.93069111111112,35.411878055555555,138
133.9310661111111,35.411895,137
133.93140305555556,35.411895,134
133.93169,35.411878055555555,137
133.931865,35.411836111111114,138
133.93200305555555,35.41175305555556,141
133.93207805555556,35.41160305555555,142
133.93255305555556,35.410203055555556,148
133.932765,35.40980305555556,146
133.93329,35.40933694444445,145
133.93374,35.40911194444445,145
133.93414,35.40893694444444,136
133.93417805555555,35.40893694444444,136
133.934315,35.408845,138
133.93437805555556,35.40877,139
133.934465,35.40828694444444,145
133.935065,35.40672111111111,155
133.93542805555555,35.40578694444444,153
133.93559,35.40562888888889,154
133.93627805555556,35.405161944444444,157
133.93642694444443,35.40497888888889,155
133.93660305555557,35.40446305555555,157
133.93675305555556,35.40417111111111,162
133.93692694444445,35.40387111111111,164
133.93729,35.40352111111111,166
133.937615,35.403286944444446,166
133.93782805555554,35.40307111111111,166
133.93789,35.402971111111114,171
133.93814,35.40242888888889,173
133.93814,35.40240388888889,173
133.93842694444444,35.40200388888889,175
133.938815,35.40149611111111,175
133.93922805555556,35.401138055555556,175
133.93940194444446,35.40102888888889,176
133.93964,35.40098805555556,179
133.93984,35.40102888888889,177
133.94045194444445,35.40125388888889,177
133.94060194444444,35.40129611111111,177
133.940765,35.401313055555555,178
133.94090194444445,35.40127888888889,183
133.94177694444446,35.400863055555554,191
133.9419388888889,35.40082888888889,189
133.94212694444445,35.400821111111114,189
133.94227694444444,35.40085388888889,189
133.94302694444445,35.40122111111111,188
133.9431888888889,35.40126305555555,189
133.94336388888888,35.40126305555555,192
133.94352694444444,35.40122888888889,192
133.9437638888889,35.40112111111111,193
133.9441888888889,35.40090388888889,193
133.94437694444446,35.40082888888889,193
133.94461388888888,35.40078805555556,193
133.94551388888888,35.40074611111111,197
133.94655111111112,35.40070388888889,205
133.9466888888889,35.40072111111111,205
133.9468388888889,35.40076305555556,205
133.94733888888888,35.40107888888889,207
133.9475261111111,35.40119611111111,206
133.9476138888889,35.40123805555555,206
133.9477138888889,35.40125388888889,207
133.9478388888889,35.40122888888889,208
133.9482888888889,35.40114611111111,215
133.9484388888889,35.40115388888889,215
133.94860111111112,35.401178888888886,215
133.94880111111112,35.40122888888889,212
133.9489888888889,35.401246111111114,212
133.94915111111112,35.40121305555556,216
133.94927611111112,35.40114611111111,216
133.9495261111111,35.40098805555556,219
133.9497511111111,35.40085388888889,224
133.94993805555555,35.40079611111111,225
133.9501261111111,35.40077111111111,227
133.9503261111111,35.40078805555556,222
133.95046305555556,35.40081305555555,222
133.95063805555554,35.40087111111111,223
133.95101305555556,35.401063055555554,227
133.95118805555555,35.40112888888889,227
133.95130111111112,35.40114611111111,228
133.95140111111112,35.401138055555556,228
133.9515011111111,35.40107888888889,231
133.95178805555557,35.40069611111111,238
133.9519261111111,35.40061305555555,238
133.9520511111111,35.40058,238
133.9521761111111,35.40058,237
133.95233805555554,35.400605,237
133.95241305555555,35.40064611111111,237
133.95258805555557,35.400805,240
133.9529261111111,35.40110388888889,244
133.95303805555557,35.40120388888889,246
133.95310111111112,35.40125388888889,249
133.95318805555556,35.40126305555555,251
133.95328805555556,35.40125388888889,253
133.953375,35.40121305555556,256
133.95345,35.40112888888889,254
133.95348805555557,35.40103805555555,256
133.953575,35.40097111111111,257
133.95368805555555,35.400913055555556,256
133.95383805555556,35.400855,257
133.954225,35.40081305555555,253
133.95438805555557,35.40078,252
133.95468805555555,35.40067111111111,262
133.95485,35.400655,266
133.954975,35.40069611111111,264
133.95518805555557,35.400821111111114,264
133.95543694444444,35.40096305555556,264
133.95561305555555,35.40102111111111,263
133.95586194444445,35.40093,270
133.95615,35.40073,275
133.95633694444444,35.400605,275
133.956625,35.400488055555556,276
133.95711194444445,35.40033805555556,273
133.95733694444445,35.400288055555556,275
133.9576,35.40028,275
133.95798694444446,35.40032111111111,276
133.95866194444446,35.400488055555556,275
133.95938694444445,35.40076305555556,278
133.9596488888889,35.40078,276
133.96002388888888,35.400705,277
133.96023694444443,35.40069611111111,277
133.96038694444445,35.400755,278
133.96053694444444,35.400855,278
133.96082388888888,35.40098,279
133.96107388888888,35.40101305555556,282
133.96136194444443,35.40102111111111,284
133.96223694444444,35.400863055555554,288
133.96262388888888,35.40083,288
133.9635238888889,35.400846111111115,288
133.96391194444445,35.40083,289
133.9642988888889,35.400755,296
133.96491111111112,35.40053,304
133.9658861111111,35.40036305555556,305
133.96741111111112,35.39994611111111,309
133.9676861111111,35.39987111111111,311
133.9679238888889,35.39984694444444,312
133.9683611111111,35.39984694444444,314
133.9684861111111,35.39988805555556,314
133.9686988888889,35.39996305555555,315
133.96899888888888,35.40009611111111,318
133.9692861111111,35.40029611111111,324
133.9695238888889,35.400555,328
133.96974805555556,35.40101305555556,328
133.9697611111111,35.40109611111111,328
133.96977305555555,35.40123,327
133.96977305555555,35.401305,327
133.96968611111112,35.401755,329
133.9697111111111,35.40203805555556,335
133.96982305555557,35.40228805555556,337
133.97012305555555,35.40269611111111,338
133.97037305555557,35.40293805555556,339
133.97087305555556,35.40318805555555,344
133.9716861111111,35.40382888888889,348
133.97183611111112,35.40390388888889,349
133.97264805555557,35.40394611111111,354
133.97283611111112,35.40405388888889,357
133.9738111111111,35.40532888888889,366
133.97387305555554,35.40535388888889,365
133.9740361111111,35.40535388888889,366
133.9745111111111,35.405213055555556,369
133.9746111111111,35.40519611111111,369
133.9759611111111,35.40499611111111,378
133.97613611111112,35.40495388888889,378
133.976335,35.40486305555556,383
133.976835,35.40446305555555,387
133.97691,35.40442888888889,388
133.97754805555556,35.404246111111114,392
133.97779805555555,35.40407888888889,395
133.977835,35.40402111111111,395
133.977835,35.40392888888889,396
133.97777305555556,35.403821111111114,398
133.97771,35.40378,398
133.97756,35.40379611111111,398
133.977135,35.404046111111114,395
133.97691,35.40402888888889,403
133.976885,35.40387111111111,409
133.97696,35.40377111111111,408
133.977385,35.40358,404
133.97764805555556,35.40336305555556,405
133.977935,35.40307111111111,408
133.97804805555555,35.403063055555556,407
133.97834805555556,35.403205,408
133.978435,35.40323,409
133.97946,35.40392111111111,424
133.980035,35.40401305555555,428
133.98041,35.404271111111115,435
133.980635,35.40435388888889,436
133.98151,35.40442111111111,438
133.98181,35.404471111111114,439
133.98192194444445,35.404513055555555,439
133.98247305555554,35.40477888888889,448
133.98269805555555,35.40481305555556,449
133.98292194444446,35.40477888888889,451
133.98346,35.40458,458
133.984635,35.40459611111111,466
133.98549694444444,35.40478805555556,474
133.98636,35.405138055555554,483
133.98667194444445,35.40539611111111,485
133.98671,35.405453888888886,486
133.98696,35.40636305555556,492
133.98714694444445,35.40656305555556,497
133.98751,35.40672111111111,497
133.98777194444443,35.40679611111111,497
133.98797194444444,35.40682888888889,497
133.98839694444445,35.406753888888886,496
133.9889088888889,35.406638055555554,497
133.98894694444445,35.40660388888889,497
133.98912194444443,35.406596111111114,499
133.98927194444445,35.406621111111114,501
133.99004694444446,35.407138055555556,500
133.99015888888889,35.407178888888886,501
133.99028388888888,35.40719611111111,502
133.9908838888889,35.40719611111111,504
133.9927338888889,35.40716305555556,508
133.99304694444444,35.40715388888889,508
133.99337194444445,35.407113055555556,509
133.99362194444444,35.40702888888889,513
133.9938838888889,35.40687111111111,514
133.99409694444444,35.40678805555556,513
133.99444694444443,35.40668,514
133.99532194444444,35.40652111111111,518
133.99599694444444,35.406396111111114,519
133.99652194444445,35.40608805555556,525
133.9966838888889,35.40586305555556,527
133.9969338888889,35.40533805555555,534
133.99699694444445,35.40518,537
133.9971588888889,35.40498,536
133.99720888888888,35.40493,536
133.99730888888888,35.40486305555556,537
133.99752194444446,35.404713055555554,537
133.99777194444445,35.40458805555556,537
133.99817194444444,35.40453,534
133.99844611111112,35.40452194444445,532
133.9989961111111,35.40454694444445,533
133.99959611111112,35.40426305555555,523
134.00013388888888,35.404113055555555,523
134.0012211111111,35.403605,513
134.0014588888889,35.40353,506
134.0025588888889,35.40336388888889,508
134.00262111111113,35.40333,506
134.00277111111112,35.40321388888889,506
134.0028338888889,35.40307194444444,507
134.00285888888888,35.40221388888889,496
134.0028338888889,35.40198,491
134.0027838888889,35.40157194444444,488
134.0028088888889,35.40145611111111,491
134.00297111111112,35.40123111111111,494
134.0032588888889,35.401088888888886,497
134.00340888888888,35.40110611111111,496
134.0034961111111,35.401181111111114,493
134.0034961111111,35.40130611111111,492
134.00344611111112,35.40139694444444,490
134.0030461111111,35.401655,486
134.00287111111112,35.401655,488
134.0027088888889,35.401655,489
134.0023838888889,35.401655,487
134.0019211111111,35.40137194444444,476
134.0017588888889,35.40114694444444,475
134.00172111111112,35.40088111111111,475
134.00193388888889,35.40029694444444,466
134.0020088888889,35.40018888888889,467
134.00208388888888,35.40009694444444,464
134.00242111111112,35.39978111111111,457
134.0025961111111,35.399456111111114,457
134.00285888888888,35.39922194444444,453
134.0032588888889,35.39908888888889,442
134.0035961111111,35.399121944444445,445
134.0040711111111,35.39920611111111,443
134.0041588888889,35.39923888888889,439
134.0043711111111,35.39941388888889,433
134.00465888888888,35.399746944444445,434
134.0047588888889,35.39979694444445,437
134.0054088888889,35.399881111111114,426
134.0055211111111,35.39992194444444,424
134.00558388888888,35.399996944444446,422
134.0056711111111,35.40024694444445,422
134.0057338888889,35.40036388888889,423
134.00594611111111,35.40060611111111,422
134.0059711111111,35.40170611111111,409
134.0059961111111,35.40174694444445,409
134.0060838888889,35.40178888888889,405
134.0062211111111,35.40170611111111,405
134.00639611111112,35.40110611111111,397
134.00648388888888,35.401046944444445,395
134.0065711111111,35.401046944444445,391
134.0066588888889,35.40112194444445,394
134.00649611111112,35.401963888888886,393
134.0065211111111,35.402163888888886,388
134.0065711111111,35.40224694444444,385
134.00670888888888,35.40224694444444,384
134.00683388888888,35.402163888888886,384
134.0068711111111,35.40210611111111,385
134.0069711111111,35.401421944444444,377
134.0069588888889,35.40113888888889,375
134.0069211111111,35.40094694444444,374
134.0067838888889,35.40052194444444,371
134.00672805555556,35.40037805555556,372
134.00672805555556,35.40037805555556,372
134.0066588888889,35.400196944444446,373
134.0063338888889,35.399496944444444,367
134.0063088888889,35.399298055555555,362
134.00635888888888,35.39918111111111,354
134.0066711111111,35.398963888888886,360
134.0069961111111,35.39898888888889,363
134.0080211111111,35.39938111111111,364
134.0082711111111,35.39956388888889,357
134.0086961111111,35.400146944444444,349
134.0087088888889,35.400238888888886,349
134.0086588888889,35.40029694444444,348
134.0085711111111,35.40029694444444,348
134.00850888888888,35.40026388888889,347
134.00762111111112,35.39963888888889,346
134.0075338888889,35.39959805555556,345
134.0074461111111,35.39959805555556,345
134.00738388888888,35.39963888888889,345
134.00750888888888,35.400013888888886,335
134.0087088888889,35.40166388888889,316
134.0090338888889,35.40217194444445,312
134.0090338888889,35.40220611111111,312
134.00954611111112,35.40313888888889,305
134.0096211111111,35.40329694444444,303
134.00980805555557,35.403855,296
134.00989611111112,35.40421388888889,293
134.00995805555556,35.40466388888889,293
134.00993305555556,35.40523,286
134.00999611111112,35.40568,286
134.0104961111111,35.40728,269
134.0110961111111,35.408105,265
134.01263305555557,35.409621111111115,248
134.0129711111111,35.409905,247
134.0131461111111,35.40997111111111,248
134.01403305555556,35.41013,238
134.01410805555557,35.41016305555556,238
134.01423305555556,35.41026305555555,238
134.01470805555556,35.41093,234
134.01503305555556,35.41124611111111,233
134.01622,35.411988055555554,226
134.016795,35.41225388888889,219
134.01735805555555,35.41237888888889,217
134.017545,35.41253805555556,217
134.01828305555554,35.41374611111111,210
134.01917,35.41477111111111,203
134.01928305555555,35.41488694444445,202
134.01943194444445,35.41499611111111,201
134.019995,35.41536305555555,201
134.019845,35.41558805555555,201
134.01975694444445,35.41581305555555,201
134.019045,35.41772888888889,193
134.01825805555555,35.41982,188
134.01787,35.42133694444444,180
134.01777,35.422795,176
134.017745,35.423161944444445,176
134.01727,35.425761111111115,174
134.01707,35.42612805555556,173
134.01688194444444,35.42654388888889,167
134.01678194444443,35.42688611111111,167
134.01683194444445,35.42715305555556,164
134.01903194444444,35.43043611111111,152
134.01903194444444,35.43046888888889,151
134.0197938888889,35.43183611111111,147
134.0202438888889,35.43257694444444,145
134.02083194444444,35.43349388888889,143
134.0212688888889,35.43416,144
134.02140694444444,35.434635,143
134.02140694444444,35.43582694444444,138
134.02148194444445,35.436126944444446,138
134.02156888888888,35.43641888888889,137
134.0217188888889,35.436701944444444,133
134.0219938888889,35.43700194444445,132
134.02338111111112,35.438485,126
134.0235811111111,35.43989305555556,126
134.02371888888888,35.44031,124
134.02395611111112,35.44090111111111,123
134.0244561111111,35.44157611111111,124
134.0262561111111,35.44347611111111,107
134.02645611111112,35.44368388888889,106
134.0265061111111,35.44374305555556,106
134.0268438888889,35.444093055555555,105
134.0276561111111,35.44515111111111,102
134.02889305555556,35.44635888888889,97
134.02941805555557,35.44668388888889,96
134.02971805555555,35.446868055555555,97
134.03136805555556,35.44782611111111,93
134.03329305555556,35.44942611111111,89
134.03401805555555,35.45001694444444,86
134.03456805555555,35.450491944444444,85
134.03651805555555,35.45190111111111,81
134.03824194444445,35.45315,76
134.03946805555555,35.453575,76
134.04024194444443,35.45385,76
134.040405,35.4539,76
134.04141694444445,35.45415,76
134.04166694444444,35.454225,73
134.04189194444444,35.45430888888889,75
134.04216694444443,35.45445888888889,72
134.0430288888889,35.45500888888889,72
134.0436038888889,35.455266944444446,72
134.0438538888889,35.45535888888889,72
134.04481694444445,35.4556,69
134.04554194444444,35.45588305555555,69
134.0461038888889,35.45605,69
134.04692888888889,35.456175,64
134.04706694444445,35.45621694444444,65
134.04814194444444,35.456558055555554,59
134.04886611111112,35.456925,58
134.05136611111112,35.458225,55
134.05194111111112,35.458483055555554,54
134.05240388888888,35.458666944444445,54
134.05284111111112,35.45905805555556,53
134.0540661111111,35.46030805555556,50
134.05500305555555,35.461258055555554,50
134.05600305555555,35.461998888888886,49
134.05771611111112,35.46321611111111,44
134.05777805555556,35.463258055555556,44
134.0588161111111,35.46390805555556,43
134.05895305555555,35.46387388888889,44
134.05947805555556,35.463858055555555,44
134.06089,35.46390805555556,42
134.06257805555555,35.46399888888889,43
134.06387694444444,35.46386611111111,44
134.06470305555555,35.46378305555555,44
134.06627694444444,35.46362388888889,46
134.06700194444446,35.46355805555555,44
134.06720194444443,35.46354111111111,44
134.068415,35.46342388888889,49
134.0696888888889,35.46330805555556,54
134.0699888888889,35.46327388888889,55
134.0704388888889,35.463258055555556,55
134.0706638888889,35.46324888888889,55
134.07082694444443,35.46326611111111,55
134.0711388888889,35.46334111111111,56
134.0714888888889,35.463498888888886,55
134.07187694444445,35.46374111111111,57
134.07262694444444,35.46427388888889,58
134.0727388888889,35.46440805555556,57
134.0734388888889,35.465741111111114,53
134.07526388888888,35.469406944444444,47
134.07551388888888,35.46991611111111,47
134.0766138888889,35.472015,35
134.07662611111112,35.47213194444444,35
134.0766888888889,35.472456944444446,33
134.07685111111113,35.473348888888886,34
134.0771511111111,35.474898055555556,31
134.07743805555555,35.476665,31
134.07778805555554,35.47884,31
134.0781761111111,35.48102305555555,28
134.07838805555556,35.48224694444445,26
134.07851305555556,35.48296388888889,24
134.07881305555554,35.484656111111114,22
134.0788511111111,35.48486388888889,22
134.07896305555556,35.48510611111111,22
134.0793011111111,35.48567194444445,22
134.07936305555555,35.48575611111111,22
134.07973805555557,35.48650611111111,22
134.07996305555557,35.48702194444444,23
134.08003805555555,35.48738888888889,22
134.080425,35.487296944444445,24
134.080775,35.48716388888889,25
134.08081305555555,35.487138888888886,25
134.08091305555556,35.48705611111111,26
134.08201305555556,35.48588888888889,28
134.082275,35.48572194444444,28
134.082575,35.48566388888889,29
134.08371194444445,35.48584805555556,41
134.08403694444445,35.48583111111111,48
134.08678805555556,35.484788888888886,68
134.08723694444444,35.48468111111111,67
134.0876,35.48473111111111,60
134.08801194444445,35.48493888888889,69
134.0886,35.48560611111111,74
134.08893694444444,35.48581388888889,81
134.08935,35.48594805555555,90
134.08986194444444,35.48603888888889,97
134.0902238888889,35.48623111111111,102
134.09068694444446,35.48683888888889,107
134.09086194444444,35.48695611111111,106
134.09127388888888,35.487138888888886,107
134.09258694444443,35.48757194444445,127
134.09303694444444,35.48758111111111,126
134.09388694444445,35.48757194444445,136
134.09419888888888,35.48753111111111,135
134.09476194444446,35.48748888888889,125
134.09496194444444,35.48748888888889,124
134.09511194444445,35.48748888888889,124
134.09532388888888,35.48748888888889,124
134.0958488888889,35.48751388888889,116
134.09613611111112,35.48760611111111,113
134.0965111111111,35.48778111111111,110
134.0982361111111,35.48866388888889,100
134.0986861111111,35.48903111111111,95
134.0996111111111,35.49012194444445,92
134.1002738888889,35.49104694444444,84
134.10067305555555,35.49178111111111,74
134.10079805555554,35.49193888888889,73
134.1009611111111,35.49208888888889,72
134.10117305555556,35.49223,70
134.10137305555557,35.49232194444444,68
134.10157305555555,35.49238888888889,67
134.10182305555554,35.49243888888889,65
134.10226111111112,35.49253,63
134.1025611111111,35.492605,68
134.10272305555554,35.492705,66
134.1028861111111,35.492821944444444,66
134.10303611111112,35.49301388888889,63
134.1034611111111,35.493705,64
134.10372305555555,35.494188888888885,66
134.10392305555555,35.49443,68
134.10416111111113,35.49462194444445,66
134.10434805555556,35.49471388888889,65
134.10447305555556,35.494755,66
134.1045861111111,35.494796944444445,67
134.10496111111112,35.494821944444446,69
134.10577305555555,35.494821944444446,77
134.10617305555556,35.49484694444445,76
134.10677305555555,35.49496388888889,76
134.10709805555555,35.49504694444445,74
134.10744805555555,35.495171944444444,67
134.10802305555555,35.495405,57
134.108535,35.49559694444444,56
134.108785,35.49566388888889,55
134.10939805555554,35.49568,55
134.10971,35.495655,54
134.109985,35.49559694444444,54
134.11154694444446,35.49513888888889,36
134.11176,35.49509694444444,33
134.11201,35.49508,33
134.11237194444445,35.495063888888886,26
134.11262194444444,35.49512194444444,22
134.11346,35.495421944444445,16
134.1141838888889,35.495688888888886,17
134.1141511111111,35.495761944444446,17
134.1141511111111,35.495761944444446,17
134.1141838888889,35.495688888888886,17
134.11544694444444,35.49616388888889,12
134.1157088888889,35.49626388888889,14
134.11755888888888,35.496946944444446,7
134.11774694444443,35.49702194444444,6
134.11887194444444,35.497413888888886,14
134.1194338888889,35.49753888888889,22
134.1197588888889,35.49747194444444,23
134.11993388888888,35.49736388888889,22
134.1199961111111,35.49729694444444,25
134.12003388888888,35.497255,22
134.1203588888889,35.496671944444444,33
134.1206461111111,35.49641388888889,36
134.1208961111111,35.496255,36
134.12108388888888,35.49618,37
134.1213588888889,35.496071944444445,37
134.12162111111112,35.49602194444444,35
134.1220088888889,35.49602194444444,27
134.1222961111111,35.49608111111111,26
134.12253388888888,35.49613111111111,27
134.1230588888889,35.49628,22
134.1233711111111,35.49628888888889,17
134.1236088888889,35.49628111111111,15
134.1238211111111,35.49623888888889,14
134.1240961111111,35.49615611111111,12
134.12425888888887,35.49608888888889,13
134.1248338888889,35.49583888888889,15
134.12504611111112,35.495781111111114,12
134.12527111111112,35.49576388888889,8
134.1256338888889,35.495781111111114,8
134.1257961111111,35.49579694444444,5
134.12595805555554,35.495821944444444,5
134.1274461111111,35.49596388888889,6
134.1277961111111,35.49599694444444,5
134.12828305555556,35.496046944444444,6
134.12844611111112,35.49606388888889,6
134.12960805555556,35.49617194444444,6
134.12968305555555,35.49618111111111,6
134.1302211111111,35.49623888888889,6
134.13048305555554,35.49626388888889,6
134.13069611111112,35.49628888888889,6
134.13104611111112,35.496321944444446,6
134.13232,35.49644694444444,7
134.13287,35.49650611111111,7
134.13305805555555,35.49648888888889,7
134.133495,35.49639694444444,7
134.13380805555556,35.49633111111111,7
134.134445,35.49618888888889,6
134.13462,35.49615611111111,6
134.13503194444445,35.49605611111111,6
134.135145,35.49603888888889,6
134.13517,35.49603111111111,6
134.13597,35.49585611111111,6
134.13725805555555,35.495556111111114,6
134.13797,35.49545611111111,5
134.13847,35.495396944444444,5
134.138545,35.49538888888889,5
134.139595,35.49532305555555,5
134.140045,35.49529694444445,5
134.14023194444445,35.49530611111111,5
134.14042,35.49533111111111,5
134.14058194444445,35.49538111111111,5
134.140695,35.49543888888889,5
134.14080694444445,35.495488888888886,5
134.1410688888889,35.49570611111111,5
134.14114388888888,35.495823055555555,5
134.1415188888889,35.49653111111111,5
134.14169388888888,35.496721944444445,9
134.1418438888889,35.49678111111111,0
134.1429938888889,35.496946944444446,9
134.14313194444443,35.49698111111111,9
134.14325694444443,35.49703111111111,9
134.14413194444444,35.49753888888889,9
134.1443688888889,35.49767194444444,9
134.14450694444446,35.497746944444444,9
134.14465694444445,35.49780611111111,9
134.1448938888889,35.49788888888889,9
134.14611888888888,35.49823111111111,9
134.14691888888888,35.49845611111111,9
134.1470811111111,35.49847194444445,9
134.1472688888889,35.49847194444445,9
134.1474311111111,35.49843888888889,9
134.1478438888889,35.49833111111111,9
134.14815611111112,35.49823111111111,9
134.1483311111111,35.49814694444444,9
134.14839388888888,35.49809694444444,9
134.1484438888889,35.498063888888886,9
134.1486811111111,35.497723055555554,9
134.14883111111112,35.497506111111115,9
134.1489688888889,35.49738111111111,9
134.1490311111111,35.49733888888889,9
134.1491188888889,35.497281111111114,9
134.1502561111111,35.49702194444444,9
134.15064388888888,35.49687194444444,6
134.1507188888889,35.49681388888889,5
134.15076888888888,35.49678111111111,5
134.1510688888889,35.49638111111111,5
134.15121888888888,35.49623888888889,5
134.15143111111112,35.49614694444445,5
134.1514938888889,35.496113888888885,5
134.1517188888889,35.49608888888889,5
134.15190611111112,35.49609805555556,5
134.1520438888889,35.49610611111111,5
134.1523811111111,35.49618888888889,6
134.1532061111111,35.49638111111111,5
134.1534561111111,35.49645611111111,5
134.15370611111112,35.49655611111111,5
134.1541061111111,35.49678888888889,5
134.1549811111111,35.49728888888889,5
134.1552561111111,35.49746388888889,5
134.1557811111111,35.49769805555555,5
134.15601805555556,35.49775611111111,5
134.15653111111112,35.49783111111111,5
134.15674305555555,35.49786388888889,5
134.15800611111112,35.49804694444445,5
134.15834305555555,35.49804694444445,5
134.15858,35.49801388888889,5
134.159105,35.49791388888889,5
134.15914305555555,35.497906111111114,5
134.15964305555556,35.49780611111111,5
134.15966805555556,35.497796944444445,5
134.16039305555555,35.49758111111111,6
134.160605,35.49751388888889,6
134.160655,35.49749805555555,6
134.161055,35.497413888888886,6
134.16121805555557,35.49742305555556,7
134.16199194444445,35.49746388888889,8
134.16299305555555,35.49751388888889,7
134.16343,35.49755611111111,7
134.16389194444446,35.497638888888886,7
134.16434194444443,35.49775611111111,7
134.16494194444445,35.49796388888889,8
134.165155,35.498063888888886,7
134.16531694444444,35.498173055555554,8
134.16543,35.49831388888889,8
134.165555,35.49860611111111,8
134.16569194444443,35.49896388888889,8
134.16571694444445,35.499023055555554,8
134.165805,35.49914694444445,5
134.16599194444444,35.49933111111111,6
134.16613,35.499448055555554,8
134.16626694444443,35.49955611111111,9
134.16664194444445,35.49979694444445,6
134.1668788888889,35.499896944444444,5
134.16724194444444,35.50003111111111,5
134.16764194444445,35.50013111111111,5
134.16777888888888,35.50016388888889,5
134.1691538888889,35.50045611111111,15
134.17174194444445,35.50091388888889,6
134.17332888888888,35.50127194444445,6
134.1741288888889,35.50141388888889,6
134.17477888888888,35.50145611111111,7
134.17487888888888,35.501488888888886,7
134.1758661111111,35.50144805555556,6
134.1760911111111,35.50143888888889,6
134.17625388888888,35.50143888888889,6
134.1765538888889,35.50143888888889,6
134.1771288888889,35.50143888888889,6
134.17827888888888,35.50144805555556,7
134.1783661111111,35.50144805555556,7
134.18034111111112,35.50148111111111,7
134.18111611111112,35.50150611111111,8
134.18204111111112,35.50152305555556,9
134.1822161111111,35.50153111111111,9
134.18320305555557,35.50154805555555,7
134.18375305555554,35.50152305555556,7
134.18422805555556,35.50143111111111,6
134.18432805555557,35.50140611111111,6
134.18455305555557,35.501331111111114,6
134.1846661111111,35.50130611111111,6
134.18480305555556,35.50124805555556,7
134.18519,35.501063888888886,8
134.186165,35.50051388888889,13
134.18674,35.50018111111111,17
134.187715,35.49962305555555,16
134.18815305555555,35.49939,16
134.18847805555555,35.49923111111111,18
134.189465,35.498815,9
134.19002694444444,35.49864,9
134.19034,35.49854,9
134.19099,35.498373055555554,9
134.191815,35.498215,9
134.192315,35.49814805555555,8
134.19282694444445,35.49809,8
134.19295194444445,35.49808111111111,8
134.19465194444444,35.497931944444446,8
134.19475194444445,35.49792305555555,8
134.19544,35.497865,7
134.19577694444445,35.49782305555556,7
134.19604,35.497815,7
134.1966888888889,35.49783194444444,7
134.19707694444443,35.49787305555556,7
134.1973888888889,35.497915,7
134.19795194444444,35.49804,7
134.19947694444446,35.49840694444445,10
134.19985194444445,35.49849805555556,12
134.19993888888888,35.49852305555556,13
134.2001888888889,35.498581944444446,14
134.20051388888888,35.498648055555556,15
134.2007888888889,35.49869805555556,13
134.2011138888889,35.49872305555556,13
134.2016638888889,35.49870694444444,10
134.20198888888888,35.49867305555556,8
134.2021261111111,35.49865694444444,8
134.20302611111111,35.49849805555556,6
134.20392611111112,35.49834805555555,6
134.20437611111112,35.49827305555556,6
134.2049011111111,35.49819,6
134.2067761111111,35.497881944444444,6
134.20948805555557,35.49744888888889,5
134.21233805555556,35.49697388888889,5
134.21231305555557,35.496898888888886,5
134.212305,35.49685888888889,5
134.212305,35.49685888888889,5
134.21231305555557,35.496898888888886,5
134.21233805555556,35.49697388888889,5
134.21238805555555,35.49713194444445,5
134.2126011111111,35.497681944444444,6
134.21283805555555,35.498381944444446,7
134.21310111111111,35.49899805555555,8
134.21326305555556,35.49929,8
134.21336305555556,35.49948194444445,9
134.21363805555555,35.500098055555554,9
134.21373805555555,35.500315,9
134.21395,35.500773055555555,8
134.214,35.500906111111114,7
134.21403805555556,35.50103111111111,7
134.21406305555556,35.50115611111111,6
134.214075,35.501365,6
134.21403805555556,35.50163111111111,5
134.21393805555556,35.502023055555554,5
134.2139,35.50213111111111,5
134.21358805555556,35.503148055555556,5
134.213525,35.503298055555554,5
134.21345,35.50360611111111,5
134.213275,35.50423888888889,5
134.21308805555554,35.504848055555556,5
134.2129,35.50545611111111,5
134.21281305555556,35.50543111111111,5
134.21280194444444,35.505465,5
134.21280194444444,35.505465,5
134.21281305555556,35.50543111111111,5
134.2129,35.50545611111111,5
134.21228805555555,35.50743888888889,5
134.21223805555556,35.50756388888889,5
134.2121,35.50781388888889,5
134.21188805555556,35.50801388888889,5
134.21166305555556,35.50814694444445,5
134.2116,35.50818888888889,5
134.2114,35.50830611111111,5
134.2111,35.508538888888886,5
134.21105,35.50866388888889,5
134.21106305555554,35.50883888888889,5
134.2111,35.50898,5
134.211175,35.50921388888889,5
134.21121305555556,35.509346944444445,5
134.21123805555555,35.509605,5
134.21123805555555,35.51011388888889,5
134.21121305555556,35.51036388888889,5
134.211175,35.51072194444444,5
134.21108805555556,35.511205,5
134.211025,35.511446944444444,5
134.2109,35.51186305555556,5
134.21078805555555,35.512146944444446,5
134.21063805555556,35.51256305555555,5
134.2108,35.51258,5
134.21235,35.51293,5
134.2141,35.51329694444444,5
134.21426305555556,35.51333,5
134.21461194444444,35.513396944444445,5
134.21546194444446,35.513555,5
134.21613694444446,35.51367194444445,5
134.21628694444445,35.513688055555555,5
134.2166,35.51374694444444,5
134.216725,35.51378805555556,5
134.216925,35.51388,5
134.21776194444445,35.514405,6
134.2180238888889,35.514563055555556,6
134.21819888888888,35.51467111111111,6
134.21853694444445,35.51487111111111,6
134.21874888888888,35.515013055555556,6
134.2189488888889,35.51513,7
134.2190738888889,35.51519611111111,7
134.2192988888889,35.51533805555555,7
134.2194738888889,35.515438055555556,7
134.2201488888889,35.515863055555556,7
134.22061194444444,35.51613805555556,8
134.2207238888889,35.516196111111114,8
134.22083694444444,35.51629611111111,8
134.2210988888889,35.51643,8
134.22128694444444,35.51656305555556,8
134.22151194444444,35.516688055555555,8
134.22178694444443,35.51689611111111,8
134.2221238888889,35.51714611111111,8
134.2225861111111,35.517538055555555,9
134.22293611111112,35.51783,9
134.22328611111112,35.51815388888889,9
134.2240111111111,35.518788055555554,9
134.2243861111111,35.51911305555556,5
134.22511111111112,35.51972888888889,4
134.22521111111112,35.51981305555555,4
134.2254738888889,35.52005388888889,4
134.2257361111111,35.52027888888889,4
134.22647388888888,35.52090388888889,4
134.2266111111111,35.52103805555556,5
134.2269611111111,35.52132888888889,4
134.2277611111111,35.52200388888889,4
134.2282111111111,35.52235388888889,4
134.22872305555555,35.52272111111111,4
134.22879805555556,35.52279611111111,4
134.2289111111111,35.52287888888889,4
134.22927305555555,35.52323805555555,4
134.22957305555556,35.52352111111111,4
134.2299111111111,35.52391305555555,11
134.2301611111111,35.52426194444445,12
134.23024805555556,35.52440388888889,13
134.23033611111111,35.52460388888889,13
134.23041111111112,35.525011944444444,12
134.23039805555555,35.525236944444444,14
134.23027305555556,35.526536944444445,28
134.2301611111111,35.52748694444445,36
134.23012305555557,35.52770388888889,34
134.23008611111112,35.527836944444445,35
134.22997305555555,35.52811194444445,36
134.22979805555556,35.528461944444444,38
134.2292611111111,35.52938694444445,42
134.2290361111111,35.52983694444445,47
134.22899805555556,35.52997,44
134.2290111111111,35.530245,47
134.2290361111111,35.530345,46
134.22914805555556,35.53057,53
134.2292611111111,35.53077805555556,54
134.22996,35.532578055555554,65
134.23012305555557,35.53308611111111,56
134.23029805555555,35.533395,50
134.23056,35.53368611111111,43
134.23354694444444,35.53594388888889,38
134.23414694444443,35.536453055555555,36
134.23509305555555,35.53736111111111,34
</coordinates>
</LineString>
</Placemark>
</Document>
</kml>
