<?xml version="1.0" encoding="UTF-8"?>
<kml xmlns="http://www.opengis.net/kml/2.2" xmlns:atom="http://www.w3.org/2005/Atom">
<Document>
<name>第52代WCC　椎木新歓ラン</name>
<atom:author>
<atom:name>椎木</atom:name>
</atom:author> 
<atom:link href="https://latlonglab.yahoo.co.jp/route/watch?id=5a5d6e8690584d0d798337a82cd0652e" />
<description><![CDATA[]]></description>
<tags><![CDATA[]]></tags>  
<Placemark>
<Style>
<LineStyle>
<color>99ff0000</color>
<width>6</width>
</LineStyle>
</Style>
<LineString>
<coordinates>
139.08361916666667,35.98956694444445,237
139.08363444444444,35.989515833333336,238
139.08368,35.98949,238
139.08397722222222,35.98941388888889,238
139.0840836111111,35.98943444444444,238
139.08426666666668,35.98937277777778,238
139.08519,35.98898194444445,238
139.08514027777778,35.98890388888889,236
139.08513916666666,35.98890277777778,238
139.08519,35.98898194444445,238
139.0853038888889,35.989108888888886,238
139.0853811111111,35.98921527777778,237
139.08544166666667,35.98932277777778,237
139.08547972222223,35.98941388888889,237
139.08559472222223,35.98979055555556,237
139.08562527777778,35.989871944444445,237
139.08581611111111,35.9905175,236
139.08593,35.99086333333333,235
139.0860438888889,35.99122472222222,235
139.08606777777777,35.99131583333333,235
139.0862575,35.99190055555555,234
139.08652444444445,35.99254611111111,234
139.0866925,35.99293361111111,233
139.08686833333334,35.99336527777778,233
139.08702027777778,35.99369611111111,233
139.08714277777779,35.99402166666667,232
139.08728833333333,35.9943625,232
139.08755527777777,35.99500805555556,232
139.08760805555556,35.99514027777778,232
139.08769166666667,35.99536388888889,231
139.0877913888889,35.995623888888886,231
139.08779055555556,35.995623055555555,231
139.08769166666667,35.99536388888889,231
139.08760805555556,35.99514027777778,232
139.0884163888889,35.99464666666667,232
139.08866833333335,35.994504444444445,233
139.08885166666667,35.99438722222222,233
139.08898194444444,35.994305833333335,233
139.08908055555557,35.994214722222225,233
139.08913361111112,35.99415416666667,233
139.08916416666668,35.99411277777778,233
139.0894311111111,35.993787222222224,234
139.0895688888889,35.99362027777778,234
139.09006472222222,35.99297388888889,236
139.09027083333334,35.99269916666667,237
139.0905075,35.992399722222224,239
139.09064416666666,35.99220555555556,242
139.0907288888889,35.992089444444446,245
139.09078944444445,35.99203305555555,248
139.0908575,35.9920125,248
139.09125472222223,35.991956944444446,248
139.09131555555555,35.99194194444444,248
139.09144583333332,35.99191583333333,248
139.0922161111111,35.99164666666667,248
139.09287916666668,35.99144805555556,248
139.09319277777777,35.99131583333333,248
139.0933672222222,35.99165638888889,248
139.09338666666667,35.991703055555554,248
139.09338666666667,35.99170194444444,248
139.09344416666667,35.991839722222224,248
139.09352777777778,35.99196666666667,249
139.09376416666666,35.99235861111111,248
139.09403111111112,35.992780555555555,244
139.09410833333334,35.9929075,245
139.09450416666667,35.99355388888889,244
139.09485583333333,35.994123611111114,243
139.09515277777777,35.994479444444444,241
139.09521361111112,35.99455,241
139.09548055555555,35.99485055555556,239
139.09574,35.99512527777778,238
139.09634305555556,35.99577055555555,237
139.09673138888888,35.99617305555556,236
139.09695277777777,35.99642166666667,236
139.09721972222223,35.99669166666666,235
139.097365,35.996849166666664,235
139.0975938888889,35.99708777777778,235
139.09760916666667,35.997103055555556,235
139.09821888888888,35.997749722222224,235
139.09830333333332,35.997815555555555,235
139.09839444444444,35.997881666666665,234
139.09891305555556,35.998237777777774,233
139.0989663888889,35.99828333333333,233
139.09915722222223,35.99840472222222,232
139.09957722222222,35.99870527777778,231
139.0997911111111,35.99877166666667,231
139.1003325,35.99890388888889,225
139.100455,35.99892888888889,224
139.1010188888889,35.99905583333334,225
139.10166666666666,35.99917305555555,224
139.10214,35.999254444444446,218
139.10296444444444,35.9993975,220
139.10316277777778,35.99943777777778,221
139.1033375,35.99946277777778,222
139.1035286111111,35.999498611111115,223
139.10388,35.999555,223
139.10456583333334,35.99966666666667,223
139.10474166666665,35.999723055555556,224
139.10477944444443,35.99973277777778,224
139.10496305555554,35.99990555555556,223
139.10530583333335,36.00022111111111,222
139.10541305555554,36.00033305555556,221
139.10558111111112,36.00047472222222,221
139.10595444444445,36.000820833333336,221
139.10603805555556,36.00091222222222,221
139.10615305555555,36.001065,221
139.1062288888889,36.0011975,221
139.1064275,36.001604444444446,220
139.10667916666668,36.00203194444445,221
139.10701416666666,36.00259611111111,222
139.10736583333335,36.00318083333333,223
139.10742666666667,36.003297777777775,222
139.10757972222223,36.00353666666667,222
139.10786166666668,36.00404555555556,221
139.10793777777778,36.004198611111114,221
139.10810583333333,36.00456972222222,221
139.10841805555555,36.0053875,220
139.10854055555555,36.00571305555555,220
139.1086013888889,36.00583555555556,220
139.1086775,36.00593222222222,220
139.1088,36.00606444444445,220
139.10892916666666,36.00616111111111,219
139.10969194444445,36.00655277777778,218
139.10986777777777,36.00664388888889,218
139.10999027777777,36.00672111111111,218
139.11002833333333,36.00675583333334,218
139.11024944444443,36.006929444444445,217
139.1104163888889,36.00707138888889,217
139.1108136111111,36.0074275,217
139.11097416666667,36.00758027777778,216
139.11116416666667,36.007798055555554,217
139.11130194444445,36.007981666666666,216
139.11142333333333,36.008165,216
139.11151555555554,36.00836361111111,216
139.11162972222223,36.008653333333335,216
139.1116913888889,36.00879,216
139.1118052777778,36.00909055555555,216
139.11182805555555,36.00916222222222,216
139.11184333333333,36.00926305555556,216
139.11185083333334,36.009344444444444,215
139.11186583333333,36.00961888888889,215
139.11186583333333,36.01003138888889,214
139.11186583333333,36.010377222222225,214
139.11185055555555,36.011297222222225,212
139.11185055555555,36.01141444444445,212
139.11185055555555,36.011715,211
139.11185055555555,36.01187222222222,210
139.1118886111111,36.01206,209
139.11192777777777,36.01216194444444,208
139.11197333333334,36.01237027777778,207
139.11212527777778,36.01286916666667,205
139.11215555555555,36.01301138888889,206
139.11216305555556,36.013311944444446,208
139.11214027777777,36.014003055555555,213
139.11214027777777,36.014094166666666,213
139.11216277777777,36.014226666666666,213
139.11230083333334,36.01491861111111,216
139.1123538888889,36.01535583333333,216
139.11239944444443,36.01560972222222,215
139.1124536111111,36.01598638888889,214
139.11257527777778,36.016779444444445,213
139.11262833333333,36.017136666666666,213
139.1126675,36.01742055555555,212
139.11272833333334,36.017761388888886,211
139.11279666666667,36.01840694444444,209
139.11284944444444,36.01888527777778,208
139.11296444444446,36.019530833333334,207
139.11298722222222,36.0196425,207
139.1130025,36.019795555555554,207
139.11298722222222,36.01999416666666,207
139.11296444444446,36.02053222222222,207
139.11296444444446,36.02053111111111,206
139.11296444444446,36.020537777777776,206
139.11296444444446,36.02067,206
139.11297972222224,36.02079277777778,206
139.1141775,36.02184527777778,203
139.11452777777777,36.022104166666665,204
139.11497805555555,36.02233861111111,207
139.11509194444446,36.02240916666667,208
139.11531333333335,36.02254694444444,208
139.11542833333334,36.02262833333333,209
139.11561166666667,36.022800833333335,213
139.1157863888889,36.02303527777778,213
139.11582444444446,36.02308611111111,213
139.1159013888889,36.02321861111111,211
139.11593944444445,36.02325444444445,211
139.11616083333334,36.02343666666667,211
139.11672472222222,36.02368638888889,215
139.11707638888888,36.02381333333334,215
139.11738888888888,36.023960833333334,215
139.1176786111111,36.02408777777778,212
139.1180138888889,36.024205,207
139.1184413888889,36.02428611111111,210
139.1187852777778,36.02435222222222,211
139.11912833333332,36.024433611111114,213
139.11920388888888,36.02469305555555,214
139.11919527777778,36.02477972222222,223
139.11919527777778,36.02477861111111,213
139.11916583333334,36.025084722222225,213
139.11913555555554,36.025730277777775,210
139.11912805555556,36.02581166666667,210
139.11913555555554,36.02591916666667,210
139.11916583333334,36.02601027777778,210
139.11926583333334,36.0261425,207
139.11941,36.02635083333333,209
139.1196161111111,36.02663611111111,216
139.11967694444445,36.0267175,216
139.11981472222223,36.026803055555554,216
139.1199286111111,36.026854166666666,215
139.12007416666665,36.02688444444444,216
139.1205625,36.026986388888886,214
139.12095055555557,36.02704305555555,215
139.12107305555554,36.02708305555556,214
139.12118722222223,36.027118888888886,216
139.1212111111111,36.027185,216
139.12127166666667,36.02762222222222,214
139.12134777777777,36.02826805555556,212
139.12138555555555,36.028396111111114,213
139.12146277777777,36.028441666666666,214
139.12161472222223,36.028528333333334,214
139.12181333333334,36.02862944444445,215
139.1218511111111,36.028644444444446,215
139.1220725,36.02876722222222,218
139.1221486111111,36.02879194444444,218
139.12244694444445,36.028908888888886,219
139.12277444444445,36.029020833333334,224
139.12332333333333,36.029179166666665,226
139.12343833333333,36.02920944444445,226
139.12361305555555,36.02926055555555,226
139.12383444444444,36.02930055555556,227
139.12389611111112,36.02932138888889,228
139.12437694444444,36.029402777777776,235
139.12455916666667,36.02945361111111,234
139.12476527777778,36.029535,233
139.1249411111111,36.02963583333333,234
139.12498666666667,36.02967722222222,238
139.1250475,36.02972833333333,237
139.1251472222222,36.029849722222224,236
139.12523861111112,36.030033055555556,235
139.12523861111112,36.03010472222222,235
139.12518527777777,36.0302925,247
139.12518527777777,36.03037916666667,247
139.12521583333333,36.030434722222225,247
139.1252613888889,36.030475833333334,243
139.12547472222224,36.030541944444444,242
139.1255886111111,36.03060277777778,244
139.1257113888889,36.03068416666667,245
139.12602388888888,36.03113638888889,253
139.12606166666666,36.03122861111111,254
139.12606166666666,36.03131972222222,254
139.12590972222222,36.03176666666667,257
139.1259022222222,36.03183305555556,258
139.12590972222222,36.03189472222222,258
139.12596305555556,36.03196111111111,258
139.12602388888888,36.032001111111114,260
139.12617666666668,36.032027222222226,262
139.12642083333333,36.03201638888889,260
139.12648916666666,36.03203694444444,257
139.126535,36.032067222222224,257
139.12657388888888,36.03210861111111,264
139.12665,36.03240805555556,267
139.12665,36.03261638888889,268
139.126665,36.03267833333334,270
139.1266877777778,36.03273361111111,269
139.12673333333333,36.032779166666664,272
139.12684833333333,36.03282472222222,271
139.12729,36.03295277777778,269
139.12755027777777,36.033074166666665,277
139.12777805555555,36.03321638888889,278
139.1278475,36.0332825,275
139.12790833333332,36.033369444444446,277
139.12793861111112,36.033450555555554,277
139.1279236111111,36.03406583333334,277
139.1279463888889,36.034554166666666,277
139.12796138888888,36.03502722222222,269
139.12796916666667,36.035672777777776,264
139.12797666666665,36.03577444444444,263
139.12791583333333,36.03642111111111,256
139.12790055555556,36.0365275,255
139.1279463888889,36.037040833333336,249
139.12813722222222,36.0376875,249
139.1282977777778,36.03819055555556,249
139.1285797222222,36.03883611111111,245
139.1287088888889,36.03911083333333,243
139.12889222222222,36.0397575,240
139.12894527777777,36.039920277777775,239
139.12931972222222,36.04056555555555,237
139.129335,36.04059055555555,237
139.12960166666667,36.04094222222222,235
139.13022666666666,36.04158777777778,234
139.1303111111111,36.041674444444446,234
139.13056277777778,36.04193388888889,232
139.13067694444445,36.04215194444444,231
139.1307463888889,36.04232555555556,231
139.13082222222224,36.042696666666664,229
139.1309513888889,36.04334194444444,226
139.1309513888889,36.043459166666665,225
139.13092083333333,36.043657777777774,224
139.1307386111111,36.04405916666666,225
139.1306236111111,36.044450833333336,225
139.1306236111111,36.04459305555555,225
139.1307236111111,36.044893611111114,225
139.1308752777778,36.04521888888889,224
139.13092083333333,36.04564638888889,223
139.13098277777777,36.04629194444444,222
139.1310511111111,36.04666861111111,223
139.1311347222222,36.0468975,223
139.13123444444443,36.04706027777778,222
139.13133333333334,36.0472025,223
139.1315088888889,36.04736527777778,223
139.13154666666668,36.04744111111111,224
139.13176055555556,36.047868333333334,226
139.13199694444444,36.048473888888886,223
139.13201222222222,36.04850972222222,222
139.132035,36.048657222222225,222
139.13201222222222,36.048784166666664,223
139.13187444444443,36.049191111111114,219
139.13179861111112,36.049526388888886,217
139.13177583333334,36.04964361111111,218
139.1318136111111,36.04985194444444,218
139.13192,36.0501825,218
139.13195916666666,36.05040611111111,218
139.13202,36.05077722222222,216
139.13195916666666,36.050935555555554,217
139.1318897222222,36.051032222222226,217
139.13176055555556,36.05114944444444,217
139.13143944444445,36.05139333333333,216
139.13133305555556,36.05142388888889,217
139.1307611111111,36.05181555555556,217
139.13062333333335,36.0519425,216
139.1305475,36.05200861111111,216
139.1304702777778,36.05217583333334,216
139.1303336111111,36.052572777777776,216
139.13019583333335,36.052908055555555,217
139.13019583333335,36.05296444444444,217
139.13036416666668,36.053350555555554,209
139.13049416666667,36.05399722222222,207
139.13050944444444,36.05404277777778,207
139.1307611111111,36.054465,203
139.13079916666666,36.054540555555555,203
139.13082194444445,36.05465777777778,203
139.13084472222224,36.054764166666665,203
139.130875,36.054896666666664,204
139.1308977777778,36.05524805555556,203
139.1309511111111,36.05540555555555,203
139.13101305555554,36.05563444444444,202
139.1310736111111,36.055858055555554,202
139.1310736111111,36.056015277777774,202
139.1310736111111,36.056488333333334,203
139.13113444444446,36.056646944444445,202
139.1312113888889,36.056956944444444,202
139.1311725,36.05721611111111,202
139.13101305555554,36.05755694444444,200
139.13073833333334,36.058147222222225,203
139.13068416666667,36.05834027777778,203
139.13063861111112,36.058665833333336,201
139.13058527777778,36.05900638888889,203
139.13062305555556,36.05965194444445,198
139.13064583333335,36.05997194444444,196
139.130585,36.06013027777778,195
139.13038666666668,36.06068916666667,197
139.13037138888888,36.06070972222222,197
139.12999083333332,36.06135527777778,198
139.12974666666668,36.061773055555555,198
139.12946333333332,36.062108333333335,196
139.12923444444445,36.06238805555556,193
139.1290977777778,36.06269861111111,195
139.12903694444444,36.062931666666664,196
139.1290522222222,36.06325694444445,196
139.12911305555556,36.06364861111111,195
139.12915083333334,36.06377138888889,194
139.12937222222223,36.06406638888889,193
139.12964666666667,36.064346388888886,194
139.12979944444444,36.064549444444445,196
139.1300361111111,36.064880277777775,194
139.13011972222222,36.06510388888889,193
139.1301575,36.06520583333333,193
139.13019555555556,36.06534805555555,192
139.13020305555557,36.065419444444444,191
139.13022583333333,36.066065,186
139.13028777777777,36.06639055555556,188
139.13042444444446,36.06625805555556,188
139.13053194444444,36.06619194444445,189
139.13067527777778,36.06615055555555,192
139.13067416666667,36.06615166666667,192
139.13074583333332,36.06613111111111,193
139.1309975,36.066105,195
139.131195,36.06614638888889,195
139.13150055555556,36.0662375,196
139.1317447222222,36.06626333333333,196
139.1320725,36.06626333333333,195
139.13223305555556,36.066248333333334,196
139.13246972222223,36.06617111111111,195
139.13275944444445,36.066049722222225,194
139.13299583333333,36.066004166666666,194
139.13330833333333,36.06598888888889,194
139.13353722222223,36.065958611111114,195
139.13406333333333,36.06586638888889,197
139.13434555555557,36.06584138888889,197
139.13475777777776,36.066004166666666,199
139.13520805555555,36.066206944444446,201
139.1353988888889,36.06625805555556,203
139.13555861111112,36.06626333333333,203
139.135795,36.06625805555556,202
139.1360238888889,36.066182222222224,206
139.13645916666667,36.066182222222224,207
139.13665777777777,36.066140833333336,207
139.1368938888889,36.06614638888889,209
139.137085,36.066248333333334,212
139.13724444444443,36.066339444444445,212
139.13745055555555,36.06644694444444,211
139.13761888888888,36.06648694444444,214
139.1385725,36.06658888888889,217
139.13877,36.06664,217
139.13902277777777,36.06674638888889,218
139.13931222222223,36.06695027777778,223
139.13949472222222,36.067031666666665,226
139.13972361111112,36.06708166666667,225
139.14021944444445,36.06710777777778,229
139.14045583333333,36.067163055555554,234
139.14066222222223,36.06724972222222,236
139.14097583333333,36.067458055555555,239
139.14112,36.06748861111111,238
139.14147166666666,36.06755472222222,245
139.14158555555557,36.06755472222222,245
139.14172333333335,36.067529722222226,244
139.1421875,36.067366944444444,245
139.1424477777778,36.067346388888886,246
139.1427072222222,36.0673725,247
139.14291222222224,36.0673875,249
139.14343194444444,36.067346388888886,259
139.1436838888889,36.067433055555554,261
139.14404944444445,36.067590555555554,267
139.14429361111112,36.067662222222225,271
139.14450694444446,36.06767194444444,273
139.14468277777777,36.06771305555556,273
139.14481944444444,36.067814166666665,274
139.14493444444443,36.06791611111111,275
139.14517111111113,36.06810472222222,278
139.14564416666667,36.06875027777778,288
139.1456975,36.068821666666665,289
139.1457961111111,36.068913055555555,291
139.146125,36.06909638888889,300
139.14618555555555,36.06914722222222,295
139.14628444444443,36.06959972222222,304
139.14623111111112,36.06971166666667,306
139.14587305555557,36.07005777777778,311
139.1457961111111,36.07020527777778,311
139.14577333333332,36.07035722222222,321
139.1458577777778,36.07100361111111,333
139.14591833333333,36.071405,340
139.14597166666667,36.07152222222222,343
139.14607027777777,36.071598333333334,346
139.1466963888889,36.07199972222222,348
139.14684944444446,36.0721375,352
139.14683416666668,36.072224166666665,356
139.14678,36.07227,355
139.14665861111112,36.07227,358
139.14640666666668,36.07213194444444,363
139.14629944444445,36.072158055555555,366
139.14623083333333,36.07221333333333,366
139.1462461111111,36.07230555555556,369
139.1464675,36.07252916666667,372
139.14654333333334,36.07262027777778,375
139.1465738888889,36.0727375,375
139.14653583333333,36.07296638888889,384
139.14652055555555,36.073078333333335,386
139.14653583333333,36.07318,389
139.1466736111111,36.07342833333333,389
139.14664333333334,36.073479444444445,392
139.14659777777777,36.07349472222222,392
139.14630694444443,36.07315388888889,397
139.14620805555555,36.073078055555555,397
139.14602472222222,36.07303777777778,398
139.1459563888889,36.073078055555555,397
139.14597166666667,36.073164722222224,404
139.14627666666667,36.07373444444445,416
139.1463838888889,36.07393722222222,421
139.14642194444446,36.07404916666667,424
139.1464447222222,36.07421194444444,425
139.14652055555555,36.07427805555555,425
139.14662055555556,36.074304166666664,425
139.1467725,36.07427361111111,424
139.14684944444446,36.07425305555556,425
139.14726833333333,36.07397861111111,431
139.1473452777778,36.07397861111111,434
139.14744416666667,36.074014444444444,436
139.14761944444444,36.07414555555555,436
139.14769555555554,36.07416083333333,437
139.14779416666667,36.07416083333333,438
139.1481838888889,36.07398833333333,442
139.1482825,36.07397861111111,442
139.14837472222223,36.07402416666667,447
139.14848111111112,36.074105555555555,451
139.1484963888889,36.07421194444444,451
139.14834444444443,36.07452222222222,457
139.1482825,36.074730555555554,459
139.1482825,36.07484777777778,462
139.14832166666667,36.07494,465
139.14842027777777,36.07502138888889,468
139.14853416666668,36.0750875,467
139.14867222222222,36.07512222222222,465
139.14883277777778,36.0751125,463
139.1491225,36.07517333333333,467
139.1492211111111,36.07523944444444,464
139.14925916666667,36.07531111111111,466
139.14930583333333,36.07541305555556,464
139.14935888888888,36.07551388888889,465
139.1494425,36.075605833333334,464
139.1495727777778,36.07565694444445,469
139.15004555555555,36.07568722222222,464
139.15032,36.07577305555556,462
139.1506552777778,36.07583916666667,465
139.15099916666668,36.075829444444445,459
139.1513725,36.07581416666667,456
139.15145611111112,36.07584472222222,457
139.15151805555556,36.07593583333333,455
139.15153305555555,36.0760225,454
139.1515102777778,36.076155,454
139.15153305555555,36.07633833333333,453
139.15154833333332,36.07653138888889,453
139.15154833333332,36.07666388888889,452
139.15149527777777,36.076755,452
139.15141055555554,36.07691222222222,450
139.15131166666666,36.077019722222225,447
139.15096027777778,36.07724861111111,446
139.15057166666668,36.0774775,445
139.15027444444445,36.07769583333334,438
139.15006083333333,36.07784861111111,433
139.15006833333334,36.07803611111111,436
139.15003027777777,36.078204444444445,438
139.14996083333332,36.07834638888889,444
139.14972444444444,36.078738333333334,444
139.1496938888889,36.07881972222222,444
139.1496938888889,36.07890638888889,444
139.14973194444445,36.078961666666665,444
139.14993055555556,36.07926222222222,447
139.14994555555555,36.07932861111111,447
139.14985444444446,36.079430555555554,444
139.1497711111111,36.0795725,445
139.1496938888889,36.07983194444444,447
139.14961805555555,36.07989805555555,446
139.14912222222222,36.080355833333336,455
139.1490613888889,36.08047305555556,453
139.1490311111111,36.08053916666667,453
139.14902222222221,36.080645555555556,454
139.14899944444446,36.08086888888889,454
139.14893111111112,36.080980833333335,455
139.14885527777778,36.08103166666667,455
139.14874777777777,36.08111861111111,455
139.14842,36.081311666666664,457
139.14833638888888,36.081377777777774,458
139.1482986111111,36.08150472222222,457
139.14825944444445,36.08172833333333,453
139.14826694444446,36.08191138888889,452
139.1483061111111,36.0819625,452
139.14848083333334,36.08216111111111,454
139.14859583333333,36.08247138888889,454
139.14861861111112,36.082573333333336,453
139.14867194444443,36.08298027777778,452
139.14855777777777,36.08311166666667,452
139.14837444444444,36.083371944444444,455
139.1480925,36.0837225,452
139.147985,36.083996666666664,454
139.1478938888889,36.08413888888889,456
139.14779388888888,36.08423555555556,457
139.14764222222223,36.08427666666667,452
139.14722972222222,36.084403611111114,454
139.14708555555555,36.084485,455
139.1469325,36.08457166666667,456
139.1467947222222,36.08457611111111,456
139.14664305555556,36.084560833333335,457
139.14630666666667,36.08437861111111,456
139.14597138888888,36.0843375,463
139.1458802777778,36.0843525,462
139.14581833333332,36.08447944444445,464
139.1457802777778,36.084647777777775,466
139.14577277777778,36.084897222222224,473
139.1457802777778,36.085029722222224,473
139.1458575,36.085186944444445,475
139.146055,36.0854875,480
139.1462838888889,36.08582805555555,487
139.14658944444446,36.08647361111111,497
139.14660472222224,36.086504166666664,497
139.14667305555557,36.08664611111111,500
139.1467338888889,36.08671777777778,504
139.14684888888888,36.08681444444444,508
139.14710833333334,36.087022777777776,520
139.14720694444443,36.087068333333335,521
139.14730583333332,36.08709416666667,523
139.14743583333333,36.08710416666667,526
139.14751944444444,36.087088888888886,530
139.14773333333332,36.086977222222224,527
139.14781027777778,36.086977222222224,527
139.1478711111111,36.08701305555556,531
139.1478938888889,36.08707916666667,539
139.14788611111112,36.087134444444445,539
139.14785583333332,36.08720611111111,539
139.14748138888888,36.087561944444445,544
139.14738277777778,36.08761305555556,542
139.14726,36.087653055555556,540
139.14688694444445,36.08774527777778,537
139.14680972222223,36.087785555555556,539
139.14675666666668,36.08786222222222,537
139.14664277777777,36.088034722222226,538
139.14660472222224,36.088136666666664,538
139.14659722222223,36.088228055555554,541
139.14660472222224,36.088345,542
139.14661555555554,36.08836138888889,542
139.14661444444445,36.08836027777778,542
139.14665805555555,36.08842638888889,542
139.1467338888889,36.0885025,542
139.1469475,36.08839611111111,544
139.14709305555556,36.08833,544
139.14726777777778,36.08826916666667,549
139.14732194444446,36.08826361111111,549
139.1476725,36.08811083333333,556
139.1481836111111,36.08784722222222,564
139.1483211111111,36.087806111111114,567
139.14845777777776,36.08779638888889,570
139.14846527777777,36.08779083333334,570
139.14943444444444,36.08773444444444,574
139.14953416666665,36.08773444444444,575
139.14964805555556,36.08777027777778,575
139.14993027777777,36.0878875,579
139.15008333333333,36.08792861111111,579
139.15019722222223,36.08793861111111,579
139.15027416666666,36.08792861111111,583
139.15038055555556,36.08787777777778,579
139.15047166666668,36.08781166666667,583
139.15068555555555,36.087470833333334,578
139.150755,36.087363333333336,577
139.1511052777778,36.087043333333334,578
139.15119638888888,36.086935833333335,578
139.15125833333335,36.08685444444444,578
139.15143277777779,36.086504444444444,576
139.1515325,36.086245,581
139.15158583333334,36.08615388888889,584
139.15174638888888,36.08591388888889,582
139.15180722222223,36.08585333333333,583
139.1520361111111,36.08566,586
139.15210444444443,36.08557861111111,584
139.15228027777778,36.08533472222222,585
139.15245611111112,36.08506,587
139.15250916666668,36.084988333333335,586
139.15259277777778,36.08491277777778,587
139.15276083333333,36.08477055555556,586
139.15286722222223,36.084648055555554,586
139.15295944444443,36.08452111111111,591
139.15303527777778,36.08436805555556,594
139.1530811111111,36.084246666666665,593
139.15314166666667,36.084068611111114,593
139.1532188888889,36.08382888888889,592
139.15337833333334,36.08329055555556,592
139.15355416666668,36.08264416666667,592
139.15379833333333,36.08202361111111,594
139.1539588888889,36.08163722222222,592
139.15403472222224,36.081495,593
139.15411833333334,36.08128138888889,593
139.1541725,36.08116416666667,592
139.15424861111111,36.0810525,593
139.15437,36.08090472222222,594
139.15453055555557,36.08072166666667,593
139.15498083333333,36.08026916666667,593
139.15523277777777,36.07989805555555,598
139.1553238888889,36.07973,598
139.15545416666666,36.07937944444444,605
139.15569805555555,36.07877944444444,608
139.1557588888889,36.07862138888889,605
139.15591944444444,36.07825555555556,612
139.15614083333332,36.07761,612
139.1561561111111,36.077574166666665,612
139.15619416666667,36.07743638888889,612
139.15620916666666,36.077263888888886,619
139.15620916666666,36.076618333333336,632
139.15621694444445,36.0765825,632
139.1561863888889,36.0763275,634
139.15613333333334,36.07611388888889,635
139.15607138888888,36.07586555555555,636
139.1559577777778,36.075606111111114,638
139.15574388888888,36.075356666666664,644
139.15569833333333,36.07525472222222,646
139.1557363888889,36.07499083333333,646
139.15569833333333,36.074665555555555,645
139.1557363888889,36.074506944444444,644
139.15588194444445,36.07422277777778,645
139.155935,36.07402416666667,645
139.15604888888888,36.07382027777778,646
139.15607166666666,36.073723888888885,645
139.15604888888888,36.073439444444446,645
139.15607166666666,36.07321611111111,641
139.1560336111111,36.07268111111111,635
139.15607166666666,36.07241194444445,627
139.15617166666667,36.07217333333333,627
139.15642333333332,36.07190305555556,628
139.15646138888889,36.071821666666665,640
139.15643083333333,36.0715625,627
139.15649916666666,36.07136388888889,629
139.15648416666667,36.07123138888889,629
139.15627027777776,36.07095722222222,628
139.15627027777776,36.07082055555556,625
139.15637,36.07062194444445,623
139.15669777777777,36.07029638888889,627
139.15675861111112,36.07014888888889,626
139.1567813888889,36.069853611111114,627
139.15691916666665,36.069472777777776,628
139.1569722222222,36.06894861111111,628
139.15701777777778,36.06841527777778,633
139.157095,36.068282777777775,632
139.15728472222222,36.068089722222226,634
139.1574225,36.0680125,632
139.15744527777778,36.06795722222222,626
139.15748333333335,36.067789166666664,619
139.15753666666666,36.06770777777778,617
139.15766666666667,36.06755027777778,610
139.15772,36.067478888888886,605
139.157735,36.06707194444444,612
139.15777305555557,36.06698083333333,610
139.15788055555555,36.0668375,599
139.1579336111111,36.066740833333334,600
139.1579336111111,36.066670277777774,600
139.15787305555557,36.066568333333336,607
139.15778111111112,36.06639083333334,620
139.1577352777778,36.0661975,615
139.1577352777778,36.06605527777778,612
139.15778111111112,36.065912222222224,612
139.1579338888889,36.065779722222224,607
139.15823138888888,36.0655975,602
139.15829194444444,36.065531388888886,603
139.15830833333334,36.06545,603
139.15809444444446,36.065175555555555,609
139.15808694444445,36.065083333333334,607
139.15814777777777,36.06500722222222,606
139.15840694444444,36.06494638888889,601
139.15848305555556,36.06489,599
139.15853611111112,36.06480861111111,598
139.15863611111112,36.06453944444444,591
139.15899416666667,36.06422944444444,590
139.15916972222223,36.064055833333335,588
139.15946694444443,36.06388333333334,584
139.1596047222222,36.06377166666667,579
139.15967305555554,36.06369027777778,585
139.15968055555555,36.063588333333335,586
139.15955944444445,36.06307944444445,588
139.15952027777777,36.06272333333333,586
139.15953666666667,36.0625,585
139.15950527777778,36.06238277777778,585
139.1594975,36.06232194444444,586
139.15951166666667,36.06229805555556,586
139.15951166666667,36.06229805555556,586
139.15953666666667,36.06225583333333,586
139.15965805555555,36.06215916666667,586
139.15968083333334,36.06209833333333,586
139.15968083333334,36.062017222222224,586
139.15953666666667,36.06148777777778,591
139.1593227777778,36.06098444444444,592
139.15930777777777,36.06086722222222,591
139.15934555555555,36.06079111111111,588
139.1594063888889,36.06075111111111,590
139.15952027777777,36.06076638888889,589
139.15963527777777,36.06075111111111,589
139.15971888888888,36.0607,588
139.1598111111111,36.060613333333336,589
139.15989472222222,36.060496111111114,590
139.15995555555557,36.060450555555555,590
139.1602613888889,36.06033333333333,586
139.16036027777778,36.06025722222222,588
139.16039805555556,36.06019111111111,590
139.16036027777778,36.06013027777778,590
139.16029944444443,36.0601,592
139.16007055555556,36.060089166666664,594
139.16000861111112,36.06003805555556,594
139.15999333333335,36.059982777777776,597
139.16009333333332,36.05979,595
139.16010833333334,36.05969777777778,593
139.16008555555555,36.059601111111114,588
139.16001722222222,36.05955027777778,583
139.15981861111112,36.059489444444445,589
139.15978083333334,36.05944916666667,592
139.15978083333334,36.05937222222222,591
139.16000861111112,36.059158333333336,590
139.16000861111112,36.05907277777778,593
139.15995555555557,36.05900666666667,596
139.15977305555555,36.05894027777778,598
139.15971888888888,36.05884805555556,589
139.15968083333334,36.05875694444445,585
139.15969611111112,36.05847277777778,584
139.15967333333333,36.05843138888889,586
139.159605,36.05840638888889,586
139.1589561111111,36.05841638888889,590
139.15888027777777,36.05840638888889,590
139.15881166666668,36.05835555555556,590
139.15879666666666,36.05827416666666,587
139.15881166666668,36.05821777777778,584
139.15891805555555,36.05809083333333,580
139.15893333333332,36.05803972222222,580
139.1587425,36.05768916666667,579
139.15871222222222,36.05761777777778,577
139.15871222222222,36.05755138888889,579
139.15875777777777,36.057500833333336,579
139.15881194444444,36.05749111111111,579
139.15908638888888,36.05755694444444,574
139.15917,36.057566666666666,571
139.15924583333333,36.057541666666665,573
139.159285,36.057500833333336,573
139.15930777777777,36.05738888888889,577
139.15933055555556,36.05732277777778,582
139.1594063888889,36.0572925,582
139.1594975,36.057271944444445,583
139.15977305555555,36.0573075,584
139.15984916666667,36.0573075,583
139.1599175,36.057271944444445,581
139.15997055555556,36.057205555555555,582
139.15998583333334,36.057139444444445,582
139.15993277777778,36.05699194444445,585
139.15994777777777,36.05695722222222,585
139.1600325,36.056849722222225,585
139.16004777777778,36.05678888888889,585
139.16001722222222,36.0566925,589
139.15954416666668,36.056580555555556,595
139.1594822222222,36.05655027777778,586
139.15944444444443,36.05650888888889,586
139.1593611111111,36.056376666666665,583
139.15930805555556,36.056351666666664,587
139.15919305555556,36.05636694444444,591
139.15908666666667,36.0564275,596
139.15883472222222,36.056575277777775,609
139.15869694444444,36.05664138888889,606
139.15859833333334,36.056646944444445,604
139.1584452777778,36.05664138888889,603
139.15836166666668,36.05659027777778,603
139.15829222222223,36.05650888888889,600
139.15826194444443,36.056381944444446,595
139.15824666666666,36.05618361111111,590
139.15826194444443,36.055950277777775,588
139.15820888888888,36.055888333333336,591
139.15814805555556,36.055863333333335,587
139.15783555555555,36.055863333333335,591
139.15762166666667,36.05583305555555,590
139.1574686111111,36.055751666666666,585
139.15732333333332,36.05562472222222,577
139.15727027777777,36.055522777777774,577
139.15722472222222,36.05533916666667,577
139.15711833333333,36.05480583333333,575
139.15711833333333,36.05461694444445,575
139.15711833333333,36.05452583333334,576
139.15717138888888,36.05442388888889,577
139.15730805555555,36.054368333333336,575
139.1574686111111,36.054296944444445,574
139.1576825,36.054164444444446,575
139.15782027777777,36.05395055555555,573
139.157995,36.05348305555555,570
139.15808722222224,36.05312166666667,566
139.15807194444446,36.05258277777778,562
139.15791166666668,36.05195222222222,557
139.15798,36.05146388888889,559
139.1579952777778,36.051428055555554,558
139.15818638888888,36.050782777777776,557
139.15826972222223,36.05057444444444,555
139.15843027777777,36.0503,556
139.15858333333333,36.05012638888889,553
139.15878083333334,36.04991805555556,550
139.15897194444443,36.04979111111111,546
139.1590561111111,36.049709722222225,544
139.15909416666668,36.049577222222226,544
139.15908694444445,36.04939944444445,543
139.15900222222223,36.04875388888889,539
139.15897194444443,36.048585833333334,537
139.158835,36.04845888888889,537
139.15867444444444,36.04830583333333,536
139.1584988888889,36.048143055555556,537
139.15844555555555,36.04799111111111,536
139.1584227777778,36.04786861111111,535
139.15844555555555,36.047584444444446,530
139.1584988888889,36.04747694444445,524
139.15858333333333,36.04736527777778,518
139.1586822222222,36.047314166666666,513
139.15878083333334,36.047334722222224,516
139.15888083333334,36.047400833333334,515
139.15889583333333,36.04754305555556,513
139.15875805555555,36.0478175,518
139.15878083333334,36.04785888888889,518
139.158835,36.04790972222222,517
139.15897194444443,36.047914166666665,516
139.15899777777778,36.047911944444444,516
139.15899666666667,36.047911944444444,516
139.1594677777778,36.04786861111111,512
139.15977333333333,36.047925,508
139.15993305555557,36.0480575,505
139.16007083333332,36.048209444444446,504
139.16018472222223,36.04828083333334,504
139.16048194444446,36.04830583333333,496
139.16077277777777,36.048316666666665,493
139.16088666666667,36.048341666666666,494
139.1609475,36.048407777777776,492
139.16109277777778,36.04879972222222,496
139.16113083333335,36.0489925,494
139.16114611111112,36.049149722222225,485
139.16110805555556,36.04954138888889,486
139.16114611111112,36.04968916666667,486
139.1612838888889,36.04985194444444,486
139.16142055555557,36.04994833333333,486
139.1615811111111,36.05001472222222,480
139.16168,36.05001027777778,475
139.16175694444445,36.04995916666667,471
139.16175694444445,36.049866944444446,466
139.16174944444444,36.04980638888889,466
139.1615811111111,36.04960777777778,465
139.16157361111112,36.04953166666667,462
139.161695,36.04931805555555,456
139.1618936111111,36.049191111111114,456
139.16223,36.0490175,452
139.16230611111112,36.04895694444444,455
139.16230611111112,36.04889083333333,455
139.16223,36.04874861111111,457
139.16214527777777,36.04864222222222,457
139.16214527777777,36.04856083333333,457
139.1622225,36.04846861111111,456
139.16230611111112,36.04844361111111,454
139.16240472222222,36.04848916666667,453
139.162535,36.04859138888889,453
139.1626488888889,36.04875833333333,452
139.1626488888889,36.04888111111111,450
139.16257277777777,36.049033888888886,442
139.162435,36.04913472222222,446
139.16226055555555,36.04926694444445,445
139.16218333333333,36.0492975,448
139.16216805555555,36.04940916666666,445
139.16226805555556,36.04947527777778,443
139.1623363888889,36.04950138888889,443
139.162435,36.04950138888889,442
139.16251222222223,36.049440555555556,439
139.16261833333334,36.049323333333334,437
139.16269416666665,36.04923111111111,433
139.16283194444443,36.04923111111111,429
139.16294694444446,36.04923111111111,423
139.1630686111111,36.04914,424
139.16343527777778,36.04870833333333,425
139.16351111111112,36.04861611111111,420
139.1635188888889,36.048474166666665,418
139.16345805555557,36.04819944444444,408
139.1634961111111,36.048143055555556,408
139.16355666666666,36.0481225,408
139.16386916666667,36.0480975,406
139.1647927777778,36.047715555555556,398
139.16484583333335,36.047650555555556,397
139.16486111111112,36.047584444444446,397
139.16482305555556,36.04745638888889,395
139.16477,36.04710583333333,390
139.16477,36.04698361111111,390
139.16482305555556,36.04689777777778,388
139.16502166666666,36.04664277777778,385
139.1650825,36.04660805555555,385
139.16514416666666,36.04658194444445,384
139.16523527777778,36.04657666666667,383
139.1653797222222,36.046592777777775,383
139.16545666666667,36.04664805555556,382
139.1656325,36.046841388888886,377
139.1657236111111,36.0468825,374
139.1658225,36.04689222222222,375
139.165945,36.0468825,375
139.16614361111112,36.0468675,371
139.16631083333334,36.0468675,371
139.1669063888889,36.04694333333333,365
139.16718055555555,36.046994444444444,364
139.16740972222223,36.04703444444444,365
139.16756138888888,36.04704972222222,365
139.16803472222222,36.046928055555554,355
139.16837083333334,36.04694333333333,347
139.168485,36.04696833333333,345
139.1691338888889,36.04723305555556,347
139.16950694444444,36.04736555555556,347
139.16984333333335,36.04745222222222,340
139.1707663888889,36.04763444444445,334
139.1710713888889,36.047690833333334,329
139.17118527777777,36.04770083333333,328
139.17127,36.04766611111111,326
139.17134583333333,36.04759972222222,323
139.17139166666666,36.04752277777778,321
139.17139166666666,36.04745222222222,321
139.1713611111111,36.04736555555556,319
139.17127,36.04725916666667,318
139.1710561111111,36.046953055555555,309
139.1709488888889,36.04683166666667,307
139.17081972222223,36.046735,306
139.1707047222222,36.046658055555554,305
139.17058305555557,36.0466025,306
139.17046833333333,36.04655694444445,302
139.17014833333334,36.04650055555555,297
139.17001805555554,36.04647555555555,298
139.16995722222222,36.04642472222222,298
139.16993444444444,36.04635861111111,298
139.16993444444444,36.04629222222222,298
139.1700725,36.04618583333333,296
139.1700952777778,36.04606888888889,297
139.1700952777778,36.04598194444444,292
139.17005722222223,36.04591027777778,292
139.1699725,36.04582472222222,291
139.16991944444445,36.04575833333333,286
139.16990416666667,36.045676944444445,286
139.16994222222223,36.04561638888889,280
139.17001805555554,36.04559027777778,280
139.17011027777778,36.0456,280
139.1701938888889,36.04565111111111,280
139.17053027777777,36.045875555555554,283
139.17063666666667,36.04591027777778,284
139.17082,36.04595166666667,280
139.17111694444444,36.04598194444444,272
139.17148277777778,36.04600694444444,273
139.1715825,36.046033055555554,272
139.17163555555555,36.04607305555555,272
139.17165833333334,36.046165277777774,275
139.17167361111112,36.04625111111111,278
139.17174305555557,36.046301944444444,276
139.17181916666667,36.04631722222222,273
139.17197972222223,36.0462825,271
139.17210888888889,36.046301944444444,270
139.1722075,36.0463325,272
139.17226944444445,36.04639861111111,270
139.1723225,36.046460555555555,268
139.17240611111112,36.0466025,266
139.17250583333333,36.04669388888889,267
139.17283361111112,36.04676527777778,262
139.17334472222223,36.04683166666667,253
139.17353555555556,36.04687722222222,252
139.17363444444445,36.04691833333333,253
139.17371138888888,36.04697361111111,251
139.17375694444445,36.04704972222222,253
139.17377972222224,36.04714194444445,254
139.17377222222223,36.047223333333335,256
139.17373416666666,36.047335,256
139.17374166666667,36.04743166666667,256
139.17383305555555,36.04756944444444,254
139.1739161111111,36.04764,251
139.17416805555555,36.04770083333333,244
139.1742602777778,36.04776694444445,242
139.1744663888889,36.04796527777778,243
139.17450444444444,36.0480575,246
139.17454222222221,36.04826583333333,246
139.17453472222223,36.04862694444444,241
139.17461055555555,36.048809444444444,237
139.17461055555555,36.04893194444445,236
139.17461055555555,36.049135,236
139.17459555555556,36.049531944444446,228
139.1746486111111,36.04989333333333,221
139.17479416666666,36.05021888888889,216
139.17494694444446,36.05034,216
139.1750686111111,36.050426944444446,213
139.17528222222222,36.05050833333333,211
139.17548083333332,36.05054833333333,209
139.17619805555555,36.050716666666666,204
139.1764572222222,36.05080777777778,200
139.17660916666668,36.05085888888889,200
139.1767925,36.050915277777776,198
139.1773577777778,36.051026944444445,191
139.17800555555556,36.05114416666667,194
139.17799805555555,36.05126555555555,190
139.17799583333334,36.05128944444444,190
139.17799583333334,36.05128861111111,190
139.17799805555555,36.05126555555555,190
139.17800555555556,36.05114416666667,194
139.17802833333334,36.05088472222222,194
139.17802833333334,36.050650555555556,195
139.17802083333333,36.05045722222222,195
139.17790694444443,36.04989777777778,195
139.17788416666667,36.04978583333333,194
139.17788416666667,36.04931833333333,195
139.17790694444443,36.048769166666666,196
139.17792194444445,36.04861611111111,196
139.1779675,36.04848916666667,196
139.17814333333334,36.04822444444444,205
139.17823444444446,36.04801638888889,205
139.17828,36.04783305555556,203
139.17838,36.04739027777778,203
139.17853222222223,36.04670888888889,202
139.17872305555557,36.04595166666667,204
139.1787686111111,36.04568166666667,204
139.1787913888889,36.045499444444445,207
139.17880666666667,36.045340833333334,207
139.1787686111111,36.04501111111111,205
139.17869277777777,36.04414083333333,213
139.17865472222223,36.04387611111111,213
139.17863194444445,36.04362777777778,214
139.1785711111111,36.04344972222222,215
139.17841055555556,36.04307333333333,215
139.17831833333332,36.04282388888889,215
139.17827277777778,36.04266111111111,215
139.1782425,36.04246805555555,215
139.17796027777777,36.04109972222222,215
139.17773166666666,36.040102777777776,216
139.177595,36.03956888888889,218
139.177495,36.03924333333333,222
139.17747222222224,36.03913722222222,221
139.17747222222224,36.03899916666666,221
139.17747972222222,36.03886694444444,221
139.17761777777778,36.03843527777778,222
139.1779225,36.037595555555555,233
139.17794527777778,36.037483611111114,234
139.17794527777778,36.03735138888889,235
139.1779225,36.03725055555555,235
139.17786944444444,36.037102777777775,234
139.17735833333333,36.03626861111111,244
139.17712166666666,36.03590194444445,244
139.1768625,36.035292222222225,241
139.1767475,36.03482888888889,242
139.17657194444445,36.03414305555555,245
139.17651111111113,36.03391833333333,244
139.17644277777777,36.033700277777776,247
139.17638194444444,36.03358333333333,251
139.17616055555555,36.03332944444445,251
139.17550416666666,36.03286611111111,254
139.17449722222221,36.03225111111111,264
139.17436694444444,36.03208277777778,271
139.17393333333334,36.031818055555554,272
139.17367277777777,36.031645555555556,272
139.1735211111111,36.0314925,273
139.1734211111111,36.031345,272
139.17339833333332,36.031295,273
139.1734211111111,36.03120833333333,272
139.1735211111111,36.03107055555556,272
139.17389416666666,36.0308375,282
139.17405472222222,36.03069416666666,284
139.17408527777778,36.030562777777774,283
139.1740472222222,36.030460833333336,284
139.1739713888889,36.03029277777778,284
139.17377277777777,36.03005388888889,283
139.17350583333334,36.029804444444444,283
139.1730175,36.02947888888889,284
139.17291,36.02934666666667,284
139.17285694444445,36.029225,283
139.17284944444444,36.02899611111111,287
139.17287222222222,36.02885388888889,286
139.1729327777778,36.02860444444445,294
139.17291,36.02846666666667,293
139.17256722222223,36.028035,294
139.17242194444444,36.02782666666667,305
139.17232305555555,36.02757694444445,307
139.17230805555556,36.02728722222222,307
139.17234611111112,36.026961944444444,307
139.17250666666666,36.02671222222222,308
139.17252194444444,36.02658527777778,313
139.1724688888889,36.02641277777778,313
139.17201083333333,36.025995,316
139.17188055555556,36.025776944444445,316
139.17182,36.02563388888889,314
139.1717972222222,36.0255525,314
139.17177416666667,36.02522694444445,315
139.17169722222224,36.02502972222222,313
139.1715075,36.02487111111111,313
139.17132388888888,36.024769166666665,312
139.1706675,36.024586944444444,314
139.17034777777778,36.02430138888889,312
139.17007333333333,36.024144166666666,316
139.1698213888889,36.02401722222222,317
139.1696988888889,36.02390972222222,317
139.169585,36.023559444444444,317
139.16956972222223,36.02337583333333,316
139.16952305555554,36.022953888888885,316
139.16944722222223,36.022369166666664,325
139.1691725,36.02146861111111,328
139.1691575,36.02132666666667,327
139.1691952777778,36.02100111111111,333
139.1692952777778,36.02071138888889,336
139.16935583333333,36.02052805555556,333
139.1693711111111,36.02040111111111,332
139.16939416666668,36.01987722222222,336
139.16953083333334,36.019577777777776,335
139.16974472222222,36.01930194444444,335
139.16984444444444,36.01925222222222,333
139.170325,36.019104722222224,335
139.1705613888889,36.019038333333334,337
139.17088166666667,36.01881916666667,337
139.171385,36.01849361111111,338
139.17187333333334,36.01817805555556,343
139.17227055555554,36.017918611111114,346
139.17287277777777,36.017538055555555,350
139.17312444444445,36.017426388888886,354
139.1735747222222,36.01717138888889,356
139.17363555555556,36.01703444444444,354
139.17369722222222,36.016820833333334,355
139.1736811111111,36.01670361111111,355
139.17346083333334,36.0166525,351
139.17330777777778,36.01662777777778,354
139.17283472222223,36.01679472222222,354
139.17228555555556,36.01694777777778,356
139.17183527777777,36.01717138888889,355
139.17117166666668,36.017538055555555,357
139.17097305555555,36.01765916666667,360
139.1708363888889,36.01770583333333,364
139.17070611111112,36.01765916666667,363
139.1706225,36.01759305555556,364
139.1703936111111,36.01736,367
139.1700811111111,36.017136666666666,373
139.1697372222222,36.01701388888889,373
139.16950805555555,36.01698888888889,373
139.1693713888889,36.01701944444444,378
139.16928666666666,36.01709527777778,381
139.16928666666666,36.0172125,386
139.16931833333334,36.01729388888889,387
139.16940944444445,36.01741111111111,386
139.16952333333333,36.01755305555555,386
139.1695625,36.01764416666666,386
139.16958527777777,36.01772111111111,384
139.16959277777778,36.017878333333336,384
139.16954722222223,36.01798055555555,385
139.16948527777777,36.01804666666666,382
139.16940944444445,36.018096666666665,381
139.16931833333334,36.018101944444446,380
139.16918055555556,36.01806194444445,378
139.1688225,36.01786861111111,382
139.16869972222221,36.01777638888889,380
139.16856305555555,36.01757777777778,379
139.16843277777778,36.01743583333333,392
139.16834916666667,36.01735444444444,392
139.1682875,36.017339166666666,393
139.1682113888889,36.01736944444445,396
139.16815833333334,36.01741083333334,396
139.16814305555556,36.017471666666665,396
139.16815833333334,36.017695,396
139.1680975,36.01795972222222,398
139.1680825,36.01822888888889,395
139.16803583333333,36.0183875,395
139.16794444444446,36.01853916666666,401
139.1678611111111,36.01865111111111,407
139.16784583333333,36.018701944444445,408
139.1678611111111,36.01876388888889,408
139.16790666666665,36.01881916666667,407
139.16813555555555,36.018972222222224,402
139.16814305555556,36.0190025,401
139.16814305555556,36.01905361111111,401
139.16812027777777,36.019104722222224,401
139.167975,36.01921083333333,406
139.16790666666665,36.01927722222222,405
139.16786861111112,36.01936833333333,408
139.1678611111111,36.019460555555554,407
139.1678611111111,36.019821944444445,402
139.16779916666667,36.0198975,394
139.16772333333333,36.01994305555556,400
139.16758638888888,36.01998861111111,401
139.16725,36.02005472222222,412
139.16717416666665,36.02007,415
139.1670363888889,36.020136111111114,418
139.1670061111111,36.0201775,418
139.16699833333334,36.02031972222222,427
139.1670363888889,36.0204975,419
139.16717416666665,36.020985833333334,423
139.167235,36.02111277777778,428
139.16731083333335,36.02117888888889,428
139.1674563888889,36.02130583333334,424
139.16749416666667,36.02137222222222,424
139.16750944444445,36.02145361111111,424
139.16749416666667,36.021545833333334,424
139.1674486111111,36.02162166666667,422
139.16737277777779,36.02165194444444,422
139.1672577777778,36.021661944444446,415
139.16717416666665,36.02165194444444,430
139.16705916666666,36.02160111111111,430
139.16699833333334,36.02155555555556,430
139.16696027777778,36.02148388888889,430
139.1669225,36.02135138888889,430
139.16690722222222,36.021010833333335,431
139.16686166666668,36.0207775,434
139.1667238888889,36.02027833333333,435
139.16668583333333,36.020111388888886,435
139.16668583333333,36.02003,440
139.1667238888889,36.01996361111111,443
139.16678472222222,36.019861666666664,445
139.16686166666668,36.019821666666665,442
139.16705916666666,36.01976,440
139.16713611111112,36.01971972222222,435
139.16721222222222,36.019642777777776,442
139.16727277777778,36.019551666666665,440
139.16731083333335,36.01943444444444,442
139.1673336111111,36.019286944444445,443
139.1673336111111,36.019154444444446,443
139.16731083333335,36.01905361111111,444
139.1672577777778,36.01897666666667,443
139.1671438888889,36.01882888888889,445
139.16707444444444,36.01868694444445,447
139.16705916666666,36.01862611111111,445
139.16705944444445,36.01848833333333,443
139.16708222222223,36.018259444444446,451
139.16705944444445,36.0181475,453
139.1669986111111,36.01796972222222,456
139.16696833333333,36.01782194444444,455
139.16696055555556,36.01761361111111,456
139.16696055555556,36.01747694444445,460
139.16703666666666,36.017070277777776,464
139.16704416666667,36.01696833333333,464
139.16703666666666,36.016820833333334,463
139.16702138888888,36.01673944444445,468
139.1669986111111,36.01669388888889,471
139.16683805555556,36.016601666666666,475
139.1666938888889,36.016485555555555,475
139.16665583333332,36.01643888888889,476
139.16664805555556,36.016353055555555,476
139.16665583333332,36.01629666666667,474
139.1666938888889,36.016220833333335,472
139.16682277777778,36.01607861111111,472
139.16686194444443,36.0160375,472
139.16686194444443,36.01598638888889,472
139.16686194444443,36.01593111111111,472
139.16676222222222,36.01570638888889,475
139.16672416666665,36.01557944444444,475
139.16670888888888,36.015437222222225,475
139.16670888888888,36.015346111111114,475
139.16673166666666,36.01528972222222,475
139.16686194444443,36.01520305555555,474
139.16702138888888,36.01515194444445,472
139.16708222222223,36.0151475,472
139.16714416666667,36.0151475,474
139.16719722222223,36.0151725,474
139.1673111111111,36.015253888888886,473
139.16749444444446,36.01539611111111,474
139.16778416666668,36.01557944444444,471
139.16788416666665,36.015635833333334,473
139.16796,36.015660833333335,470
139.1680436111111,36.015681388888886,471
139.16818138888888,36.015660833333335,471
139.16828777777778,36.01563055555555,472
139.16833444444444,36.015585,472
139.16834944444443,36.01551333333333,472
139.16831916666666,36.01542222222222,474
139.1682497222222,36.01531027777778,473
139.16790694444444,36.01497944444444,483
139.16786888888888,36.01490361111111,486
139.1678613888889,36.01484694444444,486
139.16788416666665,36.01479611111111,486
139.16805888888888,36.014588055555556,482
139.16823444444444,36.01432861111111,482
139.1682952777778,36.014272222222225,484
139.16837222222222,36.01421138888889,485
139.16845583333333,36.014160555555556,485
139.16854694444444,36.01415611111111,485
139.16864694444445,36.01415611111111,485
139.1687988888889,36.01418666666667,488
139.16912,36.01430361111111,485
139.16915805555556,36.01431361111111,485
139.16919583333333,36.01428861111111,485
139.16938694444445,36.01392722222222,486
139.169425,36.013804444444446,488
139.16944777777778,36.01367222222222,487
139.169425,36.01356055555556,487
139.1693488888889,36.01341277777778,483
139.16915805555556,36.013128611111114,495
139.16909722222223,36.01301138888889,497
139.16902027777778,36.01273694444444,503
139.16893666666667,36.012568611111114,505
139.1688075,36.01243638888889,504
139.16864694444445,36.0121975,515
139.1685936111111,36.012121666666665,515
139.16857083333332,36.01202,514
139.16858611111113,36.01196888888889,514
139.16864694444445,36.01190277777778,514
139.16874555555555,36.01187777777778,513
139.1688075,36.0118475,512
139.16886833333334,36.01179638888889,512
139.1690125,36.01167916666667,512
139.16909722222223,36.011628333333334,514
139.16918083333334,36.01161305555556,514
139.1693563888889,36.01161305555556,514
139.16949333333332,36.01163805555556,514
139.16959305555557,36.01167916666667,513
139.16970694444444,36.01179638888889,513
139.16986,36.01196888888889,512
139.1699436111111,36.012035,510
139.17001194444444,36.01207083333333,509
139.1700813888889,36.012080555555556,509
139.1701725,36.01206,508
139.17021805555555,36.01202972222222,508
139.17025611111112,36.011989444444445,508
139.1702875,36.011897222222224,508
139.1703102777778,36.01174,508
139.170295,36.01163805555556,507
139.17024833333332,36.01154694444445,507
139.1701725,36.01150555555556,510
139.17004333333333,36.01145555555556,512
139.16962333333333,36.01141444444445,518
139.16919583333333,36.01137861111111,517
139.16888333333333,36.01137861111111,518
139.16831944444445,36.01139388888889,523
139.16817416666666,36.01139388888889,523
139.16790722222223,36.01137861111111,524
139.1677997222222,36.01137861111111,524
139.16769333333335,36.01139388888889,524
139.1676097222222,36.011435,524
139.16739611111112,36.01157722222222,527
139.16737333333333,36.01162277777778,527
139.16737333333333,36.01167916666667,534
139.16739611111112,36.01174527777778,534
139.16743416666668,36.01178111111111,539
139.16751,36.01182138888889,537
139.16764777777777,36.01183666666667,536
139.1678225,36.01190277777778,536
139.16788444444444,36.01195361111111,536
139.1679375,36.012014444444446,535
139.16797555555556,36.01208583333333,535
139.16797555555556,36.012187777777775,536
139.16788444444444,36.012462222222226,538
139.16788416666665,36.01255361111111,539
139.16788416666665,36.012660833333335,540
139.16793722222224,36.01282805555556,537
139.16794472222222,36.01293,537
139.16793722222224,36.01301138888889,542
139.16788416666665,36.01309833333333,544
139.16776916666666,36.01317944444445,543
139.1676475,36.01323055555556,541
139.16725055555557,36.013331388888886,541
139.16653333333332,36.01353,547
139.166335,36.01359611111111,547
139.16621333333333,36.0136625,547
139.16610583333335,36.01375361111111,551
139.1659997222222,36.013870833333335,549
139.16583138888888,36.014003055555555,545
139.16553416666667,36.014160555555556,546
139.16535833333333,36.014272222222225,548
139.1652063888889,36.01439472222222,555
139.16516083333335,36.014470555555555,557
139.16496222222221,36.014964166666665,556
139.1649013888889,36.01504555555555,557
139.16482444444443,36.01511194444444,562
139.16471055555556,36.015162777777775,562
139.16441333333333,36.01524416666667,562
139.1641072222222,36.01536138888889,563
139.16377194444445,36.01551861111111,571
139.1636961111111,36.015564166666664,573
139.16353527777778,36.015681388888886,578
139.1635125,36.015726944444445,578
139.1634975,36.01583888888889,578
139.16353527777778,36.015971111111114,578
139.16364944444445,36.016245833333336,579
139.16375666666667,36.01654638888889,579
139.16381,36.0166375,578
139.16389333333333,36.01673944444445,577
139.16397055555555,36.01681111111111,577
139.16408444444446,36.016886666666664,576
139.16441333333333,36.01707972222222,574
139.16462555555555,36.0172425,572
139.16464833333333,36.017288055555554,572
139.16463333333334,36.01734472222222,571
139.16459527777778,36.01739555555555,571
139.16453444444446,36.01741083333334,571
139.16445861111112,36.01741083333334,571
139.16434388888888,36.01735444444444,570
139.16406166666667,36.017201388888886,572
139.163925,36.01710472222222,572
139.16381,36.016977777777775,574
139.16365694444445,36.016845555555555,577
139.1635961111111,36.01671888888889,578
139.1632836111111,36.01620555555556,587
139.1632,36.01598638888889,588
139.1631686111111,36.01586916666667,588
139.16316111111112,36.01571194444445,589
139.16316111111112,36.015564166666664,589
139.1632,36.01548833333333,598
139.1632836111111,36.01536138888889,589
139.1639325,36.014786388888886,586
139.16406916666668,36.01461388888889,599
139.16416027777777,36.01448138888889,599
139.1643361111111,36.01421138888889,602
139.16441333333333,36.01413,597
139.16462583333333,36.013978333333334,606
139.16510666666667,36.01365277777778,608
139.16523666666666,36.01357138888889,605
139.16528222222223,36.013515,607
139.16535833333333,36.013397777777776,607
139.16538111111112,36.01328055555555,610
139.1653975,36.013194722222224,615
139.16538111111112,36.01311333333334,615
139.16533555555554,36.01300611111111,618
139.16502305555557,36.01257944444444,616
139.16457305555556,36.01211083333333,617
139.16437444444443,36.01194805555556,617
139.16393277777777,36.01157722222222,618
139.16383305555556,36.011495833333335,618
139.1636963888889,36.01142,619
139.1635736111111,36.01137861111111,618
139.1634825,36.01136888888889,616
139.16342055555555,36.01138944444445,614
139.16312333333335,36.01150555555556,613
139.1629325,36.011556666666664,609
139.16249833333333,36.0116225,606
139.16185694444445,36.011739722222224,597
139.16154444444444,36.011755,596
139.16082,36.011760277777775,594
139.16073527777777,36.01178083333333,595
139.16064416666666,36.01181138888889,594
139.16036222222223,36.01197833333333,595
139.16030138888888,36.01201416666667,597
139.1601863888889,36.01201972222222,596
139.1594613888889,36.01201972222222,587
139.15928694444443,36.01204472222222,586
139.1588972222222,36.01220305555555,585
139.15862277777777,36.01233972222222,582
139.1585697222222,36.01238527777778,582
139.15854583333333,36.01243638888889,579
139.15853805555557,36.012498055555554,580
139.15856194444444,36.012772777777776,582
139.15854583333333,36.01292027777778,584
139.15853805555557,36.012970277777775,584
139.15779805555556,36.014002777777776,577
139.15728694444445,36.01450638888889,564
139.15724916666667,36.0145725,565
139.15724916666667,36.01463861111111,565
139.15724916666667,36.01471472222222,565
139.15738694444445,36.01504555555555,564
139.15747027777778,36.015162777777775,562
139.15754638888887,36.01521388888889,562
139.15781333333334,36.01526916666667,565
139.15786,36.015305,565
139.1578827777778,36.01535583333333,564
139.1578827777778,36.01540138888889,564
139.15786,36.0154525,566
139.157745,36.01553944444444,563
139.15724916666667,36.01575305555556,555
139.1570125,36.01589527777778,557
139.15697444444444,36.01594611111111,555
139.15694416666668,36.015997222222225,553
139.15695944444445,36.01604277777778,553
139.15699722222223,36.016088333333336,553
139.15707333333333,36.01611888888889,551
139.1572111111111,36.016154444444446,552
139.15756916666666,36.016220833333335,551
139.15764611111112,36.01624555555556,551
139.15772222222222,36.016286666666666,554
139.15789777777778,36.01652,553
139.15807333333333,36.01660138888889,554
139.15814944444443,36.0166675,553
139.1581875,36.016729444444444,553
139.158195,36.01679444444444,550
139.15817222222222,36.01686055555555,550
139.15813416666666,36.01690194444444,550
139.15779777777777,36.01712,547
139.1574625,36.017314166666665,543
139.1573486111111,36.01739555555555,543
139.15729444444443,36.017471666666665,540
139.1571727777778,36.01786861111111,535
139.15711194444444,36.01795444444444,534
139.15699694444444,36.018035833333336,535
139.15670722222222,36.01817805555556,535
139.15653166666667,36.01828527777778,533
139.15648611111112,36.01833638888889,535
139.1560963888889,36.018860277777776,531
139.15592166666667,36.01922583333333,538
139.1558761111111,36.019286666666666,527
139.15579916666667,36.01934305555555,537
139.15570833333334,36.01937888888889,528
139.15560833333333,36.01939388888889,527
139.15549444444446,36.01938861111111,528
139.15539583333333,36.019352777777776,529
139.1553111111111,36.019301666666664,526
139.15499861111113,36.01907833333333,525
139.1549075,36.0190425,525
139.15482277777778,36.019038055555555,526
139.15473166666666,36.019063055555556,526
139.15466333333333,36.019104444444444,523
139.15460916666666,36.01918027777778,524
139.1545863888889,36.019261666666665,525
139.1545863888889,36.019445,524
139.15462416666668,36.01956111111111,523
139.15470888888888,36.019729444444444,517
139.15472416666665,36.01978027777778,516
139.15470888888888,36.01983666666667,516
139.15467083333334,36.019912777777776,515
139.15445722222222,36.02018722222222,518
139.15428138888888,36.02034444444445,518
139.1540447222222,36.02052805555556,516
139.1539613888889,36.02056361111111,518
139.15360972222223,36.020645,517
139.153435,36.02070583333333,517
139.15325916666666,36.0207775,518
139.1530075,36.02093472222222,514
139.15290777777778,36.020985833333334,513
139.15282416666668,36.02100111111111,515
139.15274805555555,36.02098027777778,515
139.15271027777777,36.02093472222222,515
139.15267111111112,36.02086861111111,509
139.1526636111111,36.020645,506
139.15261027777777,36.02041083333334,503
139.15254972222223,36.02030444444444,503
139.15248888888888,36.02026305555555,503
139.1523738888889,36.02024361111111,501
139.15216,36.020289166666664,494
139.15197027777776,36.020355277777774,498
139.15190833333332,36.020355277777774,498
139.1518475,36.02032944444444,498
139.15180972222223,36.020293611111114,495
139.15163416666667,36.01992777777778,496
139.1515961111111,36.01981055555556,494
139.15148222222223,36.01945472222222,493
139.15143555555557,36.0193375,495
139.15132166666666,36.01911416666667,495
139.15110777777778,36.01876361111111,487
139.15103194444444,36.01867138888889,487
139.15094722222221,36.01862027777778,485
139.1508636111111,36.01858444444444,487
139.1507575,36.01858444444444,486
139.15072583333333,36.01859555555556,486
139.1506575,36.01862583333333,483
139.15042111111111,36.018809166666664,485
139.15027666666666,36.01892083333333,485
139.1502225,36.018971944444445,482
139.15019972222223,36.01900222222222,481
139.15018444444445,36.0190425,481
139.15016166666666,36.01927694444444,475
139.1501236111111,36.01938861111111,476
139.1500477777778,36.019505833333334,475
139.14993277777776,36.019602222222225,475
139.14981111111112,36.01971416666667,476
139.14977333333334,36.019759722222226,473
139.14965805555556,36.01999416666666,478
139.14962027777779,36.02003416666667,478
139.14954416666666,36.02007,476
139.14900166666666,36.02021222222222,473
139.14891055555555,36.02024361111111,477
139.14859805555557,36.020425833333334,474
139.14848305555554,36.02046166666667,476
139.14824638888888,36.020512777777775,474
139.1481325,36.02052805555556,473
139.14794916666668,36.02052805555556,471
139.1473625,36.020512777777775,470
139.14711083333333,36.020537777777776,458
139.1467211111111,36.02067,462
139.14663777777778,36.02067,460
139.14656055555557,36.020655,460
139.14648472222223,36.02061916666667,460
139.14642388888888,36.02056916666667,455
139.14638583333334,36.02050305555556,454
139.14640111111112,36.020446666666665,454
139.14643916666665,36.02040111111111,453
139.14653777777778,36.02037055555556,455
139.14695,36.020380277777775,455
139.1471713888889,36.02034444444445,457
139.14744611111112,36.020293611111114,455
139.14765972222222,36.02023833333333,457
139.14772055555557,36.0202025,456
139.14773583333334,36.02015138888889,456
139.14773583333334,36.02010583333333,454
139.14772055555557,36.020045,454
139.147675,36.01998861111111,451
139.1475761111111,36.019952777777775,451
139.1474763888889,36.01993777777778,449
139.1473625,36.019952777777775,447
139.14723222222221,36.019978888888886,447
139.14712583333332,36.02003,449
139.14687416666666,36.0201775,449
139.14679722222223,36.0202025,449
139.14673638888888,36.0202025,446
139.14643916666665,36.02017194444444,437
139.14614944444443,36.020162222222226,434
139.1460875,36.0201775,432
139.14603444444444,36.0202025,432
139.14601166666668,36.02024361111111,434
139.14601166666668,36.020289166666664,434
139.14602666666667,36.02047694444445,434
139.14607222222222,36.02066027777778,433
139.14613416666666,36.0207775,435
139.14621,36.02087916666667,435
139.1463013888889,36.02095527777778,435
139.14671361111112,36.021142777777776,434
139.14678194444446,36.02119388888889,436
139.14682,36.021250277777774,433
139.1468588888889,36.02133611111111,431
139.1468588888889,36.0214175,431
139.1468361111111,36.02148361111111,431
139.14677444444445,36.021545555555555,430
139.14669833333335,36.02157583333333,433
139.14649972222222,36.02159527777778,431
139.14640111111112,36.021611666666665,431
139.14599638888888,36.021768888888886,427
139.14592027777778,36.021809166666664,428
139.14542444444444,36.02222138888889,422
139.14495916666667,36.022211666666664,422
139.14485916666666,36.022236666666664,422
139.14479833333334,36.02227777777778,422
139.14473777777778,36.022327777777775,422
139.14417333333333,36.023203333333335,413
139.14413444444443,36.02325888888889,418
139.143875,36.02352861111111,422
139.14382194444445,36.02355361111111,425
139.1437838888889,36.02355361111111,425
139.14367027777777,36.02352861111111,421
139.14347166666667,36.023426666666666,413
139.14338694444444,36.023401944444444,413
139.14319722222223,36.023401944444444,412
139.14302138888888,36.02342138888889,411
139.1424875,36.023493055555555,404
139.14231166666667,36.02355361111111,405
139.14203722222223,36.02371083333333,406
139.14192222222223,36.02375222222222,406
139.14180833333333,36.02375222222222,407
139.14170944444444,36.023736944444444,409
139.1416325,36.02368611111111,412
139.14158694444444,36.02361972222222,408
139.14156416666665,36.02354416666667,405
139.14158694444444,36.02346722222222,404
139.1416325,36.02339666666666,401
139.14170944444444,36.02333027777778,400
139.14180833333333,36.023269722222224,395
139.14197638888888,36.02321861111111,397
139.14208277777777,36.02318833333333,394
139.1422511111111,36.02318833333333,394
139.14243333333334,36.02321861111111,398
139.14251027777777,36.02321861111111,398
139.14257111111112,36.023203333333335,394
139.14298333333332,36.02301027777778,392
139.14321222222222,36.02287777777778,390
139.14328833333335,36.02281166666667,392
139.1433338888889,36.02274555555555,389
139.14338694444444,36.02265861111111,389
139.14354777777777,36.022236666666664,383
139.14357055555556,36.02219638888889,384
139.14360833333333,36.02216055555556,384
139.14392194444446,36.02193722222222,388
139.14408916666667,36.021845,385
139.1441736111111,36.02179388888889,386
139.14421166666668,36.02175388888889,383
139.1446,36.02117861111111,381
139.14468444444444,36.0211125,383
139.1447452777778,36.021076666666666,380
139.14481361111112,36.021051666666665,382
139.14505777777777,36.02102138888889,385
139.1451575,36.02098,383
139.1452336111111,36.02092916666667,386
139.14527166666667,36.02086861111111,382
139.14530194444444,36.02081333333334,382
139.14530194444444,36.02074722222222,378
139.14527166666667,36.02070583333333,378
139.1451575,36.02054305555556,372
139.14511083333332,36.02046166666667,369
139.145035,36.020228333333336,365
139.14499694444444,36.020162222222226,363
139.14485916666666,36.01998861111111,362
139.1448213888889,36.01992777777778,362
139.14481388888888,36.019861666666664,362
139.14481388888888,36.019795555555554,362
139.1448986111111,36.019327777777775,363
139.1448986111111,36.019195555555555,364
139.1447986111111,36.01901194444444,360
139.14477583333334,36.01894583333333,354
139.1447836111111,36.018885,359
139.1447986111111,36.018834166666664,355
139.14483666666666,36.01880388888889,355
139.14491361111112,36.018768055555554,353
139.14540944444445,36.01865083333333,354
139.14547,36.018610555555554,356
139.14552333333333,36.01855416666667,356
139.14552333333333,36.01848805555556,355
139.14546277777777,36.01813777777778,353
139.14548555555555,36.018096666666665,352
139.14550833333334,36.01805111111111,352
139.14558444444444,36.018010833333335,354
139.1458825,36.01795444444444,353
139.1461872222222,36.017914166666664,356
139.14634805555556,36.01789361111111,348
139.1464086111111,36.01789361111111,348
139.14660722222223,36.01788833333333,347
139.14675916666667,36.01790333333334,347
139.1471713888889,36.01802611111111,346
139.14730833333334,36.018071666666664,345
139.14744611111112,36.018096666666665,344
139.1475761111111,36.018096666666665,344
139.14783555555556,36.018101944444446,344
139.14789638888888,36.018101944444446,348
139.14793416666666,36.01808666666667,348
139.14795722222223,36.01805111111111,348
139.14795722222223,36.018010833333335,348
139.1477586111111,36.017471666666665,332
139.14777361111112,36.01741083333334,332
139.14779638888888,36.01736944444445,334
139.14785833333335,36.01734472222222,334
139.14793416666666,36.01732944444444,337
139.14826194444444,36.01730333333333,336
139.14828472222223,36.01726333333333,336
139.14828472222223,36.017044166666665,333
139.14830111111112,36.01698861111111,332
139.1483388888889,36.01693777777778,332
139.14838472222223,36.016886666666664,334
139.1486136111111,36.01676944444444,333
139.14865916666668,36.01673916666667,333
139.1486972222222,36.01669361111111,335
139.14871222222223,36.01665222222222,334
139.1486972222222,36.01661222222222,334
139.14859833333333,36.01646888888889,328
139.14858305555555,36.01643861111111,325
139.14858305555555,36.01640388888889,325
139.14867444444445,36.016220555555556,330
139.14875777777777,36.016037222222224,319
139.14881222222223,36.01598611111111,319
139.14896416666667,36.015859166666665,320
139.14900194444445,36.01581777777778,320
139.14922333333334,36.01537111111111,326
139.14944472222223,36.015030555555555,329
139.14946,36.01496972222222,329
139.149475,36.01491333333333,329
139.14946,36.01482222222222,327
139.14928527777778,36.01477111111111,322
139.14920055555555,36.014786388888886,323
139.14910944444443,36.01482222222222,321
139.14903361111112,36.014873055555555,321
139.14898694444443,36.01492833333333,317
139.14896416666667,36.01497944444444,317
139.14896416666667,36.015030555555555,314
139.14900972222222,36.01524416666667,323
139.14900972222222,36.01533,323
139.14900972222222,36.01540138888889,323
139.14897166666665,36.0154775,318
139.14891083333333,36.01556388888889,314
139.14848333333333,36.015904722222224,309
139.1484075,36.015970833333334,307
139.14836194444445,36.016037222222224,309
139.14808722222222,36.01657083333333,307
139.14803305555554,36.01663722222222,307
139.14795722222223,36.016713055555556,306
139.14779638888888,36.016820555555555,306
139.1475988888889,36.01693777777778,306
139.14713361111112,36.017110277777775,305
139.1470488888889,36.017136388888886,304
139.14695777777777,36.01714611111111,304
139.14667555555556,36.01714611111111,304
139.14622527777777,36.01713083333333,304
139.1461113888889,36.017155833333334,303
139.1456613888889,36.017314166666665,304
139.14550833333334,36.01735444444444,306
139.1454097222222,36.01736944444445,305
139.1451275,36.017405277777776,302
139.14502,36.017426111111114,300
139.14495166666666,36.017471666666665,301
139.14488333333333,36.017511666666664,288
139.14483666666666,36.01757777777778,299
139.14464694444445,36.017918611111114,283
139.14453944444443,36.018071666666664,286
139.144395,36.01821388888889,294
139.14421166666668,36.01833638888889,296
139.14389805555555,36.01846861111111,295
139.14305166666668,36.01864666666667,290
139.1426013888889,36.018768055555554,277
139.142465,36.01881888888889,275
139.1422513888889,36.01892083333333,275
139.14211333333333,36.018971944444445,273
139.14193777777777,36.01901194444444,275
139.14168583333333,36.019063055555556,274
139.14144944444445,36.01909333333333,273
139.14131277777778,36.01909333333333,273
139.14092305555556,36.01905333333333,273
139.14080166666668,36.0190425,271
139.14067138888888,36.01905333333333,266
139.14052694444445,36.01906861111111,263
139.14038916666667,36.01909333333333,262
139.14012222222223,36.01914444444444,264
139.1400463888889,36.01915416666667,263
139.13968722222222,36.01915416666667,263
139.13918416666667,36.019170555555554,262
139.13865777777778,36.01920527777778,262
139.13845166666667,36.01920555555556,263
139.13833777777776,36.01918583333333,264
139.13796333333335,36.019104722222224,264
139.13755111111112,36.01897666666667,254
139.13738388888888,36.01896138888889,253
139.13720805555556,36.018951666666666,253
139.13685,36.01897666666667,252
139.1366213888889,36.019017777777776,253
139.1364988888889,36.019063333333335,252
139.13593444444444,36.01943444444444,252
139.135225,36.01987138888889,251
139.13496555555557,36.02000916666667,256
139.13477472222223,36.02008083333333,255
139.13461388888888,36.020111388888886,258
139.13442416666666,36.02014694444444,256
139.13423305555557,36.02015138888889,255
139.13361472222223,36.020162222222226,246
139.1333402777778,36.0202025,241
139.13328694444445,36.0202175,244
139.1331111111111,36.020289166666664,239
139.1329213888889,36.02039555555555,238
139.13275333333334,36.020518055555556,237
139.1327002777778,36.02058861111111,237
139.13258527777776,36.02085888888889,236
139.13203611111112,36.022083611111114,235
139.1319363888889,36.022302777777774,234
139.13189083333333,36.022445,235
139.13167694444445,36.02298416666667,237
139.1316388888889,36.02307638888889,236
139.13136444444444,36.02366138888889,237
139.1312352777778,36.02393055555556,239
139.13105972222223,36.02419527777778,233
139.13102166666667,36.02427083333333,234
139.13095972222223,36.02435222222222,231
139.13087611111112,36.02444333333333,228
139.13081555555556,36.02450527777778,228
139.13051055555556,36.02472888888889,222
139.13029666666668,36.024861111111115,224
139.1300527777778,36.02498805555555,225
139.12989972222223,36.025018333333335,223
139.12980083333332,36.025018333333335,224
139.1293125,36.025018333333335,226
139.1289763888889,36.02498805555555,227
139.12839694444443,36.02487638888889,226
139.128015,36.02481,225
139.12729027777777,36.024677777777775,228
139.12708527777778,36.02464194444445,228
139.1262911111111,36.02449444444444,227
139.12532194444444,36.02432722222222,225
139.125025,36.02427083333333,224
139.12447583333332,36.024184444444444,227
139.12426222222223,36.02415388888889,227
139.12381194444444,36.024078055555556,227
139.12341583333333,36.02401722222222,222
139.1233388888889,36.02400194444444,221
139.12328555555555,36.024011944444446,221
139.12324777777778,36.024011944444446,221
139.1227213888889,36.02419527777778,217
139.12247722222222,36.02426111111111,216
139.12202722222221,36.02435222222222,215
139.12181361111112,36.024388055555555,215
139.12172222222222,36.024393333333336,214
139.12165277777777,36.024393333333336,214
139.12134805555556,36.02437833333333,214
139.12124916666667,36.0243675,215
139.12106583333335,36.024388055555555,216
139.12073805555556,36.02442833333333,216
139.12065361111112,36.02444333333333,216
139.1200286111111,36.02446944444444,216
139.11957833333332,36.02446944444444,216
139.1192863888889,36.02444666666667,214
139.11928527777778,36.02444666666667,213
139.11912833333332,36.024433611111114,213
139.1187852777778,36.02435222222222,211
139.1184413888889,36.02428611111111,210
139.1180138888889,36.024205,207
139.1176786111111,36.02408777777778,212
139.11738888888888,36.023960833333334,215
139.11707638888888,36.02381333333334,215
139.11672472222222,36.02368638888889,215
139.11616083333334,36.02343666666667,211
139.11593944444445,36.02325444444445,211
139.1159013888889,36.02321861111111,211
139.11582444444446,36.02308611111111,213
139.1157863888889,36.02303527777778,213
139.11561166666667,36.022800833333335,213
139.11542833333334,36.02262833333333,209
139.11531333333335,36.02254694444444,208
139.11509194444446,36.02240916666667,208
139.11497805555555,36.02233861111111,207
139.11452777777777,36.022104166666665,204
139.1141775,36.02184527777778,203
139.11371222222223,36.021438333333336,204
139.11297972222224,36.02079277777778,206
139.11296444444446,36.02067,206
139.11296444444446,36.020537777777776,206
139.11298722222222,36.01999416666666,207
139.1130025,36.019795555555554,207
139.11298722222222,36.0196425,207
139.11284944444444,36.01888527777778,208
139.11272833333334,36.017761388888886,211
139.1126675,36.01742055555555,212
139.11262833333333,36.017136666666666,213
139.11257527777778,36.016779444444445,213
139.1124536111111,36.01598638888889,214
139.11239944444443,36.01560972222222,215
139.1123538888889,36.01535583333333,216
139.11230083333334,36.01491861111111,216
139.11216277777777,36.014226666666666,213
139.11214027777777,36.014094166666666,213
139.11214027777777,36.014003055555555,213
139.11216305555556,36.013311944444446,208
139.11215555555555,36.01301138888889,206
139.11212527777778,36.01286916666667,205
139.11197333333334,36.01237027777778,207
139.11192777777777,36.01216194444444,208
139.1118886111111,36.01206,209
139.11185055555555,36.01187222222222,210
139.11185055555555,36.011715,211
139.11185055555555,36.01141444444445,212
139.11185055555555,36.011297222222225,212
139.11186583333333,36.010377222222225,214
139.11186583333333,36.01003138888889,214
139.11186583333333,36.00961888888889,215
139.11185083333334,36.009344444444444,215
139.11184333333333,36.00926305555556,216
139.11182805555555,36.00916222222222,216
139.1118052777778,36.00909055555555,216
139.1116913888889,36.00879,216
139.11162972222223,36.008653333333335,216
139.11151555555554,36.00836361111111,216
139.11142333333333,36.008165,216
139.11130194444445,36.007981666666666,216
139.11116416666667,36.007798055555554,217
139.11097416666667,36.00758027777778,216
139.1108136111111,36.0074275,217
139.1104163888889,36.00707138888889,217
139.11024944444443,36.006929444444445,217
139.11002833333333,36.00675583333334,218
139.10999027777777,36.00672111111111,218
139.10986777777777,36.00664388888889,218
139.10969194444445,36.00655277777778,218
139.10892916666666,36.00616111111111,219
139.1088,36.00606444444445,220
139.1086775,36.00593222222222,220
139.1086013888889,36.00583555555556,220
139.10854055555555,36.00571305555555,220
139.10841805555555,36.0053875,220
139.10810583333333,36.00456972222222,221
139.10793777777778,36.004198611111114,221
139.10786166666668,36.00404555555556,221
139.10757972222223,36.00353666666667,222
139.10742666666667,36.003297777777775,222
139.10736583333335,36.00318083333333,223
139.10701416666666,36.00259611111111,222
139.10667916666668,36.00203194444445,221
139.1064275,36.001604444444446,220
139.1062288888889,36.0011975,221
139.10615305555555,36.001065,221
139.10603805555556,36.00091222222222,221
139.10595444444445,36.000820833333336,221
139.10558111111112,36.00047472222222,221
139.10541305555554,36.00033305555556,221
139.10530583333335,36.00022111111111,222
139.10496305555554,35.99990555555556,223
139.10477944444443,35.99973277777778,224
139.10474166666665,35.999723055555556,224
139.10456583333334,35.99966666666667,223
139.10388,35.999555,223
139.1035286111111,35.999498611111115,223
139.1033375,35.99946277777778,222
139.10316277777778,35.99943777777778,221
139.10296444444444,35.9993975,220
139.10214,35.999254444444446,218
139.10166666666666,35.99917305555555,224
139.1010188888889,35.99905583333334,225
139.100455,35.99892888888889,224
139.1003325,35.99890388888889,225
139.0997911111111,35.99877166666667,231
139.09957722222222,35.99870527777778,231
139.09915722222223,35.99840472222222,232
139.0989663888889,35.99828333333333,233
139.09891305555556,35.998237777777774,233
139.09839444444444,35.997881666666665,234
139.09830333333332,35.997815555555555,235
139.09821888888888,35.997749722222224,235
139.09760916666667,35.997103055555556,235
139.0975938888889,35.99708777777778,235
139.097365,35.996849166666664,235
139.09721972222223,35.99669166666666,235
139.09695277777777,35.99642166666667,236
139.09673138888888,35.99617305555556,236
139.09634305555556,35.99577055555555,237
139.09574,35.99512527777778,238
139.09548055555555,35.99485055555556,239
139.09521361111112,35.99455,241
139.09515277777777,35.994479444444444,241
139.09485583333333,35.994123611111114,243
139.09450416666667,35.99355388888889,244
139.09410833333334,35.9929075,245
139.09403111111112,35.992780555555555,244
139.09376416666666,35.99235861111111,248
139.09352777777778,35.99196666666667,249
139.09344416666667,35.991839722222224,248
139.0933672222222,35.99165638888889,248
139.09319277777777,35.99131583333333,248
139.09287916666668,35.99144805555556,248
139.0922161111111,35.99164666666667,248
139.09144583333332,35.99191583333333,248
139.09131555555555,35.99194194444444,248
139.09125472222223,35.991956944444446,248
139.0908575,35.9920125,248
139.09078944444445,35.99203305555555,248
139.0907288888889,35.992089444444446,245
139.09064416666666,35.99220555555556,242
139.0905075,35.992399722222224,239
139.09027083333334,35.99269916666667,237
139.09006472222222,35.99297388888889,236
139.0895688888889,35.99362027777778,234
139.0894311111111,35.993787222222224,234
139.08916416666668,35.99411277777778,233
139.08913361111112,35.99415416666667,233
139.08908055555557,35.994214722222225,233
139.08898194444444,35.994305833333335,233
139.08885166666667,35.99438722222222,233
139.08866833333335,35.994504444444445,233
139.0884163888889,35.99464666666667,232
139.08779055555556,35.99502972222222,232
139.08779055555556,35.99502861111111,232
139.08760805555556,35.99514027777778,232
139.08755527777777,35.99500805555556,232
139.08728833333333,35.9943625,232
139.08714277777779,35.99402166666667,232
139.08702027777778,35.99369611111111,233
139.08686833333334,35.99336527777778,233
139.0866925,35.99293361111111,233
139.08652444444445,35.99254611111111,234
139.0862575,35.99190055555555,234
139.08606777777777,35.99131583333333,235
139.0860438888889,35.99122472222222,235
139.08593,35.99086333333333,235
139.08581611111111,35.9905175,236
139.08562527777778,35.989871944444445,237
139.08559472222223,35.98979055555556,237
139.08547972222223,35.98941388888889,237
139.08544166666667,35.98932277777778,237
139.0853811111111,35.98921527777778,237
139.0853038888889,35.989108888888886,238
139.08519,35.98898194444445,238
139.08426666666668,35.98937277777778,238
139.0840836111111,35.98943444444444,238
139.08397722222222,35.98941388888889,238
139.08382111111112,35.98945416666667,238
</coordinates>
</LineString>
</Placemark>
</Document>
</kml>
