<?xml version="1.0" encoding="UTF-8"?>
<kml xmlns="http://www.opengis.net/kml/2.2" xmlns:atom="http://www.w3.org/2005/Atom">
<Document>
<name>第56代春合宿4日目</name>
<atom:author>
<atom:name>ザッカーバーグ</atom:name>
</atom:author> 
<atom:link href="https://latlonglab.yahoo.co.jp/route/watch?id=a3aa703be8c38148c19a2ae77f2c100e" />
<description><![CDATA[57km 360up]]></description>
<tags><![CDATA[wcc56th]]></tags>  
<Placemark>
<Style>
<LineStyle>
<color>99ff0000</color>
<width>6</width>
</LineStyle>
</Style>
<LineString>
<coordinates>
134.05977305555555,34.043031944444444,50
134.06035,34.043143055555554,50
134.061375,34.04333388888889,50
134.06236194444443,34.04351805555556,50
134.062825,34.04358388888889,50
134.06365,34.04370888888889,50
134.06423694444445,34.04378388888889,50
134.06466194444445,34.04385111111111,50
134.06696194444444,34.04416805555555,50
134.06745,34.04422611111111,50
134.06755,34.04423388888889,50
134.070325,34.044558888888886,52
134.0708488888889,34.044626111111114,54
134.07178694444445,34.04475111111111,55
134.0720738888889,34.04480111111111,54
134.0723988888889,34.04488388888889,55
134.07378694444444,34.04528388888889,49
134.07678694444445,34.04609305555555,48
134.0780488888889,34.04643388888889,47
134.0795861111111,34.04683388888889,45
134.0832988888889,34.04787611111111,49
134.0835111111111,34.047941944444446,50
134.0841988888889,34.04821694444444,51
134.08457388888888,34.04843388888889,51
134.08481111111112,34.04860111111111,51
134.08506111111112,34.04877611111111,52
134.0851238888889,34.04884194444445,52
134.08657305555556,34.05047611111111,52
134.0868361111111,34.050758888888886,54
134.0870611111111,34.05095111111111,54
134.08724805555556,34.05107611111111,54
134.08743611111112,34.05120888888889,54
134.08774805555555,34.051383888888886,54
134.0880361111111,34.051516944444444,54
134.08847305555557,34.051676111111114,54
134.08888611111112,34.051791944444446,53
134.0892611111111,34.05186694444444,53
134.08968611111112,34.05190888888889,52
134.0903111111111,34.0519,52
134.09052305555556,34.05188388888889,53
134.0911111111111,34.0518,52
134.09148611111112,34.051766944444445,52
134.09193611111112,34.05175,53
134.09212305555556,34.051766944444445,53
134.09242305555554,34.0518,52
134.09362305555555,34.05204194444445,52
134.09587305555556,34.05251694444444,51
134.09601,34.05254194444444,52
134.096235,34.05258388888889,51
134.09687194444444,34.05265,53
134.097935,34.05275888888889,52
134.09891,34.052866944444446,49
134.09931,34.05290888888889,48
134.09934694444445,34.05290888888889,48
134.09977194444446,34.05295805555556,49
134.099985,34.052975,49
134.100235,34.05298305555556,48
134.100535,34.052975,47
134.10072194444444,34.05295805555556,47
134.10092194444445,34.052933055555556,47
134.10109694444444,34.0529,46
134.10167194444443,34.052708055555556,46
134.102035,34.05255,47
134.10257194444443,34.0523,46
134.1030338888889,34.05209194444444,46
134.10327194444446,34.05198388888889,47
134.10367194444444,34.05184194444445,46
134.10379694444444,34.051808888888885,46
134.10452194444446,34.051675,46
134.1048338888889,34.05164194444444,47
134.1050588888889,34.051633055555556,46
134.1054838888889,34.051633055555556,46
134.1058338888889,34.051633055555556,46
134.1064338888889,34.051625,46
134.10732194444444,34.05165,46
134.1079088888889,34.051675,45
134.10825888888888,34.05169194444444,45
134.1084088888889,34.0517,45
134.10904694444446,34.05171694444444,45
134.10932194444445,34.05173305555556,45
134.1095588888889,34.051741944444444,45
134.1103711111111,34.05175805555555,45
134.1106838888889,34.051791944444446,45
134.1107961111111,34.0518,45
134.1115088888889,34.051858055555556,44
134.1119461111111,34.0519,43
134.11269611111112,34.052,43
134.1128338888889,34.052016944444446,42
134.11383388888888,34.05215805555556,41
134.1140211111111,34.05218305555555,41
134.11554611111112,34.05238305555555,42
134.11702111111111,34.0526,41
134.11743305555555,34.05266611111111,42
134.11753305555555,34.05269111111111,42
134.11783305555556,34.05276611111111,42
134.11820805555556,34.052875,42
134.1183211111111,34.05291611111111,42
134.11847111111112,34.05298305555556,42
134.11860805555557,34.053066111111114,42
134.11870805555554,34.05314111111111,41
134.11890805555555,34.05331611111111,42
134.11898305555556,34.05340805555556,42
134.11980805555555,34.054433055555556,43
134.12017111111112,34.054898888888886,42
134.12053305555557,34.05536611111111,42
134.12078305555556,34.05558305555556,43
134.121045,34.055841111111114,43
134.121545,34.056131944444445,43
134.12177,34.05623305555556,42
134.12200805555557,34.056331944444445,43
134.122295,34.05641611111111,42
134.12233305555554,34.05642388888889,42
134.123095,34.056508055555554,43
134.12377,34.05657388888889,42
134.12477,34.05668305555555,43
134.12507,34.05670694444444,44
134.12513305555555,34.05671611111111,45
134.12528194444445,34.05672388888889,45
134.12553194444445,34.05672388888889,46
134.125845,34.05670694444444,46
134.126095,34.05668305555555,44
134.12652,34.05659111111111,42
134.12667,34.056558055555556,41
134.127145,34.05640694444445,42
134.12873194444444,34.05599111111111,43
134.12930694444444,34.055841111111114,43
134.1309688888889,34.05540805555555,43
134.13128194444445,34.055323888888886,44
134.13185694444445,34.05519888888889,44
134.13243194444445,34.05510805555556,43
134.1325938888889,34.05509111111111,43
134.13275611111112,34.055083055555556,43
134.13331888888888,34.05504111111111,42
134.1338311111111,34.05501611111111,42
134.13493111111111,34.05498305555555,43
134.13684388888888,34.05493305555556,42
134.13761805555555,34.0549,41
134.13776805555557,34.05489111111111,41
134.13821805555557,34.05486611111111,41
134.13908111111112,34.05481611111111,42
134.13926805555556,34.0548,42
134.13969305555557,34.05474111111111,42
134.14136805555555,34.05429111111111,39
134.14248,34.05399111111111,39
134.14433,34.053491944444445,41
134.14496805555555,34.05339194444444,42
134.14533,34.053358055555556,42
134.14558,34.05334194444445,41
134.14581694444445,34.05334194444445,41
134.14619194444444,34.05335,41
134.14638,34.05336694444444,42
134.146805,34.053425,42
134.147105,34.05348305555555,42
134.14726694444445,34.053525,43
134.14770388888888,34.05364194444444,41
134.14850388888888,34.05390805555555,42
134.1492788888889,34.054158055555554,43
134.15110388888888,34.054766111111114,43
134.1519788888889,34.055058055555556,42
134.15261611111112,34.05529111111111,42
134.1531161111111,34.05549111111111,42
134.1535911111111,34.055641111111115,43
134.1540038888889,34.05574111111111,44
134.1545661111111,34.05586611111111,45
134.1553788888889,34.05603305555555,41
134.1559411111111,34.05615805555556,42
134.15642888888888,34.05625805555555,42
134.15695305555556,34.056358055555556,42
134.15727805555557,34.0564,43
134.15765305555556,34.05640805555556,44
134.15817805555557,34.05639111111111,42
134.15881611111112,34.05634111111111,40
134.1596411111111,34.056275,40
134.15982805555555,34.056275,35
134.1604661111111,34.056325,40
134.16077805555557,34.056375,29
134.16159,34.05646611111111,29
134.16207805555555,34.056533055555555,40
134.16235305555554,34.05656611111111,29
134.16340194444444,34.056508055555554,40
134.164265,34.05645805555555,40
134.16464,34.056425,40
134.164865,34.05639111111111,40
134.16504,34.05634111111111,40
134.16545194444444,34.0562,40
134.16569,34.056083055555554,40
134.16592694444444,34.05595,40
134.16615194444444,34.05578305555556,40
134.16657694444444,34.05539111111111,40
134.166715,34.05524111111111,40
134.16702694444444,34.0549,40
134.16717694444444,34.05473305555556,41
134.167415,34.05450805555556,41
134.16777694444446,34.054175,39
134.1682638888889,34.05370805555555,38
134.1686138888889,34.05339194444444,38
134.16897694444444,34.05311694444445,38
134.16923888888888,34.05291694444445,38
134.16935194444446,34.052841944444445,38
134.1698638888889,34.0525,38
134.1706388888889,34.052025,37
134.17095194444445,34.05186694444444,37
134.17127694444446,34.0518,36
134.17150194444446,34.051775,36
134.1721761111111,34.05178388888889,36
134.1724638888889,34.051825,35
134.1729261111111,34.051925,35
134.1736261111111,34.05208388888889,34
134.1740511111111,34.0522,34
134.17425111111112,34.052258888888886,34
134.17457611111112,34.05235888888889,32
134.1751138888889,34.05251694444444,32
134.1757761111111,34.05271694444444,36
134.1761388888889,34.05283388888889,40
134.1763638888889,34.05289194444445,41
134.1767011111111,34.053025,43
134.17683805555555,34.053083055555554,44
134.17711305555557,34.053241944444444,44
134.17716305555555,34.05328305555555,44
134.17726305555556,34.053375,44
134.1773761111111,34.053491944444445,45
134.17763805555555,34.05383305555556,44
134.1778261111111,34.054125,40
134.1780511111111,34.054516944444444,40
134.17826305555556,34.054875,40
134.1783511111111,34.054991944444446,40
134.17867611111112,34.05539111111111,40
134.17896305555556,34.055641111111115,40
134.17922611111112,34.05585,41
134.17951305555556,34.056041111111114,40
134.18041305555556,34.05663305555556,42
134.181825,34.057673888888885,43
134.182075,34.05784111111111,43
134.18386305555555,34.05879111111111,42
134.184475,34.05914111111111,42
134.18503694444445,34.059491111111114,42
134.18575,34.059981944444445,43
134.18625,34.06035694444444,42
134.187125,34.06107388888889,43
134.18758805555555,34.06142388888889,42
134.187825,34.06159111111111,41
134.18826194444443,34.06183194444444,41
134.18866194444445,34.06201611111111,40
134.18896194444446,34.062156944444446,41
134.18925,34.06231611111111,42
134.189675,34.062581944444446,40
134.19005,34.06279888888889,40
134.19086194444444,34.063231944444446,41
134.19102388888888,34.06332388888889,42
134.1912988888889,34.06344888888889,40
134.1914988888889,34.06353194444444,41
134.1917488888889,34.063631944444445,41
134.19246194444443,34.06392388888889,40
134.19282388888888,34.064031944444444,29
134.19308694444445,34.06409111111111,41
134.19329888888888,34.06411611111111,29
134.19349888888888,34.06413194444445,40
134.1937988888889,34.06414888888889,41
134.19429888888888,34.06418194444444,42
134.19477388888888,34.06418194444444,42
134.1949488888889,34.06416611111111,41
134.19531194444446,34.064098888888886,43
134.19554888888888,34.064031944444444,38
134.1959488888889,34.063898888888886,31
134.1968488888889,34.06349888888889,31
134.1976611111111,34.06314111111111,34
134.19907388888888,34.06254111111111,32
134.19941111111112,34.062398888888886,32
134.1995988888889,34.06234888888889,32
134.19976111111112,34.06231611111111,32
134.1998738888889,34.06229888888889,32
134.2003611111111,34.062283055555554,32
134.2007111111111,34.06229111111111,32
134.20086111111112,34.06222388888889,32
134.2016111111111,34.062173888888886,32
134.20199888888888,34.06212388888889,32
134.20217305555556,34.06209111111111,31
134.20329805555556,34.06185694444444,31
134.20369805555555,34.06178194444445,31
134.20404805555555,34.061731944444446,31
134.20434805555556,34.061683055555555,31
134.20514805555555,34.06158305555556,31
134.20599805555557,34.06150805555556,31
134.20641111111112,34.06147388888889,31
134.20699805555554,34.06144888888889,31
134.20719805555555,34.06146611111111,31
134.20754805555555,34.06137388888889,31
134.20813611111112,34.06124111111111,31
134.20877305555555,34.06109111111111,31
134.20944805555555,34.06095805555555,31
134.21136,34.060633055555556,31
134.21312194444445,34.06031611111111,31
134.213685,34.06021611111111,31
134.21436,34.0601,31
134.21474694444444,34.06003305555556,31
134.21497305555556,34.06,31
134.21556,34.059891111111114,31
134.216035,34.05979111111111,31
134.21934694444445,34.058883055555555,31
134.219435,34.058858055555554,31
134.22094694444445,34.058416944444446,30
134.221085,34.058375,30
134.221335,34.05833305555556,30
134.22228388888888,34.05815805555556,30
134.22299694444445,34.058058055555556,30
134.22388388888888,34.05793305555556,30
134.22422194444445,34.05789194444444,30
134.22582194444445,34.05766694444444,33
134.22644694444443,34.057583055555554,30
134.22652194444444,34.057575,30
134.2269838888889,34.057516944444444,25
134.22717194444445,34.05749194444444,25
134.22750888888888,34.05745,26
134.22770888888888,34.05741694444445,26
134.22824694444444,34.057341944444445,27
134.2295838888889,34.05715,27
134.2308488888889,34.05698805555556,27
134.2308488888889,34.05698805555556,27
134.23133388888888,34.056925,27
134.23155888888888,34.056891944444445,27
134.23283388888888,34.056716944444446,27
134.23419611111112,34.056525,27
134.2344588888889,34.0565,27
134.2350588888889,34.05648388888889,27
134.2354711111111,34.05650888888889,27
134.2356838888889,34.056533888888886,27
134.2362711111111,34.05664194444444,27
134.2376211111111,34.056916944444446,27
134.23803388888888,34.05700888888889,27
134.2386711111111,34.05715,27
134.2386338888889,34.05650888888889,26
134.23859611111112,34.055816944444445,29
134.2385338888889,34.055625,50
134.2385338888889,34.05495,50
134.2385338888889,34.05455888888889,50
134.23849611111112,34.053626111111114,50
134.23839611111111,34.05175111111111,51
134.2383338888889,34.050308888888885,52
134.2383211111111,34.050176111111114,51
134.2382961111111,34.04947611111111,53
134.2383211111111,34.04885111111111,58
134.23835888888888,34.04843388888889,61
134.23838388888888,34.04824305555555,62
134.23839611111111,34.04815888888889,62
134.23859611111112,34.047218055555554,64
134.2386461111111,34.04692611111111,65
134.2386588888889,34.046685,66
134.2386461111111,34.046535,67
134.23852194444444,34.04610111111111,72
134.23847194444446,34.04596,76
134.23839694444445,34.04581,75
134.23832194444444,34.04567611111111,74
134.2380838888889,34.04539305555556,72
134.23772194444444,34.04504305555555,71
134.23723388888888,34.044626111111114,74
134.23692194444445,34.04436,78
134.23674694444443,34.04411805555556,82
134.23665888888888,34.043801944444446,83
134.23665888888888,34.04317694444445,82
134.23665888888888,34.04229388888889,88
134.23668388888888,34.04212694444445,89
134.2367338888889,34.041185,96
134.2368338888889,34.04090194444444,95
134.2370838888889,34.04064388888889,93
134.23747194444445,34.04040194444445,98
134.23827111111112,34.040036111111114,107
134.2386711111111,34.03981888888889,108
134.23903388888888,34.03959388888889,107
134.2395961111111,34.03915194444444,107
134.23993388888888,34.03879388888889,116
134.2406961111111,34.03796111111111,126
134.2409461111111,34.037728055555554,125
134.2411461111111,34.03754388888889,126
134.24140888888888,34.03738611111111,128
134.2416838888889,34.03722805555556,134
134.2419711111111,34.03709388888889,135
134.24279611111112,34.03681111111111,146
134.24732111111112,34.03532805555555,161
134.2475211111111,34.035243888888886,161
134.24779611111111,34.03510305555555,146
134.24803305555557,34.034911111111114,147
134.24813305555554,34.03480305555556,148
134.2481961111111,34.03467,145
134.24835805555554,34.03421111111111,147
134.24862,34.033453055555555,146
134.24870805555557,34.03332805555556,146
134.24887,34.03317805555555,147
134.249045,34.033045,148
134.24922,34.032945,145
134.24950805555557,34.03283694444445,141
134.25028194444445,34.032595,136
134.25082,34.032428055555556,134
134.25103305555555,34.032361944444446,136
134.25133194444444,34.03227805555556,130
134.25158194444444,34.03225305555556,126
134.25173194444446,34.03223694444444,126
134.25187,34.03225305555556,126
134.25257,34.032361944444446,132
134.25283194444444,34.032378055555554,135
134.25305694444444,34.03237,135
134.25344388888888,34.03232,133
134.2538438888889,34.032245,135
134.2541938888889,34.032178888888886,134
134.25448194444445,34.032145,135
134.25468194444446,34.03215388888889,135
134.25485694444444,34.03218694444445,135
134.25528194444445,34.032378888888886,126
134.2556688888889,34.03252,123
134.25594388888888,34.032595,123
134.2563188888889,34.03267,125
134.25688194444444,34.03270388888889,120
134.25719388888888,34.03268694444444,125
134.2575061111111,34.032645,125
134.2577311111111,34.03255388888889,124
134.2580438888889,34.032311944444444,125
134.2581811111111,34.032095,124
134.2582811111111,34.031861944444444,125
134.25833111111112,34.03167,119
134.2583561111111,34.03142888888889,117
134.25833111111112,34.031236944444444,114
134.2582938888889,34.031061944444446,112
134.25820611111112,34.03084611111111,110
134.2581311111111,34.03067111111111,109
134.25810611111112,34.030546111111114,120
134.2581188888889,34.03042111111111,122
134.2581311111111,34.03031194444444,124
134.2581811111111,34.03019611111111,124
134.25843111111112,34.03022111111111,129
134.2597311111111,34.03037888888889,134
134.2599688888889,34.03037111111111,134
134.26016805555557,34.03029611111111,135
134.26029305555556,34.03019611111111,135
134.2606311111111,34.02961305555556,136
134.2608561111111,34.029378888888886,135
134.26116805555554,34.02919611111111,137
134.26149305555555,34.02910388888889,138
134.26189305555556,34.029113055555555,133
134.26215611111112,34.029178888888886,136
134.26234305555556,34.02928694444444,136
134.26251805555555,34.029403888888886,135
134.26289305555557,34.029696111111114,134
134.26311805555557,34.02977888888889,133
134.26336805555556,34.02979611111111,133
134.26358,34.02974611111111,134
134.26443,34.028953888888886,135
134.26468,34.02869611111111,134
134.26491805555557,34.02857111111111,133
134.26516805555556,34.02854611111111,129
134.265505,34.028661944444444,121
134.26579305555555,34.02887888888889,122
134.26663,34.02985388888889,133
134.266805,34.02997111111111,133
134.267055,34.03009611111111,133
134.26779194444444,34.03032888888889,131
134.26798,34.03039611111111,134
134.26813,34.03049611111111,133
134.26831694444445,34.03064611111111,133
134.26844194444445,34.03080388888889,136
134.26858,34.031061944444446,133
134.26866694444445,34.03117888888889,132
134.26871694444444,34.031236944444444,136
134.26884194444443,34.03127888888889,135
134.26899194444445,34.03127111111111,135
134.26914194444444,34.03121194444444,134
134.26933,34.031061944444446,134
134.26987888888888,34.03051305555555,134
134.2702538888889,34.030011944444446,136
134.2704288888889,34.029938055555554,134
134.27051694444444,34.029938055555554,134
134.27077888888888,34.029963055555555,133
134.27139194444445,34.03005388888889,135
134.27184194444445,34.03004611111111,137
134.2720788888889,34.030028888888886,137
134.27256694444443,34.02992111111111,137
134.27294111111112,34.02981194444445,136
134.2734911111111,34.02963694444445,136
134.2738288888889,34.02959611111111,137
134.2740038888889,34.02957888888889,136
134.2741161111111,34.029603888888886,135
134.27430388888888,34.02966305555555,133
134.27442888888888,34.029786944444446,135
134.2744911111111,34.02994611111111,132
134.2744538888889,34.03013694444444,130
134.27430388888888,34.03029611111111,134
134.2740411111111,34.03052111111111,136
134.2738911111111,34.030678888888886,136
134.27386611111112,34.030771111111115,137
134.2738911111111,34.030878888888886,136
134.2740161111111,34.03105388888889,136
134.2742661111111,34.03122888888889,135
134.2744538888889,34.03132111111111,133
134.2745911111111,34.03137111111111,136
134.2747411111111,34.03140388888889,135
134.2750538888889,34.03142111111111,135
134.2753788888889,34.03140388888889,134
134.2761788888889,34.03134611111111,138
134.27669111111112,34.031261944444445,136
134.2770911111111,34.03118694444444,137
134.27749111111112,34.03102111111111,138
134.2776788888889,34.030971111111114,137
134.2782161111111,34.03080388888889,137
134.27849111111112,34.030771111111115,136
134.2786661111111,34.03077888888889,138
134.2789911111111,34.030811944444444,137
134.27916611111112,34.03082888888889,137
134.2794661111111,34.030836944444445,137
134.27980305555556,34.03082888888889,137
134.28015305555556,34.03077888888889,139
134.2803411111111,34.03071194444444,138
134.2805661111111,34.03057888888889,138
134.28097805555555,34.03037111111111,138
134.28112805555557,34.03031305555555,138
134.28134111111112,34.03031305555555,138
134.2814911111111,34.03032888888889,138
134.28160305555556,34.030386944444444,138
134.2819411111111,34.03055388888889,142
134.2822911111111,34.03076194444444,143
134.28260305555557,34.03099611111111,142
134.2830661111111,34.03138694444444,143
134.28337805555554,34.03177888888889,146
134.28359111111112,34.03196194444445,145
134.2837661111111,34.03207111111111,147
134.2841411111111,34.03221194444444,146
134.28485305555554,34.03242,147
134.28515305555555,34.03246194444444,149
134.28540305555555,34.03248694444444,156
134.28561611111112,34.03248694444444,155
134.2858911111111,34.03245388888889,158
134.28607805555555,34.03240388888889,156
134.286215,34.03232888888889,154
134.28639,34.03222111111111,156
134.28649,34.03207111111111,157
134.28655305555554,34.03189611111111,156
134.28655305555554,34.03177888888889,156
134.28642805555555,34.03122111111111,155
134.28640305555555,34.03105388888889,156
134.28644,34.03087111111111,157
134.28647805555556,34.03077888888889,158
134.286565,34.030678888888886,158
134.28672805555556,34.03057111111111,157
134.28699,34.03050388888889,156
134.28720305555555,34.03047888888889,157
134.28750305555556,34.03047888888889,155
134.28755305555555,34.03048694444445,155
134.28785305555556,34.030546111111114,152
134.28812805555555,34.03062888888889,153
134.28907805555556,34.03100388888889,155
134.28967694444444,34.03124611111111,158
134.28992805555555,34.031328888888886,159
134.29062694444445,34.03145388888889,165
134.29109,34.03152111111111,163
134.29139,34.03152111111111,165
134.29162805555555,34.03149611111111,167
134.291715,34.031463055555555,169
134.291865,34.03135388888889,169
134.291915,34.031213055555554,169
134.29202694444444,34.03066194444445,169
134.29209,34.030546111111114,167
134.29217694444444,34.03049611111111,167
134.29227694444444,34.03049611111111,166
134.29244,34.03053805555555,165
134.29262694444444,34.03066194444445,164
134.29287694444446,34.03082111111111,166
134.29335194444445,34.03111305555556,165
134.29382694444445,34.03136305555556,166
134.29434,34.03157111111111,167
134.29499,34.03172111111111,167
134.2962638888889,34.03170388888889,176
134.2971138888889,34.03158805555555,175
134.29743888888888,34.031488055555556,174
134.29766388888888,34.031196111111115,170
134.29835194444445,34.03172111111111,176
134.29846388888888,34.03187111111111,176
134.29852694444443,34.03201305555555,181
134.2986388888889,34.03238694444445,183
134.29870194444445,34.032511944444444,182
134.29878888888888,34.03262888888889,182
134.29892694444445,34.032738055555555,183
134.2990638888889,34.03281194444445,184
134.2993888888889,34.03292111111111,181
134.29958888888888,34.03300388888889,180
134.29977694444443,34.03340388888889,191
134.29991388888888,34.033613055555556,198
134.30023888888888,34.03402111111111,206
134.3003138888889,34.03414611111111,205
134.30036388888888,34.034286944444446,207
134.30040194444445,34.03463694444444,204
134.30050194444445,34.03481305555555,205
134.30067694444443,34.03497888888889,209
134.30080194444446,34.03510388888889,209
134.30092694444446,34.035378888888886,206
134.30100194444444,34.03564611111111,207
134.30110194444444,34.03581194444445,203
134.3014138888889,34.036096111111114,205
134.30150194444445,34.03632888888889,203
134.30148888888888,34.03647888888889,203
134.30137694444446,34.03668694444445,203
134.30126388888888,34.036786944444444,204
134.30110194444444,34.03702111111111,201
134.3009888888889,34.037236944444444,203
134.3009638888889,34.03742888888889,204
134.30097694444444,34.03761194444444,204
134.30093888888888,34.03772,205
134.3006388888889,34.037845,205
134.30052694444444,34.037936944444446,207
134.30050194444445,34.03802888888889,206
134.3005638888889,34.038195,204
134.3007388888889,34.03832,204
134.30081388888888,34.03837,206
134.3011138888889,34.03852888888889,206
134.30135194444443,34.03868694444444,207
134.3014388888889,34.038786944444446,208
134.3016638888889,34.039161944444444,210
134.30173888888888,34.03948694444444,218
134.30180194444443,34.039595,218
134.30190194444444,34.039678888888886,218
134.3020138888889,34.03972888888889,216
134.30215194444443,34.03976194444444,214
134.30255194444445,34.039795,218
134.3027888888889,34.039845,215
134.3030638888889,34.03991194444444,215
134.30341388888888,34.040103888888886,219
134.30365194444445,34.040303888888886,222
134.3038388888889,34.040503888888885,227
134.30423888888888,34.04096194444445,234
134.30435194444445,34.04107888888889,235
134.30478888888888,34.041345,235
134.30502694444445,34.041545,238
134.30520194444443,34.041711944444444,244
134.3053888888889,34.041828055555555,245
134.30560194444445,34.04192,247
134.30580194444445,34.04197,245
134.30600194444443,34.04197805555555,244
134.30615194444445,34.041945,245
134.30626388888888,34.04188694444444,243
134.30638888888888,34.041845,244
134.3065388888889,34.04183694444445,244
134.30671388888888,34.04188694444444,243
134.30681388888888,34.04197,246
134.3069138888889,34.04212,253
134.30697694444444,34.04225388888889,257
134.30700194444444,34.042411944444446,257
134.30706388888888,34.04257,265
134.30712694444443,34.042678055555555,265
134.30732694444444,34.04282805555555,269
134.30735194444443,34.04291194444444,275
134.3073138888889,34.04297805555556,273
134.30722694444444,34.043036944444445,277
134.30700194444444,34.043036944444445,276
134.30692694444446,34.04297805555556,275
134.30685194444445,34.04287,276
134.30681388888888,34.04276194444444,274
134.3067888888889,34.04266194444445,273
134.3067888888889,34.04252,272
134.30675194444444,34.04243694444445,273
134.30668888888889,34.04237,273
134.30662694444445,34.04232805555556,272
134.30648888888888,34.04232,272
134.30640194444445,34.042361944444444,275
134.3063388888889,34.04243694444445,275
134.30623888888888,34.042586944444444,283
134.30616388888888,34.042678055555555,286
134.3060888888889,34.04272,285
134.30597694444444,34.04273694444444,284
134.3058888888889,34.042703055555556,284
134.30582694444445,34.04267,284
134.3057638888889,34.042595,286
134.30567694444446,34.04251194444444,284
134.30555194444443,34.042453055555555,286
134.30545194444446,34.042445,286
134.30527694444444,34.04253694444444,285
134.30527694444444,34.04253694444444,285
134.30513888888888,34.04253694444444,284
134.30507694444444,34.04252,287
134.30500194444446,34.04237805555555,284
134.30490194444445,34.04227,284
134.30465194444446,34.04211194444444,287
134.30450194444444,34.04206194444444,285
134.30432694444445,34.042053055555556,286
134.30423888888888,34.04208694444444,286
134.30421388888888,34.04217,288
134.3041638888889,34.04232,293
134.30408888888888,34.042411944444446,294
134.30397694444446,34.04248694444444,297
134.30390194444445,34.04252,297
134.3037888888889,34.04253694444444,296
134.30366388888888,34.04252,298
134.30352694444446,34.042386944444445,296
134.30342694444445,34.042345,296
134.3032888888889,34.042386944444445,292
134.3032638888889,34.042453055555555,298
134.3032638888889,34.04252,298
134.3032888888889,34.04262,302
134.3034638888889,34.04276194444444,306
134.30362694444443,34.04280305555555,308
134.3038388888889,34.04280305555555,305
134.3039138888889,34.04277805555556,307
134.30407694444443,34.04273694444444,306
134.30422694444445,34.04266194444445,306
134.30442694444446,34.04250305555556,305
134.30453888888889,34.04247,306
134.30465194444446,34.04248694444444,305
134.30470194444445,34.042545,303
134.3047388888889,34.042628055555554,306
134.30475194444443,34.04297,316
134.30478888888888,34.043061944444446,315
134.3048638888889,34.04312,318
134.30500194444446,34.04315305555556,314
134.3053138888889,34.04322,314
134.30557694444445,34.043461944444445,316
134.3056388888889,34.043503055555554,316
134.3057638888889,34.043503055555554,314
134.3058388888889,34.04347805555555,315
134.30597694444444,34.04338694444444,313
134.30617694444445,34.04332,311
134.30627694444445,34.043328055555556,311
134.30636388888888,34.04337805555556,313
134.30652694444444,34.043528055555555,313
134.30683888888888,34.04392,325
134.30702694444443,34.04407805555556,324
134.30735194444443,34.04442805555556,327
134.30740194444445,34.04452,329
134.30771388888888,34.045495,331
134.30783888888888,34.04572,330
134.30796388888888,34.04591111111111,328
134.30810194444445,34.04606111111111,330
134.30822694444444,34.04615305555556,333
134.3083388888889,34.04621111111111,336
134.30842694444445,34.046236111111114,332
134.30860194444443,34.04622,337
134.3087138888889,34.04617,335
134.3088138888889,34.04611111111111,332
134.3089388888889,34.04597805555556,337
134.30905194444443,34.04593611111111,335
134.30910194444445,34.04593611111111,335
134.30917694444443,34.04597,335
134.30935194444444,34.046078055555554,335
134.30952694444446,34.046128055555556,332
134.3095888888889,34.046128055555556,333
134.3098011111111,34.046078055555554,339
134.30986388888888,34.046078055555554,339
134.3099388888889,34.046103055555555,338
134.3102888888889,34.04635305555556,323
134.3105888888889,34.046503055555554,324
134.3106388888889,34.04651194444445,324
134.31068888888888,34.046503055555554,325
134.31100111111112,34.04637,327
134.3111888888889,34.046345,326
134.3112638888889,34.04636194444444,326
134.31147611111112,34.04656194444444,319
134.3115388888889,34.046595,319
134.3116138888889,34.046595,318
134.3120638888889,34.04642,324
134.3121261111111,34.04642,323
134.3125761111111,34.046486944444446,316
134.3127888888889,34.04647805555555,315
134.31285111111112,34.04645305555555,315
134.3129011111111,34.04640305555556,318
134.31307611111112,34.04616194444444,322
134.3131388888889,34.04611194444445,318
134.3132138888889,34.04608694444445,323
134.3133761111111,34.04613694444444,317
134.3134261111111,34.046211944444444,317
134.3135388888889,34.046495,310
134.3136761111111,34.046661944444445,313
134.31375111111112,34.046686944444446,310
134.3138138888889,34.046686944444446,311
134.31386388888887,34.04667,311
134.3141388888889,34.04653694444445,319
134.3150638888889,34.04637805555556,313
134.3151638888889,34.04637,312
134.31522611111112,34.04638694444444,311
134.31546305555557,34.046545,313
134.3155011111111,34.04658694444444,312
134.3155261111111,34.04677,311
134.31558805555557,34.046995,314
134.31565111111112,34.04717,312
134.31566305555555,34.04747,302
134.31577611111112,34.04752805555555,305
134.3158511111111,34.047536944444445,308
134.31593805555556,34.047511944444445,310
134.31623805555554,34.04738694444445,309
134.3163011111111,34.047378055555555,309
134.31636305555554,34.04738694444445,309
134.31641305555556,34.04742,309
134.31653805555555,34.047561944444446,303
134.31671305555557,34.04770305555556,302
134.31712611111112,34.04792805555556,298
134.31726305555554,34.04801194444445,294
134.31747611111112,34.04817805555555,294
134.31763805555556,34.04826194444444,288
134.3179511111111,34.04837,285
134.31823805555555,34.048453055555555,282
134.31851305555554,34.04848694444444,278
134.31861305555555,34.04847,277
134.31908805555557,34.04833694444444,268
134.3192011111111,34.04828694444444,267
134.31927611111112,34.048211944444446,263
134.31931305555557,34.04812,263
134.31930111111112,34.047945,263
134.31918805555554,34.04765388888889,264
134.31916305555555,34.047536944444445,265
134.31917611111112,34.04746194444444,265
134.31921305555557,34.04738694444445,266
134.31928805555555,34.04732,267
134.3194511111111,34.04723694444444,265
134.3197761111111,34.04716194444445,265
134.31983805555555,34.04712888888889,263
134.3199011111111,34.04702888888889,261
134.31998805555557,34.04662888888889,265
134.3200511111111,34.04652,267
134.32011305555557,34.04645388888889,266
134.32020111111112,34.04640388888889,269
134.32041305555555,34.04638694444444,268
134.32052611111112,34.04641194444444,269
134.32062611111112,34.04647,268
134.32083805555556,34.046686944444446,266
134.32115,34.04703694444444,256
134.32128805555556,34.04712,254
134.32165,34.04727,247
134.32178805555554,34.047311944444445,245
134.321925,34.04732,244
134.322025,34.047311944444445,244
134.3222,34.04725388888889,243
134.32243805555555,34.047136944444446,244
134.32258805555554,34.04712888888889,242
134.32263805555556,34.04716194444445,242
134.322675,34.04721194444444,241
134.32268805555555,34.04727888888889,238
134.322675,34.047336944444446,234
134.32263805555556,34.04738694444445,236
134.322575,34.04741194444444,236
134.32233805555555,34.047395,239
134.322275,34.04741194444444,240
134.3221,34.047495,239
134.32183805555556,34.04765388888889,237
134.32178805555554,34.04766194444444,237
134.32168805555557,34.04765388888889,237
134.321575,34.04762888888889,237
134.321125,34.04743694444444,239
134.3207261111111,34.04723694444444,228
134.32066305555554,34.04722888888889,227
134.3206011111111,34.04725388888889,227
134.32053805555555,34.047295,227
134.32040111111112,34.04767,216
134.3203511111111,34.04775388888889,216
134.32013805555556,34.04792888888889,216
134.32010111111111,34.04803694444445,215
134.32013805555556,34.04810388888889,214
134.32031305555554,34.048386944444445,205
134.32033805555557,34.04847,202
134.320325,34.04853694444444,204
134.32028805555555,34.04857805555555,203
134.32008805555554,34.048628055555554,205
134.3200261111111,34.04866194444445,205
134.31998805555557,34.04872805555556,204
134.31993805555555,34.048945,196
134.31991305555556,34.049295,192
134.31988805555557,34.04937805555556,194
134.31985111111112,34.04942805555556,194
134.31968805555556,34.049503055555554,194
134.3193511111111,34.04957,195
134.31926305555555,34.049636944444444,196
134.3192011111111,34.049703055555554,196
134.31913805555556,34.04977805555556,193
134.31911305555556,34.04987,193
134.3191011111111,34.050395,186
134.31903805555555,34.05045305555556,185
134.31892611111113,34.050495,186
134.31882611111112,34.05051111111111,187
134.31868805555555,34.05051111111111,187
134.31858805555555,34.050495,186
134.31848805555555,34.05046111111111,184
134.31841305555557,34.050403055555556,186
134.31817611111111,34.05021111111111,187
134.3181011111111,34.050178055555556,186
134.31805111111112,34.05018611111111,186
134.31803805555555,34.05022805555556,184
134.31813805555555,34.05052805555555,182
134.31825111111112,34.050778055555554,175
134.3184511111111,34.051161111111114,173
134.3185761111111,34.05131111111111,171
134.31870111111112,34.05141111111111,167
134.31882611111112,34.05147,161
134.31892611111113,34.05150305555556,159
134.31953805555557,34.05155305555556,149
134.31986305555554,34.05155305555556,148
134.319925,34.05152,145
134.31998805555557,34.05146111111111,145
134.32001305555556,34.05137805555555,143
134.31996305555555,34.05121111111111,143
134.319875,34.05108611111111,145
134.31983805555555,34.05102,145
134.319825,34.05092805555555,145
134.31985,34.05087,145
134.319925,34.050803055555555,144
134.32001305555556,34.050736111111114,144
134.320225,34.050578055555555,144
134.32031305555554,34.050553055555554,146
134.32041305555555,34.050553055555554,146
134.3205,34.050578055555555,139
134.320825,34.05075305555555,133
134.3209,34.05078611111111,131
134.320975,34.05078611111111,131
134.32106305555556,34.050778055555554,131
134.32111305555554,34.050745,131
134.32115,34.05068694444444,131
134.32111305555554,34.050495,132
134.321125,34.05042,135
134.321175,34.05036194444445,135
134.32123805555557,34.05032805555555,135
134.32131305555555,34.05032805555555,135
134.321625,34.05068694444444,123
134.321875,34.050961111111114,117
134.32195,34.05107,115
134.322,34.05110305555556,114
134.32206194444444,34.05111111111111,113
134.322125,34.051095,112
134.322175,34.05106111111111,112
134.32221305555555,34.050995,113
134.32225,34.050761944444446,113
134.3223,34.050645,115
134.32236194444445,34.05058694444445,115
134.32245,34.050561944444446,115
134.32251305555556,34.050553055555554,118
134.32256305555555,34.050578055555555,117
134.32275,34.050845,116
134.3228,34.05095305555555,113
134.323075,34.05172805555556,98
134.323225,34.05192,96
134.32345,34.052128055555556,95
134.32356305555555,34.052261111111115,94
134.32363805555556,34.05240305555556,93
134.3237,34.05247,91
134.32383694444445,34.05263611111111,89
134.324025,34.05287805555555,87
134.32405,34.05292,87
134.324075,34.05296111111111,87
134.32411194444444,34.053111111111114,87
134.32423694444444,34.05376111111111,85
134.32428694444445,34.05398611111111,83
134.32435,34.054203055555554,81
134.3244,34.05433611111111,79
134.32445,34.054428055555555,79
134.324525,34.054518888888886,77
134.3247,34.05471111111111,72
134.32478694444444,34.05486111111111,70
134.32488694444444,34.05504388888889,69
134.32491194444444,34.05514388888889,67
134.32498694444445,34.05563611111111,63
134.32501194444444,34.05584388888889,62
134.32501194444444,34.05606111111111,59
134.32494888888888,34.05621111111111,59
134.32456194444444,34.05706111111111,56
134.324275,34.057743888888886,54
134.3242,34.05798611111111,53
134.3241,34.058326944444445,52
134.324,34.05884388888889,52
134.32395,34.059635,50
134.32396194444445,34.059801944444445,49
134.3239738888889,34.05990194444445,48
134.3239988888889,34.060026944444445,48
134.32401194444444,34.060051944444446,48
134.32437388888889,34.06131805555555,43
134.32439888888888,34.061385,43
134.32466194444444,34.062218055555554,43
134.32484888888888,34.062868055555555,43
134.32491194444444,34.06306,42
134.32516194444443,34.063835,36
134.32538694444443,34.064618055555556,33
134.32551194444446,34.065085,29
134.32573694444446,34.06509305555556,29
134.3261238888889,34.06514305555555,27
134.3263488888889,34.06520111111111,26
134.32643694444445,34.06522611111111,25
134.32658694444444,34.06525888888889,23
134.32703694444444,34.06540888888889,22
134.3272988888889,34.06549305555556,24
134.32757388888888,34.065601111111114,27
134.3280738888889,34.065843055555554,29
134.32824888888888,34.065933888888885,28
134.32868611111113,34.06621805555555,24
134.32879888888888,34.06628388888889,21
134.3289861111111,34.06641805555556,19
134.3290861111111,34.06647611111111,19
134.3295238888889,34.066768055555556,19
134.32972388888888,34.066718055555555,19
134.33053611111112,34.066768055555556,19
134.33094888888888,34.06679305555556,19
134.33132388888887,34.06680111111111,19
134.33167305555557,34.06680111111111,19
134.3318361111111,34.06679305555556,19
134.33257305555554,34.06679305555556,19
134.33266111111112,34.06677611111111,19
134.3330861111111,34.06664305555555,19
134.3333111111111,34.06653388888889,19
134.33339805555556,34.066518055555555,19
134.33368611111112,34.06637611111111,19
134.33407305555556,34.06620111111111,19
134.33414805555554,34.06615111111111,19
134.33439805555557,34.06596805555556,19
134.33452305555556,34.06588388888889,19
134.33467305555556,34.06579305555555,19
134.3350861111111,34.065601111111114,19
134.3357861111111,34.06532611111111,18
134.3359861111111,34.065243055555555,18
134.33679805555556,34.064885,18
134.336885,34.064835,18
134.336985,34.064785,18
134.33716,34.06466,18
134.33802305555557,34.06395111111111,18
134.33809805555555,34.06389305555555,18
134.33819805555555,34.06382611111111,18
134.338285,34.063785,18
134.338935,34.06355194444444,18
134.33944805555555,34.063426944444444,18
134.33974805555556,34.06336,18
134.34026,34.063251944444445,18
134.340685,34.06314305555556,17
134.34109694444444,34.06301805555555,17
134.34124805555555,34.06296,17
134.341935,34.062635,17
134.34212194444444,34.06254305555556,17
134.34257305555556,34.06231805555556,17
134.342685,34.062268055555556,17
134.343185,34.062035,17
134.343435,34.06191,17
134.34347194444445,34.061885,17
134.34362305555555,34.06180194444445,17
134.343685,34.061776944444446,17
134.34381,34.061701944444444,17
134.34419805555555,34.061501944444444,17
134.344685,34.06125194444444,17
134.345285,34.06096888888889,17
134.34564694444444,34.06082694444444,17
134.34576,34.06081,17
134.34596,34.06081,17
134.34637194444446,34.060835,16
134.34709694444444,34.06091,16
134.34719694444445,34.06091,16
134.347735,34.06096,16
134.34824694444444,34.06101,16
134.348635,34.06106,16
134.349385,34.06117694444445,15
134.349435,34.06117694444445,15
134.34974694444443,34.061235,15
134.35129694444444,34.061535,14
134.35170888888888,34.06161,14
134.35247694444445,34.061753055555556,14
134.35247694444445,34.061753055555556,14
134.35269694444443,34.061793888888886,14
134.3527838888889,34.06181888888889,14
134.3529088888889,34.06185194444444,14
134.35328388888888,34.061926944444444,14
134.3533588888889,34.061935,14
134.3538088888889,34.06200194444445,14
134.3539338888889,34.062018888888886,14
134.35487194444445,34.06216888888889,14
134.35514694444444,34.06221,14
134.3553588888889,34.062235,14
134.35559694444444,34.06225194444445,14
134.3559838888889,34.06232694444444,14
134.35677194444443,34.06246888888889,14
134.35692194444445,34.06249388888889,14
134.35792194444446,34.062635,14
134.35864694444444,34.06274388888889,14
134.35930888888888,34.06284388888889,14
134.35977111111112,34.06291888888889,14
134.3600088888889,34.06295194444444,14
134.3602461111111,34.06299388888889,14
134.3604838888889,34.06304388888889,14
134.3609088888889,34.06315194444444,14
134.36098388888888,34.06316888888889,14
134.36212111111112,34.063451944444445,14
134.36237111111112,34.063518888888886,14
134.3625338888889,34.06357694444444,14
134.3630711111111,34.06374388888889,14
134.3633461111111,34.06384388888889,14
134.36403388888888,34.064085,14
134.36427111111112,34.06416888888889,13
134.3644338888889,34.06421,13
134.3646838888889,34.06426888888889,13
134.36539611111112,34.06440194444444,13
134.36558305555556,34.06444305555556,13
134.3661461111111,34.06456,13
134.36625805555556,34.06457694444445,13
134.36655805555554,34.064635,13
134.36667111111112,34.06465194444444,13
134.36693305555556,34.06465194444444,13
134.3670461111111,34.064618055555556,13
134.3671711111111,34.06457694444445,13
134.3685461111111,34.06406,14
134.36923305555555,34.06381,14
134.36950805555554,34.063701944444446,14
134.3701211111111,34.063476944444446,14
134.3702211111111,34.063451944444445,14
134.3703461111111,34.063435,14
134.37048305555555,34.063426944444444,14
134.37060805555555,34.06344388888889,14
134.3707711111111,34.063485,13
134.37090805555556,34.063535,13
134.37177111111112,34.06395194444445,13
134.37230805555555,34.06419388888889,13
134.37267,34.06436,13
134.37273305555556,34.064385,13
134.37288305555555,34.064435,13
134.37310805555555,34.064501944444444,13
134.37333305555555,34.06454388888889,13
134.37353305555555,34.06456,13
134.37492,34.064685,13
134.37515805555554,34.06471888888889,13
134.37673305555555,34.06496,12
134.37683194444443,34.064976944444446,12
134.37737,34.06501,12
134.37768194444445,34.06502694444445,12
134.378945,34.06510194444444,12
134.379045,34.06511,12
134.379145,34.06511888888889,12
134.37943194444443,34.065126944444444,13
134.38003194444445,34.065151944444445,14
134.380245,34.06516,14
134.38042,34.06516888888889,14
134.38078194444444,34.065185,14
134.38105694444445,34.065218888888886,14
134.38120694444444,34.065235,13
134.38132,34.06526,13
134.38173194444445,34.065385,14
134.38184388888888,34.06542694444445,15
134.38208194444445,34.06552694444444,17
134.38216888888888,34.06556,17
134.3823438888889,34.06565194444445,17
134.38251888888888,34.06576,18
134.38276888888888,34.06592694444444,18
134.3832938888889,34.066318055555556,19
134.3837938888889,34.066718055555555,18
134.38386888888888,34.06676,18
134.3839688888889,34.06682694444444,18
134.38403194444444,34.066851944444444,18
134.3841688888889,34.06689305555555,18
134.38438194444444,34.066943055555555,18
134.38508194444444,34.067076944444445,18
134.38530694444444,34.067126944444446,18
134.38548194444445,34.06717694444445,19
134.38570694444445,34.06724305555556,18
134.38630694444444,34.06742694444444,18
134.3869938888889,34.06764305555556,18
134.3873188888889,34.067726111111114,18
134.3874438888889,34.06776,18
134.3877688888889,34.067835,16
134.38831888888888,34.06796,13
134.38920611111112,34.06815111111111,11
134.3892688888889,34.06816805555555,11
134.38964388888888,34.06822611111111,11
134.38978111111112,34.068243055555556,11
134.3899438888889,34.068243055555556,11
134.39023111111112,34.068235,11
134.3912811111111,34.06820111111111,12
134.39158111111112,34.068193055555554,13
134.3918561111111,34.068176111111114,13
134.3921311111111,34.06816805555555,13
134.39246888888889,34.06816,13
134.39260611111112,34.06815111111111,13
134.39316805555555,34.068135,13
134.39328111111112,34.068135,12
134.39391805555556,34.06811,12
134.39424305555556,34.06810111111111,11
134.39439305555555,34.06809305555556,11
134.39464305555555,34.06806,11
134.39471805555556,34.068035,11
134.39484305555555,34.06800111111111,10
134.39506805555556,34.06789305555556,10
134.39579305555554,34.067543055555554,11
134.39589305555555,34.06749305555556,11
134.39601805555554,34.06744305555556,11
134.3963061111111,34.06735111111111,11
134.39686805555556,34.06721,11
134.39723111111113,34.067118055555554,11
134.39803,34.06691,10
134.398355,34.06682611111111,10
134.399205,34.06659305555556,10
134.39943,34.06652611111111,10
134.39951805555555,34.06651,10
134.39974305555555,34.066493055555554,10
134.39986805555554,34.066493055555554,10
134.40029305555555,34.06651,10
134.400805,34.06656,10
134.401605,34.066635,10
134.40189194444446,34.06662611111111,10
134.402305,34.06655111111111,10
134.40239194444445,34.066518055555555,10
134.40249194444445,34.066485,10
134.40279194444443,34.06636805555556,10
134.40316694444445,34.06620111111111,10
134.40346694444443,34.06611,10
134.403555,34.066093055555555,10
134.40363,34.066093055555555,10
134.40389194444444,34.066118055555556,10
134.40404194444446,34.066135,10
134.40413,34.06614305555556,10
134.40484194444446,34.06620111111111,10
134.40491694444444,34.06620111111111,10
134.40509194444445,34.06621805555555,10
134.40530388888888,34.06624305555555,9
134.40606694444443,34.06632611111111,9
134.40649194444444,34.06636805555556,9
134.40687888888888,34.06640111111111,9
134.40699194444446,34.06641,9
134.4072038888889,34.066435,9
134.40809194444444,34.06652611111111,9
134.40831694444444,34.06655111111111,9
134.40941694444444,34.06666,9
134.40992888888889,34.06671,9
134.4100288888889,34.066718055555555,9
134.41034194444444,34.066735,9
134.4106911111111,34.06676,9
134.4108038888889,34.066768055555556,9
134.4111161111111,34.06676,9
134.4114788888889,34.066735,9
134.4120538888889,34.06670111111111,9
134.4123661111111,34.066685,9
134.4127038888889,34.06666805555555,9
134.4129788888889,34.06666,9
134.41324111111112,34.06662611111111,9
134.41334111111112,34.06661,9
134.4135038888889,34.06656805555556,9
134.41414111111112,34.06640111111111,9
134.4143038888889,34.06636805555556,9
134.4144411111111,34.06635111111111,9
134.41457888888888,34.066343055555556,9
134.4146288888889,34.066343055555556,9
134.41492888888888,34.066385,9
134.41539111111112,34.066485,9
134.4154288888889,34.066485,9
134.41595388888888,34.06657611111111,9
134.41686611111112,34.06671,9
134.4169411111111,34.066735,9
134.41697888888888,34.066768055555556,9
134.41735305555557,34.06684305555556,9
134.4179661111111,34.06692611111111,9
134.41834111111112,34.06701,9
134.41875305555556,34.06707611111111,9
134.41956611111112,34.06722611111111,9
134.41971611111111,34.06725888888889,9
134.4200911111111,34.06737611111111,9
134.42062805555557,34.06741805555556,8
134.42200305555556,34.06749305555556,8
134.42219111111112,34.06750111111111,8
134.42250305555555,34.06750888888889,8
134.4230661111111,34.06753388888889,8
134.4236911111111,34.067543055555554,8
134.423865,34.067543055555554,8
134.42427805555556,34.06748388888889,8
134.42450305555556,34.06744305555556,8
134.42505305555557,34.06727611111111,8
134.42514,34.06725111111111,8
134.425565,34.067118055555554,8
134.42740194444445,34.06655111111111,8
134.42840305555555,34.06624305555555,8
134.43014,34.06570111111111,8
134.430615,34.06555111111111,8
134.43099,34.065468055555556,8
134.43129,34.06541,8
134.43150194444445,34.065376111111114,8
134.43170194444446,34.06536,8
134.43195194444445,34.065335,8
134.43237694444446,34.06532611111111,8
134.43272694444445,34.06536,8
134.43315194444443,34.06542611111111,8
134.43330194444445,34.06546,8
134.43360194444443,34.06555111111111,8
134.43405194444443,34.06571805555556,8
134.4345888888889,34.06595111111111,8
134.4348138888889,34.066043055555554,8
134.4353638888889,34.066293055555555,8
134.43611388888888,34.06661805555556,8
134.43632694444443,34.06670888888889,8
134.4369638888889,34.06699305555556,8
134.43726388888888,34.06712611111111,8
134.43765194444444,34.06729305555555,8
134.43815194444446,34.06746805555556,8
134.43835194444443,34.06751805555555,8
134.4387638888889,34.06758388888889,8
134.43975111111112,34.06766805555556,8
134.43986388888888,34.06768388888889,8
134.4401511111111,34.06770111111111,8
134.44043888888888,34.067726111111114,8
134.44133888888888,34.06780111111111,8
134.44256388888888,34.06790111111111,8
134.4429011111111,34.06792611111111,8
134.4437511111111,34.06798388888889,8
134.4442511111111,34.06805888888889,8
134.4444138888889,34.068083888888886,8
134.4449011111111,34.068176111111114,8
134.44541305555555,34.068268055555556,8
134.4460511111111,34.06838388888889,8
134.44725111111111,34.068601111111114,8
134.4496761111111,34.069026111111114,8
134.450175,34.06912611111111,8
134.45073805555555,34.069226111111114,8
134.45125,34.06932611111111,8
134.4515,34.06936694444445,8
134.45233805555554,34.069518055555555,8
134.45255,34.069543055555556,8
134.45276305555555,34.069566944444446,8
134.453125,34.06959194444445,8
134.453725,34.06964305555555,8
134.454425,34.06970888888889,8
134.454525,34.069716944444444,8
134.45465,34.06972611111111,8
134.45506194444445,34.06975888888889,8
134.455175,34.069768055555556,8
134.4553,34.06978388888889,8
134.4555,34.06980111111111,8
134.4556,34.06981694444445,8
134.4561,34.06986805555555,8
134.45616194444443,34.069876111111114,8
134.45626194444444,34.069876111111114,8
134.4567,34.06990888888889,8
134.45803694444444,34.07000111111111,8
134.45846194444445,34.07003388888889,8
134.45856194444445,34.07004305555556,8
134.45908694444444,34.07007611111111,8
134.46063694444445,34.07018388888889,9
134.46096194444445,34.07020888888889,9
134.46248694444444,34.07030888888889,9
134.46354888888888,34.070393055555556,9
134.46454888888888,34.07046694444445,9
134.46479888888888,34.07046694444445,9
134.46559888888888,34.070458888888886,9
134.4657361111111,34.07045111111111,9
134.46616111111112,34.07040888888889,9
134.4666611111111,34.070368055555555,9
134.46739888888888,34.07031694444444,9
134.46753611111112,34.07030888888889,9
134.4678361111111,34.07029305555555,9
134.46818611111112,34.07030888888889,9
134.4684611111111,34.07033388888889,9
134.47034805555555,34.070566944444444,8
134.47052305555556,34.070591944444445,8
134.4706611111111,34.07060111111111,8
134.47212305555556,34.070768055555554,8
134.47328611111112,34.07090111111111,8
134.47449805555556,34.071043055555556,7
134.47589805555555,34.07120888888889,7
134.477185,34.07135888888889,7
134.47801,34.07145111111111,7
134.47872305555555,34.07153388888889,7
134.47964694444445,34.071643055555555,7
134.479685,34.07165111111111,7
134.480285,34.07171805555556,7
134.48189805555555,34.07190111111111,6
134.48197305555556,34.07190888888889,6
134.482435,34.07196805555556,6
134.48311,34.07196805555556,6
134.484035,34.07196805555556,6
134.48422194444444,34.07196805555556,6
134.485285,34.07196805555556,6
134.48546,34.07196805555556,6
134.48557194444444,34.07196805555556,6
134.48582194444444,34.07197611111111,6
134.48624694444445,34.072026111111114,6
134.48684694444444,34.072118055555556,6
134.48724694444445,34.07220888888889,6
134.4872838888889,34.07221805555555,6
134.48778388888888,34.072318055555556,6
134.48857194444443,34.07248388888889,6
134.4891838888889,34.07261805555556,5
134.48972194444445,34.07272611111111,5
134.4902338888889,34.07281805555556,5
134.4907088888889,34.07290111111111,5
134.4909338888889,34.072943055555555,5
134.49204694444444,34.07310888888889,5
134.4926211111111,34.07321,5
134.49400888888889,34.07341805555556,5
134.4943211111111,34.073435,4
134.49503388888888,34.07342611111111,5
134.4951088888889,34.07341805555556,5
134.4956461111111,34.07337611111111,5
134.49628388888888,34.073285,5
134.4965588888889,34.07321805555556,5
134.4967088888889,34.07322611111111,5
134.49673388888888,34.07321805555556,5
134.4972961111111,34.07309305555555,5
134.49978305555555,34.072543055555556,5
134.4999711111111,34.072493055555555,5
134.50058305555555,34.07234305555556,5
134.50088305555556,34.072268055555554,5
134.50113305555556,34.07221,5
134.5013211111111,34.07216805555556,5
134.5015961111111,34.07210194444445,5
134.50173305555555,34.072068055555555,5
134.50243305555554,34.07192694444444,5
134.50264611111112,34.07191,5
134.5029211111111,34.07191,5
134.5032461111111,34.07194305555556,5
134.50379611111111,34.072001944444445,5
134.50437,34.072068055555555,5
134.50492,34.07212694444444,5
134.50585805555556,34.072235,5
134.50660805555555,34.07232694444444,5
134.50695694444445,34.072385,5
134.50722,34.072476944444446,5
134.507345,34.072518055555555,5
134.50765694444445,34.07266805555555,5
134.50835805555556,34.073035,5
134.50928305555556,34.07351,5
134.509395,34.073568055555555,5
134.509695,34.073726944444445,5
134.51097,34.074385,4
134.51172,34.074826944444446,4
134.5123438888889,34.07521,4
134.51280694444443,34.075485,4
134.5135688888889,34.075968055555556,4
134.5143688888889,34.07651,4
134.51470694444444,34.07669305555556,4
134.51490694444445,34.07676,4
134.51505694444444,34.076793055555555,4
134.51576888888889,34.076885,4
134.51595694444444,34.07691805555555,4
134.51715611111112,34.077085,3
134.51736888888888,34.07711805555556,3
134.5177561111111,34.07716805555555,3
134.5183438888889,34.07726,3
134.5188061111111,34.07732611111111,3
134.5195061111111,34.077443055555555,3
134.5206938888889,34.07766,3
134.52189305555555,34.07786,3
134.52303111111112,34.078068055555555,3
134.5231061111111,34.078085,3
134.5242061111111,34.07827611111111,2
134.5250311111111,34.07841805555555,3
134.52531805555554,34.07846,3
134.52540611111112,34.07847611111111,3
134.5254811111111,34.078493055555555,3
134.52578111111112,34.078543055555556,3
134.526405,34.07866,2
134.52773,34.078918055555555,2
134.52799305555556,34.078968055555556,2
134.52861694444445,34.07906,2
134.528755,34.079076111111114,2
134.52889194444444,34.07906805555555,2
134.52978,34.07896,2
134.53049194444444,34.07886,2
134.530855,34.07881,2
134.53214194444445,34.07864305555555,3
134.53339194444445,34.078468055555554,2
134.53464194444445,34.07830194444445,3
134.5358788888889,34.07814305555556,2
134.53714194444444,34.07794305555556,2
134.53836694444445,34.077818055555554,3
134.5396288888889,34.07765194444445,4
134.54086611111111,34.07749305555556,4
134.54164111111112,34.077385,3
134.54209111111112,34.07731805555556,3
134.54309111111112,34.077176944444446,3
134.54379111111112,34.07707694444444,3
134.54422888888888,34.07700194444445,2
134.54445388888888,34.076935,2
134.5449661111111,34.076751944444446,3
134.5451161111111,34.076685,2
134.5455411111111,34.076435,3
134.5457661111111,34.07629388888889,2
134.54594111111112,34.076135,2
134.54612805555556,34.07596,2
134.5464661111111,34.075585,2
134.5465911111111,34.07544388888889,2
134.54764111111112,34.07418611111111,2
134.54770305555556,34.07410194444444,2
134.54820305555555,34.07351888888889,2
134.54841611111112,34.073276944444444,2
134.54862805555555,34.07311888888889,3
134.54875305555555,34.07306111111111,4
134.5489161111111,34.07298611111111,2
134.54962805555556,34.07274388888889,3
134.55040305555556,34.07369388888889,3
134.55034111111112,34.07383611111111,3
134.5506661111111,34.074326944444444,4
134.5505261111111,34.07439611111111,4
</coordinates>
</LineString>
</Placemark>
</Document>
</kml>
