<?xml version="1.0" encoding="UTF-8"?>
<kml xmlns="http://www.opengis.net/kml/2.2" xmlns:atom="http://www.w3.org/2005/Atom">
<Document>
<name>第56代追い出しラン</name>
<atom:author>
<atom:name>ザッカーバーグ</atom:name>
</atom:author> 
<atom:link href="https://latlonglab.yahoo.co.jp/route/watch?id=9035fe438feae5747c745d079540a900" />
<description><![CDATA[]]></description>
<tags><![CDATA[wcc56th]]></tags>  
<Placemark>
<Style>
<LineStyle>
<color>99ff0000</color>
<width>6</width>
</LineStyle>
</Style>
<LineString>
<coordinates>
138.76887,35.49872805555555,855
138.76880305555557,35.49873,855
138.76877805555554,35.49896388888889,855
138.76872805555556,35.499138888888886,855
138.76869,35.49923,855
138.768565,35.49941388888889,855
138.76854,35.499538888888885,855
138.76857805555557,35.50002194444444,854
138.76859,35.500096944444444,854
138.76865305555555,35.500188888888886,854
138.769015,35.50046388888889,850
138.76885305555555,35.500638888888886,850
138.768765,35.50072194444444,850
138.76865305555555,35.500796944444446,847
138.76850305555556,35.50084694444445,846
138.76777805555557,35.501038055555554,844
138.7675911111111,35.501171944444444,844
138.7674911111111,35.50129694444445,845
138.76750305555555,35.50152194444444,844
138.76752805555554,35.501621944444445,843
138.76757805555556,35.50172194444445,842
138.76765305555554,35.501855,842
138.767765,35.50199694444444,842
138.768115,35.50243,838
138.768315,35.502588055555556,838
138.76864,35.502746944444446,839
138.76945305555554,35.50306305555556,839
138.76959,35.50313,839
138.76979,35.503238055555556,839
138.77075305555556,35.50376305555555,839
138.77105194444445,35.50393,839
138.77130194444445,35.504105,838
138.771465,35.50424611111111,838
138.77160305555554,35.50439611111111,839
138.77169,35.50453,839
138.77192805555555,35.504905,838
138.772065,35.50521305555556,839
138.77210305555556,35.50538805555556,839
138.772115,35.50563,838
138.77214,35.50607888888889,839
138.77215305555555,35.50617888888889,839
138.77219,35.50627111111111,843
138.77242694444445,35.506613055555555,856
138.77249,35.506663055555556,856
138.77260305555555,35.50673805555556,838
138.77279,35.506838055555555,839
138.77319,35.50702888888889,839
138.77335194444444,35.50713805555556,839
138.77352694444446,35.50727111111111,839
138.77375194444446,35.50747888888889,839
138.77387694444445,35.50765388888889,839
138.77395194444443,35.50778805555556,839
138.77399,35.507888055555554,839
138.77405194444444,35.50805388888889,839
138.77424,35.50890388888889,839
138.77425194444444,35.50892888888889,839
138.774265,35.50900388888889,839
138.77454,35.510311944444446,839
138.7746511111111,35.51088388888889,839
138.7746511111111,35.51088388888889,839
138.77467694444445,35.51102111111111,839
138.77467694444445,35.511311944444444,839
138.774665,35.51147888888889,838
138.77462694444444,35.51170388888889,838
138.77459,35.51184611111111,838
138.77450194444444,35.51207111111111,838
138.77435194444445,35.51232111111111,838
138.77410194444445,35.51262111111111,837
138.77374,35.51292888888889,837
138.77337694444444,35.51314611111111,838
138.77320194444445,35.51322888888889,838
138.77294,35.51330388888889,837
138.77277694444444,35.513328888888886,837
138.77259,35.513345,838
138.772315,35.513353888888886,838
138.77209,35.51332,836
138.77154,35.51321194444444,836
138.769615,35.51282,837
138.76834,35.51253694444444,839
138.76822694444445,35.51252888888889,839
138.76812805555556,35.512545,839
138.767965,35.51260388888889,839
138.76720305555557,35.51287888888889,835
138.76704,35.51297,835
138.76695305555555,35.51302888888889,839
138.76662805555554,35.513461944444444,840
138.76659,35.513553888888886,840
138.76659,35.51372,839
138.76672805555555,35.51402,839
138.766865,35.514195,839
138.76704,35.514345,839
138.76717805555555,35.514445,839
138.76729,35.51450388888889,839
138.76777694444445,35.514736944444444,839
138.76792694444444,35.51480388888889,839
138.76794,35.514895,839
138.76794,35.514945,839
138.767915,35.514995,839
138.76782805555555,35.51510305555556,839
138.76720305555557,35.51461194444445,839
138.76684,35.514295,839
138.766465,35.513895,839
138.76614,35.513536944444446,839
138.765965,35.513328888888886,838
138.76436611111112,35.51152888888889,830
138.76366805555554,35.510731944444444,832
138.76366805555554,35.510731944444444,832
138.76270305555556,35.50962888888889,835
138.76170305555556,35.50847111111111,839
138.7615661111111,35.508313055555554,838
138.7611411111111,35.50783805555555,839
138.7604411111111,35.50696305555556,839
138.7593288888889,35.50546305555556,839
138.75914111111112,35.50560388888889,839
138.75900388888888,35.505738055555554,839
138.7589661111111,35.50577888888889,839
138.7588911111111,35.50592888888889,839
138.7588661111111,35.50600388888889,839
138.7588661111111,35.50607888888889,839
138.7588538888889,35.50615388888889,839
138.7588788888889,35.506436944444445,839
138.75890388888888,35.50675388888889,839
138.7589911111111,35.50777111111111,839
138.75902888888888,35.50817111111111,840
138.7590911111111,35.50889611111111,840
138.75914111111112,35.50952888888889,840
138.75915388888887,35.50972888888889,840
138.75920305555556,35.51027111111111,840
138.75920305555556,35.51033694444445,839
138.7591661111111,35.51045388888889,838
138.7590911111111,35.510536944444446,839
138.75904111111112,35.51057888888889,837
138.7589288888889,35.51061194444444,837
138.7587411111111,35.51065388888889,838
138.7586161111111,35.51067888888889,837
138.7580911111111,35.51076194444445,838
138.75791611111111,35.51077,838
138.7559288888889,35.51067888888889,835
138.75537888888888,35.51065388888889,837
138.7545788888889,35.51066194444444,838
138.7531038888889,35.51067,838
138.75300388888888,35.51067,838
138.7527161111111,35.51063694444444,838
138.75259111111112,35.51060388888889,837
138.7524288888889,35.510553888888886,838
138.75187888888888,35.510353888888886,837
138.7515038888889,35.51020388888889,839
138.75130388888888,35.510145,838
138.7511788888889,35.51012,838
138.7509538888889,35.51013694444445,838
138.75075388888888,35.51022,838
138.75065388888888,35.510286944444445,837
138.7506038888889,35.51036194444445,836
138.75054194444445,35.51047888888889,836
138.75052888888888,35.51057,837
138.75059194444444,35.510795,837
138.75071694444443,35.511028055555556,837
138.75075388888888,35.51122,837
138.75074194444446,35.511336944444444,837
138.75064194444445,35.51150305555556,837
138.75056694444444,35.51157,837
138.75044194444445,35.51163694444445,839
138.75031694444445,35.51167805555556,837
138.75009194444445,35.51171194444444,838
138.74979194444444,35.51175305555556,837
138.74962888888888,35.511761944444444,837
138.7494788888889,35.51175305555556,837
138.74914194444443,35.51170305555556,837
138.74891694444443,35.511645,838
138.7488038888889,35.511586944444446,837
138.7485288888889,35.51147,836
138.74819194444444,35.51127,836
138.74799194444444,35.51115305555555,836
138.74764194444444,35.51097,835
138.74746694444445,35.510911944444445,835
138.74735388888888,35.51090305555555,835
138.7471038888889,35.510945,836
138.74686694444443,35.51102,836
138.74676694444443,35.511045,836
138.74581694444444,35.51130305555556,836
138.74551694444443,35.51132,836
138.7454038888889,35.511295,835
138.74520388888888,35.51118611111111,835
138.74511694444445,35.511111944444444,835
138.74501694444444,35.511003055555555,836
138.74494194444443,35.51086194444444,837
138.7449038888889,35.510778055555555,837
138.74487888888888,35.51065305555556,837
138.74488,35.510528055555554,837
138.74499194444445,35.509861944444445,837
138.74496694444446,35.50978694444444,837
138.74491694444444,35.50973694444444,837
138.74469194444444,35.509636944444445,835
138.74364194444445,35.509253055555554,835
138.74349194444446,35.509211944444445,835
138.74333,35.509195,835
138.74311694444444,35.50917805555556,835
138.74293,35.50916194444444,835
138.742805,35.50915305555556,835
138.74243,35.50916194444444,835
138.74196694444444,35.509195,836
138.74188805555556,35.509205,836
138.74188805555556,35.509205,836
138.74123,35.50928694444445,836
138.74084194444444,35.509345,836
138.74048,35.509395,836
138.740355,35.50940305555556,836
138.74003,35.509395,836
138.739755,35.509395,835
138.739255,35.50935305555556,835
138.738405,35.50928611111111,837
138.73814305555555,35.509245,837
138.738005,35.509195,837
138.73786805555557,35.50912805555556,835
138.73771805555555,35.50902,835
138.73729305555557,35.508628055555555,837
138.737205,35.508586944444446,836
138.73711805555556,35.50855305555555,837
138.73701805555555,35.508536944444444,837
138.73613,35.50847,836
138.73594305555557,35.50842,836
138.73588,35.50837,835
138.735855,35.50832805555556,836
138.73581805555557,35.50817,836
138.73571805555557,35.507578055555555,837
138.7356561111111,35.507195,836
138.73558111111112,35.50701194444444,836
138.73541805555556,35.506836944444444,836
138.7352811111111,35.50672,836
138.7350311111111,35.50648694444445,836
138.7349561111111,35.506395,835
138.73488111111112,35.50631194444444,835
138.7346311111111,35.50590388888889,836
138.73445611111111,35.50557,836
138.73439305555556,35.50546194444444,835
138.73431805555555,35.505295,835
138.73421805555554,35.505003888888886,835
138.73420611111112,35.504961944444446,836
138.73409305555555,35.504695,835
138.73399305555554,35.50452888888889,836
138.7337811111111,35.50423694444444,835
138.7334811111111,35.50387111111111,836
138.73334305555557,35.50371194444445,836
138.73320611111112,35.503611944444444,836
138.73311805555556,35.50356194444444,836
138.73298111111112,35.503503888888886,836
138.73264305555554,35.50332111111111,837
138.73253111111111,35.503236944444446,836
138.73206888888888,35.502811944444446,838
138.7319061111111,35.50273694444444,838
138.7318061111111,35.50269611111111,838
138.7316811111111,35.50267111111111,839
138.73148111111112,35.50266194444445,839
138.7308938888889,35.50274611111111,839
138.73069388888888,35.502721111111114,839
138.7305311111111,35.50260388888889,839
138.7302061111111,35.50217888888889,839
138.72999388888888,35.501978888888885,839
138.7298561111111,35.501911944444444,839
138.72968111111112,35.501871111111114,839
138.7295311111111,35.50186194444444,839
138.7293061111111,35.50188694444444,839
138.72874388888889,35.50202111111111,839
138.72854388888888,35.50208694444444,839
138.7281561111111,35.50225388888889,839
138.72806888888888,35.502271111111114,839
138.72796888888888,35.502271111111114,839
138.72786888888888,35.50224611111111,839
138.7275811111111,35.50212888888889,839
138.7272438888889,35.502071111111114,838
138.72673194444445,35.50205388888889,835
138.72665694444444,35.50202888888889,835
138.72659388888889,35.50197111111111,835
138.7261938888889,35.50152888888889,836
138.72610694444444,35.50146194444444,835
138.7259688888889,35.50140388888889,836
138.7253438888889,35.50120388888889,836
138.72510694444443,35.50119611111111,835
138.7249938888889,35.501221111111114,836
138.72408194444444,35.50152111111111,836
138.72360694444444,35.501761944444446,836
138.7234188888889,35.50186194444444,836
138.72323194444445,35.501961944444446,835
138.72310694444445,35.502003888888886,835
138.72293194444444,35.50203694444444,835
138.72245694444445,35.502071111111114,836
138.72205694444443,35.50209611111111,836
138.72175694444445,35.502111944444444,835
138.72147,35.50212888888889,835
138.72133194444444,35.502161944444445,835
138.721195,35.502203888888886,836
138.72105694444446,35.50227888888889,836
138.720895,35.50240388888889,836
138.720295,35.50291194444444,836
138.71987,35.503236944444446,837
138.719795,35.50328694444445,837
138.71957,35.503445,837
138.71922,35.503695,838
138.718945,35.50387,838
138.718795,35.50395388888889,837
138.71856888888888,35.504058055555554,837
138.71856888888888,35.504058055555554,837
138.718095,35.50427888888889,837
138.717745,35.50440388888889,837
138.717645,35.50441194444444,837
138.71748305555556,35.50442,837
138.71683194444444,35.504395,838
138.71610805555557,35.50436194444445,836
138.71595805555555,35.50436194444445,837
138.71580694444444,35.504378055555556,837
138.71562,35.50442805555556,838
138.715495,35.50452,837
138.71542,35.50461194444444,838
138.71537,35.504711944444445,838
138.715295,35.50495305555555,838
138.71520694444445,35.505295,837
138.715195,35.505536944444444,836
138.715195,35.50592805555556,836
138.71522,35.50660305555556,836
138.71528305555555,35.507095,836
138.71532,35.50721111111111,836
138.71537,35.50732,836
138.715445,35.50745305555556,837
138.71557,35.50767,836
138.71563194444445,35.50776111111111,836
138.71575694444445,35.50791888888889,836
138.71582,35.50801888888889,836
138.71593305555555,35.50827805555556,836
138.71607,35.50861888888889,836
138.71620694444445,35.50892805555556,837
138.71635694444444,35.50912805555556,837
138.71658194444444,35.50941888888889,836
138.71682,35.509768888888885,836
138.71687,35.50983611111111,837
138.717245,35.51033611111111,836
138.7176188888889,35.51081888888889,836
138.71773194444444,35.510936111111114,836
138.7178438888889,35.511026944444446,837
138.7179188888889,35.51107694444445,836
138.7181938888889,35.51116888888889,837
138.71835694444445,35.51119388888889,837
138.71855694444446,35.51118611111111,837
138.71893194444445,35.511136111111114,837
138.7191938888889,35.51109388888889,836
138.71963194444444,35.511026944444446,836
138.7196688888889,35.51089388888889,836
138.7197438888889,35.510843888888886,835
138.72068194444444,35.510328055555554,837
138.72085694444445,35.510218888888886,837
138.72100694444444,35.51011111111111,838
138.7211438888889,35.50998611111111,838
138.7212438888889,35.50987805555555,839
138.72175694444445,35.50922805555555,839
138.7218938888889,35.50908611111111,839
138.72196888888888,35.50904388888889,839
138.72206888888888,35.509028055555554,839
138.7221438888889,35.50903611111111,839
138.7221561111111,35.50904111111111,839
138.7221561111111,35.50904111111111,839
138.72220694444445,35.50906111111111,839
138.72235694444444,35.50919388888889,839
138.72240694444446,35.50931888888889,839
138.72248194444444,35.509568888888886,839
138.7225938888889,35.50980194444445,839
138.7227938888889,35.510128055555555,839
138.72290611111112,35.51038611111111,839
138.72290611111112,35.510551944444444,839
138.7228311111111,35.511201944444444,839
138.7228438888889,35.51137694444444,839
138.72289388888888,35.51150194444445,839
138.7229688888889,35.51161111111111,839
138.7230688888889,35.51168611111111,839
138.72335611111112,35.51188611111111,838
138.72354388888888,35.51199388888889,838
138.7236188888889,35.512011111111114,839
138.7237561111111,35.51202694444444,839
138.7238811111111,35.51202694444444,839
138.7240438888889,35.512011111111114,839
138.7241561111111,35.51198611111111,839
138.7243061111111,35.51194388888889,839
138.7248938888889,35.51172694444445,839
138.7260188888889,35.51133611111111,838
138.7264188888889,35.51121111111111,839
138.7265561111111,35.51119388888889,845
138.7267061111111,35.51121111111111,848
138.72678888888888,35.51122194444444,847
138.72678805555555,35.51122194444444,847
138.7268938888889,35.51123611111111,847
138.72705611111112,35.51128611111111,846
138.72716888888888,35.51131888888889,844
138.72729388888888,35.51139388888889,841
138.7273811111111,35.51146888888889,838
138.72740611111112,35.51150194444445,838
138.7274811111111,35.511586111111114,837
138.72775611111112,35.511901944444446,838
138.72785611111112,35.51200305555555,838
138.72791805555556,35.512076944444445,837
138.7279561111111,35.51217694444444,838
138.72798111111112,35.51231888888889,839
138.7279561111111,35.51242694444444,839
138.7278311111111,35.51280194444445,839
138.72781805555556,35.51288611111111,839
138.7278311111111,35.51305194444444,839
138.72785611111112,35.51330194444444,839
138.7281561111111,35.513643888888886,839
138.72854305555555,35.51401888888889,839
138.72904305555556,35.51431888888889,839
138.72926805555556,35.51441,839
138.72954305555555,35.514476944444446,839
138.73025611111112,35.514651944444445,839
138.7307561111111,35.514693888888885,839
138.7311811111111,35.514586111111115,839
138.73151805555557,35.51446111111111,839
138.73174305555557,35.51434388888889,839
138.73195611111112,35.51418611111111,839
138.73211805555556,35.51403611111111,839
138.73231805555557,35.51376111111111,839
138.73241805555554,35.513551944444444,839
138.7324561111111,35.51341111111111,839
138.73249305555555,35.51316888888889,839
138.73254305555557,35.51305305555555,839
138.7325811111111,35.51294388888889,839
138.73264305555554,35.512861111111114,839
138.7327061111111,35.51280194444445,839
138.73276805555557,35.51275305555556,839
138.73284305555555,35.51271888888889,839
138.7329061111111,35.512701944444444,839
138.73295611111112,35.51269388888889,839
138.73308111111112,35.51267694444444,839
138.73321805555557,35.51267694444444,839
138.73336805555556,35.51269388888889,839
138.73403,35.512728055555556,839
138.73418,35.51273611111111,839
138.73429305555555,35.51275305555556,839
138.73449305555556,35.51283611111111,839
138.734555,35.512878055555554,839
138.734605,35.512951944444445,839
138.734755,35.51316888888889,839
138.73481805555556,35.513286111111114,839
138.73496805555556,35.51365194444445,839
138.735005,35.51379388888889,839
138.735105,35.514068888888886,839
138.73521805555555,35.51424388888889,839
138.73549305555557,35.514476944444446,839
138.736005,35.514851944444445,839
138.73636805555554,35.51513611111111,839
138.73664194444444,35.51522694444444,840
138.73689194444444,35.51524388888889,839
138.73741805555557,35.515143888888886,839
138.73754305555556,35.515101944444446,839
138.73766805555556,35.51504388888889,839
138.73784194444445,35.51494388888889,839
138.738305,35.51461111111111,839
138.73844194444445,35.51446888888889,839
138.73873,35.51424388888889,839
138.73884305555555,35.51418611111111,839
138.73896805555555,35.51416888888889,839
138.73908,35.51418611111111,839
138.73943,35.514293888888886,839
138.73953,35.51430194444445,839
138.73964194444446,35.514268888888886,839
138.73988,35.514201944444444,838
138.74006694444444,35.51425305555556,837
138.74023,35.51435305555555,836
138.74068,35.514676944444446,837
138.74074194444444,35.51477694444444,837
138.74074194444444,35.514853055555555,837
138.74071694444444,35.51493611111111,837
138.74033,35.51571111111111,838
138.74008,35.516286111111114,839
138.740005,35.51650194444444,837
138.73991694444445,35.51689388888889,838
138.739905,35.51708611111111,838
138.73991694444445,35.51723611111111,838
138.740305,35.51846,838
138.74033,35.518543888888885,838
138.74038,35.51865194444444,838
138.74069194444445,35.51914388888889,835
138.74089194444446,35.51951888888889,835
138.74100388888888,35.519835,835
138.7411038888889,35.52021888888889,835
138.74122888888888,35.52061805555556,835
138.739605,35.521793055555555,838
138.73773,35.52315111111111,841
138.73754194444444,35.523285,841
138.736605,35.52395888888889,843
138.73638,35.52410111111111,843
138.73628,35.524143055555555,843
138.73616694444445,35.52419305555556,843
138.73601694444446,35.52424305555556,843
138.73581694444445,35.52429305555555,844
138.73566694444443,35.524318055555554,844
138.735555,35.52432611111111,844
138.735105,35.52433388888889,845
138.73489194444446,35.52433388888889,845
138.73348,35.524366944444445,849
138.73331694444445,35.52437611111111,850
138.733155,35.52437611111111,850
138.73299194444445,35.52438388888889,852
138.73196694444445,35.52440111111111,853
138.73093,35.52441805555556,856
138.73058,35.524433888888886,856
138.73016805555557,35.52444194444445,856
138.73001805555555,35.52444194444445,855
138.72868,35.52447611111111,857
138.728455,35.52447611111111,857
138.72788,35.52453388888889,861
138.72771805555556,35.524566944444445,861
138.72734305555556,35.524633888888886,864
138.7271061111111,35.52470111111111,868
138.72673111111112,35.52480888888889,871
138.7259061111111,35.52510111111111,876
138.72550611111112,35.52520888888889,878
138.72515611111112,35.525283888888886,880
138.7244061111111,35.52538388888889,885
138.72391805555554,35.52539194444444,887
138.7230811111111,35.52535,884
138.72245611111111,35.525325,886
138.72220611111112,35.525325,888
138.72169305555556,35.52535888888889,898
138.7212561111111,35.525441944444445,897
138.7208811111111,35.525525,897
138.7205688888889,35.525625,896
138.72018111111112,35.52579194444444,902
138.7199061111111,35.525925,905
138.7194188888889,35.52623388888889,910
138.71914388888888,35.52645,916
138.7187311111111,35.52680888888889,921
138.71811888888888,35.52738388888889,929
138.7177438888889,35.527633888888886,932
138.7175188888889,35.527725,935
138.7171811111111,35.527816944444446,938
138.7168561111111,35.52786694444445,936
138.7161438888889,35.528016944444445,943
138.71561888888888,35.52818388888889,947
138.71540694444445,35.528283888888886,954
138.71519388888888,35.52838388888889,954
138.71498194444445,35.52851694444445,955
138.7146938888889,35.528725,956
138.7144688888889,35.52894194444445,957
138.71423194444444,35.52921694444444,957
138.71410694444444,35.52940805555556,958
138.71391888888888,35.52976694444445,959
138.71023805555555,35.53841194444445,983
138.70655694444446,35.54705694444444,1008
138.70625694444445,35.547765,1010
138.7060688888889,35.548248055555554,1011
138.7059188888889,35.54857305555556,1012
138.7057438888889,35.548898055555554,1013
138.70545694444445,35.54927305555555,1014
138.70525694444444,35.54947305555555,1015
138.70499388888888,35.54965611111111,1016
138.70448194444444,35.549948055555554,1017
138.7041438888889,35.55008111111111,1010
138.7038938888889,35.550156111111114,1008
138.7033438888889,35.550265,1002
138.7031438888889,35.55028111111111,999
138.702645,35.55028111111111,989
138.70240694444445,35.550265,988
138.70202,35.550223055555556,987
138.70160694444445,35.55018111111111,985
138.701295,35.550165,980
138.70037,35.55018111111111,973
138.69890694444445,35.550215,966
138.69910805555557,35.550423055555555,962
138.69917,35.550623055555555,962
138.69915805555556,35.550713888888886,964
138.69912,35.55078888888889,967
138.69892,35.55097305555555,968
138.69875694444445,35.55108111111111,969
138.69850805555555,35.55122305555555,970
138.698095,35.55145611111111,971
138.69792,35.55150611111111,969
138.69777,35.55151388888889,968
138.69730694444445,35.55164805555555,966
138.69725805555555,35.551723055555556,968
138.69732,35.55178111111111,970
138.6974711111111,35.551788888888886,969
138.6974711111111,35.551788888888886,969
138.69748305555555,35.551788888888886,969
138.697695,35.551723055555556,972
138.69778194444444,35.55171388888889,974
138.697895,35.55173888888889,976
138.69805805555555,35.55180611111111,981
138.698145,35.55183111111111,982
138.69843194444445,35.55186388888889,983
138.69905805555555,35.551948055555556,986
138.69925805555556,35.55195611111111,988
138.69957,35.551923055555555,995
138.69997,35.55186388888889,997
138.70092,35.55170611111111,1002
138.701145,35.55166388888889,1003
138.70158194444446,35.55157305555556,1006
138.702045,35.55158111111111,1012
138.70222,35.55159805555556,1012
138.70261888888888,35.55164805555555,1013
138.7037188888889,35.55179805555556,1018
138.70499388888888,35.55200611111111,1030
138.70534388888888,35.55209,1034
138.7058688888889,35.55225611111111,1046
138.70623194444445,35.55229,1042
138.70660694444445,35.55233111111111,1043
138.70685694444444,35.55238111111111,1046
138.70723194444443,35.55245611111111,1051
138.70828111111112,35.55272305555555,1059
138.7095688888889,35.55300611111111,1067
138.7103438888889,35.55300611111111,1068
138.7109561111111,35.55300611111111,1069
138.7131061111111,35.55267305555556,1097
138.71346888888888,35.55264805555556,1096
138.7139688888889,35.55269,1098
138.71604305555556,35.55292305555555,1117
138.71723111111112,35.552998055555555,1126
138.71821805555555,35.55295611111111,1136
138.71884305555557,35.552915,1146
138.71934305555556,35.55289,1148
138.71991805555555,35.55290611111111,1148
138.72108111111112,35.552973055555555,1156
138.7212561111111,35.552998055555555,1155
138.72141805555555,35.55308111111111,1158
138.72181805555556,35.55325611111111,1166
138.72229305555555,35.553398055555554,1172
138.72264305555555,35.55347305555556,1175
138.72304305555556,35.553556111111114,1178
138.724655,35.55373111111111,1191
138.72496805555556,35.55377305555555,1196
138.72593,35.55394805555556,1207
138.72606694444445,35.55399,1206
138.72616805555555,35.55405611111111,1207
138.72629194444445,35.55418111111111,1208
138.726605,35.55454,1216
138.72676694444445,35.554631111111114,1217
138.72693,35.554673055555554,1218
138.72719305555555,35.554715,1218
138.72756694444445,35.55499805555556,1225
138.727855,35.55514,1228
138.728955,35.555523055555554,1237
138.72906805555556,35.555573055555556,1240
138.72919305555556,35.55559,1241
138.72941805555556,35.55558111111111,1244
138.72966805555555,35.55548111111111,1246
138.729805,35.55548111111111,1247
138.72993,35.55543111111111,1246
138.73003,35.555373055555556,1246
138.73019305555556,35.555323055555554,1247
138.73031805555556,35.555315,1249
138.730805,35.55544805555556,1257
138.73131694444444,35.555465,1258
138.731405,35.55549805555555,1258
138.73144194444444,35.555573055555556,1259
138.73143,35.555715,1261
138.731355,35.555815,1263
138.73118,35.555973055555555,1265
138.73119194444445,35.55604,1267
138.731255,35.55608111111111,1267
138.73171694444446,35.55614,1271
138.732055,35.55627305555556,1272
138.73221694444445,35.556398055555555,1274
138.73233,35.556623055555555,1276
138.73248,35.55675611111111,1278
138.732605,35.556798055555554,1279
138.73293,35.556815,1281
138.733305,35.556915,1287
138.73341694444446,35.55693111111111,1287
138.73349194444444,35.556981111111114,1287
138.73349194444444,35.55705611111111,1289
138.73344194444445,35.557115,1292
138.733355,35.55717305555556,1292
138.733205,35.55717305555556,1292
138.73309194444445,35.55717305555556,1291
138.73299194444445,35.55724,1293
138.732855,35.55737305555556,1295
138.732705,35.557465,1297
138.73246694444444,35.55754,1299
138.73209194444445,35.55760611111111,1303
138.731905,35.55765611111111,1302
138.73184194444445,35.55774,1302
138.731855,35.557815,1302
138.73189194444444,35.557856111111114,1303
138.732205,35.557923055555555,1306
138.73254194444445,35.558098055555554,1312
138.73266694444445,35.55814,1318
138.732855,35.558123055555555,1318
138.733105,35.55804,1324
138.73324194444444,35.55804,1323
138.73338,35.55814,1324
138.733705,35.55845611111111,1326
138.733755,35.55849,1326
138.73393,35.558523055555554,1329
138.73401694444445,35.558515,1331
138.734305,35.558323055555555,1331
138.73444194444446,35.55830611111111,1331
138.73456694444445,35.55835611111111,1332
138.73474194444444,35.55849,1333
138.73493,35.55869,1333
138.73531694444443,35.55879,1334
138.73549194444445,35.55884,1334
138.73571694444445,35.558965,1334
138.73627888888888,35.559448055555556,1346
138.7364538888889,35.55948111111111,1345
138.73659194444446,35.559465,1347
138.7366788888889,35.55934805555555,1351
138.73669194444443,35.55927305555556,1355
138.73666694444444,35.558965,1364
138.7366788888889,35.55868111111111,1363
138.73671694444445,35.55859,1362
138.7368038888889,35.558481111111114,1364
138.7369038888889,35.55839805555556,1365
138.7369788888889,35.558373055555556,1365
138.7371038888889,35.558348055555555,1366
138.73726694444446,35.558365,1366
138.73764194444445,35.558481111111114,1366
138.73797888888888,35.558481111111114,1366
138.73804194444443,35.55844,1370
138.73817888888888,35.55824,1373
138.73839194444443,35.55799,1371
138.7384788888889,35.557948055555556,1373
138.7385538888889,35.557915,1373
138.73879194444444,35.557865,1373
138.73939194444444,35.55779805555556,1377
138.73981694444444,35.55770611111111,1384
138.73997888888888,35.557631111111114,1383
138.7400538888889,35.557565,1385
138.74012888888888,35.557473055555555,1385
138.7401538888889,35.55739,1387
138.74021694444446,35.55725611111111,1391
138.74019194444443,35.556965,1392
138.74016694444444,35.55674805555556,1393
138.74016694444444,35.55669805555556,1393
138.74021694444446,35.556623055555555,1392
138.7403038888889,35.556565,1393
138.7404038888889,35.556565,1395
138.74044194444446,35.55640611111111,1396
138.74042888888889,35.55630611111111,1401
138.74024194444445,35.55620611111111,1409
138.73989194444445,35.55624,1402
138.73959194444444,35.55614805555555,1404
138.7394788888889,35.556165,1406
138.7392288888889,35.55627305555556,1406
138.73897888888888,35.556265,1405
138.73875388888888,35.55620611111111,1404
138.73869194444444,35.55614,1404
138.73875388888888,35.55594,1401
138.73886694444445,35.55578111111111,1403
138.73886694444445,35.555365,1404
138.73889194444445,35.55519805555556,1413
138.7390538888889,35.55495611111111,1415
138.7390538888889,35.554665,1411
138.7392288888889,35.554523055555556,1415
138.73954194444445,35.55432305555556,1412
138.73967888888888,35.55413111111111,1416
138.73987888888888,35.55405611111111,1415
138.74021694444446,35.554098055555556,1425
138.74029194444444,35.55395611111111,1425
138.74026694444444,35.553823055555554,1428
138.7401538888889,35.55367305555556,1431
138.7396288888889,35.55325694444444,1437
138.73939194444444,35.552948055555554,1436
138.73932888888888,35.55284,1435
138.73914194444444,35.55284,1435
138.7390538888889,35.55287305555556,1439
138.7389288888889,35.55294,1437
138.7387288888889,35.552956944444446,1446
138.73817888888888,35.55289805555555,1453
138.73804194444443,35.55278194444445,1453
138.73804194444443,35.55259,1455
138.7381288888889,35.55233194444445,1456
138.7381288888889,35.55220694444444,1458
138.73797888888888,35.55202305555556,1454
138.73789194444444,35.551831944444444,1457
138.73789194444444,35.55158194444444,1458
138.73794194444446,35.55134805555556,1457
138.7379038888889,35.551048055555555,1457
138.73776694444445,35.55097305555555,1467
138.73752888888887,35.55093194444444,1464
138.7374288888889,35.55088194444444,1468
138.73729194444445,35.55074805555556,1475
138.73711694444444,35.550781944444445,1471
138.7369788888889,35.55088194444444,1476
138.7368788888889,35.55094805555556,1475
138.73672888888888,35.55099,1476
138.73654194444444,35.550981944444445,1474
138.73629194444445,35.55088194444444,1477
138.7357788888889,35.550848055555555,1475
138.73545388888888,35.550623888888886,1485
138.73529194444444,35.55045694444444,1483
138.73514194444445,35.550415,1486
138.73504194444445,35.550331944444444,1486
138.73456694444445,35.54952388888889,1489
138.73441694444443,35.54944,1489
138.73386694444446,35.54938194444444,1488
138.733705,35.54927388888889,1494
138.73361694444444,35.549123888888886,1494
138.733555,35.54898194444444,1497
138.73333,35.548898888888885,1492
138.73314194444444,35.54880694444444,1494
138.73281694444444,35.54872388888889,1494
138.73273,35.54867388888889,1492
138.73268,35.548515,1496
138.73259194444444,35.548231944444446,1506
138.73239194444446,35.548065,1515
138.7319738888889,35.54765305555556,1521
138.7319738888889,35.54765305555556,1521
138.73239194444446,35.548065,1515
138.73259194444444,35.548231944444446,1506
138.73268,35.548515,1496
138.73273,35.54867388888889,1492
138.73281694444444,35.54872388888889,1494
138.73314194444444,35.54880694444444,1494
138.73333,35.548898888888885,1492
138.733555,35.54898194444444,1497
138.73361694444444,35.549123888888886,1494
138.733705,35.54927388888889,1494
138.73386694444446,35.54938194444444,1488
138.73441694444443,35.54944,1489
138.73456694444445,35.54952388888889,1489
138.73504194444445,35.550331944444444,1486
138.73514194444445,35.550415,1486
138.73529194444444,35.55045694444444,1483
138.73545388888888,35.550623888888886,1485
138.7357788888889,35.550848055555555,1475
138.73629194444445,35.55088194444444,1477
138.73654194444444,35.550981944444445,1474
138.73672888888888,35.55099,1476
138.7368788888889,35.55094805555556,1475
138.7369788888889,35.55088194444444,1476
138.73711694444444,35.550781944444445,1471
138.73729194444445,35.55074805555556,1475
138.7374288888889,35.55088194444444,1468
138.73752888888887,35.55093194444444,1464
138.73776694444445,35.55097305555555,1467
138.7379038888889,35.551048055555555,1457
138.73794194444446,35.55134805555556,1457
138.73789194444444,35.55158194444444,1458
138.73789194444444,35.551831944444444,1457
138.73797888888888,35.55202305555556,1454
138.7381288888889,35.55220694444444,1458
138.7381288888889,35.55233194444445,1456
138.73804194444443,35.55259,1455
138.73804194444443,35.55278194444445,1453
138.73817888888888,35.55289805555555,1453
138.7387288888889,35.552956944444446,1446
138.7389288888889,35.55294,1437
138.7390538888889,35.55287305555556,1439
138.73914194444444,35.55284,1435
138.73932888888888,35.55284,1435
138.73939194444444,35.552948055555554,1436
138.7396288888889,35.55325694444444,1437
138.7401538888889,35.55367305555556,1431
138.74026694444444,35.553823055555554,1428
138.74029194444444,35.55395611111111,1425
138.74021694444446,35.554098055555556,1425
138.73987888888888,35.55405611111111,1415
138.73967888888888,35.55413111111111,1416
138.73954194444445,35.55432305555556,1412
138.7392288888889,35.554523055555556,1415
138.7390538888889,35.554665,1411
138.7390538888889,35.55495611111111,1415
138.73889194444445,35.55519805555556,1413
138.73886694444445,35.555365,1404
138.73886694444445,35.55578111111111,1403
138.73875388888888,35.55594,1401
138.73869194444444,35.55614,1404
138.73875388888888,35.55620611111111,1404
138.73897888888888,35.556265,1405
138.7392288888889,35.55627305555556,1406
138.7394788888889,35.556165,1406
138.73959194444444,35.55614805555555,1404
138.73989194444445,35.55624,1402
138.74024194444445,35.55620611111111,1409
138.74042888888889,35.55630611111111,1401
138.74044194444446,35.55640611111111,1396
138.7404038888889,35.556565,1395
138.74046694444445,35.556565,1397
138.74054194444443,35.556615,1397
138.74057888888888,35.556665,1399
138.74057888888888,35.55677305555555,1403
138.7404788888889,35.55693111111111,1404
138.7404788888889,35.55708111111111,1404
138.7405038888889,35.557248055555554,1402
138.74057888888888,35.55737305555556,1402
138.7407288888889,35.55749,1402
138.74104194444445,35.557698055555555,1404
138.74112888888888,35.55779805555556,1405
138.74114194444445,35.55789,1404
138.7411038888889,35.55795611111111,1403
138.74104194444445,35.55799805555556,1403
138.74074194444444,35.558065,1403
138.74056694444445,35.55813111111111,1405
138.74032888888888,35.558281111111114,1406
138.7401538888889,35.558415,1412
138.7400538888889,35.55844,1414
138.73986694444446,35.55834,1416
138.73965388888888,35.558348055555555,1414
138.73955388888888,35.55839,1412
138.7394788888889,35.558481111111114,1416
138.7392538888889,35.558565,1416
138.73919194444446,35.55863111111111,1413
138.73914194444444,35.55884805555556,1415
138.73896694444446,35.55905611111111,1422
138.7389038888889,35.559165,1424
138.7389038888889,35.55933111111111,1425
138.73896694444446,35.55949805555556,1424
138.73907888888888,35.55967305555556,1423
138.73909194444445,35.55981388888889,1425
138.7389538888889,35.55993888888889,1431
138.73891694444444,35.56003888888889,1434
138.7389288888889,35.56018888888889,1434
138.73904194444444,35.56028888888889,1434
138.73921694444445,35.56037305555556,1433
138.73929194444443,35.56051388888889,1434
138.7392788888889,35.56081388888889,1443
138.73929194444443,35.560948055555556,1443
138.73934194444445,35.56125611111111,1444
138.73931694444445,35.561523055555554,1441
138.73932888888888,35.56160611111111,1439
138.7394788888889,35.56180611111111,1450
138.73949194444444,35.56185611111111,1450
138.73944194444445,35.56204805555556,1446
138.7394788888889,35.56221388888889,1452
138.73959194444444,35.56234805555555,1453
138.7397288888889,35.56267305555556,1446
138.73975388888888,35.56275611111111,1446
138.73966694444445,35.56283111111111,1443
138.73955388888888,35.56283111111111,1444
138.73919194444446,35.56278888888889,1441
138.7389038888889,35.56276388888889,1446
138.73849194444443,35.562781111111114,1442
138.73791694444444,35.56290611111111,1446
138.7375538888889,35.56295611111111,1456
138.73721694444444,35.56313111111111,1446
138.73669194444443,35.56333111111111,1455
138.73631694444444,35.56339805555555,1455
138.73579194444446,35.56366388888889,1457
138.73516694444444,35.563923055555556,1453
138.735105,35.56398111111111,1458
138.73513,35.56442194444445,1451
138.73509194444443,35.56449694444444,1455
138.734955,35.564523055555554,1455
138.73469194444445,35.564481111111114,1454
138.73383,35.564056111111114,1457
138.733755,35.56403111111111,1462
138.733605,35.564056111111114,1464
138.73338,35.56423888888889,1463
138.733355,35.56433888888889,1459
138.73326694444444,35.56443888888889,1463
138.733005,35.56473111111111,1456
138.73298,35.56488888888889,1457
138.732905,35.56511388888889,1454
138.732855,35.565171944444444,1456
138.73276694444445,35.56523111111111,1454
138.73239194444446,35.56520611111111,1458
138.73223,35.565246944444446,1454
138.732205,35.56529694444444,1458
138.73208,35.56601388888889,1458
138.73194305555555,35.56654694444445,1465
138.73144305555556,35.567355,1463
138.73114194444443,35.56798,1459
138.73098,35.568196944444445,1452
138.73071694444445,35.56843,1454
138.73066805555555,35.56851388888889,1455
138.730905,35.568671944444446,1446
138.73116694444445,35.568913888888886,1444
138.731455,35.569055,1447
138.73168,35.569255,1437
138.73194305555555,35.56933,1439
138.73199194444445,35.56934694444445,1432
138.73211694444444,35.569446944444444,1434
138.732255,35.569588055555556,1436
138.73229194444446,35.56966305555556,1436
138.73233,35.56988,1433
138.73239194444446,35.569988055555555,1439
138.73248,35.57003805555556,1444
138.73258,35.57003805555556,1440
138.73266694444445,35.569988055555555,1434
138.73266694444445,35.56986305555556,1432
138.73259194444444,35.569605,1434
138.73248,35.569271944444445,1433
138.73239194444446,35.568905,1435
138.73238,35.568755,1433
138.732405,35.568596944444444,1434
138.73249194444443,35.56828,1433
138.73273,35.56769694444444,1416
138.73273,35.56758888888889,1416
138.73269194444444,35.56743,1411
138.73259194444444,35.56700611111111,1411
138.732605,35.566963888888885,1412
138.73263,35.56690611111111,1412
138.73289194444445,35.56666388888889,1405
138.73294194444443,35.56659694444444,1405
138.73298,35.56648111111111,1401
138.73289194444445,35.56612194444445,1391
138.73288,35.56601388888889,1396
138.732905,35.56589694444445,1390
138.73298,35.565846944444445,1396
138.73306694444443,35.565821944444444,1394
138.73353,35.565781111111114,1378
138.73364194444446,35.565671944444446,1377
138.733705,35.56531388888889,1378
138.733905,35.56508111111111,1378
138.73398,35.56504694444445,1378
138.734105,35.56504694444445,1377
138.73426694444444,35.56510611111111,1378
138.73518,35.565396944444444,1377
138.7354288888889,35.565331111111114,1383
138.7355288888889,35.56532305555555,1381
138.73561694444444,35.56534805555555,1374
138.7357538888889,35.56540611111111,1375
138.73591694444445,35.565446944444446,1371
138.73602888888888,35.565446944444446,1373
138.7361038888889,35.565396944444444,1378
138.73612888888889,35.56532305555555,1375
138.73616694444445,35.564613888888886,1375
138.73621694444444,35.56455611111111,1375
138.73631694444444,35.56453111111111,1367
138.7366288888889,35.56451388888889,1365
138.73672888888888,35.564481111111114,1363
138.73679194444443,35.564413888888886,1363
138.73699194444444,35.56418111111111,1370
138.73750388888888,35.564146944444445,1359
138.7375788888889,35.564098055555554,1357
138.73785388888888,35.563896944444444,1357
138.7382288888889,35.56386388888889,1357
138.73849194444443,35.563723055555556,1358
138.73865388888888,35.563673055555554,1352
138.73961694444444,35.56368888888889,1352
138.73974194444443,35.56377194444445,1354
138.73979194444445,35.56386388888889,1355
138.73981694444444,35.56448888888889,1345
138.73979194444445,35.56498111111111,1343
138.7398288888889,35.56505611111111,1342
138.73994194444444,35.56510611111111,1345
138.74051694444444,35.565131111111114,1332
138.7408288888889,35.565223055555556,1330
138.74096694444444,35.56528888888889,1333
138.74125388888888,35.56549694444445,1333
138.74134194444446,35.56554694444444,1336
138.74147888888888,35.565556111111114,1327
138.74205388888888,35.565463888888885,1323
138.74306611111112,35.565688888888886,1314
138.74316611111112,35.565756111111114,1315
138.7432411111111,35.56581388888889,1312
138.74329111111112,35.56589694444445,1305
138.74337888888888,35.56613111111111,1303
138.74341611111112,35.56616388888889,1303
138.7436911111111,35.56632194444445,1307
138.74372888888888,35.56639694444444,1302
138.74372888888888,35.56648111111111,1302
138.7436788888889,35.56662194444444,1303
138.7436788888889,35.566746944444446,1304
138.74385388888888,35.56721388888889,1301
138.7441038888889,35.56749694444444,1295
138.74417888888888,35.56755611111111,1297
138.74429111111112,35.56760611111111,1294
138.74475388888888,35.56762194444445,1295
138.7449661111111,35.567596944444446,1292
138.74530388888888,35.56749694444444,1285
138.74544111111112,35.56733888888889,1284
138.7456288888889,35.56702194444444,1285
138.7456911111111,35.56695611111111,1283
138.74591611111111,35.56673111111111,1276
138.7460411111111,35.56635611111111,1275
138.7462538888889,35.56608888888889,1276
138.7463788888889,35.56588111111111,1277
138.7464288888889,35.56583888888889,1277
138.7466288888889,35.565781111111114,1273
138.7468661111111,35.565671944444446,1276
138.7469788888889,35.56556388888889,1277
138.7470788888889,35.565421944444445,1277
138.7471038888889,35.56532194444444,1277
138.7470661111111,35.56505611111111,1274
138.7469411111111,35.564838888888886,1272
138.7468661111111,35.56475611111111,1267
138.7463788888889,35.564188888888886,1254
138.74634111111112,35.56413888888889,1254
138.7463161111111,35.56397305555556,1254
138.74635388888888,35.563856111111114,1254
138.7464038888889,35.56378888888889,1254
138.7464911111111,35.56373111111111,1257
138.7466038888889,35.56371388888889,1257
138.7467411111111,35.56371388888889,1260
138.7468661111111,35.563763888888886,1266
138.7475288888889,35.56408111111111,1265
138.7483161111111,35.564548055555555,1263
138.74859111111112,35.564723055555554,1256
138.74867805555556,35.564838888888886,1255
138.74872805555555,35.564931111111115,1254
138.74874111111112,35.565063888888886,1253
138.7487661111111,35.565246944444446,1252
138.7488161111111,35.56534805555555,1254
138.74890305555556,35.56544805555556,1254
138.74910305555557,35.565621944444445,1254
138.74917805555555,35.56577194444444,1251
138.7492411111111,35.56595611111111,1243
138.74932805555557,35.56638111111111,1243
138.7492411111111,35.56654694444445,1243
138.74906611111112,35.56677194444445,1242
138.7490411111111,35.56681388888889,1244
138.7490161111111,35.56693888888889,1241
138.7490161111111,35.56699694444445,1241
138.74906611111112,35.56713888888889,1233
138.7491411111111,35.56733111111111,1235
138.74915305555555,35.56748888888889,1232
138.7491411111111,35.567613888888886,1234
138.74905305555555,35.567706111111114,1233
138.74882805555555,35.56782194444445,1225
138.74874111111112,35.56791388888889,1223
138.74872805555555,35.568021944444446,1224
138.74875305555557,35.56818111111111,1224
138.74896611111112,35.568488888888886,1222
138.74902805555556,35.56860611111111,1224
138.74902805555556,35.56868111111111,1223
138.74892805555555,35.56879694444444,1223
138.74875305555557,35.56896388888889,1220
138.7486661111111,35.569071944444445,1213
138.74859111111112,35.569205,1214
138.74851611111112,35.569521944444446,1214
138.74852805555557,35.57002194444444,1214
138.74849111111112,35.57023888888889,1215
138.7484411111111,35.570321944444444,1211
138.7483411111111,35.57043,1213
138.7482161111111,35.57053,1204
138.74806611111111,35.57071388888889,1204
138.74791611111112,35.570955,1202
138.7477661111111,35.57124694444445,1201
138.74767805555555,35.57133,1201
138.74755305555556,35.571455,1194
138.74740305555557,35.571555,1193
138.7472961111111,35.57162611111111,1194
138.7472961111111,35.57162611111111,1194
138.74720305555556,35.571688055555555,1195
138.74705305555557,35.571755,1193
138.7468661111111,35.571805,1195
138.74657805555555,35.57177194444444,1184
138.74632805555555,35.57177194444444,1183
138.7461538888889,35.57186305555555,1185
138.7460288888889,35.57194694444444,1185
138.7459661111111,35.572113055555555,1184
138.7458661111111,35.572505,1182
138.74590388888888,35.572988055555555,1186
138.74590388888888,35.573105,1183
138.7457038888889,35.57363,1174
138.74565388888888,35.573955,1172
138.74565388888888,35.574038055555555,1172
138.74579111111112,35.574463055555555,1174
138.74576611111112,35.574913055555555,1163
138.7458161111111,35.57509611111111,1166
138.7460661111111,35.57537111111111,1159
138.74612805555554,35.57543805555556,1161
138.74615305555557,35.57557111111111,1155
138.74610305555555,35.575788055555556,1153
138.7458661111111,35.57650388888889,1154
138.7458411111111,35.576678888888885,1146
138.7458661111111,35.57680388888889,1142
138.74602805555554,35.57721305555555,1145
138.7460411111111,35.57731305555556,1145
138.7460411111111,35.57739611111111,1145
138.74600305555555,35.577553888888886,1146
138.74599111111112,35.57774611111111,1142
138.7459411111111,35.57794611111111,1144
138.74589111111112,35.57829611111111,1145
138.74589111111112,35.57861305555556,1138
138.74595305555556,35.57902888888889,1131
138.74592805555557,35.57913694444444,1124
138.74585305555556,35.57919611111111,1126
138.74575305555555,35.57920388888889,1125
138.74567805555554,35.57917888888889,1125
138.7456161111111,35.57902888888889,1123
138.74562805555556,35.57851194444444,1125
138.74552805555555,35.57812888888889,1122
138.74555305555555,35.57789611111111,1120
138.74552805555555,35.57718805555555,1113
138.74534111111112,35.57687111111111,1117
138.7452911111111,35.57672888888889,1115
138.7452911111111,35.576053888888886,1112
138.7452661111111,35.57586305555556,1106
138.7451788888889,35.57567111111111,1103
138.7446788888889,35.575088055555554,1087
138.7446038888889,35.574863055555554,1085
138.7445911111111,35.57453,1086
138.74451611111112,35.57434611111111,1083
138.7443538888889,35.574055,1085
138.74431611111112,35.57384611111111,1083
138.7442661111111,35.57353805555555,1076
138.7441288888889,35.57299694444445,1074
138.74409111111112,35.57263805555556,1062
138.7441288888889,35.572313055555554,1065
138.7440411111111,35.57218,1061
138.7439038888889,35.572113055555555,1056
138.7437661111111,35.572088055555554,1052
138.74315388888888,35.57206305555555,1049
138.74294111111112,35.572046944444445,1046
138.7428538888889,35.57214694444444,1047
138.74281611111113,35.572338055555555,1042
138.74271611111112,35.57248805555555,1043
138.7424411111111,35.572705,1044
138.7422161111111,35.57303805555556,1041
138.7417788888889,35.57339611111111,1034
138.7413038888889,35.57373805555556,1037
138.74125388888888,35.573805,1033
138.74125388888888,35.57388805555556,1033
138.7412911111111,35.57394611111111,1031
138.7413788888889,35.57398,1026
138.74145388888888,35.57397111111111,1025
138.7417911111111,35.57374611111111,1026
138.7418788888889,35.57372111111111,1026
138.7419788888889,35.57374611111111,1025
138.7420038888889,35.57378,1021
138.74194111111112,35.573863055555556,1023
138.7415038888889,35.574205,1018
138.7414288888889,35.574263055555555,1017
138.74126611111112,35.574555,1017
138.7408288888889,35.574938055555556,1018
138.7407538888889,35.575088055555554,1019
138.7407661111111,35.575205,1018
138.74081611111112,35.57526305555555,1015
138.7408788888889,35.57528805555555,1015
138.7409788888889,35.57528,1012
138.7411161111111,35.57519611111111,1010
138.7413038888889,35.57498805555556,1011
138.7415661111111,35.57479611111111,999
138.74182888888888,35.57478805555556,997
138.7420038888889,35.57482111111111,996
138.74206611111111,35.57493,993
138.74202888888888,35.575005,992
138.7418661111111,35.575105,994
138.74160388888887,35.57522111111111,995
138.7414038888889,35.57534611111111,992
138.74122888888888,35.57548805555555,989
138.74080388888888,35.57597111111111,987
138.7407288888889,35.57607111111111,987
138.74055388888888,35.57642111111111,986
138.7404788888889,35.57651305555556,983
138.74044111111112,35.57664611111111,980
138.74045388888888,35.57687888888889,975
138.7404788888889,35.57704611111111,975
138.7405411111111,35.57736305555556,976
138.74055388888888,35.57759611111111,967
138.7404911111111,35.57781305555555,963
138.74044111111112,35.57785388888889,965
138.74035388888888,35.57787888888889,965
138.7400661111111,35.57787111111111,966
138.73997888888888,35.57787888888889,967
138.7398538888889,35.577936944444446,964
138.7396288888889,35.57814611111111,961
138.7393538888889,35.578496111111114,955
138.73909194444445,35.57871305555555,956
138.7390538888889,35.57877888888889,956
138.73907888888888,35.57883694444445,956
138.73920388888888,35.57885388888889,954
138.73932888888888,35.578828888888886,953
138.7396288888889,35.57865388888889,952
138.7398538888889,35.57854611111111,953
138.7403788888889,35.57843694444445,945
138.7405038888889,35.57837888888889,944
138.7406538888889,35.57824611111111,943
138.7408411111111,35.57801194444444,939
138.74101611111112,35.57789611111111,936
138.7412038888889,35.577863055555554,937
138.7413411111111,35.57787111111111,938
138.7414288888889,35.57792111111111,936
138.7414411111111,35.577978888888886,936
138.7414161111111,35.57802888888889,934
138.7411538888889,35.57815388888889,932
138.7409911111111,35.57827888888889,935
138.7409411111111,35.578386944444446,933
138.7409538888889,35.57882111111111,926
138.7409288888889,35.578988055555556,925
138.7407161111111,35.579411944444445,924
138.7406411111111,35.57972888888889,917
138.7406288888889,35.58035388888889,914
138.74059111111112,35.58044611111111,912
138.7403788888889,35.58057888888889,911
138.7403161111111,35.58064611111111,911
138.7403038888889,35.58072111111111,907
138.7404038888889,35.58077111111111,907
138.7409288888889,35.580686944444444,902
138.7411788888889,35.580421111111114,903
138.7412911111111,35.58037111111111,899
138.7414038888889,35.58041194444444,896
138.74145388888888,35.58052888888889,892
138.7414411111111,35.58086194444444,894
138.74136611111112,35.58102888888889,891
138.7412038888889,35.581203888888886,891
138.7412038888889,35.58126194444444,888
138.74126611111112,35.58128694444444,887
138.74169111111112,35.581311944444444,883
138.7417538888889,35.58137111111111,882
138.7417661111111,35.58141194444445,882
138.7417411111111,35.581496111111115,881
138.74157888888888,35.58166194444444,877
138.7415411111111,35.581761944444445,875
138.74159111111112,35.58182111111111,872
138.74167888888888,35.58183694444445,873
138.7417788888889,35.58179611111111,873
138.7419788888889,35.581628888888886,873
138.7420788888889,35.581561944444445,867
138.7421788888889,35.581561944444445,866
138.7423161111111,35.58163694444445,868
138.74235388888889,35.58172111111111,868
138.74251611111112,35.58249611111111,854
138.74270388888888,35.582836944444445,848
138.74295388888888,35.58317,845
138.7433288888889,35.58378694444445,832
138.7435788888889,35.584403888888886,824
138.7437038888889,35.584761944444445,815
138.7439038888889,35.58503694444445,811
138.74421611111111,35.58536194444444,805
138.7443411111111,35.58540305555555,807
138.74440388888888,35.585453055555554,806
138.7444788888889,35.585795,798
138.7445788888889,35.585878055555554,798
138.744585,35.585881111111114,798
138.744585,35.585881111111114,798
138.74495305555556,35.586011944444444,794
138.74440388888888,35.586286944444446,788
138.74372888888888,35.58656194444445,782
138.7433411111111,35.586695,786
138.7432288888889,35.586745,787
138.7428661111111,35.58681194444444,787
138.74249111111112,35.58683694444444,787
138.74216611111112,35.58682,785
138.7414411111111,35.58673611111111,786
138.74079111111112,35.586695,783
138.7402911111111,35.586711111111114,782
138.7398038888889,35.58678611111111,781
138.7392788888889,35.586911111111114,772
138.73885388888888,35.58703611111111,773
138.73852888888888,35.587178055555555,773
138.73817888888888,35.58741111111111,773
138.7374788888889,35.58800305555555,763
138.7371038888889,35.58826111111111,764
138.73672888888888,35.58846111111111,762
138.7363038888889,35.58861888888889,756
138.73584194444445,35.58880305555556,753
138.73488,35.58924388888889,746
138.73458,35.58934388888889,745
138.73424194444445,35.589418888888886,745
138.73386694444446,35.58945305555556,741
138.73223,35.58949388888889,742
138.73183,35.58954388888889,739
138.73073,35.589818888888885,736
138.73018,35.58990194444444,734
138.72963,35.59001111111111,734
138.72929305555556,35.59007694444445,734
138.728955,35.59016111111111,727
138.72869305555557,35.59025194444445,724
138.72791805555556,35.59059388888889,715
138.72753,35.590761111111114,712
138.72723,35.59090194444445,710
138.72693,35.591051944444445,706
138.72611805555556,35.59155194444445,706
138.7257561111111,35.59171,702
138.72516805555554,35.591885,697
138.72286805555555,35.59244388888889,687
138.7225061111111,35.592535,684
138.72244305555554,35.592551944444445,683
138.7221561111111,35.592593055555554,680
138.72146805555556,35.592593055555554,674
138.7207938888889,35.592601944444446,671
138.7203311111111,35.592643055555556,673
138.7193938888889,35.592868055555556,664
138.7187688888889,35.59305194444445,665
138.71814388888887,35.593293055555556,657
138.7174061111111,35.59361,654
138.71700611111112,35.593785,652
138.71633111111112,35.59406,655
138.7157811111111,35.59429305555555,654
138.71585611111112,35.59444305555556,651
138.71588111111112,35.59450888888889,648
138.71586888888888,35.594568055555555,646
138.71584388888888,35.59462611111111,646
138.7157811111111,35.59469305555555,643
138.71586888888888,35.59475111111111,643
138.7159311111111,35.594768055555555,642
138.7160061111111,35.594743055555554,641
138.7161,35.59467388888889,642
138.7161,35.59467388888889,642
138.7160061111111,35.594743055555554,641
138.7159311111111,35.594768055555555,642
138.71586888888888,35.59475111111111,643
138.7157811111111,35.59469305555555,643
138.71505694444446,35.59530888888889,627
138.71461888888888,35.595866944444445,626
138.71453194444445,35.59598388888889,624
138.71430694444444,35.596268055555555,626
138.71428194444445,35.59630888888889,626
138.71378194444443,35.59695888888889,625
138.71330694444444,35.59780888888889,616
138.71320694444444,35.59797611111111,616
138.71315694444445,35.59802611111111,615
138.7129938888889,35.59820888888889,616
138.71289388888889,35.59830111111111,615
138.71281888888888,35.59836694444444,614
138.71250694444444,35.59855888888889,614
138.71245694444445,35.59858388888889,614
138.71228194444444,35.59865111111111,614
138.71160694444444,35.59885888888889,608
138.7112938888889,35.59895,606
138.71058194444444,35.599175,605
138.7104688888889,35.599225,603
138.71025694444444,35.599333888888886,599
138.7100188888889,35.5995,597
138.70978194444444,35.599716944444445,594
138.70955694444444,35.60000888888889,593
138.7094438888889,35.60024194444444,594
138.70933194444444,35.60053305555556,595
138.709245,35.60075805555555,594
138.70913194444444,35.601025,593
138.70905694444446,35.601283055555555,593
138.70900694444444,35.601375,592
138.70895694444445,35.601475,592
138.70887,35.60165,592
138.70875694444445,35.60179111111111,586
138.70838194444445,35.6022,586
138.70793194444445,35.60265805555556,581
138.7075011111111,35.603096944444445,575
138.7075011111111,35.603098055555556,575
138.70732,35.60328305555556,573
138.70710694444443,35.60349111111111,573
138.70697,35.60362388888889,572
138.70672,35.60382388888889,568
138.706545,35.60396611111111,567
138.706295,35.60413305555556,567
138.70620694444443,35.60419111111111,567
138.70588194444446,35.60439111111111,565
138.70580694444445,35.60443305555555,565
138.70563194444443,35.60454111111111,563
138.705445,35.60467388888889,561
138.70530694444443,35.60479111111111,559
138.705195,35.60491611111111,557
138.70510805555554,35.60504111111111,557
138.70495694444443,35.60534888888889,556
138.70483194444444,35.605623888888886,555
138.704445,35.60644111111111,551
138.70437,35.606566111111114,548
138.70422,35.606766111111114,547
138.704195,35.60680694444444,546
138.70402,35.607031944444444,544
138.70385805555554,35.60729111111111,543
138.70363194444445,35.607665,543
138.703595,35.60774,543
138.703445,35.60814888888889,538
138.703395,35.60834888888889,537
138.70338305555555,35.608381944444446,537
138.70335805555555,35.60854,537
138.70333194444444,35.60865694444445,537
138.703245,35.60904,532
138.70318194444445,35.60922388888889,531
138.70308194444445,35.60939805555556,532
138.70293305555555,35.60958194444444,528
138.70280805555555,35.60969,527
138.702645,35.609815,527
138.70258194444443,35.609865,527
138.70150805555556,35.610598055555556,516
138.70125805555554,35.61078111111111,513
138.70105805555556,35.61092305555555,513
138.70115694444445,35.610976111111114,511
138.70115694444445,35.610976111111114,511
138.701245,35.611023055555556,509
138.701595,35.61124,508
138.70212,35.611615,509
138.702395,35.61179805555555,510
138.702495,35.611915,508
138.70255694444444,35.612073055555555,507
138.70255694444444,35.612206111111114,506
138.70250694444445,35.61233111111111,506
138.70187,35.61323888888889,495
138.700795,35.61493111111111,483
138.70047,35.61528111111111,483
138.69913305555556,35.616396944444446,476
138.698595,35.616863888888886,473
138.698095,35.61728111111111,469
138.69788305555556,35.617471944444446,466
138.69782,35.61753888888889,466
138.69775805555557,35.617655,465
138.69775805555557,35.61781388888889,463
138.69778305555556,35.617896944444446,463
138.69783305555555,35.618005,462
138.69828305555555,35.61851388888889,463
138.69832,35.618563888888886,463
138.698385,35.61864111111111,463
138.698385,35.61864111111111,463
138.698695,35.61901388888889,466
138.69873305555555,35.61909694444444,466
138.698745,35.61916388888889,467
138.698745,35.619346944444445,466
138.698695,35.61948,468
138.69863305555555,35.619546944444444,467
138.69838305555555,35.61976388888889,466
138.698295,35.61987194444445,466
138.698245,35.61998805555555,468
138.69822,35.62013805555556,467
138.69823305555556,35.620288055555555,468
138.69828305555555,35.62054694444444,466
138.69832,35.620755,464
138.69847,35.621755,456
138.698545,35.622188055555554,453
138.698545,35.62229611111111,452
138.698545,35.622413055555555,451
138.69852,35.62254611111111,451
138.69847,35.62268,449
138.69837,35.622863055555555,448
138.69825805555556,35.62298805555555,448
138.69812,35.623105,447
138.697945,35.62323,447
138.69780805555556,35.623313055555556,447
138.69748305555555,35.62353,445
138.697245,35.62369611111111,444
138.697145,35.62380388888889,444
138.69707,35.62390388888889,443
138.69702,35.62399611111111,443
138.696945,35.624203888888886,442
138.69692,35.62439611111111,442
138.69693305555555,35.62462111111111,442
138.69695805555557,35.62480388888889,441
138.697045,35.62539611111111,439
138.697045,35.62555388888889,439
138.697045,35.62562888888889,439
138.69703305555555,35.625838055555555,439
138.69700805555556,35.625928888888886,439
138.696995,35.62601194444444,438
138.69695805555557,35.62613694444445,437
138.69687,35.626463055555554,436
138.69686194444444,35.62646111111111,436
138.69686194444444,35.62646,436
138.69687,35.626463055555554,436
138.697145,35.626553888888886,437
138.697195,35.62658694444445,437
138.69753305555557,35.62682888888889,436
138.69828305555555,35.62739611111111,442
138.69837,35.62747111111111,442
138.69870694444444,35.627738055555554,445
138.698845,35.62784611111111,443
138.698945,35.62799611111111,442
138.69895694444443,35.62807111111111,441
138.69897,35.628188055555555,441
138.69895694444443,35.628261944444446,441
138.69893194444444,35.62837888888889,442
138.69878194444445,35.62896194444444,442
138.698595,35.62949611111111,441
138.69855694444445,35.62958694444445,441
138.69842,35.62998694444445,441
138.698395,35.63007888888889,441
138.698395,35.63019611111111,441
138.698445,35.630445,441
138.698545,35.630895,436
138.69855694444445,35.63095388888889,437
138.69860805555555,35.63116194444444,436
138.69867,35.63136194444444,435
138.69877,35.631595,434
138.69902,35.63222888888889,433
138.69913305555556,35.63242,433
138.69942,35.63272,430
138.69995694444444,35.63328694444444,430
138.70023194444445,35.63351194444444,431
138.70047,35.63370305555556,430
138.70070694444445,35.633878055555556,431
138.7014438888889,35.634445,430
138.70183194444445,35.63473694444444,427
138.7019688888889,35.634845,426
138.7024188888889,35.63518694444444,424
138.7024688888889,35.63522805555556,425
138.7030188888889,35.635645,423
138.70365694444445,35.636145,420
138.70380694444444,35.63627,420
138.70408194444445,35.63647805555556,416
138.7041438888889,35.63652805555556,415
138.7045688888889,35.636853055555555,413
138.70470694444444,35.63695305555556,414
138.7049188888889,35.637103055555556,414
138.70511888888888,35.63720305555555,411
138.7055188888889,35.63732,407
138.70599388888888,35.637411944444445,405
138.70625611111112,35.637461944444446,406
138.70705611111111,35.63762,407
138.70728111111112,35.63767,407
138.7074061111111,35.637703055555555,407
138.70759388888888,35.637811944444444,407
138.70773111111112,35.63791194444445,407
138.7078938888889,35.638095,408
138.70793111111112,35.63818694444444,408
138.7079688888889,35.638286944444445,409
138.7080688888889,35.63865305555556,412
138.7082311111111,35.63927,415
138.7083561111111,35.639695,415
138.70836805555555,35.63977,415
138.7084311111111,35.639986111111114,413
138.7084811111111,35.64023611111111,414
138.70850611111112,35.64040305555555,414
138.70850611111112,35.64051111111111,415
138.7084811111111,35.64058611111111,415
138.70838111111112,35.640861111111114,415
138.7083311111111,35.64096888888889,413
138.70819305555557,35.64124388888889,411
138.7081311111111,35.64140305555556,412
138.70806805555554,35.64165305555556,410
138.70804305555555,35.641978055555555,407
138.70805611111112,35.642178055555554,407
138.7081311111111,35.64273611111111,407
138.70816805555555,35.642853055555555,407
138.7082311111111,35.64313611111111,408
138.70838111111112,35.64369388888889,406
138.7084811111111,35.64406888888889,407
138.70851805555554,35.64420194444445,407
138.70881805555555,35.64519388888889,406
138.70891805555556,35.64546111111111,403
138.70901805555556,35.645601944444444,402
138.70916805555555,35.645786111111114,400
138.70936805555556,35.64596111111111,402
138.7095811111111,35.646101944444446,405
138.70986805555555,35.64621888888889,409
138.70999305555554,35.64626888888889,410
138.710305,35.64637694444444,412
138.71034305555557,35.64639388888889,413
138.71058,35.64646111111111,414
138.71089305555554,35.64651888888889,416
138.71168,35.64664388888889,421
138.71176805555555,35.64668611111111,421
138.711955,35.64678611111111,422
138.71203,35.64685305555555,422
138.712155,35.646968888888885,422
138.71239305555557,35.64725305555555,421
138.71303,35.647753055555555,421
138.71309305555556,35.647801944444446,420
138.71339305555554,35.648026944444446,419
138.713605,35.64818611111111,417
138.71363,35.648201944444445,417
138.713855,35.64838611111111,418
138.71399305555556,35.64848611111111,418
138.71403,35.64852694444444,418
138.71423,35.64870194444445,418
138.71446805555556,35.64891111111111,418
138.71466805555556,35.64908611111111,418
138.71478,35.64917694444444,418
138.714855,35.64922694444444,418
138.71494305555555,35.64926888888889,418
138.71513,35.64928611111111,418
138.715305,35.64926111111111,418
138.71561694444443,35.64924388888889,418
138.71584305555555,35.649253055555555,417
138.716455,35.64929388888889,421
138.71663,35.64933611111111,420
138.71674194444444,35.64937694444444,421
138.716955,35.649503055555556,421
138.717055,35.64953611111111,421
138.71733,35.649568888888886,420
138.71746694444445,35.649568888888886,420
138.71766805555555,35.649568888888886,420
138.71793,35.64956111111111,422
138.71798,35.649543888888886,423
138.71834305555555,35.64935194444445,423
138.718655,35.64918611111111,424
138.71869305555555,35.64916111111111,424
138.71891805555555,35.64911111111111,427
138.71924305555555,35.649118888888886,424
138.71936805555555,35.64913611111111,424
138.71944305555556,35.64918611111111,424
138.719505,35.649253055555555,424
138.71963,35.64966888888889,420
138.719655,35.64973611111111,420
138.71973,35.64980194444444,421
138.71994305555555,35.649951944444446,421
138.72066694444445,35.65025305555555,421
138.72088,35.65033611111111,420
138.72109194444445,35.65036888888889,421
138.72196694444443,35.65029388888889,424
138.722405,35.65029388888889,422
138.722505,35.65029388888889,421
138.72311694444446,35.650286111111114,417
138.723805,35.650353055555556,415
138.72389194444443,35.65036111111111,415
138.72404194444445,35.65033611111111,414
138.72411694444443,35.650303055555554,414
138.72429194444445,35.650193888888886,414
138.72437888888888,35.650153055555556,413
138.72449194444445,35.650128055555555,413
138.7246288888889,35.65014388888889,414
138.72506694444445,35.65025305555555,417
138.7252538888889,35.650303055555554,418
138.72534194444444,35.650345,418
138.7254288888889,35.65042,418
138.72546694444443,35.650445,418
138.72556694444444,35.650486111111114,418
138.72576694444444,35.650553055555555,417
138.7260288888889,35.65058611111111,414
138.7261038888889,35.65061111111111,414
138.7262288888889,35.65070305555555,411
138.72626694444443,35.650753055555555,411
138.72629194444445,35.65081111111111,411
138.72630388888888,35.65088611111111,411
138.7263288888889,35.651003055555556,411
138.7264361111111,35.6515,412
138.7264361111111,35.6515,412
138.7264538888889,35.65158611111111,412
138.7264788888889,35.65170305555556,411
138.72650388888889,35.65181111111111,410
138.72654194444445,35.651918888888886,409
138.7265788888889,35.65209388888889,409
138.72664194444445,35.65228611111111,408
138.72666694444445,35.65236111111111,407
138.72681694444444,35.652728055555556,406
138.72684194444443,35.65281111111111,405
138.7269038888889,35.652903055555555,405
138.72697888888888,35.652968888888886,405
138.72731694444445,35.65320305555556,405
138.72744194444445,35.65333611111111,405
138.72749194444444,35.653353055555556,405
138.72756694444445,35.65336111111111,405
138.72801694444445,35.65338611111111,407
138.7280788888889,35.65341111111111,407
138.72810388888888,35.65345305555556,407
138.72819194444443,35.653843888888886,408
138.72832888888888,35.65436888888889,406
138.7284038888889,35.65468611111111,408
138.72844194444446,35.654786111111115,408
138.72867888888888,35.65516888888889,408
138.72901694444445,35.65569388888889,408
138.7291038888889,35.65591888888889,409
138.72924194444445,35.65641111111111,408
138.72934194444446,35.65659388888889,408
138.72944194444443,35.65669388888889,407
138.72980388888888,35.65696888888889,406
138.7300038888889,35.65710305555555,408
138.73072888888888,35.657561111111114,408
138.73084111111112,35.65763611111111,408
138.73095388888888,35.65777694444444,408
138.73104111111113,35.657893888888886,407
138.7310788888889,35.65801111111111,406
138.7311161111111,35.65837694444444,402
138.73115388888888,35.65926888888889,395
138.73119111111112,35.65946888888889,396
138.7312538888889,35.65958611111111,399
138.7313288888889,35.65971111111111,401
138.73141611111112,35.65979388888889,405
138.7314911111111,35.65985194444445,407
138.7319038888889,35.660111111111114,414
138.7320038888889,35.660201944444445,415
138.7321411111111,35.66038611111111,417
138.7323911111111,35.66078611111111,417
138.7324911111111,35.66092694444445,417
138.732525,35.66097694444444,417
138.732525,35.66097694444444,417
138.7324911111111,35.66092694444445,417
138.73274111111112,35.66081888888889,418
138.73331611111112,35.66048611111111,420
138.7335038888889,35.66036111111111,423
138.7336911111111,35.66019388888889,427
138.7339661111111,35.65988611111111,428
138.7343911111111,35.65944388888889,428
138.73457888888888,35.65926888888889,428
138.7349788888889,35.65882805555555,431
138.73525388888888,35.65857694444444,436
138.7353911111111,35.65849388888889,435
138.7359911111111,35.65828611111111,436
138.73615388888888,35.65824388888889,438
138.7364661111111,35.658186111111114,437
138.7368538888889,35.65813611111111,438
138.7369788888889,35.65811111111111,437
138.7370788888889,35.65808611111111,439
138.7374288888889,35.65794388888889,444
138.73872805555555,35.657336111111114,447
138.7391911111111,35.65709388888889,446
138.73932805555555,35.65703611111111,447
138.73942805555555,35.65696111111111,446
138.73945305555554,35.656895,448
138.73952805555555,35.65688611111111,449
138.73972805555556,35.656928055555554,455
138.7399661111111,35.65697,456
138.7400911111111,35.656978055555555,455
138.74034111111112,35.656978055555555,455
138.74055305555555,35.65697,456
138.7408411111111,35.656911111111114,457
138.7412161111111,35.65678611111111,458
138.7415411111111,35.65665305555556,456
138.74170305555555,35.656578055555556,459
138.74182805555554,35.65651111111111,457
138.74261611111112,35.65597805555556,464
138.7430411111111,35.655678055555555,464
138.74306305555555,35.65566388888889,464
</coordinates>
</LineString>
</Placemark>
</Document>
</kml>
