<?xml version="1.0" encoding="UTF-8"?>
<kml xmlns="http://www.opengis.net/kml/2.2" xmlns:atom="http://www.w3.org/2005/Atom">
<Document>
<name>第57代夏合宿７日目</name>
<atom:author>
<atom:name>ザッカーバーグ</atom:name>
</atom:author> 
<atom:link href="https://latlonglab.yahoo.co.jp/route/watch?id=a71f546b473514f4ca78c7f76b3419e6" />
<description><![CDATA[59km
1700up]]></description>
<tags><![CDATA[wcc57th]]></tags>  
<Placemark>
<Style>
<LineStyle>
<color>99ff0000</color>
<width>6</width>
</LineStyle>
</Style>
<LineString>
<coordinates>
137.62179805555556,36.118876944444445,1520
137.62194805555555,36.118926944444446,1524
137.62212305555556,36.11901,1522
137.622185,36.11906888888889,1522
137.62219805555554,36.119185,1523
137.622135,36.119276944444444,1522
137.62201,36.11936,1521
137.62194805555555,36.119385,1522
137.62186,36.11941,1524
137.62092305555555,36.11949305555556,1532
137.62009805555556,36.119526944444445,1537
137.61878611111112,36.11966805555556,1542
137.6183861111111,36.11966805555556,1542
137.61779805555557,36.119635,1548
137.6172361111111,36.119526111111114,1557
137.61548611111112,36.118968055555555,1564
137.61528611111112,36.11885111111111,1563
137.61518611111111,36.11872694444445,1562
137.61479888888888,36.11771805555556,1567
137.6146238888889,36.117435,1571
137.6144111111111,36.11716,1574
137.6141738888889,36.116926944444444,1578
137.61393611111112,36.11676805555555,1575
137.61299888888888,36.11645194444444,1582
137.6128611111111,36.11636,1582
137.6128111111111,36.11624305555556,1584
137.6128488888889,36.11586805555555,1587
137.6129238888889,36.11544388888889,1589
137.61301111111112,36.115318888888886,1590
137.6132861111111,36.11512694444444,1591
137.61333611111112,36.115035,1591
137.61332388888889,36.114893888888886,1592
137.61326111111111,36.114785,1593
137.6131738888889,36.114735,1594
137.6126988888889,36.114668888888886,1597
137.6123988888889,36.114585,1597
137.6121611111111,36.11446888888889,1596
137.6117988888889,36.11411,1597
137.61168694444444,36.11391888888889,1597
137.61168694444444,36.11380194444445,1597
137.61171194444444,36.11366888888889,1597
137.6118361111111,36.11342694444444,1601
137.6118488888889,36.11331,1603
137.6118238888889,36.11321888888889,1603
137.61171194444444,36.113151944444446,1604
137.6112738888889,36.11306888888889,1607
137.61109888888888,36.11296888888889,1608
137.61101194444444,36.112851944444444,1607
137.61087388888888,36.11260194444444,1608
137.61073694444445,36.11220194444444,1607
137.61066194444444,36.111893888888886,1609
137.6105738888889,36.11156888888889,1614
137.6105738888889,36.11143611111111,1614
137.61074888888888,36.111151944444444,1613
137.61076194444445,36.11106111111111,1614
137.61072388888888,36.11096888888889,1614
137.6104488888889,36.110726944444444,1615
137.61038694444446,36.110576944444446,1615
137.61038694444446,36.11045194444444,1615
137.6104738888889,36.11000305555555,1615
137.61063694444445,36.10984388888889,1618
137.61094888888888,36.10971111111111,1622
137.61101194444444,36.10963611111111,1621
137.61113694444444,36.10879388888889,1624
137.61123694444444,36.10864388888889,1626
137.61198694444445,36.108128055555554,1634
137.6120738888889,36.108043888888886,1633
137.61213694444444,36.10793611111111,1633
137.61232388888888,36.10742805555556,1644
137.61236194444444,36.10719388888889,1642
137.6123488888889,36.10704388888889,1641
137.61222388888888,36.10677805555556,1643
137.6121488888889,36.10668611111111,1643
137.6120738888889,36.10666888888889,1644
137.61198694444445,36.106703055555556,1646
137.6119488888889,36.10679388888889,1647
137.6120238888889,36.106943888888885,1651
137.61203694444444,36.10733611111111,1651
137.61197388888888,36.10743611111111,1654
137.61166194444445,36.107753055555555,1654
137.6115738888889,36.10778611111111,1652
137.6114988888889,36.10776888888889,1654
137.61117388888889,36.10757805555556,1655
137.61106194444446,36.107553055555556,1656
137.61093694444443,36.10757805555556,1659
137.6106988888889,36.10776888888889,1662
137.61058694444444,36.10780305555556,1661
137.6104488888889,36.10778611111111,1661
137.60982388888888,36.10745305555555,1663
137.60963694444445,36.10742805555556,1665
137.60953694444444,36.107461111111114,1667
137.60948694444446,36.107526944444444,1667
137.60949888888888,36.10760194444445,1668
137.60963694444445,36.10783611111111,1670
137.60963694444445,36.10796111111111,1671
137.60956194444444,36.108018888888886,1671
137.60946194444443,36.10803611111111,1671
137.6089988888889,36.10792694444444,1675
137.60886194444444,36.10792694444444,1676
137.60873694444444,36.10799388888889,1678
137.60851194444444,36.10841888888889,1682
137.60843694444443,36.10851888888889,1684
137.60833694444443,36.10854388888889,1684
137.60758694444445,36.10841888888889,1686
137.607125,36.10841111111111,1688
137.60686194444443,36.10845194444445,1692
137.60663694444443,36.10852694444444,1693
137.60645,36.10863611111111,1691
137.60636194444444,36.10876888888889,1693
137.606425,36.10894388888889,1696
137.60676194444446,36.10921888888889,1694
137.607225,36.10960194444444,1694
137.60743694444446,36.10986888888889,1696
137.6074988888889,36.11002694444444,1701
137.60751194444444,36.11016111111111,1703
137.60747388888888,36.11031111111111,1702
137.60728694444444,36.11060194444445,1702
137.60681194444444,36.110951944444444,1702
137.6065,36.11110194444444,1705
137.60628694444443,36.11114388888889,1703
137.605825,36.11119388888889,1709
137.60555,36.111235,1712
137.60533694444445,36.11131888888889,1714
137.60441194444445,36.11166,1717
137.6039,36.111935,1721
137.60385,36.11204305555555,1723
137.60385,36.112118055555555,1726
137.60393805555555,36.11221,1725
137.60408694444445,36.11226,1728
137.604825,36.11236805555556,1726
137.60493694444443,36.11246,1727
137.604975,36.112543055555555,1727
137.60496194444445,36.11262694444444,1727
137.60486194444445,36.112835,1730
137.60485,36.112918055555554,1735
137.6049,36.112985,1733
137.60508694444445,36.113185,1735
137.60508694444445,36.11326805555556,1734
137.605025,36.11340194444445,1733
137.60491194444444,36.113485,1735
137.60476194444445,36.11349305555556,1737
137.60456194444444,36.113485,1738
137.60431194444445,36.11340194444445,1741
137.60421194444444,36.113301944444444,1741
137.6041,36.113085,1742
137.60401305555555,36.11300194444444,1742
137.603875,36.112935,1742
137.60356305555555,36.112851944444444,1743
137.603,36.11277694444444,1746
137.60283694444445,36.11272694444445,1746
137.602725,36.11264305555556,1744
137.60223805555555,36.111826944444445,1753
137.60206194444444,36.111585,1756
137.60205,36.111485,1756
137.602075,36.11141,1757
137.60215,36.111385,1756
137.60235,36.11134305555556,1752
137.60241305555556,36.111285,1754
137.60241305555556,36.11116888888889,1756
137.602375,36.11110194444444,1758
137.602275,36.11109388888889,1758
137.601775,36.11111,1766
137.601675,36.11106,1766
137.601625,36.110985,1767
137.60163805555555,36.11086888888889,1768
137.601725,36.11076,1768
137.60228805555556,36.110368888888885,1767
137.602475,36.11014388888889,1772
137.60253805555556,36.109985,1773
137.602525,36.10986888888889,1772
137.602425,36.10979388888889,1773
137.6022,36.10976888888889,1776
137.60198694444443,36.10981,1776
137.6017,36.10996,1778
137.60136305555557,36.11024388888889,1782
137.60121305555555,36.110501944444444,1783
137.60113805555557,36.11069388888889,1783
137.600925,36.111651944444446,1784
137.60093805555556,36.11175194444444,1785
137.601025,36.11195194444444,1784
137.601025,36.112051944444445,1785
137.60095,36.11216,1786
137.60048805555556,36.112451944444445,1784
137.6003,36.11251,1788
137.60015,36.11252694444445,1789
137.59938805555555,36.11245111111111,1793
137.59923805555556,36.112476111111114,1793
137.599175,36.112543055555555,1793
137.59911305555556,36.11275111111111,1794
137.59903805555555,36.11282611111111,1795
137.59891305555556,36.11286805555556,1795
137.59850111111112,36.11286,1795
137.5981261111111,36.112885,1798
137.5978761111111,36.112935,1799
137.59763805555556,36.11301805555556,1801
137.59716305555557,36.11327611111111,1804
137.5968761111111,36.11341,1806
137.59603805555557,36.11358388888889,1809
137.59571305555556,36.11370888888889,1813
137.59561305555556,36.11383388888889,1814
137.59553805555555,36.11408388888889,1814
137.5955261111111,36.114268055555556,1815
137.59563805555555,36.114643055555554,1817
137.59577611111112,36.11504305555555,1817
137.59580111111111,36.11527611111111,1814
137.59579888888888,36.115293888888885,1814
137.59579888888888,36.115293888888885,1814
137.59578805555554,36.11542611111111,1814
137.59573805555556,36.115608888888886,1818
137.59546305555557,36.116101111111114,1824
137.59536305555557,36.11640888888889,1825
137.59536305555557,36.11683388888889,1824
137.59533805555554,36.116883888888886,1824
137.59528805555556,36.11690111111111,1825
137.59523805555557,36.11687611111111,1827
137.59516305555556,36.11657611111111,1833
137.59516305555556,36.115941944444444,1836
137.59528805555556,36.11553388888889,1836
137.59528805555556,36.11542611111111,1839
137.59523805555557,36.11530111111111,1843
137.5951261111111,36.11516805555556,1844
137.59423805555556,36.11447611111111,1855
137.59420111111112,36.11439305555555,1855
137.59421305555554,36.11428388888889,1856
137.59432611111112,36.11405111111111,1855
137.59418805555555,36.113883888888886,1856
137.59417611111112,36.11380111111111,1856
137.59420111111112,36.11372611111111,1857
137.5943511111111,36.11357611111111,1857
137.59438805555556,36.11347611111111,1863
137.59442611111112,36.11317611111111,1867
137.59455111111112,36.11293388888889,1866
137.59455111111112,36.11287611111111,1867
137.5944511111111,36.11212611111111,1868
137.5944511111111,36.111935,1872
137.59451305555555,36.11166,1875
137.5946011111111,36.111485,1873
137.59468805555557,36.11139305555555,1874
137.59483805555556,36.111335,1872
137.59493805555556,36.11125111111111,1873
137.59501305555557,36.11111805555556,1877
137.5950761111111,36.11105111111111,1881
137.59523805555557,36.110935,1884
137.5952511111111,36.11086805555556,1883
137.5951761111111,36.110685,1886
137.5951761111111,36.11061,1885
137.59523805555557,36.110535,1885
137.59542611111112,36.110393055555555,1888
137.59541305555555,36.11034305555555,1888
137.59533805555554,36.11031805555555,1888
137.59510111111112,36.110368055555554,1892
137.59491305555557,36.11042611111111,1894
137.59483805555556,36.11051805555555,1894
137.59475111111112,36.11085111111111,1896
137.59466305555554,36.110935,1896
137.59416305555555,36.11116,1896
137.5940511111111,36.11129305555556,1903
137.59395111111112,36.11154305555556,1904
137.59385111111112,36.111718055555556,1904
137.59375111111112,36.11185111111111,1904
137.59358805555556,36.11199305555556,1904
137.59350111111112,36.11212611111111,1905
137.5934511111111,36.11244305555555,1907
137.59343805555557,36.11265888888889,1914
137.5933761111111,36.11284305555556,1914
137.59327611111112,36.112968055555555,1915
137.5929138888889,36.11327611111111,1914
137.59281388888888,36.113418055555556,1915
137.5927388888889,36.11363388888889,1918
137.59271388888888,36.11387611111111,1922
137.59258888888888,36.11435888888889,1924
137.5925761111111,36.11455111111111,1925
137.59260111111112,36.114758888888886,1926
137.59278805555556,36.11515888888889,1932
137.5927511111111,36.11527611111111,1934
137.5925511111111,36.11543388888889,1937
137.59248888888888,36.11552611111111,1935
137.59250111111112,36.11561694444445,1936
137.5926511111111,36.11595111111111,1938
137.5926511111111,36.11609305555555,1942
137.59260111111112,36.11620888888889,1943
137.59225111111112,36.116458888888886,1941
137.59147611111112,36.116866944444446,1945
137.59137611111112,36.11695888888889,1948
137.59136388888888,36.11705888888889,1952
137.5914511111111,36.11720888888889,1952
137.5914511111111,36.11737611111111,1952
137.5913888888889,36.11743388888889,1955
137.5909761111111,36.11757611111111,1955
137.5903638888889,36.117716944444446,1957
137.58933888888888,36.11790888888889,1961
137.5891261111111,36.11798388888889,1965
137.5890511111111,36.118075,1963
137.5890388888889,36.11816694444445,1962
137.5890511111111,36.11823388888889,1961
137.5890261111111,36.118341944444445,1957
137.58897611111112,36.11840888888889,1963
137.5887888888889,36.118541944444445,1966
137.5887261111111,36.118608888888886,1967
137.5887261111111,36.11868388888889,1965
137.5888138888889,36.11886694444444,1966
137.5889511111111,36.11895,1973
137.58908888888888,36.118991944444446,1972
137.5893638888889,36.119,1974
137.5894761111111,36.11905,1972
137.58953888888888,36.11910888888889,1972
137.58956388888888,36.11918388888889,1971
137.58953888888888,36.119275,1974
137.58931388888888,36.1195,1975
137.5891388888889,36.11974194444444,1973
137.5889011111111,36.119933055555556,1972
137.5885638888889,36.12015,1975
137.5882388888889,36.1203,1983
137.5878261111111,36.12059194444444,1983
137.58752611111112,36.120783055555556,1984
137.5874388888889,36.12089111111111,1984
137.5874761111111,36.1211,1987
137.5875388888889,36.12116611111111,1992
137.58761388888888,36.121208055555556,1992
137.5878888888889,36.121275,1993
137.5880261111111,36.121341111111114,1997
137.58828888888888,36.12141611111111,1995
137.5884638888889,36.121475,1997
137.58852611111112,36.121525,1997
137.5885638888889,36.1216,1997
137.58855111111112,36.12164111111111,1999
137.5885011111111,36.12166611111111,1999
137.58842611111112,36.12166611111111,2001
137.5882761111111,36.121625,2002
137.5881138888889,36.121608055555555,2003
137.5875511111111,36.12171611111111,2007
137.5869011111111,36.1219,2018
137.5867761111111,36.1219,2015
137.5865638888889,36.12185,2012
137.5864388888889,36.12186611111111,2013
137.58638888888888,36.12191611111111,2016
137.5864138888889,36.121975,2016
137.58657694444443,36.122033055555555,2018
137.58672611111112,36.12206611111111,2018
137.58718888888887,36.12205,2024
137.58748888888888,36.1221,2022
137.5875761111111,36.12215805555556,2025
137.5875761111111,36.122208055555554,2025
137.58750111111112,36.122258055555555,2028
137.5869261111111,36.122258055555555,2036
137.58658888888888,36.12236611111111,2038
137.58581388888888,36.12253305555556,2035
137.58495194444444,36.12264888888889,2041
137.58470194444445,36.12269111111111,2042
137.58460194444444,36.12274111111111,2042
137.58456388888888,36.12279111111111,2045
137.58457694444445,36.12284888888889,2045
137.5846388888889,36.12289111111111,2047
137.5848138888889,36.12292388888889,2047
137.58542694444444,36.12291611111111,2051
137.58571388888888,36.122883055555555,2053
137.58645194444443,36.12273305555556,2052
137.58661388888888,36.12271611111111,2052
137.58672611111112,36.122725,2052
137.58683888888888,36.12275805555556,2052
137.58693888888888,36.1228,2055
137.5870011111111,36.122858055555554,2056
137.5869888888889,36.122925,2058
137.5869011111111,36.122975,2058
137.5867638888889,36.12299111111111,2057
137.58648888888888,36.122973888888886,2057
137.5862138888889,36.12300805555556,2059
137.58560194444445,36.12315805555556,2065
137.58465194444443,36.12351611111111,2072
137.58412694444445,36.123758055555555,2074
137.5835888888889,36.12408305555556,2083
137.5830388888889,36.12434888888889,2086
137.58290194444444,36.12439888888889,2085
137.5827888888889,36.12439888888889,2085
137.58245194444444,36.12429888888889,2089
137.58218888888888,36.12421611111111,2092
137.5820138888889,36.12412388888889,2094
137.58185194444445,36.12399888888889,2094
137.5816888888889,36.12381611111111,2094
137.58155194444444,36.12370694444444,2096
137.581265,36.12354888888889,2102
137.581115,36.123381944444446,2102
137.58090194444443,36.12322388888889,2104
137.58084,36.12311611111111,2104
137.58082694444445,36.12299111111111,2106
137.580865,36.12289888888889,2106
137.581015,36.12269111111111,2105
137.581265,36.122416111111114,2112
137.58127694444445,36.12234111111111,2112
137.581215,36.12229888888889,2115
137.58082694444445,36.12226611111111,2118
137.58074,36.122233055555554,2119
137.580615,36.12201611111111,2116
137.580515,36.121991111111114,2114
137.57930194444444,36.12199888888889,2125
137.57914,36.12193194444445,2126
137.579065,36.12184888888889,2125
137.57904,36.121673888888886,2126
137.57905194444444,36.12159111111111,2128
137.57915194444445,36.12151611111111,2133
137.57949,36.12133305555555,2132
137.579615,36.12124111111111,2131
137.57965194444444,36.121158055555554,2133
137.57962694444444,36.12107388888889,2134
137.57954,36.12097388888889,2134
137.57945194444446,36.12094111111111,2134
137.57934,36.12096611111111,2134
137.579265,36.12101611111111,2138
137.57917694444444,36.12128305555556,2137
137.578565,36.12139888888889,2143
137.578515,36.12135694444444,2145
137.578515,36.12129111111111,2148
137.57869,36.12109888888889,2151
137.57870194444445,36.12101611111111,2151
137.578665,36.12096611111111,2152
137.57840305555555,36.12089111111111,2155
137.57829,36.120916111111114,2157
137.578015,36.12119888888889,2156
137.57789,36.12129111111111,2161
137.57780194444445,36.12130805555555,2163
137.577715,36.12127388888889,2165
137.577665,36.12119888888889,2167
137.57767694444445,36.12104111111111,2164
137.57764,36.120956944444444,2167
137.57749,36.12086611111111,2169
137.57725305555556,36.12083194444445,2173
137.57709,36.12077388888889,2174
137.576865,36.12063194444445,2175
137.57614,36.120308055555554,2183
137.576065,36.120308055555554,2184
137.57605305555555,36.120356944444445,2187
137.57622805555556,36.120533055555555,2186
137.57645305555556,36.12084111111111,2193
137.57655194444445,36.12106611111111,2197
137.57655194444445,36.12121611111111,2198
137.576515,36.12129111111111,2199
137.57635305555556,36.12130805555555,2201
137.576265,36.12125694444445,2203
137.57599,36.120933055555554,2207
137.575865,36.12086611111111,2207
137.575665,36.12081611111111,2212
137.57544,36.12068305555555,2213
137.57519,36.12059111111111,2213
137.575065,36.12049888888889,2213
137.57497805555556,36.12032388888889,2214
137.57495305555557,36.12001611111111,2214
137.57499,36.11964888888889,2218
137.574965,36.11955694444445,2218
137.574915,36.11952388888889,2220
137.57479,36.11960805555555,2222
137.57457805555555,36.11987388888889,2225
137.57449,36.12014111111111,2226
137.57450305555557,36.12056611111111,2226
137.57447805555555,36.12084888888889,2226
137.57449,36.12102388888889,2232
137.57455305555555,36.12128194444445,2235
137.57455305555555,36.12137388888889,2235
137.57450305555557,36.12144888888889,2233
137.57435305555555,36.12148194444445,2234
137.574215,36.121456944444446,2237
137.57407805555556,36.121341111111114,2240
137.573965,36.12117388888889,2245
137.57387805555555,36.12096611111111,2245
137.57382805555557,36.12070694444444,2244
137.573715,36.12029888888889,2248
137.57372805555556,36.120041111111114,2254
137.57377805555555,36.11978194444445,2253
137.57385305555556,36.11966611111111,2256
137.57407805555556,36.119456944444444,2254
137.574215,36.119283055555556,2252
137.574215,36.11918305555555,2253
137.57414,36.11913194444445,2253
137.57400305555555,36.11915805555556,2255
137.57357805555554,36.11946611111111,2263
137.57322805555555,36.11971611111111,2265
137.57312805555554,36.11989888888889,2271
137.57286611111113,36.12071611111111,2284
137.5728411111111,36.12113194444444,2285
137.57277805555555,36.121231944444446,2284
137.57270305555556,36.121248888888886,2286
137.5726161111111,36.12121611111111,2292
137.57252805555555,36.12113194444444,2296
137.57245305555554,36.120823888888886,2293
137.57244111111112,36.120356944444445,2295
137.57256611111112,36.11991611111111,2291
137.57286611111113,36.11940805555555,2304
137.5729161111111,36.11924888888889,2302
137.57290305555554,36.11913194444445,2303
137.5728411111111,36.118991111111114,2303
137.57267805555554,36.11887388888889,2303
137.5724911111111,36.118783055555554,2307
137.57237805555556,36.118783055555554,2310
137.57232805555554,36.11882388888889,2312
137.57232805555554,36.118898888888886,2314
137.57241611111112,36.11902388888889,2313
137.57247805555556,36.11916611111111,2312
137.57247805555556,36.11926611111111,2312
137.57241611111112,36.11942388888889,2315
137.5718911111111,36.12049888888889,2324
137.5718411111111,36.12066611111111,2326
137.57182805555556,36.12083194444445,2325
137.57186611111112,36.121116111111114,2326
137.57186611111112,36.12127388888889,2329
137.5718911111111,36.12144111111111,2332
137.57222805555554,36.12199888888889,2330
137.57221611111112,36.12206611111111,2333
137.57212805555557,36.12213194444445,2335
137.57200305555557,36.122123888888886,2337
137.57186611111112,36.12202388888889,2338
137.5716911111111,36.12172388888889,2336
137.57147805555556,36.12128194444445,2343
137.57141611111112,36.12106611111111,2345
137.57141611111112,36.12069888888889,2346
137.5715661111111,36.12008194444444,2343
137.5715661111111,36.119931944444446,2344
137.57147805555556,36.119748888888886,2351
137.57130305555555,36.11959111111111,2354
137.57105305555555,36.119481944444445,2355
137.57085805555556,36.11943888888889,2355
137.57085805555556,36.11943888888889,2355
137.57075305555554,36.119416111111114,2355
137.5704661111111,36.11939888888889,2355
137.57030305555554,36.11942388888889,2354
137.57015305555555,36.119481944444445,2357
137.5699161111111,36.11949888888889,2357
137.5697911111111,36.11944888888889,2357
137.5696411111111,36.11931611111111,2355
137.5690661111111,36.11851611111111,2364
137.5692161111111,36.118231944444446,2363
137.5696911111111,36.117806944444446,2368
137.57022805555556,36.11751611111111,2374
137.57074111111112,36.11734111111111,2381
137.57176611111112,36.11707388888889,2385
137.57241611111112,36.11698194444445,2385
137.5727161111111,36.116908055555555,2387
137.57289111111112,36.11679111111111,2392
137.57292805555556,36.116683055555555,2395
137.57286611111113,36.116658055555554,2397
137.5724911111111,36.116683055555555,2401
137.57241611111112,36.116658055555554,2406
137.5723911111111,36.11660805555555,2406
137.57241611111112,36.11653305555556,2407
137.5725911111111,36.116416111111114,2405
137.57287805555555,36.11618305555555,2406
137.57315305555557,36.11599888888889,2411
137.57324111111112,36.115898888888886,2412
137.57325305555557,36.11582388888889,2414
137.57325305555557,36.11567388888889,2413
137.57322805555555,36.11544888888889,2412
137.57320305555555,36.11541611111111,2416
137.5731411111111,36.11541611111111,2416
137.5730661111111,36.115473888888886,2417
137.57290305555554,36.11581611111111,2421
137.5728161111111,36.11586611111111,2423
137.57270305555556,36.115898888888886,2422
137.57260305555556,36.11588305555556,2426
137.5724661111111,36.11579888888889,2427
137.5723911111111,36.11570805555556,2427
137.5723911111111,36.115583055555554,2428
137.57252805555555,36.11533305555555,2433
137.57252805555555,36.115248888888885,2433
137.57250305555556,36.11509888888889,2433
137.57241611111112,36.114933055555554,2435
137.57215305555556,36.11467388888889,2437
137.5719161111111,36.11437388888889,2443
137.5715911111111,36.114083055555554,2448
137.57120305555554,36.11381611111111,2454
137.57096611111112,36.11373305555556,2453
137.57052805555554,36.11369888888889,2457
137.57037805555555,36.11372388888889,2457
137.5703411111111,36.11379111111111,2460
137.5703411111111,36.113908055555555,2463
137.5705911111111,36.11451611111111,2465
137.57055305555556,36.114623888888886,2466
137.57041611111111,36.11477388888889,2468
137.57035305555556,36.11486611111111,2470
137.57035305555556,36.11509888888889,2471
137.57030305555554,36.11514888888889,2473
137.57019111111111,36.115141111111114,2474
137.57005305555555,36.11509111111111,2474
137.56962805555557,36.11489888888889,2478
137.5695161111111,36.11489111111111,2480
137.5694411111111,36.11492388888889,2481
137.56932805555556,36.11532388888889,2483
137.5692411111111,36.11555805555555,2484
137.56916611111112,36.11561611111111,2485
137.56905305555554,36.11561611111111,2486
137.56845305555555,36.11539111111111,2493
137.5682911111111,36.11526611111111,2496
137.5682161111111,36.11513305555555,2497
137.5681911111111,36.11499888888889,2497
137.5681911111111,36.11416611111111,2501
137.56779111111112,36.113748888888885,2504
137.5677038888889,36.113731944444446,2506
137.56766611111112,36.11378194444445,2509
137.5677038888889,36.11391611111111,2507
137.5678161111111,36.11421611111111,2506
137.5678411111111,36.114331944444444,2506
137.56780388888888,36.11440694444445,2510
137.56766611111112,36.114491111111114,2511
137.5674788888889,36.11454111111111,2512
137.5671911111111,36.11457388888889,2513
137.5668161111111,36.11465694444444,2514
137.5663788888889,36.11483194444445,2516
137.5662788888889,36.114823888888886,2518
137.5661538888889,36.11477388888889,2520
137.5659038888889,36.114381944444446,2524
137.5658161111111,36.11434888888889,2525
137.56562888888888,36.114398888888886,2528
137.56485388888888,36.11489888888889,2532
137.5645911111111,36.11510694444444,2535
137.56450388888888,36.11512388888889,2537
137.56441611111111,36.11508194444445,2537
137.5643038888889,36.11487388888889,2537
137.56429111111112,36.11479888888889,2537
137.5643288888889,36.11472388888889,2538
137.56464111111111,36.11441611111111,2540
137.5646538888889,36.114306944444444,2543
137.56460388888888,36.114198888888886,2543
137.5640911111111,36.11374111111111,2546
137.5638661111111,36.11344111111111,2552
137.5636411111111,36.11287388888889,2557
137.5635661111111,36.11274111111111,2556
137.56347888888888,36.11271611111111,2558
137.56324111111113,36.11264888888889,2561
137.5630538888889,36.11249888888889,2562
137.5629538888889,36.11204111111111,2567
137.5628288888889,36.11187388888889,2573
137.56280388888888,36.11174888888889,2573
137.56281694444445,36.11143194444445,2573
137.56280388888888,36.11132388888889,2572
137.56274194444444,36.11128305555555,2576
137.5626538888889,36.111308055555554,2578
137.5625038888889,36.11174888888889,2583
137.5624288888889,36.11190805555555,2584
137.56214194444445,36.11233194444444,2590
137.56190388888888,36.11253194444444,2593
137.56154194444446,36.11300694444444,2593
137.5613788888889,36.11314888888889,2595
137.56100388888888,36.11339111111111,2599
137.55986694444445,36.113973888888886,2608
137.5597038888889,36.11414,2611
137.55956694444444,36.11434888888889,2611
137.55946694444444,36.114556944444445,2613
137.55946694444444,36.11472388888889,2613
137.55975388888888,36.11544888888889,2627
137.55987888888887,36.115606944444444,2627
137.55999194444445,36.115698888888886,2628
137.56075388888888,36.115898888888886,2635
137.56091694444444,36.115965,2632
137.5610538888889,36.11638194444444,2635
137.56114194444444,36.116506944444446,2634
137.5612788888889,36.11658194444444,2635
137.56141694444443,36.11660694444444,2636
137.56171694444444,36.11663194444444,2635
137.56190388888888,36.11669888888889,2635
137.56204194444445,36.116815,2635
137.5621538888889,36.116965,2639
137.5621788888889,36.117065,2642
137.5621788888889,36.117265,2641
137.5621538888889,36.117415,2641
137.56204194444445,36.11763194444445,2642
137.56189194444445,36.117781944444445,2640
137.56171694444444,36.11789,2642
137.56154194444446,36.118048055555555,2643
137.56141694444443,36.118115,2642
137.5609538888889,36.118215,2655
137.56041694444446,36.11842305555555,2660
137.56011694444445,36.11858194444444,2661
137.55974194444445,36.118831944444445,2665
137.55952888888888,36.119056111111114,2666
137.55944194444444,36.11923111111111,2673
137.55944194444444,36.11954,2674
137.55949194444443,36.11968111111111,2672
137.55974194444445,36.11994,2665
137.55981694444444,36.12009,2664
137.55981694444444,36.12023111111111,2664
137.5597038888889,36.12063111111111,2668
137.5596038888889,36.12089805555556,2674
137.55927888888888,36.121631111111114,2685
137.5592038888889,36.12174805555556,2686
137.5589288888889,36.12195611111111,2686
137.5588788888889,36.12203888888889,2688
137.55885388888888,36.12220611111111,2693
137.5586788888889,36.12264805555556,2699
137.5586538888889,36.12287305555556,2705
137.55869194444443,36.123263888888886,2702
137.55864194444445,36.12373111111111,2706
137.55866694444444,36.12408111111111,2711
137.55864194444445,36.12419805555555,2713
137.55860388888888,36.12423888888889,2715
137.55854194444444,36.124246944444444,2716
137.55831694444444,36.124271944444445,2713
137.5582038888889,36.12436388888889,2715
137.5580038888889,36.12543111111111,2717
137.55776694444444,36.12605611111111,2706
137.557565,36.12641,2707
137.557565,36.12641,2707
137.5575288888889,36.12647194444445,2707
137.55716694444445,36.12694694444444,2703
137.5576288888889,36.127538888888886,2704
137.55794194444445,36.12803888888889,2703
137.55799194444444,36.128171944444446,2702
137.55804194444445,36.12848888888889,2694
137.55817888888888,36.12881388888889,2692
137.55831694444444,36.12903,2691
137.55840388888888,36.12913888888889,2692
137.55860388888888,36.12933888888889,2692
137.55869194444443,36.12947194444445,2687
137.55882888888888,36.129855,2687
137.55884194444445,36.13001388888889,2686
137.55879194444444,36.130155,2686
137.5583038888889,36.13053,2682
137.55821694444444,36.13064694444444,2682
137.55817888888888,36.13107194444444,2681
137.55809194444444,36.131305,2673
137.5576788888889,36.131746944444444,2674
137.55734194444443,36.13232194444444,2673
137.5565288888889,36.13346305555555,2667
137.55619194444444,36.13391305555555,2663
137.55556694444445,36.135013055555554,2649
137.5553038888889,36.135646111111114,2647
137.5551788888889,36.135863055555554,2647
137.5551788888889,36.13598805555556,2648
137.55521694444445,36.13612111111111,2649
137.55541694444443,36.13690388888889,2647
137.5556288888889,36.137588055555554,2643
137.55571694444444,36.13775388888889,2643
137.55606694444444,36.13817888888889,2644
137.55621694444446,36.138438055555554,2645
137.5564411111111,36.13885388888889,2646
137.5569788888889,36.13975388888889,2647
137.5570911111111,36.14004611111111,2645
137.5570911111111,36.14020388888889,2644
137.5570661111111,36.14037888888889,2644
137.55692888888888,36.14052888888889,2645
137.5564288888889,36.14082111111111,2635
137.5561788888889,36.14089611111111,2634
137.5560411111111,36.140886944444446,2637
137.5554788888889,36.14079611111111,2635
137.5553911111111,36.14080388888889,2636
137.55524194444445,36.14091194444445,2634
137.5549038888889,36.14137111111111,2624
137.55476694444445,36.141461944444444,2622
137.55456694444445,36.14147888888889,2622
137.55441694444445,36.14145388888889,2621
137.55386694444445,36.14127888888889,2625
137.55356694444444,36.14122888888889,2623
137.55329194444445,36.141245,2622
137.5528788888889,36.141311944444446,2614
137.55206694444445,36.14147888888889,2602
137.55090388888888,36.14163694444444,2605
137.55084194444444,36.14167805555556,2603
137.55081694444445,36.141745,2603
137.55084194444444,36.14182805555556,2600
137.55091694444445,36.141886944444444,2599
137.55121694444443,36.141886944444444,2596
137.55147888888888,36.14185305555556,2594
137.55215388888888,36.14172888888889,2585
137.5523538888889,36.14170388888889,2585
137.55254194444444,36.141695,2585
137.5528038888889,36.141736944444446,2588
137.55292888888889,36.14178694444445,2586
137.55296694444445,36.14187,2586
137.55292888888889,36.141945,2584
137.5528038888889,36.14201194444444,2581
137.55205388888888,36.142045,2578
137.5517288888889,36.14207,2579
137.5514288888889,36.142145,2579
137.55119194444444,36.14223694444444,2578
137.5509788888889,36.14237,2578
137.55084194444444,36.14252,2578
137.55010388888888,36.14383611111111,2562
137.55006694444444,36.14407805555555,2562
137.55006694444444,36.14425305555555,2561
137.55021694444446,36.144728055555554,2552
137.55024194444445,36.14498611111111,2555
137.55024194444445,36.145178055555554,2555
137.55019194444444,36.145428055555556,2553
137.5499788888889,36.14575305555555,2554
137.54977888888888,36.14589388888889,2551
137.5496038888889,36.14593611111111,2544
137.5495038888889,36.14591111111111,2542
137.54942888888888,36.145853055555555,2540
137.54941694444443,36.14576888888889,2541
137.54946694444445,36.145653055555556,2542
137.54981694444444,36.14535305555555,2544
137.54990388888888,36.14521888888889,2545
137.54994194444444,36.14509388888889,2545
137.54994194444444,36.14496888888889,2541
137.54987888888888,36.14479388888889,2536
137.54977888888888,36.14463611111111,2538
137.54965388888888,36.144528055555554,2538
137.54954194444446,36.144486111111114,2537
137.54942888888888,36.14450305555555,2538
137.54939194444444,36.14463611111111,2536
137.54934194444445,36.14509388888889,2528
137.5493038888889,36.14523611111111,2527
137.54922888888888,36.14538611111111,2528
137.54910388888888,36.14554388888889,2523
137.54842888888888,36.14603611111111,2514
137.54820388888888,36.14626111111111,2511
137.54807888888888,36.14655194444445,2504
137.54806694444446,36.146676944444444,2504
137.54806694444446,36.146951944444446,2504
137.54804194444444,36.147176944444446,2505
137.54795388888888,36.14736888888889,2501
137.54739194444446,36.14791888888889,2489
137.54717888888888,36.148043888888886,2485
137.54679194444444,36.14821888888889,2485
137.54617888888887,36.148426944444445,2483
137.54594194444445,36.14857694444444,2484
137.54580388888888,36.14871111111111,2480
137.54564194444444,36.14901888888889,2474
137.5455038888889,36.14918611111111,2474
137.5453038888889,36.14935194444445,2475
137.54467888888888,36.149701944444445,2471
137.54410388888888,36.14991111111111,2463
137.54396694444443,36.15000194444445,2464
137.54376694444446,36.15022694444445,2464
137.54361694444444,36.15031111111111,2462
137.54299194444445,36.15047694444444,2454
137.54113,36.151035,2438
137.54034194444444,36.15121888888889,2429
137.54011694444443,36.15135194444444,2425
137.54003,36.151493888888886,2424
137.54003,36.151626944444445,2424
137.540105,36.15172694444444,2420
137.54053,36.15236888888889,2414
137.54056694444444,36.152501944444445,2418
137.540555,36.152635,2415
137.54016694444445,36.15344388888889,2405
137.54001694444443,36.15367694444444,2407
137.53961694444445,36.15421805555555,2400
137.539055,36.15521805555556,2387
137.53904194444445,36.15540194444444,2385
137.53908,36.155518055555554,2383
137.53929194444444,36.15564305555556,2384
137.54066694444444,36.15611805555555,2364
137.54105388888888,36.156326944444444,2365
137.54117888888888,36.156443055555556,2365
137.5412538888889,36.156593055555554,2364
137.5412538888889,36.15674305555556,2365
137.54094194444446,36.15767611111111,2354
137.54079194444444,36.157985,2346
137.5406788888889,36.158093055555554,2346
137.5402288888889,36.15824305555556,2347
137.53989194444443,36.15842611111111,2338
137.53974194444444,36.158585,2334
137.53944194444443,36.158993055555555,2328
137.53892888888888,36.15953388888889,2319
137.538505,36.159908888888886,2326
137.53728,36.16060888888889,2305
137.53693,36.160758888888886,2296
137.53619194444445,36.16100111111111,2288
137.53596694444445,36.16115888888889,2286
137.535855,36.161293055555554,2285
137.535855,36.16141805555556,2284
137.53591694444444,36.161543055555555,2285
137.53613,36.16172611111111,2283
137.53696694444446,36.16218388888889,2273
137.53736694444444,36.16233388888889,2271
137.53779194444445,36.16240111111111,2267
137.5379538888889,36.16245888888889,2266
137.53804194444444,36.16253388888889,2267
137.53804194444444,36.16260888888889,2265
137.5379538888889,36.16266805555556,2263
137.53771694444444,36.162683888888886,2260
137.53748,36.16267611111111,2254
137.53723,36.16258388888889,2255
137.53656694444444,36.16260111111111,2243
137.53643,36.162576111111115,2241
137.53606694444446,36.16245888888889,2236
137.53589194444444,36.16243388888889,2238
137.535505,36.162441944444446,2235
137.53533,36.16242611111111,2233
137.53498,36.16233388888889,2229
137.53468,36.16230888888889,2227
137.534505,36.16227611111111,2225
137.534055,36.16215111111111,2229
137.53388,36.16215111111111,2227
137.53378,36.16220888888889,2227
137.53376694444444,36.16230888888889,2224
137.53388,36.16240111111111,2223
137.53424305555555,36.16251694444444,2216
137.53468,36.16267611111111,2213
137.53494194444445,36.16280111111111,2212
137.53536694444443,36.16303388888889,2205
137.535755,36.16321694444444,2206
137.53593,36.16335111111111,2205
137.53606694444446,36.16360111111111,2204
137.53606694444446,36.16378388888889,2205
137.536005,36.16387611111111,2205
137.53593,36.16388388888889,2204
137.53581694444443,36.16384194444444,2202
137.53549194444443,36.163558888888886,2193
137.53511694444444,36.16337611111111,2194
137.53433,36.16315111111111,2184
137.534055,36.16311694444445,2184
137.533855,36.16312611111111,2183
137.533405,36.163241944444444,2172
137.53313,36.16325111111111,2171
137.532205,36.16315111111111,2163
137.53176805555555,36.16308388888889,2162
137.53159194444444,36.16300888888889,2161
137.53126805555556,36.16274194444444,2164
137.53108,36.16265111111111,2163
137.53081805555556,36.162616944444444,2159
137.53078,36.162683888888886,2157
137.53079305555556,36.16280888888889,2154
137.530905,36.16291694444445,2153
137.531255,36.16315888888889,2151
137.53194305555556,36.16354194444445,2144
137.532255,36.16380111111111,2142
137.53253,36.164116944444444,2137
137.53264194444444,36.16433388888889,2133
137.53268,36.16457611111111,2135
137.53263,36.165075,2134
137.53254305555555,36.16514194444444,2135
137.53241805555555,36.16514194444444,2133
137.53233,36.1651,2131
137.53229305555556,36.165025,2131
137.53226694444444,36.16465888888889,2125
137.53219305555555,36.16440111111111,2124
137.53206805555556,36.16425888888889,2123
137.53188,36.16413388888889,2122
137.53119305555555,36.16386694444444,2119
137.53039305555555,36.16345888888889,2112
137.52999305555556,36.16334194444445,2111
137.529105,36.163333888888886,2108
137.52849305555554,36.163266944444445,2104
137.52789305555555,36.163133888888886,2103
137.52768111111112,36.16314194444445,2101
137.52759305555554,36.16323388888889,2098
137.5276061111111,36.163333888888886,2095
137.52778111111112,36.16341694444444,2096
137.52836805555555,36.16356694444445,2091
137.52891805555555,36.16363388888889,2093
137.52948,36.16365111111111,2095
137.53001805555556,36.16373388888889,2086
137.53031805555557,36.163891944444444,2083
137.53054305555557,36.164116944444444,2082
137.53061805555555,36.16429194444444,2078
137.53061805555555,36.16442611111111,2074
137.53056805555556,36.164525,2075
137.530455,36.164591944444446,2077
137.530205,36.164625,2075
137.529955,36.16466694444444,2076
137.52954305555556,36.164833888888886,2074
137.52914305555555,36.16515888888889,2075
137.52884305555557,36.16534194444444,2077
137.52869305555555,36.16536694444444,2076
137.52859305555555,36.16534194444444,2074
137.52853,36.165241944444446,2072
137.52858,36.16510888888889,2072
137.52909305555556,36.164741944444444,2064
137.52936805555555,36.1645,2064
137.52974305555554,36.16435888888889,2065
137.52986805555557,36.164275,2064
137.52991805555556,36.16415111111111,2064
137.52989305555556,36.16409194444444,2066
137.529755,36.16400888888889,2064
137.52956805555556,36.163983888888886,2067
137.52883,36.16399194444445,2066
137.52794305555557,36.16409194444444,2055
137.52681805555557,36.16430888888889,2047
137.5267311111111,36.16438388888889,2047
137.52674305555556,36.16448388888889,2046
137.5268561111111,36.16450888888889,2044
137.52761805555556,36.1644,2045
137.52790611111112,36.1644,2040
137.52811805555555,36.16448388888889,2035
137.52814305555555,36.164566944444445,2035
137.52811805555555,36.16468388888889,2036
137.5278311111111,36.16485,2033
137.5277311111111,36.16498388888889,2032
137.52751805555556,36.1657,2025
137.5274311111111,36.16593388888889,2023
137.52684305555556,36.166875,2013
137.52674305555556,36.16695,2013
137.5266061111111,36.16695,2012
137.52651805555556,36.166875,2011
137.5265311111111,36.166775,2010
137.52690611111112,36.16615,2006
137.52694305555556,36.166025,2005
137.52690611111112,36.165925,2004
137.5268061111111,36.16588388888889,2006
137.52666805555555,36.165908888888886,2003
137.52626805555556,36.166091944444446,1998
137.52606805555556,36.166125,1992
137.52589305555554,36.16611694444445,1992
137.52534305555557,36.16600805555556,1983
137.52501805555556,36.165958055555556,1983
137.5248061111111,36.165958055555556,1976
137.52434305555556,36.166,1972
137.52401805555556,36.166,1972
137.52376805555556,36.166041944444444,1965
137.52348111111112,36.16615,1964
137.5230811111111,36.166316944444446,1964
137.52276805555556,36.166383055555556,1963
137.52216805555557,36.1664,1965
137.52189305555555,36.166466944444444,1963
137.5217561111111,36.16663305555556,1964
137.52170611111111,36.16710805555556,1955
137.5216311111111,36.16725805555556,1955
137.5214938888889,36.1674,1954
137.52134388888888,36.16749111111111,1953
137.5210438888889,36.167608055555554,1953
137.52101888888888,36.16761611111111,1953
137.52076888888888,36.16775,1955
137.5198938888889,36.168416111111114,1945
137.51975611111112,36.16869111111111,1943
137.51974388888888,36.168825,1942
137.51976888888888,36.168925,1942
137.5198438888889,36.169025,1940
137.51996888888888,36.16905805555555,1939
137.52008111111112,36.16905,1937
137.52021888888888,36.168975,1935
137.52054388888888,36.168508055555556,1934
137.52076888888888,36.168308055555556,1926
137.5210561111111,36.16811611111111,1921
137.5215311111111,36.16790805555556,1920
137.52179305555555,36.16778305555555,1912
137.52236805555555,36.1674,1916
137.5225311111111,36.167375,1913
137.5226561111111,36.16739194444445,1911
137.5227311111111,36.16745,1906
137.52274305555557,36.16755805555555,1903
137.52271805555554,36.16771611111111,1905
137.5223311111111,36.16845,1893
137.5222811111111,36.168733055555556,1893
137.5223061111111,36.168866111111114,1893
137.5227561111111,36.169491111111114,1883
137.5229061111111,36.16965805555556,1877
137.52306805555557,36.16979111111111,1874
137.52331805555556,36.169983055555555,1874
137.52351805555554,36.17010805555555,1876
137.5236561111111,36.170175,1874
137.52384305555555,36.17021611111111,1876
137.52406805555555,36.170225,1873
137.52453111111112,36.17016611111111,1873
137.5249311111111,36.17008305555556,1872
137.52530611111112,36.169958055555554,1866
137.5254811111111,36.16995,1863
137.52581805555556,36.16995,1863
137.52601805555557,36.16989111111111,1862
137.52621805555555,36.16979111111111,1859
137.5267311111111,36.1695,1846
137.52686805555555,36.16944111111111,1847
137.527005,36.16944111111111,1847
137.52709305555555,36.169491111111114,1845
137.52718,36.16979111111111,1834
137.52731805555555,36.16989111111111,1832
137.527405,36.169916111111114,1832
137.527555,36.169916111111114,1833
137.52793,36.16979111111111,1833
137.52866805555556,36.16941611111111,1824
137.528855,36.16936611111111,1824
137.52899305555556,36.169358055555556,1823
137.529105,36.169425,1823
137.52916805555554,36.1696,1819
137.52906805555557,36.16979111111111,1812
137.52903,36.170366111111115,1813
137.52891805555555,36.17068305555556,1814
137.52829305555557,36.17151611111111,1810
137.528205,36.17175,1803
137.528205,36.17207388888889,1800
137.528655,36.17364111111111,1766
137.52874194444445,36.17372388888889,1765
137.52928,36.17379888888889,1769
137.529405,36.17384111111111,1767
137.52944305555556,36.17397388888889,1764
137.52943,36.17406611111111,1763
137.529305,36.174258055555555,1763
137.52903,36.17459111111111,1766
137.52884194444445,36.17474888888889,1759
137.52856805555555,36.17489888888889,1756
137.52771805555557,36.17524888888889,1743
137.52754305555555,36.175356944444445,1740
137.52746805555554,36.175491111111114,1733
137.52744305555555,36.17561611111111,1726
137.52753,36.17581611111111,1732
137.52818,36.17675805555555,1724
137.528255,36.17694111111111,1725
137.52816805555557,36.177123888888886,1724
137.52791805555555,36.177348888888886,1716
137.52788,36.177506944444445,1713
137.527955,36.17767388888889,1711
137.52811694444443,36.17776611111111,1715
137.528455,36.17800694444445,1710
137.52864194444444,36.17818194444445,1705
137.528755,36.17834888888889,1703
137.52891805555555,36.17896611111111,1700
137.52904305555555,36.17915694444444,1694
137.52933,36.17952388888889,1691
137.529505,36.17979111111111,1688
137.52969194444444,36.17997388888889,1685
137.52993,36.18019888888889,1681
137.53019194444445,36.18047388888889,1681
137.53041694444445,36.180773888888886,1682
137.530555,36.180881944444444,1685
137.53078,36.180973888888886,1684
137.531005,36.181015,1685
137.531505,36.181065,1676
137.53178,36.18109,1673
137.53209194444443,36.181106944444444,1672
137.53232888888888,36.181156944444446,1667
137.5325038888889,36.18122388888889,1664
137.5327538888889,36.181415,1663
137.53300388888889,36.181565,1658
137.5331038888889,36.181556944444445,1658
137.53312888888888,36.18148194444444,1653
137.5330538888889,36.181306944444444,1655
137.5328788888889,36.181131944444445,1657
137.5327288888889,36.180931944444445,1648
137.53241694444444,36.18079888888889,1648
137.53226694444444,36.180665,1644
137.5320788888889,36.18059888888889,1646
137.531855,36.18059888888889,1644
137.531755,36.180565,1642
137.53149194444444,36.18034,1636
137.531305,36.18024111111111,1637
137.53111694444445,36.18004111111111,1635
137.530955,36.17966611111111,1631
137.53088,36.179431944444445,1624
137.53071694444444,36.17922388888889,1625
137.53063,36.17908194444444,1625
137.53063,36.17888194444444,1623
137.53074194444446,36.17885694444445,1619
137.53084194444443,36.17892388888889,1618
137.53091694444444,36.17909111111111,1617
137.53109194444446,36.179273888888886,1617
137.53188,36.17970694444445,1606
137.5323038888889,36.17986611111111,1604
137.53256694444445,36.17993194444445,1598
137.53309194444444,36.18002388888889,1594
137.53326694444445,36.18010694444445,1591
137.5337538888889,36.18054111111111,1588
137.53419194444444,36.18072388888889,1583
137.5343538888889,36.18078194444445,1586
137.53446694444443,36.18076611111111,1583
137.5344538888889,36.18065694444444,1581
137.53436694444446,36.18063194444444,1578
137.53415388888888,36.18056611111111,1579
137.5339538888889,36.18042388888889,1576
137.5337288888889,36.18017388888889,1575
137.53339194444445,36.17974888888889,1574
137.5332788888889,36.17937388888889,1571
137.53299194444443,36.179248888888885,1565
137.53254194444443,36.17901611111111,1566
137.53245388888888,36.17893194444444,1565
137.53245388888888,36.17877388888889,1564
137.5325288888889,36.178623888888886,1566
137.53261694444444,36.17854888888889,1565
137.53345388888889,36.17820694444445,1557
137.53360388888888,36.17818305555556,1556
137.53402888888888,36.17816611111111,1553
137.53411694444443,36.178131944444445,1552
137.5341788888889,36.178066111111114,1554
137.5342288888889,36.17787388888889,1552
137.53429194444445,36.17778194444445,1552
137.53437888888888,36.17774111111111,1547
137.53450388888888,36.177731944444446,1546
137.5346538888889,36.17779888888889,1543
137.53550388888888,36.17825805555555,1536
137.5356538888889,36.17829888888889,1537
137.53581694444443,36.178331944444444,1538
137.5360288888889,36.17831611111111,1536
137.53624194444444,36.17825805555555,1533
137.5363788888889,36.17816611111111,1532
137.53659194444444,36.17778194444445,1531
137.53666694444445,36.17760805555555,1525
137.53662888888888,36.177483055555555,1523
137.53651694444446,36.177283055555556,1525
137.5364788888889,36.17704111111111,1524
137.53655388888888,36.176766111111114,1526
137.5366788888889,36.176566111111114,1524
137.5368038888889,36.176473888888886,1523
137.5369288888889,36.17644111111111,1520
137.53710388888888,36.176473888888886,1518
137.5371288888889,36.17652388888889,1516
137.5370538888889,36.176633055555556,1517
137.53681694444444,36.17688305555556,1509
137.53677888888888,36.17696611111111,1508
137.53676694444445,36.17707388888889,1520
137.53679194444445,36.17714888888889,1508
137.53697888888888,36.177433055555554,1506
137.5370288888889,36.17760805555555,1505
137.53697888888888,36.17781611111111,1497
137.5367288888889,36.17861611111111,1494
137.53661694444443,36.17874111111111,1496
137.53646694444444,36.17884111111111,1497
137.53636694444444,36.178848888888886,1499
137.53534194444444,36.17880805555556,1489
137.53526694444443,36.178848888888886,1489
137.53521694444444,36.17894111111111,1487
137.5352288888889,36.179048888888886,1483
137.53529194444445,36.17910805555555,1483
137.53684194444443,36.18026611111111,1471
137.5373911111111,36.18069888888889,1466
137.53756611111112,36.18079888888889,1465
137.5376288888889,36.180748888888886,1463
137.5376288888889,36.18066611111111,1462
137.5375038888889,36.18058194444444,1464
137.53731611111112,36.18034888888889,1461
137.53699194444445,36.17977388888889,1456
137.53687888888888,36.17965805555556,1456
137.53681694444444,36.17955805555555,1456
137.5369038888889,36.17948194444445,1456
137.53699194444445,36.17949888888889,1456
137.53721611111112,36.17957388888889,1454
137.5376038888889,36.17978305555555,1448
137.53787888888888,36.179991111111114,1445
137.53846611111112,36.18059111111111,1442
137.53846611111112,36.18062388888889,1442
137.5384911111111,36.18092388888889,1444
137.5385288888889,36.18096611111111,1444
137.5386038888889,36.18098194444445,1442
137.53869111111112,36.18089111111111,1440
137.53869111111112,36.18074111111111,1438
137.5388411111111,36.18034111111111,1428
137.53890388888888,36.18030805555556,1424
137.5389788888889,36.18029888888889,1424
137.53904111111112,36.18031611111111,1422
137.5391038888889,36.18052388888889,1426
137.5391161111111,36.18081611111111,1425
137.53924111111112,36.18092388888889,1419
137.5392911111111,36.180931944444445,1419
137.53936611111112,36.180906944444445,1416
137.5394161111111,36.18087388888889,1418
137.5394161111111,36.18059111111111,1417
137.53946611111112,36.180531944444446,1413
137.5395411111111,36.18049888888889,1413
137.53959111111112,36.18044888888889,1412
137.5397911111111,36.180456944444444,1412
137.54016611111112,36.18059888888889,1410
137.5403661111111,36.180616111111114,1406
137.5406411111111,36.18058194444444,1403
137.54185388888888,36.18022388888889,1393
137.5421411111111,36.180191111111114,1389
137.5422411111111,36.18022388888889,1388
137.54232888888887,36.18031611111111,1388
137.5423661111111,36.18042388888889,1386
137.54270305555556,36.18144888888889,1373
137.54276611111112,36.18160694444445,1371
137.5428411111111,36.18167388888889,1368
137.54290305555554,36.181691111111114,1368
137.5434911111111,36.18164888888889,1364
137.5436161111111,36.18167388888889,1362
137.5436161111111,36.18167388888889,1362
137.54367805555555,36.18172388888889,1361
137.54369111111112,36.18204111111111,1357
137.54372805555556,36.18212388888889,1357
137.54380305555554,36.18216611111111,1356
137.54442805555556,36.18217388888889,1351
137.54455305555555,36.18228194444445,1348
137.54471611111111,36.18261611111111,1345
137.54670305555555,36.18291611111111,1326
137.54712805555556,36.18297388888889,1324
137.548515,36.183098888888885,1316
137.54920305555555,36.183123888888886,1312
137.549865,36.18320694444444,1309
137.550065,36.183231944444444,1308
137.55044,36.18334888888889,1308
137.55072805555557,36.183506944444446,1307
137.55097805555556,36.18369888888889,1308
137.551115,36.183881944444444,1308
137.55122805555555,36.18412388888889,1304
137.551315,36.18440694444445,1305
137.551465,36.184981944444445,1302
137.551565,36.18551611111111,1299
137.55157805555555,36.18572388888889,1298
137.55155194444444,36.18619888888889,1295
137.55152694444445,36.18653194444445,1293
137.55154,36.186965,1289
137.551665,36.18719888888889,1287
137.55224,36.18777388888889,1279
137.55249,36.18809805555556,1277
137.552565,36.188448055555554,1278
137.552565,36.18874805555556,1276
137.55247694444444,36.189098055555554,1272
137.55244194444444,36.18919388888889,1270
137.55244194444444,36.18919388888889,1270
137.552365,36.18940694444444,1267
137.55219,36.189915,1265
137.55219,36.19014,1264
137.55219,36.190173055555555,1264
137.55232694444445,36.190865,1258
137.55234,36.19114805555556,1258
137.55237694444443,36.191223055555554,1258
137.552415,36.19129,1258
137.55247694444444,36.19134805555556,1258
137.55354,36.191765,1258
137.553665,36.19184,1259
137.55402694444444,36.19217305555556,1262
137.5543888888889,36.19263111111111,1265
137.55462694444444,36.19291388888889,1268
137.55468888888888,36.192973055555555,1269
137.55490194444445,36.19315611111111,1272
137.55527694444444,36.193356111111115,1274
137.5555388888889,36.19347305555556,1276
137.55580194444445,36.19360611111111,1282
137.55600194444443,36.19360611111111,1283
137.55647694444446,36.19345611111111,1284
137.55682694444445,36.19336388888889,1290
137.55755194444444,36.193148055555554,1296
137.55786388888887,36.193148055555554,1302
137.55837694444443,36.19320611111111,1305
137.5589138888889,36.19323111111111,1307
137.5590138888889,36.19329805555556,1308
137.55900194444445,36.19350611111111,1306
137.55895194444443,36.19405611111111,1312
137.55900194444445,36.194206111111114,1315
137.55922694444445,36.19443888888889,1316
137.5596138888889,36.19486388888889,1321
137.55963888888888,36.19495611111111,1324
137.55962694444443,36.19510611111111,1324
137.55945194444445,36.19553888888889,1325
137.5594638888889,36.19615611111111,1329
137.55863888888888,36.19895611111111,1345
137.55822694444444,36.199596944444444,1347
137.55817694444445,36.199688888888886,1349
137.5579138888889,36.20083,1355
137.55783888888888,36.20131305555555,1355
137.55783888888888,36.20173805555556,1360
137.5579138888889,36.20182194444445,1364
137.5580388888889,36.20182194444445,1366
137.5581138888889,36.20176305555555,1366
137.5581388888889,36.20147194444444,1364
137.55841388888888,36.20122194444444,1365
137.5588261111111,36.20088888888889,1378
137.5589511111111,36.20043888888889,1378
137.5590638888889,36.200205,1378
137.55945111111112,36.19973,1381
137.5595761111111,36.19953888888889,1381
137.5596261111111,36.19933,1379
137.5596261111111,36.199196944444445,1379
137.55965111111112,36.19908888888889,1379
137.5597511111111,36.19904694444445,1381
137.5598388888889,36.19905611111111,1384
137.55988888888888,36.19911388888889,1387
137.5598511111111,36.19925611111111,1384
137.5597261111111,36.199505,1383
137.55945111111112,36.20022194444444,1386
137.5593511111111,36.20056388888889,1392
137.5593638888889,36.200705,1394
137.5593888888889,36.200896944444445,1394
137.5595011111111,36.201121944444445,1396
137.5595011111111,36.20128888888889,1397
137.55945111111112,36.20142194444445,1398
137.5592761111111,36.20178,1398
137.55921388888888,36.201971944444445,1396
137.55920111111112,36.20214694444444,1403
137.5592761111111,36.202221944444446,1404
137.5593638888889,36.202196944444445,1405
137.5594638888889,36.202063055555556,1405
137.5595138888889,36.201855,1403
137.55965111111112,36.20168805555556,1404
137.5599388888889,36.201455,1409
137.56008888888888,36.201255,1415
137.5603011111111,36.200696944444445,1416
137.5604011111111,36.20033,1424
137.5607138888889,36.19988,1426
137.56088888888888,36.199655,1426
137.5609511111111,36.19943,1434
137.56113888888888,36.19871388888889,1439
137.5614138888889,36.19790611111111,1446
137.56160111111112,36.197696944444445,1450
137.56170111111112,36.19739694444444,1457
137.5621138888889,36.19661388888889,1468
137.5623261111111,36.19625611111111,1471
137.56240111111111,36.195948055555554,1475
137.5625638888889,36.19563111111111,1476
137.56270111111112,36.19544805555556,1476
137.5628638888889,36.19537305555556,1476
137.5630261111111,36.19533111111111,1479
137.56315111111113,36.19527305555555,1482
137.5632261111111,36.19521388888889,1487
137.5632388888889,36.195123055555555,1487
137.5632138888889,36.19501388888889,1485
137.5631888888889,36.194831111111114,1483
137.5633761111111,36.19459805555555,1484
137.5636511111111,36.19436388888889,1481
137.56407611111112,36.19437305555556,1485
137.56465111111112,36.194181111111114,1483
137.5652388888889,36.19401388888889,1489
137.5656138888889,36.194023055555554,1498
137.5657388888889,36.193981111111114,1497
137.56588888888888,36.19378888888889,1498
137.56610111111112,36.19367305555556,1499
137.5665261111111,36.193515,1496
137.56700111111113,36.19344805555556,1509
137.5670638888889,36.19338111111111,1506
137.5670888888889,36.19329,1506
137.5670638888889,36.193115,1506
137.56701388888888,36.192973055555555,1510
137.5669638888889,36.19282305555556,1513
137.5669888888889,36.19264,1512
137.5670638888889,36.19254,1514
137.5674888888889,36.192215,1521
137.5679011111111,36.192015,1526
137.56805111111112,36.19190694444445,1525
137.5681138888889,36.19177305555556,1525
137.56813888888888,36.19119805555555,1532
137.56827611111112,36.191048055555555,1533
137.56861388888888,36.190956944444444,1539
137.56895111111112,36.19094805555556,1541
137.5691511111111,36.19089805555556,1545
137.56985111111112,36.190715,1549
137.57053805555555,36.19063194444445,1555
137.5707261111111,36.190598055555554,1556
137.57087611111112,36.190506944444444,1556
137.57093805555556,36.19040694444445,1557
137.5709011111111,36.18987388888889,1564
137.57098805555555,36.18958194444444,1564
137.57100111111112,36.18937388888889,1567
137.5708261111111,36.189123888888886,1569
137.57075111111112,36.18897388888889,1574
137.57076305555555,36.188831944444445,1575
137.57097611111112,36.18842388888889,1582
137.57123805555557,36.188116111111114,1587
137.5713761111111,36.18803194444445,1588
137.57177611111112,36.18797388888889,1589
137.57200111111112,36.187916111111115,1588
137.57218805555556,36.18779111111111,1588
137.57258805555554,36.18734111111111,1588
137.57308805555556,36.18664111111111,1585
137.5731011111111,36.18644888888889,1584
137.5727261111111,36.185656944444446,1594
137.57268805555555,36.18541611111111,1596
137.57268805555555,36.18519888888889,1598
137.5727511111111,36.184958055555555,1600
137.57286305555556,36.184783055555556,1602
137.57300111111113,36.18467388888889,1604
137.57337611111112,36.18444111111111,1608
137.57357611111112,36.18429888888889,1607
137.57382611111112,36.18399888888889,1610
137.57403805555555,36.18384888888889,1612
137.57437611111112,36.18376611111111,1616
137.57517611111112,36.18369888888889,1619
137.57541305555554,36.183658055555554,1622
137.57558805555556,36.18356611111111,1624
137.57583805555555,36.18335805555556,1626
137.57620111111112,36.18314111111111,1628
137.57686305555555,36.182875,1637
137.57713805555557,36.182675,1637
137.57742611111112,36.18255805555555,1637
137.5779,36.182433055555556,1644
137.579475,36.182175,1654
137.5798,36.182141944444446,1656
137.580075,36.182175,1657
137.580375,36.18224194444444,1658
137.58053805555556,36.1823,1659
137.58065,36.18239194444445,1659
137.580625,36.18261611111111,1664
137.58053805555556,36.18275,1661
137.58053805555556,36.182825,1660
137.58068805555556,36.182966111111114,1665
137.58071305555555,36.18309111111111,1664
137.580775,36.18321611111111,1662
137.58086194444445,36.18326611111111,1662
137.58108694444445,36.18336611111111,1663
137.58126305555555,36.18351611111111,1665
137.5814,36.183708055555556,1672
137.58148694444444,36.183908055555555,1673
137.58156194444445,36.18405805555555,1674
137.58165,36.18414111111111,1671
137.58205,36.18420805555556,1678
137.58221194444445,36.184266111111114,1682
137.582325,36.18438305555556,1682
137.58256194444445,36.184783055555556,1685
137.58258694444444,36.18485805555556,1685
137.58258694444444,36.18514111111111,1689
137.58256194444445,36.18531611111111,1693
137.58263694444443,36.18553305555555,1692
137.58256194444445,36.18575805555555,1691
137.58251194444443,36.18584888888889,1686
137.582525,36.18591611111111,1686
137.582625,36.18594111111111,1690
137.58293694444444,36.18589111111111,1696
137.58333694444445,36.18584888888889,1705
137.58356194444445,36.18587388888889,1707
137.58368694444445,36.185966111111114,1706
137.583775,36.18621611111111,1705
137.58396194444444,36.186323888888886,1711
137.5840988888889,36.18635805555556,1710
137.5845238888889,36.18644888888889,1714
137.5846738888889,36.18650805555556,1717
137.58483694444445,36.18663305555555,1715
137.58493694444445,36.18678305555556,1720
137.5850738888889,36.18692388888889,1721
137.58524888888888,36.18702388888889,1722
137.58553694444444,36.18716611111111,1724
137.58573694444445,36.187581944444446,1730
137.58582388888888,36.187756944444445,1731
137.58596194444445,36.18785694444444,1732
137.58611194444444,36.187956944444444,1734
137.58631194444445,36.18810805555555,1733
137.5863738888889,36.18825694444445,1734
137.5864238888889,36.18852388888889,1731
137.58671194444443,36.18879111111111,1743
137.58672388888888,36.18893194444444,1744
137.5866738888889,36.18907388888889,1745
137.5865488888889,36.18959111111111,1744
137.5864488888889,36.18977388888889,1746
137.5860238888889,36.19038194444445,1755
137.58572388888888,36.19090694444444,1753
137.58563694444445,36.19097388888889,1754
137.5853488888889,36.190965,1755
137.58503694444445,36.19094888888889,1757
137.58461194444445,36.19076611111111,1753
137.58422388888889,36.19072388888889,1754
137.58413694444445,36.190765,1753
137.58386194444444,36.190981944444445,1763
137.5834988888889,36.19110694444444,1762
137.5833738888889,36.19119,1763
137.5833738888889,36.191381944444444,1773
137.58334888888888,36.191473888888886,1776
137.58318694444444,36.191606944444445,1773
137.5831738888889,36.19173194444444,1774
137.58318694444444,36.19188194444445,1774
137.58303694444444,36.19214,1775
137.5830238888889,36.19234,1784
137.5830738888889,36.19249805555555,1782
137.5831988888889,36.19258194444444,1781
137.58334888888888,36.19263194444444,1785
137.58358694444445,36.192665,1792
137.5837488888889,36.192715,1793
137.5838488888889,36.19278194444444,1794
137.58399888888889,36.19299,1794
137.58421194444443,36.19332305555555,1794
137.58422388888889,36.19344,1795
137.58421194444443,36.193581944444446,1794
137.5840988888889,36.19374611111111,1794
137.5840988888889,36.19374611111111,1794
137.58401194444446,36.19387305555556,1794
137.58398694444443,36.194006944444446,1796
137.58399888888889,36.19410694444444,1796
137.58402388888888,36.194215,1797
137.5840988888889,36.194381944444444,1793
137.58422388888889,36.19444,1791
137.5842988888889,36.19464,1791
137.58437388888888,36.19479,1786
137.58446194444446,36.19489,1784
137.58459888888888,36.19502305555555,1784
137.5849488888889,36.19547305555555,1776
137.58504888888888,36.19564,1774
137.5851738888889,36.19588111111111,1774
137.58528694444445,36.19624,1767
137.5853488888889,36.19660611111111,1764
137.58541194444444,36.19718888888889,1764
137.5854488888889,36.19808888888889,1757
137.5857738888889,36.19828888888889,1758
137.58617388888888,36.19853888888889,1757
137.5865738888889,36.198796944444446,1748
137.58707388888888,36.199173055555555,1748
137.58754888888888,36.199556111111114,1739
137.5879361111111,36.19990611111111,1735
137.58833611111112,36.20033111111111,1727
137.58868611111112,36.200698055555556,1724
137.5889361111111,36.20104805555555,1724
137.58922388888888,36.201571944444446,1717
137.58936111111112,36.20178888888889,1715
137.5895361111111,36.20189694444444,1711
137.59058611111112,36.20236388888889,1714
137.59082305555555,36.20257194444444,1707
137.59117305555554,36.20294694444444,1705
137.59124805555555,36.20308888888889,1706
137.5911861111111,36.20334694444445,1703
137.5912111111111,36.203471944444445,1701
137.59132305555556,36.20362194444444,1701
137.59161111111112,36.20386388888889,1695
137.59173611111112,36.204031111111114,1694
137.59182305555555,36.20421388888889,1695
137.5919111111111,36.20459694444445,1695
137.59199805555556,36.204755,1693
137.59214805555555,36.20478,1692
137.59284805555555,36.20476388888889,1696
137.59297305555555,36.204796944444446,1694
137.5931111111111,36.20513888888889,1688
137.59321111111112,36.20526388888889,1684
137.59339805555555,36.205421944444446,1685
137.59344805555557,36.205663888888886,1684
137.59356,36.205755,1684
137.59372305555556,36.20578888888889,1682
137.593985,36.20571388888889,1685
137.59421,36.205621944444445,1686
137.594535,36.205596944444444,1684
137.59522305555555,36.20568,1673
137.59572305555557,36.205655,1676
137.59604694444445,36.205555,1676
137.59637305555555,36.205505,1675
137.596735,36.20548888888889,1675
137.59696,36.20553888888889,1676
137.59721,36.20563,1674
137.59734805555556,36.205646944444446,1675
137.59749805555555,36.20563888888889,1675
137.59764694444445,36.20556388888889,1673
137.59781,36.20540611111111,1665
137.59787194444445,36.20520611111111,1666
137.59781,36.20476388888889,1665
137.597935,36.204146944444446,1664
137.59794805555555,36.20398111111111,1663
137.59792194444444,36.20385611111111,1659
137.59772305555555,36.20351388888889,1655
137.59771,36.20341388888889,1655
137.59781,36.203271944444445,1654
137.59796,36.20319805555555,1658
137.598185,36.20321388888889,1658
137.59841,36.203246944444444,1653
137.59862305555555,36.20323888888889,1653
137.598935,36.20316388888889,1657
137.59932194444445,36.203181111111114,1657
137.600135,36.203296944444446,1648
137.600335,36.20323888888889,1646
137.60039694444444,36.20314805555556,1648
137.60039694444444,36.20305611111111,1648
137.60031,36.20293888888889,1650
137.60012194444445,36.20280611111111,1649
137.599785,36.20249694444445,1637
137.59976,36.202373055555555,1637
137.59957194444445,36.202131111111115,1638
137.599535,36.20198888888889,1639
137.599585,36.20148888888889,1635
137.599735,36.20127305555555,1627
137.599785,36.20160611111111,1627
137.599885,36.20193111111111,1630
137.60001,36.20220611111111,1624
137.60026,36.20245611111111,1621
137.60077194444443,36.20281388888889,1617
137.600935,36.20293111111111,1615
137.60097194444444,36.20319805555555,1616
137.60099694444443,36.20332194444445,1617
137.60106,36.20343888888889,1610
137.60107194444444,36.20359805555555,1606
137.60099694444443,36.203698055555556,1605
137.600585,36.20370611111111,1605
137.60016,36.20377194444445,1607
137.599985,36.20377194444445,1607
137.59967194444445,36.203698055555556,1606
137.59949694444444,36.20370611111111,1605
137.599135,36.20374694444445,1606
137.598885,36.20386388888889,1606
137.59874694444446,36.20418111111111,1597
137.59869805555556,36.20446388888889,1597
137.598685,36.20469694444444,1596
137.59869694444444,36.20488888888889,1597
137.59874694444446,36.20504694444445,1599
137.59886,36.20521388888889,1597
137.59914694444444,36.20551388888889,1595
137.599185,36.20572194444444,1596
137.59904694444444,36.206046944444445,1587
137.599085,36.206221944444444,1586
137.59922194444445,36.206355,1586
137.59954694444446,36.206646944444444,1587
137.599685,36.20681388888889,1586
137.59987194444443,36.20719694444445,1581
137.59997194444443,36.20728,1579
137.60006,36.207296944444444,1578
137.60012194444445,36.20724694444444,1576
137.60014694444445,36.207121944444445,1573
137.599585,36.20623111111111,1575
137.59956,36.20586388888889,1564
137.599435,36.20538888888889,1569
137.599335,36.20518111111111,1565
137.59922194444445,36.204996944444446,1565
137.59921,36.20485611111111,1568
137.59924694444445,36.204721944444444,1564
137.599335,36.20459694444445,1563
137.59956,36.204348055555556,1558
137.599685,36.20431388888889,1557
137.59979694444445,36.20439694444445,1555
137.599835,36.20448888888889,1553
137.59981,36.204571944444446,1552
137.59961,36.20483111111111,1555
137.59961,36.20501388888889,1554
137.59984694444444,36.20571388888889,1548
137.600035,36.20606388888889,1545
137.60007194444444,36.20632194444445,1547
137.600135,36.20646388888889,1547
137.600335,36.20656388888889,1544
137.60051,36.20674694444445,1543
137.60062194444444,36.20691388888889,1542
137.60071,36.20719694444445,1533
137.60091,36.20748,1529
137.60096,36.207771944444445,1532
137.6010588888889,36.20803,1533
137.60107194444444,36.20828888888889,1537
137.6012088888889,36.20828888888889,1532
137.60123388888888,36.20818888888889,1525
137.60122194444443,36.20804694444445,1528
137.6011088888889,36.20771388888889,1528
137.601085,36.207346944444446,1524
137.600935,36.207055,1518
137.60089694444446,36.20665611111111,1515
137.60072194444444,36.20638888888889,1518
137.60072194444444,36.20626388888889,1518
137.60087194444444,36.205981111111115,1514
137.60102194444445,36.205756111111114,1506
137.60109694444444,36.20558111111111,1507
137.60114694444445,36.20536388888889,1505
137.60122194444443,36.205238888888886,1507
137.60132194444444,36.20523111111111,1504
137.6014088888889,36.20524694444445,1502
137.60147194444446,36.20531388888889,1500
137.6015088888889,36.20543888888889,1497
137.60149694444445,36.20556388888889,1495
137.60139694444445,36.20581388888889,1496
137.60124694444445,36.20610611111111,1496
137.60123388888888,36.20658111111111,1487
137.60135888888888,36.207031111111114,1488
137.6014088888889,36.20719694444445,1489
137.60152194444444,36.207405,1489
137.60164694444444,36.20753888888889,1488
137.60183388888888,36.20773,1486
137.6019088888889,36.20792194444444,1485
137.60192194444446,36.208171944444445,1485
137.60194694444445,36.20827194444445,1485
137.60203388888888,36.20834694444444,1478
137.6021338888889,36.20833,1475
137.6022088888889,36.20826388888889,1475
137.60227194444445,36.20806388888889,1468
137.60224694444443,36.20789694444444,1467
137.6019838888889,36.207588888888885,1472
137.6019088888889,36.20741388888889,1465
137.60183388888888,36.20723111111111,1467
137.60177194444444,36.206406111111114,1458
137.6017838888889,36.20619694444444,1456
137.60184694444445,36.20600611111111,1458
137.60202194444443,36.20571388888889,1457
137.6021088888889,36.20563888888889,1460
137.6022088888889,36.20563888888889,1454
137.60225888888888,36.20569694444445,1451
137.6022338888889,36.205796944444444,1450
137.60207194444445,36.20594694444444,1454
137.60199694444444,36.20609694444445,1455
137.60197194444444,36.206271944444445,1451
137.60199694444444,36.20651388888889,1451
137.6020838888889,36.206831111111114,1449
137.60214694444446,36.20699694444444,1447
137.60222194444444,36.20713111111111,1449
137.60237194444446,36.207371944444446,1439
137.60249694444445,36.20751388888889,1438
137.60274694444445,36.20769694444444,1438
137.60282194444446,36.20778888888889,1435
137.60283388888888,36.20788,1435
137.6027838888889,36.20803,1438
137.60273388888888,36.20858888888889,1441
137.60274694444445,36.208663888888886,1441
137.60279694444444,36.20869694444445,1434
137.60285888888887,36.20868,1434
137.60289694444444,36.20863888888889,1433
137.60289694444444,36.20853888888889,1434
137.60287194444444,36.20836388888889,1438
137.60297194444445,36.208013888888885,1432
137.60304694444446,36.20784694444445,1427
137.60305888888888,36.20776388888889,1426
137.60304694444446,36.20766388888889,1424
137.60294694444445,36.207546944444445,1424
137.60279694444444,36.20731388888889,1420
137.6026838888889,36.20707194444444,1417
137.6025838888889,36.206696944444445,1417
137.60259694444446,36.20628111111111,1410
137.6026338888889,36.20603111111111,1418
137.60269694444443,36.20596388888889,1414
137.60274694444445,36.20593888888889,1414
137.60283388888888,36.205981111111115,1408
137.60284694444445,36.206046944444445,1407
137.60282194444446,36.206113888888886,1406
137.60273388888888,36.20625611111111,1408
137.60269694444443,36.206381111111114,1412
137.60269694444443,36.206496944444446,1412
137.6027588888889,36.20663111111111,1412
137.60292194444443,36.206871944444444,1407
137.60309694444445,36.20713111111111,1409
137.6032588888889,36.207321944444445,1404
137.60344694444444,36.20742194444444,1400
137.60362194444446,36.20746388888889,1395
137.60372194444443,36.20756388888889,1392
137.60363388888888,36.20789694444444,1397
137.60362194444446,36.20826388888889,1392
137.60360888888889,36.208705,1387
137.60364694444445,36.208796944444444,1388
137.6037088888889,36.20883,1385
137.60379694444444,36.208805,1383
137.60382194444443,36.208655,1384
137.6037838888889,36.20841388888889,1385
137.60379694444444,36.20818,1383
137.6038338888889,36.20798111111111,1389
137.60387194444445,36.20784694444445,1390
137.6040088888889,36.207681111111114,1377
137.60407194444446,36.20756388888889,1377
137.6040588888889,36.20744694444444,1377
137.60397194444445,36.20733888888889,1378
137.6038088888889,36.20726388888889,1377
137.6036588888889,36.20708888888889,1378
137.60337194444443,36.20668111111111,1369
137.60334694444444,36.206538888888886,1368
137.60338388888889,36.20638888888889,1368
137.60350888888888,36.20630611111111,1366
137.60362194444446,36.20655611111111,1366
137.6037838888889,36.20678111111111,1365
137.60440888888888,36.207321944444445,1354
137.6044838888889,36.20750611111111,1352
137.6044838888889,36.207721944444444,1353
137.60442194444445,36.20808888888889,1348
137.60444694444445,36.20831388888889,1345
137.60449694444443,36.20854694444444,1346
137.6045838888889,36.20877194444444,1337
137.60472194444444,36.20897194444444,1335
137.6054088888889,36.209446944444444,1327
137.60602194444445,36.209705,1323
137.60617194444444,36.20973,1318
137.60633388888888,36.20974694444445,1314
137.6065211111111,36.20971388888889,1314
137.6066211111111,36.209671944444445,1315
137.60678388888888,36.20958888888889,1318
137.6070711111111,36.209905,1328
137.6072211111111,36.21003,1330
137.60737111111112,36.21013,1332
137.6075211111111,36.210205,1333
137.60770888888888,36.21027194444444,1335
137.6078838888889,36.210321944444445,1337
137.6080838888889,36.210355,1339
137.60828388888888,36.21037194444445,1341
137.6086588888889,36.210355,1345
137.6093461111111,36.21023,1351
137.6095838888889,36.210205,1354
137.6097961111111,36.210205,1356
137.6100338888889,36.21023888888889,1358
137.6102461111111,36.210296944444444,1360
137.61043388888888,36.210388888888886,1362
137.6105961111111,36.210505,1364
137.61087111111112,36.21083,1369
137.6112711111111,36.21144694444445,1377
137.6113961111111,36.211596944444445,1379
137.6115211111111,36.21171388888889,1381
137.61169611111112,36.21183888888889,1383
137.61189611111112,36.21194694444444,1386
137.61210888888888,36.21203888888889,1388
137.61233305555555,36.212105,1390
137.61258305555555,36.21214694444444,1393
137.61303305555555,36.21216388888889,1397
137.61323305555555,36.21214694444444,1399
137.6136461111111,36.212046944444445,1403
137.61384611111112,36.21201388888889,1405
137.61420805555557,36.212005,1409
137.61448305555555,36.21203,1411
137.61474611111112,36.21209694444445,1414
137.61505805555555,36.212221944444444,1417
137.61543305555554,36.212513888888886,1422
137.61552111111112,36.21261388888889,1424
137.6155711111111,36.212696944444446,1425
137.61575805555555,36.213096944444445,1430
137.61605805555556,36.213855,1439
137.61640805555555,36.214888055555555,1452
137.6165211111111,36.215313055555555,1457
137.6165711111111,36.21628,1469
137.6165711111111,36.216355,1467
137.61658305555557,36.21649611111111,1466
137.61660805555556,36.21683,1464
137.61660805555556,36.21694611111111,1466
137.6165961111111,36.21718,1469
137.6165711111111,36.21834611111111,1476
137.61654611111112,36.21970388888889,1485
137.61645805555557,36.220103888888886,1488
137.6162961111111,36.22040388888889,1490
137.61609611111112,36.22069611111111,1492
137.61588305555554,36.220936944444446,1494
137.61493305555555,36.22187888888889,1501
137.6145961111111,36.22222111111111,1494
137.61450805555555,36.22240388888889,1496
137.61435805555556,36.22267111111111,1502
137.6141961111111,36.22292888888889,1501
137.61404611111112,36.22314611111111,1504
137.61393305555555,36.223303888888886,1505
137.6137961111111,36.22338694444444,1510
137.61323305555555,36.223728888888886,1510
137.6130961111111,36.22383694444444,1510
137.61304611111112,36.22398694444444,1510
137.61303305555555,36.224111944444445,1507
137.6130711111111,36.22423694444444,1504
137.61314611111112,36.224336944444445,1504
137.6132961111111,36.22446194444444,1502
137.61395805555554,36.22490388888889,1502
137.61404611111112,36.224986944444446,1505
137.6140961111111,36.22513694444444,1502
137.61420805555557,36.22546194444445,1501
137.61423305555556,36.225678888888886,1499
137.61433305555556,36.225795,1498
137.6150461111111,36.22622805555555,1499
137.6151461111111,36.226261944444445,1499
137.61563305555555,36.226245,1499
137.61577111111112,36.226278055555554,1499
137.61585805555555,36.22632,1499
137.6163711111111,36.226695,1499
137.6164961111111,36.226753055555555,1499
137.61665805555555,36.226778055555556,1499
137.616995,36.22676194444445,1499
137.61715805555556,36.22680305555556,1499
137.61762,36.22696194444445,1499
137.61790805555555,36.22702,1499
137.61832,36.227136944444446,1499
137.61865805555556,36.227245,1499
137.61890805555555,36.227353055555554,1499
137.61907,36.22748694444444,1499
137.61955805555556,36.22817805555555,1503
137.619695,36.22832,1503
137.619895,36.22843694444445,1506
137.62035805555556,36.22872805555556,1507
137.62060805555555,36.22897805555556,1507
137.62093305555555,36.22942805555556,1506
137.62103305555556,36.229595,1505
137.62108194444446,36.229745,1503
137.62108194444446,36.23010305555555,1503
137.62110805555557,36.23022805555556,1501
137.62135805555556,36.23043611111111,1508
137.62145694444445,36.230545,1508
137.62153305555555,36.230745,1503
137.62170694444444,36.231478055555556,1502
137.621795,36.231653055555554,1503
137.621945,36.231811111111114,1503
137.622195,36.23208611111111,1504
137.622445,36.23237805555556,1508
137.62260805555556,36.23253611111111,1508
137.622745,36.23264388888889,1507
137.62292,36.23274388888889,1508
137.62317,36.23286111111111,1507
137.62342,36.23296111111111,1506
137.62370694444445,36.23303611111111,1505
137.62465694444444,36.233178055555555,1505
137.62480694444446,36.23321888888889,1506
137.62492,36.23330305555555,1505
137.62522,36.23367805555556,1498
137.625505,36.234006944444445,1498
137.625505,36.234006944444445,1498
137.62587,36.234428055555554,1499
137.626195,36.23484388888889,1506
137.626545,36.23520194444445,1507
137.62682,36.23548611111111,1503
137.62712,36.23582694444445,1496
137.62723194444445,36.236018888888886,1495
137.627245,36.236151944444444,1496
137.62720694444445,36.23626888888889,1496
137.627045,36.23670194444444,1499
137.626895,36.23728611111111,1508
137.62685694444446,36.23789388888889,1510
137.62687,36.238076944444444,1511
137.62698194444445,36.23845194444444,1514
137.6273938888889,36.239351944444444,1517
137.62763194444443,36.240001944444444,1518
137.62773194444443,36.240485,1518
137.6277938888889,36.240701944444446,1519
137.62789388888888,36.240935,1519
137.62798194444446,36.241101944444445,1518
137.62821888888888,36.24141,1518
137.62853194444443,36.241751944444445,1518
137.62956888888888,36.24265194444445,1518
137.6299938888889,36.242985,1517
137.63048194444445,36.243293055555554,1517
137.6316438888889,36.24389305555555,1510
137.63251888888888,36.244276944444444,1508
137.63275694444445,36.24441,1507
137.63360694444444,36.244935,1504
137.6339438888889,36.24514305555556,1504
137.63458111111112,36.24545194444445,1504
137.6352188888889,36.245685,1507
137.63581888888888,36.24580111111111,1508
137.6360688888889,36.245885,1508
137.63624388888888,36.24601805555555,1508
137.6363561111111,36.24616805555556,1508
137.63659388888888,36.24679305555556,1509
137.63683111111112,36.24729305555555,1509
137.63686388888888,36.24734888888889,1509
</coordinates>
</LineString>
</Placemark>
</Document>
</kml>
