<?xml version="1.0" encoding="UTF-8"?>
<kml xmlns="http://www.opengis.net/kml/2.2" xmlns:atom="http://www.w3.org/2005/Atom">
<Document>
<name>第56代春合宿5日目</name>
<atom:author>
<atom:name>ザッカーバーグ</atom:name>
</atom:author> 
<atom:link href="https://latlonglab.yahoo.co.jp/route/watch?id=5d888fee1106433701b092b05d52fb66" />
<description><![CDATA[71km 600up]]></description>
<tags><![CDATA[wcc56th]]></tags>  
<Placemark>
<Style>
<LineStyle>
<color>99ff0000</color>
<width>6</width>
</LineStyle>
</Style>
<LineString>
<coordinates>
134.55074805555554,34.07429,4
134.5506661111111,34.074326944444444,4
134.55032805555555,34.07449388888889,4
134.55024111111112,34.07450194444444,4
134.55015305555557,34.07446888888889,3
134.5499411111111,34.074151944444445,2
134.54972805555556,34.07424388888889,2
134.54910305555555,34.07452694444444,2
134.54819111111112,34.07494388888889,2
134.5481161111111,34.074976944444444,2
134.54847805555556,34.07557694444444,2
134.54857805555557,34.07576888888889,2
134.54860305555556,34.07580194444444,2
134.5486911111111,34.07596888888889,2
134.5487161111111,34.07601,2
134.54889111111112,34.076276944444444,2
134.54900305555554,34.076476944444444,2
134.5491661111111,34.07674388888889,3
134.54924111111112,34.07686888888889,3
134.54946611111112,34.07724388888889,3
134.54965305555555,34.077551944444444,4
134.5498411111111,34.07786,4
134.5498661111111,34.07791805555556,4
134.55014111111112,34.07837694444444,5
134.55020305555556,34.078485,5
134.5505411111111,34.079051944444444,5
134.55072805555557,34.07946,4
134.5508661111111,34.07976,4
134.55112805555555,34.08031,3
134.55127805555554,34.08062611111111,2
134.55145305555556,34.08101805555555,1
134.55182805555555,34.08181805555556,1
134.551915,34.08202611111111,1
134.55195305555554,34.082135,1
134.55204,34.08241,1
134.55217805555554,34.083018055555556,1
134.55219,34.08311805555556,1
134.55225305555555,34.08362611111111,1
134.552265,34.083818055555554,1
134.55225305555555,34.08405111111111,1
134.55219,34.084583888888886,1
134.55219,34.08463388888889,1
134.552115,34.08517611111111,1
134.55209,34.08566805555556,1
134.552065,34.08615888888889,1
134.55210305555556,34.086241944444446,1
134.55207805555557,34.086643055555555,1
134.55205305555555,34.08683388888889,1
134.55199,34.087268055555555,1
134.55194,34.08775111111111,2
134.551865,34.08842611111111,3
134.55185305555557,34.088541944444444,3
134.551865,34.08898388888889,4
134.551915,34.08931694444444,4
134.55194,34.08959194444444,4
134.55199,34.08978388888889,5
134.55205305555555,34.089975,5
134.55215305555555,34.090375,5
134.55225305555555,34.0906,5
134.55237805555555,34.0909,6
134.55249,34.09115,6
134.55252805555557,34.091225,6
134.552615,34.09141694444445,6
134.55290305555556,34.092033055555554,5
134.55504,34.096575,3
134.55669,34.10004888888889,2
134.556715,34.10013305555555,2
134.556815,34.10042388888889,2
134.55685194444445,34.10074888888889,2
134.55684,34.10106611111111,2
134.55680194444443,34.10154111111111,2
134.556765,34.10198194444445,2
134.55674,34.10236611111111,2
134.556665,34.10326611111111,2
134.55659,34.104281944444445,2
134.55659,34.10439888888889,2
134.55659,34.10443194444444,2
134.55657694444446,34.104548888888885,2
134.556565,34.104756944444446,2
134.55647694444446,34.10582388888889,3
134.55645194444443,34.10612305555556,4
134.55639,34.106856944444445,4
134.55639,34.10689,4
134.55637694444445,34.10714,3
134.55636388888888,34.10729,2
134.55636388888888,34.107323055555554,2
134.5562888888889,34.10803194444444,2
134.5562138888889,34.10908111111111,2
134.5562138888889,34.10918111111111,2
134.55620194444444,34.109365,2
134.5561138888889,34.110365,2
134.5560638888889,34.11088111111111,2
134.5560638888889,34.11092305555555,3
134.55600194444443,34.11141388888889,4
134.5558888888889,34.11228888888889,8
134.5557388888889,34.11349805555555,8
134.55570194444445,34.11378888888889,7
134.55558888888888,34.114646944444445,6
134.55552694444444,34.115206111111114,6
134.55542694444443,34.116121944444444,5
134.5553888888889,34.11640611111111,5
134.55532694444443,34.11685611111111,4
134.55512694444445,34.118296944444445,3
134.5550638888889,34.11873,2
134.55505194444444,34.11883,2
134.55502194444443,34.11907194444444,2
134.55502194444443,34.11907194444444,2
134.55492694444445,34.11986388888889,2
134.55490194444445,34.120038055555554,2
134.55476388888889,34.121521944444446,1
134.55476388888889,34.12193,2
134.55478888888888,34.12213805555555,2
134.55490194444445,34.12252111111111,2
134.5550888888889,34.122888055555556,2
134.5553138888889,34.12318,2
134.5555138888889,34.12339611111111,2
134.55570111111112,34.12357111111111,2
134.5563138888889,34.12406305555555,2
134.5567888888889,34.12442111111111,2
134.5571261111111,34.124705,2
134.5577638888889,34.125213055555555,2
134.5575388888889,34.12552888888889,1
134.5571261111111,34.12612111111111,1
134.55707611111112,34.12619611111111,1
134.55668888888889,34.12678805555556,1
134.5565511111111,34.12702888888889,1
134.55647611111112,34.12725388888889,1
134.5564261111111,34.12747111111111,1
134.55640111111111,34.12779611111111,1
134.55640111111111,34.127853888888886,1
134.5564388888889,34.128411944444444,1
134.5565511111111,34.129738055555556,1
134.5566511111111,34.13092888888889,1
134.55670111111112,34.13156194444444,1
134.5567638888889,34.132286944444445,1
134.5567638888889,34.13237111111111,1
134.55682611111112,34.13307888888889,1
134.55692611111112,34.13415388888889,1
134.55695111111112,34.13473694444444,1
134.5569888888889,34.13518694444444,1
134.55703888888888,34.135803055555556,1
134.55705111111112,34.13601194444445,1
134.5571261111111,34.13690305555556,2
134.5571388888889,34.13695305555556,2
134.5571888888889,34.13753694444444,1
134.5572511111111,34.13840305555556,1
134.55726388888888,34.13847,1
134.55726388888888,34.138553055555555,1
134.55730111111112,34.13896111111111,1
134.5573138888889,34.13911111111111,1
134.5573388888889,34.139428055555555,1
134.55740111111112,34.14002,1
134.5574388888889,34.140545,1
134.55753805555557,34.14156111111111,1
134.5575511111111,34.141711111111114,1
134.55775111111112,34.14420305555556,1
134.55785111111112,34.14532805555555,1
134.55795111111112,34.14657694444445,1
134.55796305555555,34.14661888888889,1
134.5581011111111,34.14834388888889,1
134.55816305555555,34.149026944444444,1
134.5582761111111,34.150376944444446,1
134.5583261111111,34.15106,1
134.5583511111111,34.15146,1
134.55838805555555,34.15186888888889,1
134.55840111111112,34.15196,1
134.55848805555556,34.15306,1
134.55848805555556,34.15367694444444,1
134.5584761111111,34.153843055555555,1
134.55843805555557,34.153985,1
134.5582761111111,34.154293055555556,1
134.55737611111113,34.15560194444444,1
134.5572261111111,34.155943055555554,1
134.5572011111111,34.15605194444444,1
134.5571011111111,34.157468055555555,1
134.5570888888889,34.15771,1
134.5570138888889,34.15905111111111,1
134.55693888888888,34.16060111111111,1
134.55710888888888,34.16064388888889,1
134.55710888888888,34.16064388888889,1
134.5575638888889,34.160758888888886,1
134.5579011111111,34.16085888888889,1
134.55817611111112,34.160983888888886,1
134.5585011111111,34.16115888888889,1
134.55885111111112,34.16139305555556,1
134.55920111111112,34.16161805555556,1
134.55936305555556,34.16172611111111,1
134.55990111111112,34.16207611111111,1
134.5599511111111,34.16210888888889,1
134.56016305555556,34.16223388888889,1
134.5603761111111,34.16234305555555,2
134.56056305555555,34.162418055555555,2
134.56080111111112,34.16250111111111,2
134.5611011111111,34.16256694444444,2
134.56282611111112,34.16283388888889,2
134.566175,34.163333888888886,2
134.56698694444444,34.163518055555556,2
134.56755,34.163668055555554,2
134.56795,34.16379305555556,2
134.5685,34.16396694444445,2
134.56898694444445,34.164143055555556,2
134.5694,34.16432611111111,2
134.569625,34.16442611111111,3
134.56996194444446,34.16457611111111,3
134.57048694444444,34.16480888888889,3
134.57073694444443,34.16491805555555,3
134.570875,34.16497611111111,3
134.570925,34.164991944444445,3
134.57098694444446,34.16502611111111,3
134.5719,34.16542611111111,3
134.572125,34.16550888888889,4
134.57231194444444,34.16555888888889,4
134.57266194444443,34.165643055555556,4
134.57298694444444,34.16569194444445,4
134.57341194444444,34.16571694444445,4
134.57406194444445,34.16570111111111,4
134.57471194444443,34.16565111111111,4
134.57518694444445,34.165618055555555,4
134.57631194444446,34.16550888888889,4
134.57686194444443,34.16547611111111,3
134.57728694444444,34.165483888888886,3
134.57789888888888,34.16551694444444,3
134.5791238888889,34.16562611111111,3
134.5792111111111,34.16566805555556,3
134.57959888888888,34.16570111111111,3
134.58031111111111,34.16575888888889,3
134.5806488888889,34.165793055555554,3
134.5806738888889,34.165793055555554,3
134.5808988888889,34.16580111111111,3
134.5809238888889,34.16580888888889,3
134.5824738888889,34.16592611111111,3
134.58384805555556,34.16605111111111,3
134.58394805555557,34.16605111111111,3
134.58414805555554,34.16607611111111,3
134.5850111111111,34.16614194444445,3
134.5863361111111,34.16625111111111,3
134.58696111111112,34.166333888888886,3
134.58727305555556,34.166401111111114,3
134.58852305555556,34.16665888888889,3
134.59049805555554,34.16707611111111,3
134.590985,34.16717611111111,3
134.591585,34.16730111111111,2
134.59376,34.16775111111111,2
134.59407305555555,34.167816944444446,3
134.59429694444444,34.16785888888889,3
134.59439694444444,34.16787611111111,3
134.594635,34.167901111111114,3
134.594885,34.16790888888889,3
134.595135,34.167901111111114,3
134.595335,34.16788388888889,2
134.59537194444445,34.16787611111111,2
134.595535,34.16784194444445,2
134.59612194444443,34.16769194444444,2
134.596635,34.16755111111111,2
134.59784694444446,34.16722611111111,1
134.59844694444445,34.16707611111111,1
134.59872194444443,34.16699194444445,1
134.5994838888889,34.16678388888889,0
134.59967194444445,34.166943055555556,0
134.6008838888889,34.16794194444444,0
134.60115888888888,34.16818388888889,0
134.60123388888888,34.168241944444446,0
134.60180888888888,34.16873388888889,0
134.60184611111112,34.16875888888889,0
134.60238388888888,34.16920888888889,0
134.6024461111111,34.16925111111111,0
134.60297111111112,34.169691944444445,0
134.60318388888888,34.16985888888889,0
134.6033461111111,34.16996694444445,0
134.6035838888889,34.170118055555555,0
134.60384611111112,34.17025888888889,0
134.6042711111111,34.17049305555555,0
134.60477111111112,34.17075888888889,0
134.60658305555555,34.17174305555555,1
134.60673305555557,34.17182611111111,1
134.60708305555556,34.172066944444445,1
134.60717111111111,34.17212611111111,1
134.60740805555557,34.17228388888889,1
134.60765805555556,34.17248388888889,1
134.60790805555555,34.17267611111111,1
134.6081211111111,34.17287611111111,1
134.60825805555555,34.17303388888889,1
134.60838305555555,34.17320111111111,1
134.60848305555555,34.17337611111111,2
134.60853305555557,34.17350888888889,2
134.60865805555557,34.173966944444444,3
134.60865805555557,34.17408388888889,3
134.6086711111111,34.174551111111114,4
134.6086711111111,34.17498388888889,4
134.6086711111111,34.175375,5
134.6086711111111,34.17584194444444,5
134.6086711111111,34.17648388888889,6
134.6086961111111,34.177391944444445,6
134.6086961111111,34.17749194444445,6
134.60870805555555,34.17775,7
134.60873305555555,34.17796694444444,7
134.6087711111111,34.17816694444444,7
134.60883305555555,34.178375,7
134.6090211111111,34.178925,8
134.60919611111112,34.179433055555556,8
134.60920805555557,34.17948305555556,8
134.6094711111111,34.18030805555556,9
134.6095961111111,34.18054111111111,9
134.60997,34.18121611111111,9
134.61020805555555,34.18161611111111,8
134.610295,34.181758055555555,8
134.61043305555555,34.181916111111114,8
134.61088305555555,34.18225805555556,7
134.61108305555555,34.182358055555554,8
134.61125805555557,34.182433055555556,8
134.61142,34.18249111111111,8
134.611945,34.182675,9
134.61217,34.182766111111114,8
134.61225694444445,34.1828,8
134.61343194444444,34.18342388888889,8
134.614395,34.18401611111111,6
134.61503194444444,34.18441611111111,5
134.61517,34.184508055555554,5
134.61568194444445,34.18484111111111,4
134.6159438888889,34.18503305555556,3
134.61608194444443,34.18514888888889,3
134.61620694444446,34.18528305555556,3
134.61635694444445,34.18555805555555,2
134.61640694444444,34.185808055555555,1
134.61640694444444,34.185966111111114,1
134.61638194444444,34.18614888888889,1
134.61630694444443,34.18634111111111,1
134.61625694444444,34.18644111111111,1
134.61615694444444,34.18658305555556,0
134.61605694444444,34.18669888888889,0
134.61586888888888,34.18685694444444,0
134.615645,34.18699111111111,0
134.61508194444446,34.18729111111111,1
134.613345,34.18822388888889,1
134.61292,34.18845694444445,2
134.61255805555555,34.18862388888889,2
134.61242,34.188673888888886,2
134.611945,34.18884111111111,3
134.611345,34.18899888888889,4
134.611045,34.189065,5
134.61075805555555,34.18913194444445,6
134.61068305555557,34.18915694444444,6
134.60998305555555,34.18933194444445,8
134.60995194444445,34.189238055555556,8
134.60995194444445,34.189238055555556,8
134.60985805555555,34.18894888888889,9
134.60983305555555,34.18884,9
134.60983305555555,34.188673888888886,9
134.60988305555554,34.188606944444444,9
134.60993305555556,34.18857388888889,9
134.61002,34.188541111111114,9
134.61017,34.18850694444444,8
134.61027,34.18850694444444,8
134.61037,34.18851611111111,8
134.61045805555557,34.18857388888889,8
134.61052,34.18864888888889,8
134.61057,34.18871611111111,7
134.61072,34.18909,6
134.61073305555556,34.189115,6
134.610745,34.18917388888889,6
134.61100805555554,34.18979888888889,3
134.61132,34.19049888888889,0
134.61290805555555,34.19413111111111,2
134.61303305555555,34.19442305555555,21
134.61323305555555,34.19484805555555,22
134.613395,34.195073055555554,22
134.613445,34.19516388888889,24
134.613445,34.195498055555554,28
134.61342,34.19558888888889,28
134.613345,34.19565611111111,28
134.61317,34.195706111111114,25
134.61302,34.19566388888889,23
134.61277,34.195481111111114,26
134.61243194444444,34.19538111111111,22
134.612345,34.195388888888886,22
134.61210805555555,34.19540611111111,17
134.61195694444444,34.19539805555556,16
134.611845,34.195348055555556,16
134.61092,34.19484,4
134.610595,34.19470611111111,4
134.61048305555556,34.194673055555555,5
134.61038305555556,34.194665,0
134.61025805555556,34.19470611111111,4
134.610095,34.19480611111111,3
134.60997,34.19490611111111,4
134.60980805555556,34.19506388888889,4
134.60973305555555,34.19518111111111,3
134.60968305555556,34.19527305555555,5
134.60955805555557,34.19551388888889,3
134.60942111111112,34.195706111111114,6
134.6092711111111,34.19587305555556,7
134.6090961111111,34.19606388888889,5
134.60893305555555,34.19618888888889,5
134.6084461111111,34.19648111111111,4
134.60820805555556,34.196623055555555,4
134.60810805555556,34.19669805555556,5
134.60804611111112,34.196798055555554,5
134.6080211111111,34.196888888888886,6
134.60800805555556,34.19713888888889,7
134.6080211111111,34.197606111111114,9
134.60800805555556,34.19777194444445,9
134.60798305555556,34.19793888888889,8
134.60795805555554,34.19823111111111,8
134.60798305555556,34.19849694444444,8
134.60803305555555,34.198681111111114,8
134.60808305555557,34.19888111111111,8
134.6083211111111,34.19976388888889,7
134.60862111111112,34.20081388888889,7
134.60872111111112,34.20101388888889,7
134.60884611111112,34.201121944444445,7
134.60923305555556,34.20136388888889,8
134.60929611111112,34.20143888888889,8
134.6093461111111,34.201555,7
134.60939611111112,34.20173888888889,7
134.6092461111111,34.202755,6
134.60918305555555,34.20297194444444,6
134.60905805555555,34.203271944444445,7
134.60963305555555,34.203555,6
134.61057,34.20403805555556,6
134.61072,34.204121944444445,5
134.611045,34.20428805555556,6
134.61113305555557,34.20433805555555,7
134.61092,34.204455,5
134.61085805555555,34.204505,5
134.61103305555557,34.204796944444446,7
134.61107,34.204855,7
134.611145,34.20491305555556,7
134.61122,34.204946944444444,7
134.61132,34.204971944444445,8
134.61143305555555,34.204971944444445,7
134.61153305555555,34.20493805555556,7
134.61177,34.204838055555555,7
134.611845,34.204838055555555,7
134.61195805555556,34.20488,7
134.61203305555554,34.20493805555556,6
134.61215805555557,34.20507111111111,6
134.61228305555557,34.205255,7
134.61262,34.205713055555556,5
134.61278305555555,34.20592111111111,1
134.61377,34.206921111111114,0
134.61385805555557,34.20694611111111,0
134.614145,34.20697111111111,2
134.61420694444445,34.20702111111111,0
134.614295,34.20719611111111,1
134.61463194444445,34.20802888888889,0
134.61500805555556,34.20890388888889,2
134.61502,34.20907111111111,3
134.61497,34.20918805555556,0
134.61485694444445,34.20945388888889,0
134.61487,34.209738055555555,0
134.61490805555556,34.20985388888889,1
134.6149888888889,34.209898055555556,0
134.6149888888889,34.209898055555556,0
134.61503305555556,34.209921111111115,0
134.61517,34.20999611111111,2
134.615245,34.21000388888889,0
134.61532,34.209988055555556,3
134.615645,34.20977111111111,6
134.615695,34.20974611111111,3
134.61578194444445,34.20974611111111,2
134.61587,34.20977888888889,0
134.616295,34.21007111111111,1
134.61635694444445,34.21014611111111,4
134.616445,34.21040388888889,6
134.616445,34.21056305555555,1
134.61645694444445,34.21062111111111,1
134.61650694444444,34.210661944444446,1
134.616595,34.21065388888889,3
134.616795,34.21056305555555,0
134.61692,34.21052111111111,3
134.61702,34.21050388888889,1
134.61727,34.21053805555555,3
134.61743194444443,34.21064611111111,2
134.61747,34.21074611111111,4
134.61742,34.21108805555556,0
134.617445,34.21115388888889,2
134.61756888888888,34.21127888888889,1
134.61763194444444,34.211286944444446,1
134.61805694444445,34.21117888888889,5
134.61826888888888,34.21118805555555,5
134.6191188888889,34.21138694444444,3
134.6192188888889,34.21141194444444,3
134.61928194444445,34.21144611111111,3
134.61948194444443,34.211686944444445,1
134.61953194444445,34.211711944444446,1
134.6196938888889,34.21174611111111,5
134.6198688888889,34.211753888888886,4
134.6199188888889,34.21172111111111,0
134.61993194444443,34.21167111111111,0
134.6197938888889,34.211213055555554,0
134.61980694444443,34.21114611111111,0
134.6199938888889,34.21092111111111,2
134.62048194444444,34.21053805555555,2
134.62088194444445,34.21052111111111,3
134.6209438888889,34.21049611111111,3
134.62108194444446,34.21039611111111,6
134.62115694444444,34.21035388888889,5
134.62123194444445,34.21035388888889,4
134.62133194444445,34.21037111111111,4
134.62145694444445,34.210436944444446,3
134.62170694444444,34.21062111111111,6
134.62195694444443,34.21085388888889,8
134.62208194444443,34.21092888888889,7
134.6222061111111,34.21093805555556,9
134.6222811111111,34.21093805555556,10
134.6224061111111,34.21093805555556,11
134.6224061111111,34.21080388888889,17
134.6224188888889,34.210386944444444,23
134.62245611111112,34.21033805555555,23
134.62254388888888,34.210321111111114,24
134.6226438888889,34.21029611111111,23
134.6228438888889,34.21022111111111,21
134.6230561111111,34.21012888888889,16
134.6231811111111,34.21004611111111,9
134.62334388888888,34.20990388888889,7
134.62345611111112,34.20977888888889,6
134.6236561111111,34.20957888888889,6
134.62401888888888,34.20930388888889,6
134.62428111111112,34.20912888888889,5
134.62448111111112,34.20901305555556,4
134.6246438888889,34.208978888888886,4
134.6249938888889,34.20883805555555,4
134.6254688888889,34.20858805555556,3
134.62573111111112,34.208438055555554,3
134.6257811111111,34.20841305555555,3
134.62594305555555,34.20831305555556,3
134.6262311111111,34.208103888888886,2
134.62689305555554,34.20756305555555,1
134.62714305555556,34.208128888888886,1
134.62730611111112,34.20857111111111,1
134.62744305555555,34.20902111111111,1
134.6277061111111,34.20988694444444,1
134.6277311111111,34.20997111111111,1
134.6277561111111,34.21006194444445,1
134.62788111111112,34.21042111111111,1
134.6279311111111,34.21052111111111,1
134.6280311111111,34.21076194444444,1
134.62839305555556,34.211511944444446,5
134.6285061111111,34.211753888888886,5
134.62861805555556,34.21196194444445,4
134.62890611111112,34.21243694444444,6
134.62925611111112,34.213011944444446,7
134.62938111111112,34.21317111111111,7
134.62958111111112,34.21335388888889,6
134.62979305555555,34.21356194444444,6
134.62989305555556,34.213678888888886,5
134.62994305555554,34.21377888888889,5
134.62994305555554,34.21387,5
134.62989305555556,34.213995,8
134.6296811111111,34.21427,7
134.62959305555555,34.21447,8
134.62958111111112,34.214845,7
134.62959305555555,34.21518694444445,6
134.62960611111112,34.215378888888885,6
134.62964305555556,34.215536944444445,7
134.62969305555555,34.215736944444444,6
134.62984305555557,34.21612805555556,6
134.62994305555554,34.216361944444444,6
134.63005611111112,34.216611944444445,5
134.63039305555554,34.21713694444445,2
134.63048,34.217261944444445,2
134.630755,34.21772,1
134.63089305555556,34.21792,1
134.63111805555556,34.21825305555556,1
134.63156805555556,34.218853055555556,3
134.63239305555555,34.21993611111111,1
134.633505,34.22121888888889,0
134.63419305555556,34.22192805555556,0
134.63449194444445,34.22223611111111,0
134.6364538888889,34.22421888888889,3
134.63654194444445,34.224336111111114,3
134.63661694444446,34.224451944444446,3
134.63664194444445,34.22457694444444,3
134.63664194444445,34.22474388888889,2
134.63662888888888,34.22490194444445,1
134.63660388888889,34.22501111111111,1
134.63646694444444,34.22531111111111,0
134.63641694444445,34.22541888888889,0
134.636205,34.22588611111111,0
134.63609194444444,34.22611888888889,0
134.63598,34.226485,0
134.63591694444443,34.22674388888889,0
134.63588,34.22701,0
134.635905,34.22731888888889,0
134.63594194444445,34.227468888888886,0
134.63626694444446,34.22819388888889,0
134.636505,34.228685,0
134.63661694444446,34.22886805555556,0
134.6370538888889,34.229535,1
134.63714194444444,34.22967694444444,2
134.63730388888888,34.22991805555556,6
134.63736694444444,34.23002694444445,7
134.63739194444443,34.230135,8
134.63740388888888,34.23026,9
134.6373788888889,34.230376944444444,9
134.63706694444446,34.23104305555555,9
134.63699194444445,34.231143055555556,9
134.63691694444444,34.23121,9
134.63678,34.231276111111114,9
134.636505,34.231318055555555,8
134.63633,34.231318055555555,8
134.63623,34.231318055555555,8
134.63609194444444,34.231335,9
134.63596694444445,34.231385,9
134.63584194444445,34.23146805555555,9
134.63571694444445,34.23160111111111,9
134.63564194444444,34.231718055555554,8
134.63561694444445,34.231835,8
134.63554305555556,34.23246805555556,6
134.63553,34.23266,6
134.63556805555555,34.232785,5
134.63559305555555,34.23285111111111,5
134.63629194444445,34.233401111111114,2
134.63638,34.233443055555554,4
134.63646694444444,34.233468055555555,3
134.63663,34.23347611111111,4
134.63693,34.23348388888889,7
134.63718,34.23347611111111,7
134.63739194444443,34.233468055555555,7
134.6376038888889,34.23345111111111,7
134.63774194444446,34.23343388888889,8
134.63851694444443,34.23325111111111,8
134.6386038888889,34.23325111111111,8
134.63867888888888,34.233268055555556,8
134.6387288888889,34.23330888888889,8
134.63894194444444,34.23368388888889,10
134.6389788888889,34.23380888888889,13
134.6389788888889,34.233893055555555,14
134.63896694444443,34.23395111111111,14
134.63891694444445,34.23403388888889,16
134.63846694444445,34.23448388888889,17
134.63829194444443,34.23466805555555,24
134.63816694444444,34.234833888888886,24
134.6381288888889,34.23492611111111,26
134.6381288888889,34.23501805555556,26
134.6381788888889,34.23510888888889,26
134.6382538888889,34.235191944444445,26
134.63832888888888,34.23522611111111,23
134.63842888888888,34.235216944444446,27
134.63852888888889,34.23517611111111,28
134.63879194444445,34.23489305555555,35
134.63887888888888,34.23470888888889,32
134.6389538888889,34.23465888888889,32
134.63906694444444,34.23464305555556,33
134.63919194444443,34.23465888888889,34
134.63931694444443,34.234701111111114,37
134.63939194444444,34.23477611111111,38
134.63945388888888,34.23489305555555,46
134.63945388888888,34.23500111111111,49
134.63936694444445,34.235216944444446,47
134.6393038888889,34.235326111111114,47
134.63921694444446,34.23540888888889,46
134.6391538888889,34.23547611111111,48
134.63901694444445,34.23562611111111,48
134.63899194444446,34.23567611111111,47
134.6389538888889,34.23573388888889,47
134.63894194444444,34.23585111111111,49
134.63894194444444,34.23602611111111,51
134.6389788888889,34.23614194444445,52
134.63904194444444,34.23623388888889,54
134.63921694444446,34.236308888888885,56
134.6393038888889,34.23630111111111,57
134.63935388888888,34.23627611111111,58
134.6394288888889,34.236108888888886,56
134.6394911111111,34.23602611111111,57
134.6397161111111,34.23580888888889,56
134.6397538888889,34.23570888888889,56
134.63977888888888,34.235618055555555,57
134.6397838888889,34.23557611111111,56
134.6397838888889,34.23557611111111,56
134.63977888888888,34.235618055555555,57
134.6397538888889,34.23570888888889,56
134.6397161111111,34.23580888888889,56
134.6394911111111,34.23602611111111,57
134.6394288888889,34.236108888888886,56
134.63935388888888,34.23627611111111,58
134.6393038888889,34.23630111111111,57
134.63921694444446,34.236308888888885,56
134.63904194444444,34.23623388888889,54
134.6389788888889,34.23614194444445,52
134.63894194444444,34.23602611111111,51
134.63894194444444,34.23585111111111,49
134.6389538888889,34.23573388888889,47
134.63899194444446,34.23567611111111,47
134.63901694444445,34.23562611111111,48
134.6391538888889,34.23547611111111,48
134.63921694444446,34.23540888888889,46
134.6393038888889,34.235326111111114,47
134.63936694444445,34.235216944444446,47
134.63945388888888,34.23500111111111,49
134.63945388888888,34.23489305555555,46
134.63939194444444,34.23477611111111,38
134.63931694444443,34.234701111111114,37
134.63919194444443,34.23465888888889,34
134.63906694444444,34.23464305555556,33
134.6389538888889,34.23465888888889,32
134.63887888888888,34.23470888888889,32
134.63879194444445,34.23489305555555,35
134.63852888888889,34.23517611111111,28
134.63842888888888,34.235216944444446,27
134.63832888888888,34.23522611111111,23
134.6382538888889,34.235191944444445,26
134.6381788888889,34.23510888888889,26
134.6381288888889,34.23501805555556,26
134.6381288888889,34.23492611111111,26
134.63816694444444,34.234833888888886,24
134.63829194444443,34.23466805555555,24
134.63846694444445,34.23448388888889,17
134.63891694444445,34.23403388888889,16
134.63896694444443,34.23395111111111,14
134.6389788888889,34.233893055555555,14
134.6389788888889,34.23380888888889,13
134.63894194444444,34.23368388888889,10
134.6387288888889,34.23330888888889,8
134.63867888888888,34.233268055555556,8
134.6386038888889,34.23325111111111,8
134.63851694444443,34.23325111111111,8
134.63774194444446,34.23343388888889,8
134.6376038888889,34.23345111111111,7
134.63739194444443,34.233468055555555,7
134.63718,34.23347611111111,7
134.63693,34.23348388888889,7
134.63663,34.23347611111111,4
134.63646694444444,34.233468055555555,3
134.63638,34.233443055555554,4
134.63629194444445,34.233401111111114,2
134.63559305555555,34.23285111111111,5
134.63526694444445,34.232618055555555,3
134.63503,34.23252611111111,3
134.63483,34.23251,3
134.634655,34.23251805555556,4
134.63403,34.232635,5
134.63386805555555,34.23266,6
134.633705,34.23265111111111,5
134.633555,34.232618055555555,3
134.6325811111111,34.23226805555556,3
134.63243111111112,34.23220111111111,4
134.6322811111111,34.232135,2
134.6321311111111,34.23204305555556,3
134.63194305555555,34.231885,8
134.63169305555556,34.231718055555554,6
134.6313311111111,34.231535,6
134.63074305555557,34.23120111111111,6
134.63063111111111,34.231143055555556,5
134.63041805555557,34.231051111111114,8
134.63029305555557,34.23101,8
134.63004305555555,34.230935,8
134.62986805555556,34.23091,6
134.62966805555556,34.230893055555555,6
134.6291811111111,34.23091,8
134.62786888888888,34.23100194444444,34
134.6273438888889,34.23101805555556,33
134.6270561111111,34.23100194444444,29
134.6265938888889,34.230918055555556,30
134.6263438888889,34.230835,35
134.62504388888888,34.230293055555556,47
134.6247561111111,34.23016,46
134.6245311111111,34.22996805555555,47
134.6244561111111,34.22985194444444,47
134.62425611111112,34.22940194444445,48
134.6241188888889,34.22916,55
134.62403111111112,34.229085,54
134.62393111111112,34.229035,48
134.62379388888888,34.228985,49
134.6236438888889,34.228968055555555,45
134.62350694444444,34.228968055555555,45
134.62336888888888,34.22900194444444,41
134.62321888888889,34.22906,42
134.6229688888889,34.22920194444445,42
134.62280694444445,34.22927694444444,41
134.62266888888888,34.22931805555555,43
134.62253194444443,34.229326944444445,45
134.62228194444444,34.22927694444444,42
134.62215694444444,34.22921,42
134.62195694444443,34.229035,41
134.62100694444445,34.227985,46
134.62083194444443,34.227826944444445,37
134.62065694444445,34.22772694444444,33
134.62048194444444,34.22767694444445,35
134.62030694444445,34.227693888888886,38
134.6201188888889,34.227735,40
134.61994388888888,34.22784388888889,43
134.61980694444443,34.22801,39
134.6196688888889,34.228251944444445,38
134.61893194444445,34.22996805555555,42
134.6185688888889,34.23072694444444,40
134.61843194444444,34.23086,40
134.6183188888889,34.23094305555556,37
134.6181938888889,34.23101,33
134.617645,34.23120111111111,34
134.61748194444445,34.231293055555554,33
134.61737,34.231385,32
134.617295,34.231485,30
134.61713194444445,34.231743055555555,25
134.61642,34.23300111111111,32
134.61627,34.23330111111111,39
134.61615694444444,34.23358388888889,46
134.615995,34.234118055555555,49
134.61588194444445,34.23433388888889,52
134.61577,34.23446805555555,58
134.61540694444443,34.23478388888889,59
134.61533194444445,34.234901111111114,60
134.61530694444446,34.23507611111111,58
134.615295,34.235483888888886,58
134.615245,34.23566805555556,62
134.61515694444444,34.235793055555554,62
134.61505694444443,34.23585888888889,63
134.614745,34.23600888888889,61
134.61422,34.23625111111111,62
134.61308194444445,34.23702611111111,76
134.61285805555556,34.23728388888889,80
134.61250805555557,34.23785888888889,85
134.61232,34.238166944444444,88
134.612145,34.23834194444444,90
134.61197,34.238458888888886,91
134.611745,34.238551111111114,95
134.61155805555555,34.238591944444444,96
134.61108194444444,34.23860111111111,103
134.60998305555555,34.23857611111111,91
134.608995,34.23857611111111,94
134.60848305555555,34.23860888888889,98
134.60825805555555,34.23865888888889,98
134.60792,34.23885111111111,97
134.60775805555556,34.23890111111111,97
134.60760805555554,34.23890111111111,98
134.60747,34.23885888888889,96
134.6073461111111,34.23878388888889,93
134.60727111111112,34.23865888888889,96
134.60723305555555,34.23820888888889,109
134.60718305555557,34.23805111111111,112
134.60705805555557,34.23790888888889,115
134.60688305555556,34.23780111111111,115
134.60648305555554,34.23766805555555,117
134.60633305555555,34.23758388888889,124
134.60618305555556,34.23744305555555,128
134.6060461111111,34.23724305555555,134
134.6054961111111,34.235326111111114,105
134.60543305555555,34.235126111111114,98
134.60530805555555,34.23492611111111,96
134.6051711111111,34.23481805555556,96
134.60453305555555,34.23461805555556,104
134.6043461111111,34.23452611111111,105
134.60418305555555,34.23440111111111,104
134.60409611111112,34.23426805555555,103
134.60395805555555,34.233893055555555,103
134.60388305555554,34.23373388888889,102
134.60373305555555,34.23351805555556,101
134.6028088888889,34.23246,99
134.6016588888889,34.23117611111111,71
134.6005461111111,34.22991,80
134.6003961111111,34.22971805555556,81
134.6003211111111,34.229535,82
134.6002711111111,34.229193055555555,82
134.6002838888889,34.228885,82
134.6002711111111,34.228651944444444,81
134.6001961111111,34.22839388888889,77
134.59989611111112,34.227826944444445,64
134.5998088888889,34.22750194444444,62
134.59979611111112,34.227235,63
134.59979611111112,34.22709388888889,61
134.59978388888888,34.227043888888886,61
134.59978388888888,34.22694388888889,60
134.5997338888889,34.22681,59
134.59968388888888,34.22674388888889,57
134.59955888888888,34.22666,56
134.5994961111111,34.22664388888889,55
134.5993838888889,34.22665194444444,54
134.5992588888889,34.22669388888889,55
134.59920888888888,34.226751944444445,54
134.5991588888889,34.22681,55
134.59909611111112,34.22701888888889,54
134.59908388888888,34.22709388888889,54
134.5990711111111,34.227151944444444,55
134.59875888888888,34.228226944444444,52
134.59875888888888,34.22836888888889,52
134.5987838888889,34.228501944444446,50
134.5989461111111,34.22889305555555,42
134.5989588888889,34.22904305555556,43
134.5989338888889,34.229143055555554,46
134.59887111111112,34.22927694444444,42
134.5987461111111,34.22941,37
134.5985588888889,34.229551944444445,36
134.59799694444445,34.22989305555556,30
134.59762194444446,34.23011,26
134.59734694444444,34.23025194444445,22
134.59708388888887,34.23035194444444,18
134.59667194444444,34.23047694444445,8
134.59512194444446,34.230885,5
134.59490888888888,34.23094305555556,20
134.59264694444445,34.23155111111111,34
134.59214694444444,34.23167611111111,44
134.59195888888888,34.23166805555555,45
134.59181,34.23161805555556,42
134.59166,34.23150111111111,43
134.59159694444443,34.23139305555556,42
134.591585,34.23125111111111,42
134.59162194444446,34.231093055555554,43
134.59176,34.23079305555556,43
134.59176,34.230685,45
134.59172194444446,34.23059305555556,50
134.591585,34.23045194444445,53
134.59137194444443,34.23035194444444,53
134.59124694444444,34.23034305555556,53
134.59039694444445,34.230468055555555,68
134.59004694444445,34.230493055555556,67
134.58972194444445,34.23047694444445,62
134.58912305555555,34.230385,50
134.58606,34.229801944444446,44
134.58547305555555,34.22970194444444,51
134.58482305555555,34.229635,55
134.58452305555556,34.22965194444444,57
134.58431,34.22971,56
134.58399805555555,34.229835,58
134.58376,34.22999305555555,58
134.58359805555557,34.230151944444444,54
134.58352305555556,34.23025111111111,55
134.583435,34.23046,58
134.58339805555556,34.230643055555554,64
134.58337305555557,34.230868055555554,66
134.58334805555555,34.231051111111114,65
134.58329805555556,34.23119305555556,70
134.58311,34.231293055555554,77
134.5826361111111,34.23152611111111,82
134.58246111111112,34.23164305555556,82
134.58231111111112,34.23176,72
134.58207305555555,34.232035,64
134.58184805555555,34.23244305555556,46
134.5817361111111,34.232568055555554,52
134.5816111111111,34.23265111111111,56
134.5815861111111,34.23266805555556,60
134.5814611111111,34.23270111111111,62
134.58129805555555,34.23270111111111,64
134.5811361111111,34.23266805555556,65
134.58076111111112,34.23250111111111,55
134.5795861111111,34.23191,36
134.57861111111112,34.23136,36
134.57794805555557,34.23102611111111,26
134.57699888888888,34.23060111111111,17
134.5767488888889,34.230435,17
134.5765988888889,34.23030111111111,17
134.5763488888889,34.22982694444445,9
134.5761861111111,34.229435,8
134.57609888888888,34.22931,8
134.57598611111112,34.229193055555555,8
134.5758361111111,34.229076944444444,8
134.5740238888889,34.22797694444444,4
134.5736361111111,34.227635,3
134.57328611111112,34.227185,2
134.5733988888889,34.22706,2
134.5734488888889,34.22701,2
134.5735738888889,34.226801944444446,2
134.57361111111112,34.22661,1
134.5736611111111,34.22622694444444,2
134.57362388888887,34.22606888888889,1
134.5734111111111,34.22566,1
134.57338611111112,34.22555194444445,1
134.5733988888889,34.22546888888889,1
134.57359888888888,34.22514388888889,2
134.5737861111111,34.22481111111111,2
134.5738738888889,34.22473611111111,0
134.5740111111111,34.22470194444445,2
134.5740361111111,34.224693888888886,2
134.5747738888889,34.22468611111111,3
134.5748861111111,34.22466111111111,2
134.5749361111111,34.22461111111111,2
134.5752361111111,34.22434388888889,1
134.5753488888889,34.224243888888886,1
134.57542388888888,34.22411888888889,0
134.57543611111112,34.22386888888889,1
134.57541111111112,34.223776944444445,2
134.57498611111112,34.22327694444444,0
134.57497388888888,34.22318611111111,0
134.5750111111111,34.223128055555556,2
134.57529888888888,34.222968888888886,1
134.5754738888889,34.22281111111111,3
134.57552388888888,34.22271111111111,1
134.57553611111112,34.22261888888889,1
134.5755111111111,34.22244388888889,1
134.57552388888888,34.22234388888889,1
134.5756861111111,34.22203611111111,2
134.5757111111111,34.22191888888889,1
134.5756738888889,34.22167694444445,2
134.5755738888889,34.22151111111111,2
134.5753488888889,34.22118611111111,2
134.5750238888889,34.22089388888889,0
134.57461111111112,34.220686111111114,0
134.5739861111111,34.22041111111111,1
134.57383611111112,34.22040305555556,3
134.5737488888889,34.22043611111111,5
134.57372388888888,34.22044388888889,5
134.5730988888889,34.22101888888889,9
134.57298694444444,34.22119388888889,9
134.57288694444443,34.22127694444445,9
134.5727738888889,34.22129388888889,8
134.5725488888889,34.221268888888886,8
134.57216194444445,34.221226944444446,8
134.5719738888889,34.22123611111111,8
134.5718238888889,34.221268888888886,7
134.57173694444444,34.22134388888889,6
134.57151194444444,34.221893888888886,7
134.5714988888889,34.22208611111111,6
134.57126194444444,34.22256111111111,5
134.57113694444445,34.22261888888889,6
134.57096194444443,34.22265194444444,7
134.57076194444446,34.22262805555555,8
134.5702738888889,34.22248611111111,5
134.56964888888888,34.22236111111111,0
134.56872388888888,34.22233611111111,0
134.5685738888889,34.222301944444446,0
134.56851194444445,34.22226888888889,1
134.56818694444445,34.22209388888889,2
134.56786194444445,34.22191111111111,1
134.56758694444446,34.22175305555555,2
134.5669,34.221378055555554,3
134.566125,34.22094388888889,4
134.56601194444445,34.22087805555555,4
134.5657,34.22071888888889,4
134.56543694444446,34.22061111111111,4
134.5651,34.22054388888889,4
134.56486194444443,34.22051888888889,4
134.564525,34.220503055555554,4
134.56408694444445,34.22046888888889,4
134.56321194444445,34.22040305555556,4
134.5602,34.22020305555556,4
134.56,34.220193888888886,4
134.55951305555556,34.220153055555556,3
134.55886305555555,34.22011111111111,3
134.55891305555556,34.21979388888889,3
134.55898805555555,34.21933611111111,4
134.558775,34.21956888888889,4
134.55868805555556,34.21971111111111,4
134.55840111111112,34.220035,4
134.55840111111112,34.220035,4
134.5582761111111,34.22017805555556,4
134.55826305555556,34.22022805555556,4
134.55823805555556,34.22047805555555,4
134.55820111111112,34.22060305555556,5
134.55820111111112,34.22066111111111,5
134.5583,34.22098611111111,5
134.5583,34.22146111111111,2
134.55811305555557,34.221561111111114,1
134.55746305555556,34.22171888888889,2
134.5565511111111,34.22193611111111,1
134.55613805555555,34.22203611111111,1
134.5557261111111,34.22211111111111,4
134.55463805555556,34.222228055555554,1
134.55438805555556,34.22226111111111,2
134.5540261111111,34.22235194444445,1
134.55275111111112,34.22276111111111,3
134.55256305555557,34.22281111111111,1
134.55181305555556,34.22299388888889,3
134.5517011111111,34.22302694444444,2
134.5514261111111,34.22309388888889,3
134.5502888888889,34.22336888888889,2
134.5499011111111,34.22342694444445,3
134.5493138888889,34.22344388888889,4
134.5479138888889,34.22349388888889,1
134.5475138888889,34.22354388888889,3
134.5474638888889,34.223551944444445,3
134.5474011111111,34.22356888888889,1
134.5462261111111,34.22385194444445,6
134.5460511111111,34.22387694444444,5
134.5459261111111,34.22390194444444,3
134.5456638888889,34.22389388888889,4
134.54528888888888,34.22384388888889,2
134.5450138888889,34.22381111111111,3
134.54482694444445,34.22379388888889,3
134.54412694444446,34.22370194444444,3
134.54370194444445,34.22371888888889,2
134.5435388888889,34.22374388888889,3
134.54342694444443,34.22376111111111,3
134.5430888888889,34.22387694444444,2
134.5428138888889,34.22403611111111,2
134.5425888888889,34.22415194444444,2
134.5423638888889,34.22436111111111,3
134.54220194444446,34.22455194444444,3
134.5418388888889,34.22496888888889,5
134.54127694444443,34.22564388888889,8
134.54108888888888,34.22580194444444,6
134.54082694444443,34.225951944444446,6
134.54052694444445,34.22606888888889,4
134.53995194444445,34.22617694444445,1
134.53903888888888,34.22606888888889,2
134.53750194444444,34.22591888888889,4
134.536965,34.225926944444446,4
134.536565,34.22596,3
134.53617694444443,34.22599388888889,4
134.53515194444444,34.226085,2
134.53440194444445,34.22617694444445,0
134.53377694444444,34.22620194444445,5
134.533265,34.22624388888889,3
134.53285305555556,34.226335,2
134.532715,34.226393055555555,3
134.532565,34.22645194444444,0
134.53220305555556,34.226618055555555,6
134.53190305555555,34.22669305555556,3
134.531615,34.22671805555556,2
134.53122694444446,34.22671,1
134.53077694444445,34.226643055555556,2
134.53035305555557,34.226526944444444,4
134.529815,34.22627694444444,2
134.52962805555555,34.22620194444445,3
134.52920305555554,34.22604388888889,3
134.528515,34.22585194444444,2
134.52827805555555,34.22579388888889,3
134.52715305555554,34.225543888888886,2
134.52640305555556,34.225385,1
134.52572805555556,34.22524388888889,0
134.5253911111111,34.22519388888889,0
134.52512805555557,34.225185,0
134.52374111111112,34.225118888888886,2
134.5234411111111,34.225135,3
134.52316611111112,34.22519388888889,4
134.5231411111111,34.22520194444444,4
134.52257805555556,34.22536,4
134.52225305555555,34.225451944444444,3
134.5222161111111,34.22546,4
134.52197805555556,34.22549388888889,5
134.52162805555557,34.22551,6
134.5212788888889,34.22551,4
134.52100388888888,34.22551,3
134.5205288888889,34.22551,1
134.5198288888889,34.225535,4
134.5193788888889,34.22560194444444,3
134.5186161111111,34.225768055555555,5
134.5184661111111,34.22580194444444,3
134.51796611111112,34.225876944444444,5
134.51761611111112,34.22589305555555,3
134.5172411111111,34.225876944444444,2
134.51706611111112,34.22586805555556,3
134.51647888888888,34.22580194444444,3
134.5163411111111,34.225793055555556,3
134.5155538888889,34.225735,6
134.51516694444445,34.225785,5
134.51394194444444,34.22606,2
134.51376694444446,34.226085,2
134.51356694444445,34.22606805555556,2
134.51309194444445,34.22597694444445,4
134.5113288888889,34.22569305555555,4
134.51091694444443,34.22571,4
134.51049194444445,34.22577694444445,4
134.51013,34.22581805555556,1
134.50944194444443,34.22581805555556,1
134.50704305555556,34.225743055555554,2
134.50653,34.225718055555554,1
134.50609194444445,34.22566805555556,1
134.504705,34.22536888888889,2
134.5029311111111,34.22491,2
134.50246805555557,34.224826944444445,3
134.4972938888889,34.22436,4
134.4964688888889,34.22425194444445,4
134.4959561111111,34.22415194444444,3
134.4953811111111,34.22396888888889,5
134.49483111111113,34.22374388888889,4
134.49471888888888,34.22369388888889,2
134.4940188888889,34.22331888888889,3
134.49304388888888,34.22269388888889,0
134.49291888888888,34.222611111111114,2
134.49138194444444,34.221578055555554,2
134.49065694444445,34.22109388888889,3
134.49035694444444,34.22089388888889,1
134.48996888888888,34.22063611111111,5
134.4898188888889,34.22051111111111,3
134.489595,34.22033611111111,3
134.48947,34.22021888888889,3
134.48922,34.21998611111111,3
134.48917,34.21994388888889,3
134.48890694444444,34.21969388888889,3
134.48855694444444,34.219453055555554,4
134.48818194444445,34.219278055555556,4
134.48812,34.219253055555555,4
134.48788194444444,34.219186111111114,4
134.48775694444444,34.21915305555556,4
134.487695,34.21913611111111,4
134.48728194444445,34.21903611111111,4
134.48725694444445,34.219028055555555,4
134.48640805555556,34.218853055555556,3
134.48633305555555,34.21884388888889,2
134.48608194444444,34.21878611111111,2
134.48603194444445,34.21866111111111,2
134.48577,34.218203055555556,3
134.48565805555555,34.21794388888889,3
134.48552,34.21760305555556,4
134.48552,34.21753611111111,4
134.48570805555556,34.21722805555556,5
134.48573305555556,34.21712,5
134.48573305555556,34.21687,5
134.48578305555554,34.21675305555556,5
134.48580805555557,34.21672,5
134.48595805555556,34.21646111111111,5
134.48600805555554,34.21633611111111,5
134.48603305555557,34.216245,5
134.48603305555557,34.21606111111111,5
134.48600805555554,34.21595305555556,6
134.48595805555556,34.215853055555556,6
134.48593305555556,34.215795,6
134.48593305555556,34.215736944444444,7
134.485945,34.215628055555555,7
134.48583305555556,34.21512805555555,9
134.48580805555557,34.214978055555555,15
134.48582,34.214753055555555,16
134.48580805555557,34.214695,16
134.48573305555556,34.214553055555555,16
134.48552,34.21427805555555,22
134.48535,34.214033055555554,23
134.48535,34.214033055555554,23
134.485295,34.21395305555556,23
134.48503305555556,34.21352,16
134.4849211111111,34.21337888888889,15
134.48439611111112,34.21288694444444,18
134.48423305555556,34.212695,19
134.48405805555555,34.212403888888886,19
134.48398305555557,34.21223694444444,19
134.4839211111111,34.21215388888889,17
134.48375805555557,34.21206194444444,12
134.4835961111111,34.21202888888889,11
134.48358305555556,34.21190388888889,11
134.4834211111111,34.21140388888889,12
134.4833711111111,34.211236944444444,12
134.48327111111112,34.21089611111111,14
134.48327111111112,34.21078694444444,14
134.48327111111112,34.20987888888889,20
134.48328305555555,34.209736944444444,20
134.48330805555557,34.209561944444445,20
134.48348305555555,34.208911944444445,20
134.48352111111112,34.20877111111111,20
134.48353305555557,34.208661944444444,20
134.48353305555557,34.208528888888885,21
134.48358305555556,34.20746194444445,23
134.48358305555556,34.20727888888889,24
134.4835588888889,34.20709611111111,26
134.4835338888889,34.20692888888889,29
134.4834088888889,34.20652111111111,37
134.4834088888889,34.20646305555555,37
134.48339611111112,34.20637888888889,36
134.4834338888889,34.206178888888886,33
134.4834588888889,34.20605388888889,25
134.4834711111111,34.20595388888889,23
134.4834588888889,34.205863055555554,24
134.4834088888889,34.20577888888889,23
134.48327111111112,34.205663055555554,24
134.48307111111112,34.20552888888889,24
134.4829711111111,34.205463055555555,23
134.4827711111111,34.20524611111111,23
134.48223388888889,34.20451305555556,25
134.48217111111111,34.204388055555555,25
134.48213388888888,34.20428,26
134.4820961111111,34.20403,27
134.4820588888889,34.20394611111111,29
134.4819961111111,34.20387111111111,28
134.48192111111112,34.203805,28
134.4816588888889,34.20362111111111,28
134.4816211111111,34.20358,28
134.4815461111111,34.203455,31
134.48155888888888,34.203355,29
134.48157111111112,34.203255,31
134.4817461111111,34.202955,32
134.48180888888888,34.202755,30
134.48179611111112,34.20253805555556,30
134.4817338888889,34.202055,34
134.4816588888889,34.20184694444445,35
134.48159611111112,34.20178,35
134.4814961111111,34.20169694444444,36
134.48088388888888,34.201355,38
134.4805838888889,34.20118,37
134.4804961111111,34.201121944444445,38
134.48043388888888,34.20107194444444,38
134.4803838888889,34.201013055555556,38
134.48030888888889,34.20081305555556,37
134.47985888888888,34.19988,38
134.4797088888889,34.199605,39
134.4795088888889,34.19936388888889,39
134.47937194444444,34.199238888888885,39
134.47892194444444,34.19889694444444,39
134.47850888888888,34.198613888888886,44
134.47830888888888,34.19846388888889,48
134.47824694444444,34.19838,45
134.47812194444444,34.198146944444446,43
134.4778838888889,34.197696944444445,46
134.47785888888887,34.19763,45
134.47773388888888,34.197471944444445,46
134.4776338888889,34.19736388888889,46
134.47732194444444,34.197096944444446,48
134.47649694444445,34.19695611111111,47
134.47627194444445,34.196888888888886,45
134.47613388888888,34.19683111111111,45
134.4759838888889,34.19672194444444,47
134.47579694444445,34.196556111111114,47
134.47572194444444,34.196446944444446,49
134.47569694444445,34.196331111111114,48
134.47569694444445,34.19621388888889,47
134.4757088888889,34.19609694444444,47
134.47574694444444,34.19595611111111,47
134.47580888888888,34.195813888888885,47
134.47597194444444,34.19551388888889,47
134.47604694444445,34.19542194444445,47
134.47632194444444,34.19491388888889,51
134.4763338888889,34.19484805555555,49
134.47632194444444,34.19478111111111,51
134.47617194444445,34.194521944444446,50
134.4760838888889,34.19439805555555,50
134.47604694444445,34.19435611111111,50
134.47569694444445,34.19397305555555,50
134.4756338888889,34.19390611111111,51
134.47554694444443,34.19374805555555,51
134.47544694444446,34.193396944444444,50
134.475435,34.19324694444445,51
134.47547194444445,34.19305611111111,50
134.47561,34.192573055555556,50
134.47566,34.19238111111111,50
134.47577194444443,34.19213111111111,51
134.47589694444446,34.19181388888889,51
134.476035,34.191498055555556,53
134.47612194444446,34.19126388888889,53
134.476185,34.19110611111111,55
134.47631,34.190756111111114,56
134.476335,34.19068111111111,55
134.47634694444446,34.19058888888889,55
134.47632194444444,34.18995611111111,58
134.47632194444444,34.18985611111111,59
134.476335,34.189798055555556,58
134.476385,34.189748055555555,58
134.476385,34.189748055555555,58
134.476335,34.189798055555556,58
134.47632194444444,34.18985611111111,59
134.47632194444444,34.18995611111111,58
134.47616,34.189838888888886,60
134.47596,34.18968888888889,64
134.47587194444444,34.189573055555556,66
134.47586,34.18951388888889,67
134.475835,34.189123055555555,66
134.475785,34.18893888888889,65
134.47574694444444,34.18883888888889,68
134.47564694444443,34.188723055555556,70
134.47537194444445,34.18846388888889,77
134.475085,34.18810611111111,77
134.475035,34.18803111111111,77
134.474985,34.18795611111111,77
134.47492194444445,34.187873055555556,74
134.474835,34.187798055555554,76
134.47477194444446,34.187781111111114,77
134.47467194444445,34.187765,73
134.47431,34.18779,79
134.47426,34.18779,79
134.47412194444445,34.18775611111111,75
134.473935,34.187715,77
134.47381,34.18770611111111,78
134.47364694444445,34.187665,76
134.47352194444446,34.18763111111111,76
134.473235,34.187615,78
134.472885,34.18757305555555,84
134.47276,34.187565,84
134.47222305555556,34.187648055555556,85
134.47216,34.18763111111111,86
134.47209694444444,34.18761388888889,89
134.472035,34.18756388888889,89
134.471985,34.187488888888886,89
134.471935,34.18724805555556,84
134.47179694444443,34.18707305555556,80
134.47174694444445,34.18703111111111,84
134.471685,34.18700611111111,84
134.47151,34.18695611111111,84
134.47141,34.186948055555554,85
134.47127194444445,34.18695611111111,86
134.470985,34.186965,91
134.470885,34.18699,91
134.47069694444446,34.18704805555556,94
134.47062194444445,34.18705611111111,94
134.470535,34.18704805555556,94
134.47041,34.187015,94
134.469535,34.186548055555555,92
134.46947194444445,34.18653111111111,92
134.46899805555555,34.18647305555555,94
134.46826,34.18635611111111,95
134.46817305555555,34.18635611111111,95
134.46794805555555,34.18638111111111,96
134.46786,34.18638111111111,96
134.467785,34.186365,96
134.46769805555556,34.186323055555555,91
134.46754805555557,34.18620611111111,95
134.46749805555555,34.18619,95
134.46742305555554,34.18619,95
134.46736,34.18622305555556,99
134.467285,34.18625611111111,101
134.46721,34.186281111111114,101
134.46707305555555,34.186281111111114,102
134.466985,34.18624,104
134.46671,34.18599,100
134.46664805555557,34.18595611111111,103
134.46642305555557,34.18589,106
134.46631,34.185873055555554,106
134.46581,34.185865,111
134.465685,34.185873055555554,110
134.46546,34.18594,114
134.46527305555554,34.18596388888889,113
134.46521,34.18595611111111,114
134.464785,34.18583111111111,111
134.46454805555555,34.18580611111111,116
134.464485,34.18578888888889,116
134.464335,34.18568111111111,115
134.46421,34.18565611111111,113
134.464035,34.18565611111111,113
134.46394805555556,34.18564805555555,114
134.463885,34.18561388888889,116
134.46379805555554,34.18549,114
134.4637111111111,34.185298055555556,116
134.46367305555555,34.18525611111111,116
134.46359805555556,34.185215,117
134.46353611111113,34.18519805555555,121
134.4631361111111,34.18514,123
134.4630611111111,34.18515611111111,122
134.46301111111111,34.18518111111111,122
134.46294805555556,34.185248055555554,125
134.46284805555555,34.18541388888889,127
134.46278611111111,34.18546388888889,134
134.4627361111111,34.18548111111111,129
134.4626861111111,34.18545611111111,129
134.46266111111112,34.18541388888889,126
134.46266111111112,34.18536388888889,126
134.46276111111112,34.18515611111111,124
134.46278611111111,34.18494,122
134.46277305555554,34.18489,125
134.4627111111111,34.18484,125
134.46242305555555,34.18469,134
134.46231111111112,34.18465611111111,133
134.46219805555555,34.18464,133
134.4620111111111,34.18464,135
134.4618361111111,34.18467305555556,143
134.4613361111111,34.184873055555556,142
134.46112305555556,34.18493888888889,145
134.4610361111111,34.18493888888889,145
134.46069805555555,34.18488888888889,145
134.46059805555555,34.18490611111111,148
134.46044805555556,34.18494805555556,150
134.46038611111112,34.184981111111114,148
134.46032305555556,34.18501388888889,152
134.4601861111111,34.18512305555556,154
134.46009805555556,34.18514805555556,153
134.45979805555555,34.18516388888889,152
134.45969805555555,34.18518888888889,152
134.45936111111112,34.18528888888889,153
134.45904805555554,34.18537305555556,153
134.45881111111112,34.18545611111111,154
134.45877305555555,34.18548888888889,152
134.45854805555555,34.18571388888889,153
134.45839805555556,34.18583888888889,153
134.45836111111112,34.18588888888889,155
134.45823611111112,34.186348055555555,164
134.4582111111111,34.186413888888886,161
134.45817305555556,34.186481111111114,164
134.45812305555555,34.186548055555555,164
134.4579361111111,34.186706111111114,170
134.45789805555555,34.186773055555555,170
134.45779805555554,34.18692305555555,174
134.4577361111111,34.18698888888889,170
134.45762305555556,34.18709805555556,169
134.4575861111111,34.187148055555554,171
134.45756111111112,34.18721388888889,171
134.45753611111112,34.187373055555554,168
134.45754805555555,34.18757305555555,171
134.45754805555555,34.18763888888889,171
134.4575111111111,34.18777305555555,170
134.45742305555555,34.188006111111115,173
134.45731111111112,34.18826388888889,173
134.45727305555556,34.18838888888889,175
134.45723611111111,34.18846388888889,177
134.45717305555556,34.18855611111111,176
134.4569111111111,34.18888888888889,175
134.45687305555555,34.188963888888885,171
134.45687305555555,34.189281111111114,172
134.4568361111111,34.18939694444445,174
134.4567361111111,34.18982305555556,174
134.4567111111111,34.18986388888889,174
134.4566861111111,34.18989805555555,176
134.45653611111112,34.18996388888889,179
134.4563861111111,34.190148055555554,179
134.4562611111111,34.19029694444444,184
134.4562361111111,34.190356111111115,180
134.45621111111112,34.19047305555556,185
134.45622305555557,34.19053111111111,179
134.4562361111111,34.19060611111111,182
134.45621111111112,34.190646944444445,185
134.45609805555554,34.19066388888889,186
134.45598611111112,34.190671944444446,188
134.4558861111111,34.19069694444445,187
134.45573611111112,34.19071388888889,186
134.45553611111112,34.19070611111111,186
134.45534805555556,34.190646944444445,186
134.4551111111111,34.19053111111111,183
134.4547861111111,34.190356111111115,182
134.45471111111112,34.19031388888889,184
134.45467305555556,34.190263888888886,184
134.45461111111112,34.19016388888889,182
134.4545611111111,34.19011388888889,182
134.45447305555555,34.19005611111111,179
134.4544361111111,34.190038888888886,179
134.4543111111111,34.18998888888889,179
134.4541361111111,34.189931111111115,179
134.4538861111111,34.18988888888889,177
134.45377305555556,34.18981388888889,177
134.45342305555556,34.18944694444444,174
134.45336111111112,34.18933888888889,175
134.45332305555556,34.18930611111111,175
134.45322388888889,34.18925611111111,175
134.45313611111112,34.18923888888889,173
134.4528238888889,34.188923055555556,174
134.45278611111112,34.188896944444444,174
134.4527488888889,34.188896944444444,172
134.4527038888889,34.18893194444444,172
134.4527038888889,34.18893194444444,172
134.4527488888889,34.188896944444444,172
134.45281111111112,34.18911388888889,171
134.4528238888889,34.18922305555556,174
134.4528238888889,34.18933888888889,177
134.4528238888889,34.18950611111111,179
134.45281111111112,34.189613888888886,180
134.45277388888888,34.189796944444446,176
134.45269888888888,34.19008888888889,178
134.45267388888888,34.190131111111114,180
134.4526488888889,34.19018111111111,176
134.45256111111112,34.19023888888889,178
134.4524988888889,34.19025611111111,176
134.4524361111111,34.19025611111111,177
134.45236111111112,34.19023888888889,177
134.4522611111111,34.19018888888889,175
134.4519861111111,34.190038888888886,177
134.45189888888888,34.18998888888889,172
134.4518238888889,34.18991388888889,175
134.45176111111113,34.18988111111111,173
134.45167388888888,34.18988111111111,173
134.4516111111111,34.189906111111114,176
134.45156111111112,34.18998111111111,176
134.4515238888889,34.190038888888886,176
134.4514861111111,34.19027194444445,182
134.45142388888888,34.19052194444444,185
134.4513861111111,34.19056388888889,186
134.45122388888888,34.19061388888889,183
134.4511361111111,34.19061388888889,182
134.45077388888888,34.19053888888889,182
134.4506988888889,34.19049694444445,182
134.45062388888888,34.19045611111111,184
134.45042388888888,34.19029694444444,182
134.4503361111111,34.19028888888889,182
134.4501611111111,34.19028111111111,190
134.45007388888888,34.190246944444446,193
134.4497111111111,34.190021944444446,191
134.4496611111111,34.19000611111111,192
134.4495988888889,34.19001388888889,192
134.44928611111112,34.19008111111111,191
134.4490988888889,34.19008111111111,191
134.4490361111111,34.19005611111111,191
134.4488611111111,34.18996388888889,188
134.4487988888889,34.18995611111111,188
134.4487488888889,34.18998111111111,188
134.4486738888889,34.19005611111111,193
134.4485611111111,34.19018888888889,195
134.44837388888888,34.19048111111111,197
134.4483238888889,34.19051388888889,195
134.44824888888888,34.19053888888889,195
134.4481361111111,34.19054694444444,196
134.44806111111112,34.19053888888889,200
134.4479988888889,34.190488888888886,204
134.4479488888889,34.190421944444445,200
134.4478861111111,34.19029694444444,203
134.4478488888889,34.19011388888889,202
134.4477238888889,34.18993888888889,203
134.4475611111111,34.18972194444444,202
134.44746111111112,34.18955611111111,203
134.44738611111111,34.18948888888889,205
134.44716111111111,34.18946388888889,206
134.44678611111112,34.18960611111111,205
134.4466238888889,34.189821944444446,206
134.44658611111112,34.18996388888889,209
134.44658611111112,34.19004694444445,213
134.4466238888889,34.19013,216
134.4466111111111,34.19018,216
134.44656111111112,34.19023,220
134.4463861111111,34.190305,213
134.44609888888888,34.19053888888889,216
134.44576111111112,34.190755,213
134.44564888888888,34.190805,216
134.4455988888889,34.190805,216
134.44553611111112,34.19078,217
134.4453738888889,34.190621944444445,215
134.44533611111112,34.19061388888889,215
134.44519888888888,34.190621944444445,215
134.44506194444443,34.190688888888886,217
134.44497388888888,34.19076388888889,216
134.44487388888888,34.19088,217
134.44477388888888,34.19093,223
134.44471194444444,34.19094694444444,223
134.4443738888889,34.19093888888889,223
134.44426194444443,34.19088,219
134.4442238888889,34.190821944444444,219
134.44417388888888,34.190488888888886,225
134.44411194444444,34.190405,227
134.44403694444443,34.19037194444444,231
134.44393694444443,34.19036388888889,235
134.44383694444446,34.190396944444444,233
134.44323694444444,34.190655,233
134.44317388888888,34.190671944444446,237
134.44307388888888,34.19068,236
134.4429988888889,34.19066388888889,232
134.44293694444445,34.19063,232
134.4428988888889,34.19058,232
134.4428738888889,34.19051388888889,236
134.44288694444444,34.190005,234
134.44284888888888,34.18993888888889,233
134.44278694444444,34.189905,233
134.4426488888889,34.18987194444444,232
134.44241194444444,34.18986388888889,233
134.44226194444445,34.189838888888886,233
134.44216194444445,34.18978,236
134.4420988888889,34.189605,237
134.44204888888888,34.189455,236
134.44202388888888,34.189413888888886,234
134.44191194444446,34.18928888888889,241
134.4418988888889,34.18921388888889,241
134.4419488888889,34.189096944444444,242
134.44204888888888,34.188921944444445,241
134.44203694444445,34.188855,243
134.44201194444443,34.18882194444444,243
134.44196194444444,34.18882194444444,245
134.44188694444443,34.18883,247
134.44178694444443,34.18897194444445,246
134.44168694444446,34.18913,247
134.44169888888888,34.18924694444444,247
134.4418738888889,34.18958888888889,245
134.4418488888889,34.189805,246
134.4418988888889,34.18993,248
134.4419988888889,34.190021944444446,254
134.4421738888889,34.190055,251
134.4423488888889,34.19008888888889,249
134.44246194444443,34.190155,253
134.4425488888889,34.190255,255
134.44259888888888,34.19036388888889,251
134.44259888888888,34.19061388888889,252
134.44246194444443,34.19089694444445,254
134.44246194444443,34.19096305555556,254
134.4425238888889,34.19103,257
134.44263694444444,34.191071944444445,255
134.44278694444444,34.191096944444446,253
134.44298694444444,34.191046944444444,254
134.44316194444446,34.19097194444444,253
134.44339888888888,34.19093888888889,254
134.44348694444443,34.19097194444444,255
134.44353694444445,34.191021944444444,258
134.4435738888889,34.19113,257
134.44359888888889,34.19144694444444,263
134.44362388888888,34.19239694444445,264
134.4435738888889,34.19256305555555,257
134.44343694444444,34.19273805555556,266
134.44341194444445,34.192796944444446,263
134.44339888888888,34.19292194444444,260
134.44336194444443,34.19304694444445,255
134.44331194444445,34.19313805555556,249
134.4432488888889,34.19318805555555,249
134.44313694444443,34.193238055555554,244
134.44291194444443,34.19334694444444,244
134.44283694444445,34.19336305555556,245
134.44256194444444,34.19333,249
134.44247388888888,34.19329694444444,248
134.4422238888889,34.19318,249
134.44211194444443,34.19314694444444,248
134.4418988888889,34.19311305555556,246
134.44183694444445,34.19309694444444,248
134.44179888888888,34.193055,248
134.4416738888889,34.19291305555556,250
134.44158694444445,34.19287194444444,256
134.44122388888889,34.19283,249
134.4410488888889,34.19283,248
134.44096194444444,34.192863055555556,249
134.44076194444443,34.192955,247
134.44066194444446,34.192971944444444,248
134.44056194444445,34.192955,248
134.4402738888889,34.192838055555555,248
134.44012388888888,34.19282111111111,246
134.43987388888888,34.19293,245
134.43954888888888,34.19317111111111,247
134.4394988888889,34.193305,245
134.43948694444444,34.19338805555556,244
134.43951194444443,34.19347111111111,245
134.43956194444445,34.19354611111111,242
134.44001194444445,34.193905,241
134.44016194444444,34.194055,242
134.44022388888888,34.194138055555555,238
134.44038694444444,34.194513055555554,240
134.44044888888888,34.194705,239
134.44057388888888,34.19502111111111,238
134.4406238888889,34.19509611111111,238
134.44071194444444,34.195205,238
134.44078694444445,34.195346111111114,240
134.44076194444443,34.19539611111111,243
134.4407238888889,34.19543,243
134.44051194444444,34.19564611111111,245
134.44036194444445,34.19582111111111,243
134.4402738888889,34.19600388888889,241
134.44026194444444,34.19607111111111,241
134.44026194444444,34.19613805555556,239
134.44044888888888,34.19642888888889,230
134.4404738888889,34.19652888888889,230
134.4404738888889,34.19672888888889,231
134.44051194444444,34.19682111111111,232
134.44088694444446,34.19714611111111,232
134.44099888888888,34.19726305555555,231
134.44106194444444,34.19734611111111,229
134.44108694444444,34.19744611111111,232
134.4410988888889,34.19772888888889,234
134.44112388888888,34.19787888888889,232
134.44116194444445,34.19795388888889,231
134.44136194444445,34.19824611111111,233
134.44138694444445,34.19830388888889,233
134.4413988888889,34.19839611111111,233
134.44133694444446,34.19857888888889,228
134.44133694444446,34.19862888888889,228
134.44136194444445,34.19869611111111,222
134.44146194444446,34.19876305555555,218
134.44161194444445,34.19885388888889,220
134.44168694444446,34.19892111111111,221
134.4418488888889,34.199221111111115,222
134.44191194444446,34.19927111111111,224
134.44202388888888,34.19933805555556,226
134.44211194444443,34.19934611111111,225
134.44221194444444,34.199328888888886,221
134.4422988888889,34.199288055555556,218
134.44249888888888,34.19917111111111,214
134.44262388888887,34.19915388888889,215
134.44282388888888,34.19914611111111,214
134.44293694444445,34.19918805555555,213
134.44304888888888,34.19924611111111,212
134.44314888888889,34.19937111111111,210
134.4432238888889,34.199513055555556,205
134.44333694444444,34.19989611111111,211
134.44346194444444,34.20002888888889,211
134.44376111111112,34.20021194444445,211
134.44386111111112,34.20030388888889,211
134.44407388888888,34.20057111111111,206
134.44419888888888,34.20067111111111,206
134.4444611111111,34.20084611111111,199
134.4445111111111,34.20089611111111,200
134.44453611111112,34.20097111111111,200
134.4445488888889,34.20115388888889,202
134.4445861111111,34.201278888888886,203
134.44463611111112,34.20137888888889,207
134.44463611111112,34.20144611111111,202
134.4445988888889,34.20152111111111,202
134.44452388888888,34.201571111111114,195
134.44439888888888,34.20162888888889,196
134.44406111111113,34.20180388888889,194
134.4439988888889,34.20182111111111,194
134.4439111111111,34.20182111111111,194
134.4436611111111,34.20177888888889,191
134.4435611111111,34.20177888888889,191
134.4434611111111,34.20180388888889,191
134.4430988888889,34.201996111111114,195
134.4430238888889,34.20201194444444,191
134.44294888888888,34.20198805555555,196
134.4428988888889,34.20194611111111,196
134.44286194444445,34.20187888888889,195
134.44276194444444,34.20167111111111,193
134.44263694444444,34.20137888888889,194
134.44248694444445,34.20128694444445,197
134.44241194444444,34.201278888888886,198
134.4423238888889,34.20130388888889,200
134.44198694444444,34.20144611111111,186
134.44192388888888,34.20145388888889,186
134.4418488888889,34.201436944444445,187
134.44179888888888,34.201411944444445,187
134.4417488888889,34.20135388888889,185
134.44163694444444,34.20122111111111,188
134.4414238888889,34.20120388888889,187
134.44137388888888,34.201188055555555,187
134.44112388888888,34.20097888888889,189
134.44106194444444,34.20095388888889,187
134.44098694444443,34.20095388888889,188
134.44091194444445,34.20097888888889,188
134.44083694444444,34.201036944444446,186
134.44076194444443,34.20109611111111,188
134.44071194444444,34.20110388888889,188
134.44066194444446,34.20110388888889,188
134.44051194444444,34.20106194444445,189
134.44043694444446,34.20107111111111,193
134.4403738888889,34.20109611111111,193
134.44031194444443,34.20115388888889,189
134.4401488888889,34.201436944444445,187
134.44008694444443,34.20153694444444,186
134.4400238888889,34.201571111111114,184
134.4399488888889,34.201571111111114,185
134.43989888888888,34.20156194444444,185
134.4398488888889,34.20152111111111,185
134.4397988888889,34.20140388888889,186
134.4397238888889,34.20132111111111,186
134.4395988888889,34.201278888888886,185
134.43954888888888,34.20124611111111,182
134.43952388888889,34.20120388888889,183
134.43951194444443,34.20106194444445,183
134.43952388888889,34.20092888888889,181
134.43952388888889,34.20086194444445,183
134.43951194444443,34.200811944444446,183
134.43944888888888,34.20077888888889,183
134.43938694444444,34.20075388888889,185
134.43928694444443,34.20075388888889,186
134.43856194444444,34.200786944444445,174
134.4383488888889,34.20083694444445,172
134.4382738888889,34.20083694444445,173
134.4382238888889,34.20080388888889,173
134.43818694444445,34.20075388888889,172
134.43811194444444,34.20052111111111,176
134.43806194444446,34.20045388888889,173
134.43797388888888,34.20042111111111,176
134.43783694444446,34.200403888888886,175
134.43771194444443,34.20042111111111,175
134.43743694444444,34.200496111111114,173
134.43708694444445,34.20052111111111,172
134.43698694444444,34.200536944444444,170
134.43686194444444,34.200586944444446,168
134.43675,34.20064611111111,164
134.436725,34.20070388888889,164
134.43673694444445,34.20089611111111,161
134.43678694444444,34.200986944444445,164
134.43683694444445,34.20104611111111,161
134.43691194444443,34.20108694444444,163
134.43698694444444,34.20108694444444,163
134.43707388888888,34.201053888888886,163
134.43714888888888,34.200986944444445,164
134.4374738888889,34.20066194444444,166
134.43756194444444,34.20062111111111,164
134.43768694444444,34.20059611111111,163
134.4377738888889,34.200586944444446,163
134.4378738888889,34.20061194444445,165
134.43794888888888,34.20068694444444,165
134.43796194444445,34.20102888888889,160
134.4380238888889,34.20109611111111,163
134.43808694444445,34.20110388888889,163
134.43816194444443,34.20109611111111,163
134.4385738888889,34.200961944444444,166
134.43877388888887,34.20097111111111,166
134.43886194444445,34.20102111111111,160
134.43903694444444,34.20117111111111,162
134.43907388888888,34.20137111111111,157
134.43907388888888,34.201461944444446,155
134.43903694444444,34.20152888888889,155
134.43897388888888,34.20158694444444,154
134.43839888888888,34.201811944444444,146
134.43798694444445,34.20204611111111,143
134.43797388888888,34.20209611111111,143
134.43798694444445,34.20224611111111,143
134.43803694444443,34.20233694444445,145
134.43811194444444,34.20244611111111,147
134.4382738888889,34.20259611111111,147
134.43828694444446,34.20265388888889,147
134.4382738888889,34.20270388888889,142
134.4381238888889,34.202736944444446,143
134.43808694444445,34.202711944444445,141
134.43798694444445,34.20245388888889,142
134.43783694444446,34.20213694444445,141
134.43784888888888,34.20207111111111,141
134.4378988888889,34.201996111111114,141
134.4380488888889,34.20187111111111,141
134.43823694444444,34.20175388888889,142
134.43852388888888,34.20158694444444,142
134.4385738888889,34.20152888888889,139
134.43858694444444,34.201436944444445,137
134.43856194444444,34.201346111111114,137
134.43851194444446,34.20130388888889,138
134.43839888888888,34.20129611111111,138
134.4379238888889,34.20136194444444,134
134.43783694444446,34.201346111111114,133
134.43762388888888,34.201236944444446,133
134.4375488888889,34.20122888888889,135
134.4374738888889,34.20124611111111,135
134.43738694444446,34.20129611111111,136
134.43714888888888,34.20145388888889,124
134.43684888888887,34.20155388888889,128
134.43659888888888,34.20158694444444,125
134.436525,34.20158694444444,124
134.43645,34.201546111111114,126
134.43638694444445,34.20142888888889,123
134.43641194444444,34.201236944444446,123
134.43636194444446,34.20108694444444,127
134.43616194444445,34.20087111111111,122
134.436125,34.200811944444446,122
134.43611194444443,34.20072111111111,124
134.43611194444443,34.20059611111111,125
134.43613694444446,34.20048694444444,124
134.43626194444445,34.200361944444445,125
134.43635,34.20032111111111,127
134.436575,34.20022111111111,129
134.43665,34.200161944444446,129
134.436675,34.20010388888889,129
134.436675,34.20005388888889,129
134.436625,34.20001194444445,127
134.43626194444445,34.199936944444445,126
134.436175,34.199911944444445,125
134.43613694444446,34.19987111111111,127
134.43611194444443,34.19980388888889,127
134.4361,34.19972888888889,124
134.436125,34.199621111111114,127
134.43611194444443,34.19952888888889,127
134.436075,34.19947888888889,125
134.436,34.19945388888889,122
134.4359,34.19942888888889,125
134.435825,34.19939611111111,123
134.435775,34.199353888888886,122
134.435675,34.199238055555554,124
134.435625,34.19921305555555,126
134.43556194444446,34.199221111111115,126
134.43555,34.199238055555554,121
134.43555,34.19927888888889,121
134.43565,34.19939611111111,120
134.435725,34.199438055555554,122
134.43588694444443,34.19949611111111,120
134.43593694444445,34.199536944444446,122
134.435975,34.19957888888889,121
134.43598694444444,34.19966194444444,121
134.43601194444443,34.19982111111111,124
134.43603694444445,34.199911944444445,123
134.436075,34.199978888888886,123
134.436175,34.20005388888889,122
134.43621194444444,34.200111944444444,118
134.436225,34.20018694444445,120
134.4362,34.20023694444444,117
134.43606194444445,34.20032888888889,113
134.435975,34.20042111111111,112
134.435925,34.20077111111111,111
134.43593694444445,34.20082111111111,111
134.43603694444445,34.200986944444445,115
134.4361,34.20109611111111,112
134.43613694444446,34.20127111111111,113
134.43613694444446,34.20152111111111,107
134.43616194444445,34.20164611111111,106
134.43623694444443,34.20191194444445,105
134.43626194444445,34.20196194444444,105
134.436325,34.20198694444444,105
134.43638694444445,34.20198694444444,107
134.43708694444445,34.20172888888889,109
134.43728694444445,34.20167111111111,107
134.43736194444443,34.20167111111111,107
134.43739888888888,34.20169611111111,107
134.43741194444445,34.20177888888889,104
134.43738694444446,34.20182111111111,104
134.4373238888889,34.20182888888889,104
134.43711194444444,34.20182111111111,105
134.43698694444444,34.20182888888889,106
134.436425,34.20207888888889,102
134.43626194444445,34.20209611111111,103
134.43618694444444,34.20205388888889,102
134.43613694444446,34.20198694444444,103
134.4361,34.20191194444445,100
134.43593694444445,34.20129611111111,104
134.43578694444443,34.20095388888889,99
134.43573694444444,34.20080388888889,95
134.435675,34.20061194444445,97
134.435625,34.20041194444445,90
134.435575,34.20035388888889,90
134.435525,34.200336944444444,84
134.43545,34.200336944444444,84
134.435325,34.20042111111111,90
134.43515,34.20067111111111,85
134.43483694444444,34.201036944444446,85
134.43451194444444,34.20124611111111,85
134.434175,34.20155388888889,90
134.43408694444443,34.20165388888889,87
134.43401194444445,34.201678888888885,83
134.433875,34.201661944444446,85
134.433725,34.201611944444444,86
134.43368694444445,34.201636944444445,86
134.4335,34.20176194444444,86
134.43343694444445,34.20176194444444,85
134.433375,34.20172888888889,85
134.43331194444445,34.20167111111111,80
134.43321194444445,34.20152888888889,83
134.43316305555555,34.20150388888889,83
134.4331,34.20151194444445,79
134.4328,34.201678888888885,74
134.43273805555555,34.201695,75
134.432675,34.201678888888885,75
134.43261194444443,34.201645,77
134.432575,34.20160388888889,77
134.43255,34.20152888888889,76
134.432525,34.20142111111111,78
134.432475,34.20137111111111,78
134.43241194444445,34.201346111111114,78
134.432325,34.20137,80
134.4323,34.201411944444445,80
134.4323,34.201478888888886,76
134.43235,34.20156194444444,72
134.43245,34.201695,72
134.43255,34.20178694444444,71
134.43263694444445,34.20182,74
134.43271305555555,34.20182,72
134.43278805555556,34.201795,71
134.43301305555556,34.201661944444446,76
134.43308694444445,34.20165388888889,76
134.43315,34.20167,75
134.4332,34.201703888888886,75
134.43326305555556,34.201861944444445,78
134.433325,34.20192888888889,73
134.43338805555555,34.20197,76
134.43346194444445,34.20197888888889,74
134.43353694444446,34.20195388888889,74
134.433725,34.20182,74
134.433775,34.20178694444444,74
134.43383694444444,34.20178694444444,74
134.43388694444445,34.20182111111111,74
134.433975,34.20193694444445,71
134.434075,34.202036944444444,71
134.43413694444445,34.202061944444445,72
134.43421194444446,34.202045,72
134.43426194444444,34.20198694444444,72
134.43433694444445,34.20172888888889,72
134.43436194444445,34.20167111111111,72
134.43445,34.20159611111111,66
134.43466194444446,34.20148694444445,66
134.434875,34.20142111111111,65
134.435,34.20137111111111,63
134.43521194444443,34.20122888888889,63
134.43528694444444,34.201211944444445,65
134.43533694444446,34.201211944444445,65
134.4354,34.20124611111111,63
134.43545,34.20130388888889,67
134.43555,34.201546111111114,64
134.43556194444446,34.201611944444444,68
134.43555,34.201678888888885,64
134.43551194444444,34.201886944444446,64
134.435525,34.20193694444445,63
134.43555,34.20198694444444,63
134.43565,34.20212111111111,64
134.43566194444443,34.20218694444444,64
134.43566194444443,34.20227111111111,63
134.43556194444446,34.20257,58
134.43551194444444,34.20287,55
134.4355,34.20325388888889,53
134.43546194444446,34.20332888888889,53
134.43536194444445,34.20342888888889,52
134.43531194444444,34.203445,52
134.43526194444445,34.20342888888889,52
134.43523694444445,34.20337888888889,52
134.435275,34.203311944444444,51
134.4354,34.203203888888886,53
134.435425,34.20312,53
134.43541194444444,34.202745,52
134.43546194444446,34.20237111111111,58
134.435425,34.20229611111111,53
134.435325,34.20222111111111,47
134.43525,34.20213694444445,47
134.4352,34.201996111111114,45
134.43516194444445,34.20196194444444,45
134.43508694444444,34.20192111111111,43
134.43501194444445,34.20191194444445,43
134.43495,34.20192111111111,44
134.43476194444443,34.202036944444444,44
134.4347,34.20207111111111,44
134.43461194444444,34.202086944444446,48
134.43456194444445,34.20212,45
134.434525,34.20216194444444,48
134.43451194444444,34.202245,46
134.43448694444444,34.202461944444444,42
134.43446194444445,34.202545,42
134.43441194444443,34.202595,43
134.43433694444445,34.20265388888889,43
134.43425,34.20267,42
134.434175,34.20266194444444,46
134.433975,34.20257888888889,43
134.433925,34.202595,43
134.43388694444445,34.20263694444444,46
134.43386194444443,34.20270388888889,46
134.433875,34.20282,46
134.433925,34.20306194444444,38
134.43388694444445,34.203111944444444,38
134.43378694444445,34.203195,38
134.43368694444445,34.203336944444445,36
134.43365,34.20345388888889,38
134.433625,34.203595,34
134.43358694444444,34.20367888888889,32
134.43356194444445,34.203845,30
134.43356194444445,34.20397888888889,31
134.4336,34.204195,30
134.43358694444444,34.20426194444445,29
134.43355,34.20432,31
134.433475,34.20433694444444,29
134.43341194444446,34.20431194444444,31
134.43336194444444,34.204253888888886,31
134.43333694444445,34.20417,32
134.43325,34.203845,34
134.43311194444445,34.203561944444445,29
134.433025,34.203295,29
134.43298694444445,34.20323694444444,29
134.43293805555555,34.203203888888886,29
134.432875,34.203195,29
134.432825,34.203203888888886,29
134.43276305555557,34.20322888888889,29
134.43271305555555,34.203311944444444,29
134.432675,34.20342,29
134.43265,34.20357,29
134.43265,34.20367888888889,29
134.432675,34.20391194444444,27
134.43271305555555,34.204245,27
134.43275,34.204595,28
134.43291194444444,34.20517,24
134.43296194444446,34.205295,21
134.433,34.20541194444444,18
134.4331,34.20572,14
134.4331,34.20582805555556,13
134.43303694444444,34.20592,10
134.43291194444444,34.20602,11
134.43248694444443,34.20630305555556,11
134.43221194444445,34.20648611111111,11
134.43216305555555,34.20652805555556,11
134.432125,34.20657805555555,10
134.4321,34.20662,11
134.431675,34.20711111111111,5
134.43163805555557,34.207195,5
134.43163805555557,34.207228055555554,5
134.431625,34.207278055555555,5
134.43168805555555,34.207436111111114,4
134.4318,34.20775305555556,3
134.431825,34.20782,3
134.43186194444445,34.20805305555555,3
134.43176305555556,34.20838611111111,2
134.4315,34.20888611111111,1
134.4314,34.20903611111111,1
134.43136194444443,34.20921888888889,1
134.4311688888889,34.20932194444445,1
134.4311688888889,34.20932194444445,1
134.4304,34.20972805555556,1
134.43028805555556,34.20953611111111,1
134.427875,34.21084388888889,2
134.4273,34.21118611111111,2
134.42698805555557,34.21136111111111,0
134.42673805555555,34.21146111111111,0
134.426375,34.21164388888889,0
134.426225,34.21171888888889,0
134.426025,34.21181888888889,0
134.426025,34.21164388888889,0
134.42598805555556,34.21154388888889,1
134.4258011111111,34.211193888888886,1
134.42570111111112,34.21101111111111,2
134.4252011111111,34.21021888888889,4
134.42393805555557,34.21075305555556,3
134.42313805555557,34.21113611111111,3
134.42286305555555,34.21121111111111,3
134.42263805555555,34.21122694444445,3
134.42243805555555,34.21121111111111,4
134.42228805555555,34.21120194444445,4
134.42198805555554,34.21127694444444,4
134.42191305555556,34.21131111111111,4
134.42158805555556,34.21146888888889,4
134.42136305555556,34.21153611111111,4
134.4211011111111,34.21156111111111,4
134.4208261111111,34.21159388888889,4
134.4206761111111,34.21161111111111,4
134.42046305555556,34.21174388888889,4
134.42007611111111,34.21201888888889,4
134.4197888888889,34.21221111111111,4
134.41926388888888,34.21256888888889,4
134.4190638888889,34.21266,4
134.4187761111111,34.212785,4
134.41790111111112,34.213185,4
134.4177511111111,34.21324388888889,4
134.41743888888888,34.21331,4
134.41631388888888,34.213235,6
134.41598888888888,34.21321888888889,7
134.41565111111112,34.21316,7
134.4154888888889,34.21317694444444,8
134.4149138888889,34.21336,10
134.4148011111111,34.21341,10
134.4141888888889,34.213768055555555,10
134.41405194444445,34.21381,10
134.4139811111111,34.213721944444444,10
134.4139811111111,34.213721944444444,10
134.41385194444445,34.21356,11
134.4137888888889,34.21346805555556,11
134.4137638888889,34.21337694444444,11
134.41372694444445,34.213185,11
134.4136638888889,34.212985,12
134.41315194444445,34.21192694444444,13
134.41310194444443,34.21186,13
134.41302694444445,34.211801944444446,13
134.41278888888888,34.21169388888889,13
134.41268888888888,34.21165194444445,13
134.41240194444444,34.21147694444444,14
134.41190194444445,34.21211888888889,14
134.41180194444445,34.212185,14
134.41143888888888,34.21234388888889,14
134.4103638888889,34.21281,14
134.40930194444445,34.213285,14
134.40822694444444,34.21375194444445,14
134.40709,34.21426,14
134.40705194444445,34.21427611111111,14
134.40635194444445,34.214585,14
134.40630194444444,34.21460111111111,15
134.40640194444444,34.21482611111111,14
134.40679,34.21557611111111,13
134.40695194444444,34.21586,12
134.40749,34.216726111111115,10
134.40720194444444,34.21685111111111,11
134.40711,34.21689194444444,11
134.40711,34.21689194444444,11
134.40694,34.216968055555554,11
134.40679,34.21704305555556,11
134.40667694444446,34.21711805555555,11
134.40652694444444,34.217283888888886,12
134.406465,34.21740888888889,11
134.40639,34.21755888888889,11
134.40630194444444,34.21783388888889,11
134.40619,34.21816805555556,12
134.40612694444445,34.21830111111111,12
134.40600194444445,34.21845888888889,11
134.40595194444444,34.218518055555556,11
134.405865,34.21859194444445,11
134.40554,34.21888388888889,9
134.405315,34.219076111111114,9
134.40524,34.219143055555556,9
134.40462805555555,34.21969305555555,9
134.40440305555555,34.21985111111111,9
134.40415305555555,34.21998388888889,8
134.40335305555556,34.220258888888885,9
134.402515,34.220616944444444,8
134.40245305555555,34.220641944444445,8
134.40227805555554,34.22071694444445,8
134.40139,34.221091944444446,8
134.40119,34.22115888888889,8
134.40084,34.22125111111111,9
134.400615,34.221291944444445,9
134.40019,34.221333888888886,8
134.40017805555556,34.221066944444445,9
134.40007805555555,34.22065888888889,9
134.40000305555554,34.22038388888889,9
134.39985305555555,34.21982611111111,9
134.39985305555555,34.21964194444445,9
134.39999111111112,34.21930111111111,9
134.40000305555554,34.21918388888889,9
134.39997805555555,34.21904305555555,9
134.39989111111112,34.21890888888889,9
134.39950305555556,34.21845888888889,9
134.3993911111111,34.21836694444445,9
134.3992661111111,34.21830111111111,9
134.3991411111111,34.21825888888889,9
134.39899111111112,34.21825111111111,9
134.39837805555555,34.218293055555556,9
134.39825305555556,34.21828388888889,9
134.39730305555557,34.21817611111111,9
134.39720305555556,34.21817611111111,9
134.3966411111111,34.21828388888889,9
134.39655305555556,34.21800888888889,9
134.3963161111111,34.217576111111114,9
134.3961911111111,34.217441944444445,8
134.39600305555555,34.21733388888889,8
134.39556611111112,34.21709194444445,7
134.3950411111111,34.21680888888889,6
134.39492805555557,34.216743055555554,6
134.39397888888888,34.216168055555556,7
134.3939638888889,34.216208055555555,7
134.3939638888889,34.216208055555555,7
134.39385388888888,34.216518055555554,7
134.39362888888888,34.21700111111111,5
134.3933411111111,34.217466944444446,4
134.39329111111113,34.21760888888889,4
134.3932538888889,34.21794194444445,4
134.3932411111111,34.21805111111111,4
134.39319805555556,34.21819388888889,4
134.39319805555556,34.21819388888889,4
134.39319111111112,34.21821805555555,4
134.39331611111112,34.21835111111111,4
134.3936161111111,34.21858388888889,5
134.3940411111111,34.21880111111111,6
134.3952911111111,34.219366944444445,8
134.39532805555555,34.219391944444446,8
134.3955161111111,34.219501111111114,8
134.39585305555556,34.21973388888889,9
134.39604111111112,34.219926111111114,9
134.39626611111112,34.220191944444444,9
134.3964161111111,34.22040888888889,9
134.39687805555556,34.2212,8
134.39765305555557,34.22258388888889,6
134.39770305555555,34.22266694444444,6
134.39800305555556,34.223216944444445,6
134.39805305555555,34.22331694444444,5
134.39829111111112,34.22365805555555,5
134.39854111111111,34.22401694444444,5
134.39864111111112,34.224108055555554,6
134.39937805555556,34.22461694444444,7
134.39959,34.22479194444445,7
134.39965305555555,34.224875,7
134.399915,34.22569194444444,8
134.40017111111112,34.22643111111111,8
134.40017111111112,34.22643111111111,8
134.40017805555556,34.22645,8
134.40045305555554,34.22716611111111,9
134.40049,34.22725805555555,9
134.40057805555554,34.22734111111111,9
134.400865,34.2275,9
134.40122805555555,34.227733055555554,9
134.40144,34.227916111111114,9
134.40144,34.227958055555554,9
134.40144,34.228008055555556,9
134.40139,34.228175,9
134.401365,34.22821611111111,9
134.40112805555555,34.22839111111111,9
134.40065305555555,34.22874111111111,9
134.40054,34.22884888888889,9
134.40007805555555,34.22944888888889,8
134.39999,34.22953305555556,8
134.399815,34.22961611111111,8
134.39969,34.229641111111114,8
134.39870305555556,34.229683055555554,9
134.398565,34.229733055555556,9
134.398465,34.22981611111111,9
134.39809,34.23036611111111,8
134.39804,34.23044888888889,8
134.39784,34.230758055555555,8
134.39779,34.23081611111111,9
134.397515,34.231256944444446,8
134.39745305555556,34.23137388888889,8
134.39725305555555,34.23198305555555,5
134.39724194444443,34.232016944444446,5
134.39724194444443,34.232016944444446,5
134.39725305555555,34.23198305555555,5
134.39815305555555,34.23207388888889,7
134.398215,34.232081944444445,7
134.39935305555557,34.232216111111114,7
134.39954,34.23223194444444,6
134.39964,34.23224888888889,6
134.400065,34.23249111111111,6
134.40059,34.23279888888889,7
134.40107694444444,34.23304888888889,7
134.40122694444443,34.23312388888889,7
134.40150194444445,34.233291111111114,7
134.40160194444445,34.23334111111111,7
134.40210194444444,34.23347388888889,7
134.40209,34.23394888888889,8
134.40210194444444,34.23429888888889,9
134.40239,34.23431611111111,9
134.40251,34.23431611111111,9
</coordinates>
</LineString>
</Placemark>
</Document>
</kml>
