<?xml version="1.0" encoding="UTF-8"?>
<kml xmlns="http://www.opengis.net/kml/2.2" xmlns:atom="http://www.w3.org/2005/Atom">
<Document>
<name>ＷＣＣ秋の市民サイクリング</name>
<atom:author>
<atom:name>まるふく</atom:name>
</atom:author> 
<atom:link href="https://latlonglab.yahoo.co.jp/route/watch?id=ea01452b117c018a1130e1335f7d9fc2" />
<description><![CDATA[]]></description>
<tags><![CDATA[自転車]]></tags>  
<Placemark>
<Style>
<LineStyle>
<color>99ff0000</color>
<width>6</width>
</LineStyle>
</Style>
<LineString>
<coordinates>
135.1699525,34.228653055555554,27
135.17002861111112,34.22873305555556,24
135.1699827777778,34.22862638888889,20
135.16999805555557,34.22867194444444,16
135.17002861111112,34.22863,21
135.17001333333334,34.228721666666665,21
135.16996777777777,34.22859583333334,17
135.17001333333334,34.228591944444446,15
135.1699827777778,34.228679722222225,16
135.17007444444445,34.22860722222222,16
135.17007444444445,34.22860333333333,15
135.1699827777778,34.22866444444445,15
135.1700438888889,34.228656666666666,15
135.17002861111112,34.228725555555556,14
135.1699525,34.22871388888889,18
135.17001333333334,34.2287675,17
135.16993722222222,34.228679722222225,20
135.16993722222222,34.228740555555554,20
135.16993722222222,34.22866444444445,21
135.16983027777778,34.22864527777778,21
135.16989138888889,34.22871388888889,22
135.17002861111112,34.228725555555556,20
135.1699827777778,34.22870638888889,21
135.16996777777777,34.22872916666667,21
135.16993722222222,34.228790277777776,20
135.17001333333334,34.22866444444445,19
135.1699525,34.22876361111111,19
135.16990666666666,34.228721666666665,20
135.16999805555557,34.228775,21
135.1699827777778,34.22885888888889,22
135.16990666666666,34.22878277777778,21
135.16993722222222,34.228748333333336,23
135.1699827777778,34.22883222222222,23
135.16996777777777,34.22876361111111,22
135.1700438888889,34.22871388888889,21
135.1699827777778,34.228653055555554,22
135.1699827777778,34.228748333333336,21
135.1699827777778,34.22869861111111,21
135.16996777777777,34.22864138888889,19
135.1700438888889,34.22864916666666,16
135.17005916666668,34.22859583333334,15
135.1700438888889,34.228695,11
135.1699827777778,34.2287025,11
135.17002861111112,34.228748333333336,11
135.16990666666666,34.228816944444446,13
135.16983027777778,34.229644722222226,18
135.16972361111112,34.229747777777774,16
135.16925055555555,34.22976305555556,2
135.1690827777778,34.22966777777778,2
135.16905222222223,34.22958361111111,9
135.1684875,34.22962583333333,10
135.16824333333332,34.229553333333335,8
135.16743472222223,34.229644722222226,10
135.16691583333332,34.22957611111111,10
135.16638194444445,34.22963722222222,14
135.16590888888888,34.22953805555556,10
135.16564944444445,34.2295875,12
135.16508472222222,34.229549444444444,12
135.16397083333334,34.22975916666667,12
135.16358944444445,34.22978222222222,11
135.1632538888889,34.22979361111111,10
135.1624297222222,34.23011777777778,8
135.16198722222222,34.23017888888889,4
135.16175833333332,34.230285555555554,1
135.16162111111112,34.23025888888889,0
135.16027833333334,34.231025833333334,9
135.15885916666667,34.231674166666664,5
135.15570055555557,34.233314444444446,8
135.1558075,34.23336027777778,8
135.1558227777778,34.23345194444445,8
135.15585333333334,34.23340611111111,5
135.15625,34.23383333333334,6
135.15666194444444,34.234119444444445,10
135.15783694444445,34.23577111111111,6
135.15806583333332,34.23598111111111,2
135.15811166666666,34.23612222222222,2
135.1586761111111,34.23679361111111,3
135.1594697222222,34.23771277777778,8
135.16003416666666,34.23822027777778,6
135.16040027777777,34.23872388888889,5
135.16148388888888,34.23978416666667,3
135.16186527777776,34.240425,4
135.16201777777778,34.240856111111114,3
135.1622313888889,34.241859444444444,7
135.16255194444443,34.24250027777778,11
135.163025,34.242889444444444,12
135.1631011111111,34.24295055555555,10
135.1642302777778,34.243469166666664,10
135.1654511111111,34.24449527777778,5
135.1661225,34.244956944444446,9
135.16740416666667,34.245597777777775,6
135.169815,34.24643694444445,1
135.17111194444445,34.246631666666666,7
135.17189027777778,34.24689111111111,2
135.17289722222222,34.24710833333334,6
135.17413333333334,34.24752055555555,5
135.17472833333332,34.2477875,4
135.17544555555557,34.24789805555555,6
135.17692555555556,34.248420833333334,13
135.1784211111111,34.248718333333336,5
135.1824036111111,34.24985888888889,14
135.1832275,34.2505225,13
135.18412777777777,34.250797222222225,8
135.18518055555555,34.251354166666665,15
135.186905,34.25237666666666,21
135.18701166666668,34.25246055555556,21
135.18753055555555,34.25282277777778,21
135.18858333333333,34.25383388888889,17
135.1889647222222,34.25436777777778,13
135.18951416666667,34.254936111111114,17
135.1905211111111,34.256168333333335,16
135.1913911111111,34.25690083333333,13
135.19190972222222,34.25714111111111,13
135.19300833333332,34.25750361111111,12
135.1938477777778,34.25767138888889,12
135.19747916666665,34.257938333333335,6
135.1980286111111,34.25790027777778,8
135.19815055555554,34.25774,10
135.19836416666666,34.25768277777778,10
135.19895944444445,34.25772472222222,12
135.1992338888889,34.257865833333334,11
135.19995111111112,34.25778583333334,9
135.20251472222222,34.25774388888889,18
135.2032927777778,34.257621666666665,17
135.2043,34.25756833333333,17
135.20491027777777,34.257709444444444,19
135.20480333333333,34.25782777777778,15
135.2053375,34.25798416666667,13
135.20527638888888,34.258075833333336,9
135.2053375,34.25814805555556,8
135.20574944444445,34.25815194444444,8
135.20654305555556,34.25794222222222,8
135.20678722222223,34.257911666666665,9
135.20716861111111,34.25786222222222,11
135.20784,34.2579575,13
135.20874027777776,34.25797277777778,20
135.20979305555556,34.25770555555555,24
135.21035777777777,34.25774777777778,27
135.21060194444445,34.25769416666667,25
135.21121222222223,34.257759166666666,19
135.211975,34.2576675,19
135.21252444444445,34.25777444444444,12
135.21260083333334,34.258319722222225,8
135.2129363888889,34.25826638888889,2
135.21325694444445,34.25830833333333,5
135.21470638888889,34.25882722222222,14
135.21569833333334,34.25934222222222,19
135.21636972222223,34.259479444444445,13
135.21673583333333,34.25952138888889,10
135.21714777777777,34.259483333333336,9
135.2179261111111,34.25931555555555,4
135.21922305555555,34.258876666666666,6
135.21989444444444,34.25873194444444,10
135.22006222222223,34.258739444444444,11
135.22023,34.25885,11
135.22052,34.258766111111115,9
135.22108472222223,34.25890722222222,10
135.221405,34.25880055555555,16
135.22216805555556,34.26000583333333,13
135.2224275,34.260066944444446,14
135.2228088888889,34.25988,11
135.2229461111111,34.25971611111111,12
135.22290027777777,34.25938416666666,15
135.22305305555557,34.25923916666667,16
135.22320555555555,34.25917805555556,16
135.22358694444443,34.258968333333335,19
135.22505194444443,34.25846472222222,22
135.22581472222222,34.25811777777778,20
135.22586055555556,34.25798416666667,20
135.22563166666666,34.25740805555556,20
135.22554027777778,34.25684361111111,19
135.22558583333333,34.256790277777775,18
135.22886666666668,34.2564125,21
135.22926333333334,34.256233333333334,25
135.2295988888889,34.256164444444444,33
135.2301025,34.25617611111111,44
135.23063666666667,34.25598138888889,43
135.230835,34.255989166666666,42
135.23078916666665,34.25591277777778,43
135.23094166666667,34.25582111111111,40
135.2309113888889,34.25573722222222,41
135.23097222222222,34.25572583333334,41
135.2308502777778,34.255745,40
135.2307586111111,34.25567638888889,39
135.23057555555556,34.25573722222222,35
135.2306975,34.2559625,29
135.23065194444445,34.25574861111111,27
135.23071277777777,34.25575638888889,25
135.23066722222222,34.25577166666667,25
135.2306825,34.25576777777778,25
135.2306975,34.25591277777778,23
135.23042305555555,34.25602722222222,15
135.23051444444445,34.25602333333333,13
135.23080444444443,34.25579444444445,12
135.23089611111112,34.25600055555555,10
135.23100277777777,34.255966111111114,12
135.23129277777778,34.25606916666667,16
135.23179638888888,34.25608833333333,14
135.23211666666666,34.25618361111111,16
135.23228444444445,34.25612638888889,16
135.23226916666667,34.25648888888889,17
135.23246777777777,34.25664527777778,18
135.23258972222223,34.25691972222222,20
135.23258972222223,34.25763694444444,21
135.23284916666665,34.25859833333333,8
135.2330475,34.25888055555556,7
135.2334747222222,34.259258333333335,4
135.23571777777778,34.260997777777774,13
135.23591611111112,34.261360277777776,7
135.23591611111112,34.261718888888886,8
135.2359925,34.26183694444445,9
135.23602305555556,34.26213833333333,8
135.2362975,34.26209638888889,4
135.23663333333334,34.26217638888889,6
135.23713694444444,34.26213833333333,8
135.2383575,34.262279444444445,0
135.23870861111112,34.262233611111114,5
135.2392272222222,34.26229472222222,0
135.24043277777778,34.26227194444444,-1
135.24156194444444,34.262348055555556,-7
135.24324027777777,34.26245111111111,0
135.24386583333333,34.26240527777778,7
135.2488402777778,34.26255805555556,4
135.24913027777777,34.262725833333334,3
135.2493438888889,34.26365666666667,-6
135.249405,34.26372138888889,-4
135.24972527777777,34.263751944444444,0
135.2509613888889,34.263572777777775,6
135.25210583333333,34.263214166666664,1
135.25291444444446,34.263218055555555,0
135.2530211111111,34.26306527777778,3
135.253235,34.26169194444444,9
135.2532197222222,34.26054388888889,7
135.25337222222223,34.25888444444445,13
135.25326527777779,34.25852583333333,9
135.2528075,34.257553055555555,5
135.252655,34.25673305555556,4
135.25251777777777,34.25642777777778,10
135.25234972222222,34.25552,6
135.25224305555557,34.25525277777778,8
135.25227361111112,34.25513083333333,7
135.25335694444445,34.255275833333336,0
135.25387583333332,34.25541305555556,-2
135.25572194444445,34.255649444444444,-1
135.25608833333334,34.25567638888889,0
135.25682055555555,34.25592416666667,1
135.25720222222222,34.2558975,3
135.25767527777776,34.25597388888889,4
135.2586211111111,34.25624861111111,2
135.25878916666667,34.256366666666665,1
135.26072694444446,34.257129722222224,8
135.26168833333332,34.257778055555555,2
135.26214611111112,34.25818638888889,1
135.26292416666666,34.25898361111111,-2
135.26354972222222,34.25951388888889,2
135.26536555555555,34.261512777777774,-6
135.26654055555557,34.262481666666666,-2
135.26750194444443,34.26309972222222,1
135.2678527777778,34.26322555555556,3
135.26797472222222,34.2633475,8
135.2681275,34.263286666666666,8
135.26863111111112,34.263507777777775,8
135.27005,34.26391611111111,6
135.27156055555557,34.26405722222222,8
135.27517694444444,34.26406111111111,10
135.27598583333332,34.26406111111111,14
135.28030388888888,34.26428222222222,9
135.2840575,34.26430138888889,10
135.28485111111112,34.264183055555556,8
135.28501888888889,34.26422111111111,4
135.28533944444445,34.26406111111111,4
135.28672777777777,34.26388166666667,11
135.28707888888889,34.263755833333335,16
135.2879638888889,34.26361472222222,9
135.29113777777778,34.26269138888889,11
135.2929838888889,34.262031666666665,14
135.29519666666667,34.261386944444446,12
135.2959747222222,34.26110833333333,7
135.2965088888889,34.260913888888886,4
135.29713444444445,34.26077277777778,8
135.29808055555554,34.260395,17
135.29945361111112,34.25996027777778,13
135.30119333333334,34.259551944444446,18
135.30137638888888,34.259575,14
135.30171194444443,34.259460555555556,11
135.30253611111112,34.25939555555556,6
135.3026886111111,34.259304166666666,10
135.30271916666666,34.25911722222222,16
135.3027952777778,34.259056111111114,18
135.30435194444445,34.25905222222222,14
135.3053436111111,34.258789166666666,10
135.3081511111111,34.25788111111111,24
135.3082275,34.25783527777778,20
135.30816638888888,34.25772472222222,20
135.30783083333333,34.257465277777776,20
135.30744944444444,34.25725555555555,16
135.3074188888889,34.25729361111111,16
135.30744944444444,34.25694277777778,18
135.3079375,34.256729166666666,19
135.30805972222223,34.25661861111111,20
135.30841055555555,34.25664888888889,19
135.30854805555555,34.2565575,23
135.30873111111111,34.25637444444445,28
135.30885305555555,34.25609583333333,30
135.30886833333332,34.25581361111111,32
135.3088836111111,34.25571444444444,32
135.30989083333333,34.255626666666664,8
135.31051638888889,34.25541305555556,5
135.31083666666666,34.25523,9
135.3109436111111,34.25506583333333,13
135.3108825,34.254623333333335,17
135.31137083333334,34.25441361111111,18
135.31181333333333,34.25410083333333,19
135.3115997222222,34.25380333333333,17
135.311615,34.253860555555555,17
135.31166083333332,34.253726944444445,17
135.311615,34.25382222222222,19
135.3115997222222,34.253704166666665,20
135.31158444444443,34.25383,20
135.31156916666666,34.25384527777778,20
135.31152333333333,34.253864166666666,21
135.31163027777777,34.25374222222222,15
135.3116761111111,34.253955833333336,14
135.3123475,34.25384916666667,9
135.31248472222222,34.253730833333336,6
135.31248472222222,34.253631666666664,5
135.31216444444445,34.25303638888889,19
135.31005861111112,34.24971388888889,24
135.31008916666667,34.24966444444444,26
135.31108083333334,34.24960333333333,15
135.3103638888889,34.24960333333333,11
135.31022638888888,34.24930944444444,10
135.31033333333335,34.248737222222225,20
135.3097077777778,34.24831777777778,18
135.30914305555555,34.24824527777778,11
135.30902111111112,34.24820722222222,10
135.3089752777778,34.24808888888889,8
135.30831916666668,34.24806972222222,8
135.3074797222222,34.24776472222222,2
135.30694583333334,34.24737555555556,-1
135.30641166666666,34.24710833333334,3
135.3061675,34.246856666666666,7
135.30493166666668,34.24602138888889,6
135.30345166666666,34.24535361111111,5
135.3017425,34.2451325,4
135.3010711111111,34.24512861111111,1
135.30044555555557,34.245044722222225,0
135.29998777777777,34.24507138888889,1
135.29949944444445,34.244956944444446,2
135.29917916666668,34.244995,11
135.29919444444445,34.24505611111111,8
135.29872138888888,34.24500666666667,6
135.29824833333333,34.24485027777778,7
135.29736333333332,34.2441825,3
135.29608166666668,34.24398027777778,2
135.2954102777778,34.24415972222222,4
135.29469305555557,34.243926944444446,1
135.29452527777778,34.24384305555556,0
135.29449472222223,34.2436675,2
135.29409777777778,34.243537777777775,8
135.29438777777779,34.24362555555555,7
135.29452527777778,34.243835555555556,7
135.2954102777778,34.24411777777778,9
135.2954102777778,34.244213055555555,12
135.29513555555556,34.244525833333334,9
135.29519666666667,34.244503055555555,8
135.2951813888889,34.244441944444446,7
135.29501333333334,34.2443925,7
135.29501333333334,34.24438861111111,7
135.29515083333334,34.244415277777776,8
135.2951813888889,34.24449527777778,12
135.29544055555556,34.244304722222225,4
135.29542527777778,34.24417111111111,4
135.29457083333332,34.24384694444444,5
135.29454027777777,34.24370583333334,8
135.29443361111112,34.243629444444444,7
135.2929536111111,34.24308777777778,4
135.2929536111111,34.242870277777776,8
135.29277027777778,34.24271777777778,11
135.2925261111111,34.24230583333333,11
135.2922211111111,34.242156944444446,12
135.28657527777779,34.24162666666667,11
135.28543083333332,34.2411575,12
135.28282166666668,34.24057388888889,13
135.28157055555556,34.24105083333333,13
135.2808838888889,34.241054444444444,12
135.28027333333333,34.24089444444444,14
135.280075,34.24086388888889,13
135.27948,34.24095166666667,19
135.27864083333333,34.2413025,11
135.27604666666667,34.241775555555556,10
135.27528388888888,34.24165722222222,9
135.27417,34.241344444444444,13
135.27304083333334,34.241168888888886,19
135.27125555555557,34.241123333333334,12
135.27073666666666,34.241233888888885,12
135.27034,34.241191944444445,11
135.2696838888889,34.24126805555556,15
135.269455,34.24135583333333,16
135.2687836111111,34.241351944444446,19
135.26795972222223,34.24146638888889,13
135.26777638888888,34.24156194444444,12
135.26698305555556,34.2415925,15
135.2653961111111,34.24197,9
135.26503,34.242111111111114,10
135.2642363888889,34.24276361111111,11
135.26342777777776,34.243186944444446,13
135.2630613888889,34.243652222222224,11
135.2628175,34.24386222222222,24
135.26269527777777,34.243831666666665,24
135.2624052777778,34.24396138888889,21
135.2621613888889,34.24364472222222,18
135.2620086111111,34.24330888888889,17
135.26177972222223,34.243114444444444,14
135.26005555555557,34.24245833333333,5
135.25888055555555,34.24224861111111,8
135.2584075,34.242313333333335,7
135.25813305555556,34.24225222222222,6
135.25790416666666,34.241954722222225,12
135.2577513888889,34.24171055555556,15
135.2571411111111,34.24158861111111,7
135.25637805555556,34.24107361111111,12
135.25579833333333,34.24079888888889,7
135.2547761111111,34.240455555555556,5
135.25466916666667,34.240318333333335,8
135.2543638888889,34.24026111111111,7
135.25422666666665,34.23997111111111,15
135.25408944444445,34.23985277777778,14
135.253235,34.2396125,10
135.2529602777778,34.23947527777778,11
135.25270083333334,34.23923111111111,12
135.25253305555555,34.23849861111111,16
135.25247194444444,34.237815833333336,18
135.2522888888889,34.23730861111111,18
135.25207527777778,34.237117777777776,14
135.25160222222223,34.23717111111111,11
135.25100694444444,34.237426666666664,7
135.25030527777778,34.23760222222222,4
135.2498322222222,34.23750694444445,6
135.24914555555554,34.23715222222222,8
135.248825,34.237209444444446,8
135.24827583333334,34.23717888888889,12
135.24783333333335,34.23732388888889,8
135.2471161111111,34.23723972222222,7
135.2459411111111,34.237232222222225,24
135.2449036111111,34.2369575,17
135.24337777777777,34.23677444444444,16
135.24250805555556,34.23680888888889,12
135.24192805555555,34.23675166666666,19
135.24140916666667,34.23683555555556,24
135.2406311111111,34.23674777777778,23
135.2377013888889,34.23680888888889,6
135.23751833333333,34.23681638888889,8
135.23738111111112,34.23670972222222,10
135.2374113888889,34.23587805555555,17
135.23730472222223,34.235462222222225,15
135.2372436111111,34.23453527777778,21
135.2370911111111,34.23428333333333,21
135.23728944444446,34.23217388888889,23
135.2370911111111,34.232120555555554,19
135.23701472222223,34.23222361111111,24
135.23675527777777,34.232036666666666,21
135.23654166666665,34.23209388888889,19
135.2351836111111,34.23162833333333,13
135.2338713888889,34.23139944444444,8
135.23335277777778,34.23141861111111,10
135.23255916666668,34.23159777777778,13
135.23173527777777,34.231674166666664,11
135.2311552777778,34.23165138888889,10
135.23080444444443,34.23173527777778,9
135.2304838888889,34.231739166666664,10
135.23013305555557,34.23162472222222,12
135.22947694444446,34.23178472222222,10
135.23004138888888,34.231681944444446,6
135.2300261111111,34.231125,22
135.22973638888888,34.230197777777775,28
135.22961416666666,34.23016361111111,23
135.22947694444446,34.230262777777774,23
135.22937,34.230255,22
135.22926333333334,34.23018277777778,19
135.2292175,34.23005666666667,18
135.22911083333332,34.23003777777778,13
135.2272186111111,34.230465,4
135.22708138888888,34.23045722222222,6
135.2269286111111,34.23035055555555,11
135.22680666666668,34.23054111111111,9
135.22666944444444,34.23041527777778,12
135.22666944444444,34.23014833333333,11
135.22659305555555,34.230095,12
135.22653194444445,34.23014444444444,11
135.22659305555555,34.2301675,8
135.22659305555555,34.230201666666666,8
135.22660833333333,34.23041166666667,10
135.22666944444444,34.230358055555556,7
135.22665416666666,34.23040388888889,7
135.226715,34.23041166666667,7
135.22669972222224,34.230579444444444,6
135.22674555555557,34.23058694444445,6
135.2270661111111,34.2303925,8
135.2276,34.23024,7
135.22779833333334,34.23027027777778,10
135.2280425,34.23014444444444,8
135.22894277777777,34.22996888888889,11
135.22918694444445,34.229995833333334,11
135.22962944444444,34.22982777777778,11
135.2297211111111,34.229725,11
135.22970583333333,34.22941194444444,11
135.2297822222222,34.22930138888889,13
135.22975166666666,34.22904972222222,17
135.22962944444444,34.22886277777778,17
135.22967527777777,34.228500277777776,15
135.22967527777777,34.228275277777776,12
135.22987361111112,34.22824083333333,8
135.22982777777779,34.22816861111111,4
135.23004138888888,34.22821805555556,5
135.2300872222222,34.22838222222222,7
135.2301025,34.22827138888889,6
135.2300872222222,34.228321111111114,5
135.2300872222222,34.22831722222222,4
135.2300872222222,34.228298055555555,3
135.23005666666666,34.22828666666667,5
135.23004138888888,34.22828305555556,7
135.23004138888888,34.22826388888889,9
135.2301025,34.22808444444444,13
135.23004138888888,34.22819527777778,19
135.2300872222222,34.22812277777778,22
135.23014833333335,34.22824083333333,30
135.23024,34.228275277777776,32
135.23013305555557,34.228138055555554,32
135.23016361111112,34.228301944444446,25
135.23004138888888,34.22838222222222,22
135.23020944444445,34.228160833333334,14
135.23014833333335,34.2281875,11
135.2300111111111,34.22811138888889,7
135.22995,34.22817611111111,5
135.22990416666667,34.22812277777778,4
135.22976694444444,34.22817611111111,4
135.22966,34.228366944444446,7
135.22987361111112,34.22824472222222,5
135.2298888888889,34.228229444444445,5
135.2298125,34.228363055555555,13
135.22991944444445,34.22839361111111,16
135.22998055555556,34.22813416666666,20
135.23005666666666,34.22812277777778,22
135.22987361111112,34.228229444444445,20
135.22982777777779,34.22818,20
135.22975166666666,34.228210555555556,18
135.22966,34.228363055555555,15
135.22966,34.22835527777778,15
135.22966,34.22817222222222,18
135.22961416666666,34.22817222222222,18
135.22962944444444,34.22824083333333,21
135.22961416666666,34.228164722222225,22
135.22961416666666,34.22826388888889,24
135.23101805555555,34.22793583333333,23
135.22973638888888,34.22774888888889,23
135.22955333333334,34.2276,23
135.22956861111112,34.2275275,21
135.2295227777778,34.227603888888886,22
135.22961416666666,34.227603888888886,25
135.22970583333333,34.22755055555555,29
135.2297211111111,34.22744361111111,34
135.2295988888889,34.22764194444444,33
135.2297211111111,34.22744361111111,30
135.2297211111111,34.22761527777778,27
135.22969055555555,34.22754277777778,24
135.22987361111112,34.22753138888889,27
135.2297822222222,34.227603888888886,30
135.2297211111111,34.227512222222224,28
135.22967527777777,34.22754277777778,28
135.2295988888889,34.22759638888889,29
135.22964472222222,34.22763055555556,30
135.22973638888888,34.227561944444446,29
135.22964472222222,34.2275925,28
135.22973638888888,34.22763833333333,30
135.2297211111111,34.22768388888889,30
135.2297211111111,34.22788611111111,31
135.22982777777779,34.227874722222225,32
135.2298125,34.228031111111115,33
135.22973638888888,34.228031111111115,34
135.2297822222222,34.22808833333333,35
135.22970583333333,34.22835166666667,35
135.22962944444444,34.22844305555556,35
135.22973638888888,34.22830583333333,32
135.2298888888889,34.228294444444444,31
135.22975166666666,34.228359166666664,35
135.2294311111111,34.22806555555555,37
135.22918694444445,34.227718333333335,38
135.22909555555555,34.22776805555556,44
135.22914111111112,34.22772222222222,48
135.2292938888889,34.2278175,52
135.22933972222222,34.22772972222222,53
135.2292786111111,34.22785555555556,50
135.2294463888889,34.2279625,46
135.2294311111111,34.228004444444444,46
135.22937,34.227916666666665,45
135.22926333333334,34.22790916666667,46
135.22937,34.227893888888886,45
135.2295227777778,34.22774888888889,43
135.22956861111112,34.22798916666667,43
135.22937,34.228118888888886,43
135.22946166666668,34.22819138888889,42
135.2295836111111,34.2274475,43
135.22970583333333,34.22757722222222,43
135.22967527777777,34.22768027777778,43
135.2297211111111,34.22760777777778,44
135.22976694444444,34.22772222222222,44
135.2297975,34.22761166666667,45
135.22962944444444,34.22744,48
135.22949222222223,34.22695916666667,54
135.22953805555557,34.2261925,59
135.2297975,34.22539888888889,64
135.230545,34.224090555555556,69
135.23071277777777,34.2236825,70
135.230835,34.223014722222224,70
</coordinates>
</LineString>
</Placemark>
</Document>
</kml>
