<?xml version="1.0" encoding="UTF-8"?>
<kml xmlns="http://www.opengis.net/kml/2.2" xmlns:atom="http://www.w3.org/2005/Atom">
<Document>
<name>ＷＣＣ片鉄ロマン１</name>
<atom:author>
<atom:name>まるふく</atom:name>
</atom:author> 
<atom:link href="https://latlonglab.yahoo.co.jp/route/watch?id=ec0e523c2034142967a2a0cd8b98d94e" />
<description><![CDATA[片鉄廃線跡のサイクリングロードを走りました。]]></description>
<tags><![CDATA[自転車]]></tags>  
<Placemark>
<Style>
<LineStyle>
<color>99ff0000</color>
<width>6</width>
</LineStyle>
</Style>
<LineString>
<coordinates>
134.173355,34.75264361111111,114
134.17321777777778,34.75278083333333,87
134.1731413888889,34.75275027777778,82
134.17317194444445,34.752655,55
134.17309583333332,34.752696944444445,54
134.17344666666668,34.75255583333333,52
134.17346194444445,34.75275805555555,52
134.17341611111112,34.75262444444444,52
134.17332472222222,34.75266638888889,51
134.173355,34.75255194444444,51
134.1732788888889,34.752567222222225,50
134.17332472222222,34.75257111111111,50
134.1732788888889,34.75250638888889,50
134.17332472222222,34.752406944444445,51
134.17338555555557,34.752410833333336,52
134.1734313888889,34.75255194444444,56
134.1733397222222,34.75248333333333,56
134.17346194444445,34.75255194444444,56
134.17337027777776,34.752536666666664,56
134.17308055555554,34.75280388888889,58
134.1729736111111,34.75291444444444,60
134.17294305555555,34.753078333333335,61
134.1723022222222,34.75367361111111,60
134.17146305555556,34.75521083333334,56
134.17080694444445,34.7560425,63
134.1704102777778,34.75666805555556,69
134.1702422222222,34.756973333333335,75
134.170105,34.7574425,84
134.170105,34.757934444444444,88
134.17022694444444,34.758743333333335,85
134.1702575,34.75884638888889,89
134.17033388888888,34.75882333333333,89
134.170395,34.76088333333333,123
134.17050166666667,34.76103222222222,97
134.17074583333334,34.76371777777778,83
134.17109666666667,34.76641083333333,78
134.17129527777777,34.76707472222222,75
134.17190555555555,34.76848972222222,70
134.17205805555557,34.76873388888889,69
134.17222583333333,34.769218333333335,69
134.17251583333334,34.76969527777778,72
134.17317194444445,34.77032083333334,73
134.1759338888889,34.77254111111111,64
134.17649833333334,34.773136111111114,65
134.17694083333333,34.77399444444445,61
134.17698666666666,34.77460111111111,58
134.17686472222223,34.7751275,59
134.17657472222223,34.77563083333333,57
134.17080694444445,34.7822075,52
134.1697388888889,34.78299722222222,50
134.16932666666668,34.783165,51
134.16935722222223,34.78326027777778,52
134.16923527777777,34.78335194444445,52
134.16802972222223,34.78409583333333,56
134.16745,34.78460694444444,53
134.16720583333333,34.785133333333334,51
134.1670075,34.785339444444446,51
134.16688527777777,34.78538138888889,50
134.16741944444445,34.788669722222224,37
134.16745,34.78926861111111,37
134.16740416666667,34.78950888888889,43
134.16755666666666,34.79098138888889,42
134.1675261111111,34.791290277777776,42
134.16734305555556,34.79180138888889,45
134.1669311111111,34.792495833333334,40
134.16674805555556,34.79269027777778,39
134.16615305555555,34.79309833333333,35
134.1638947222222,34.7945175,37
134.15939333333333,34.79721833333333,32
134.1581725,34.797935555555554,31
134.15748583333334,34.798252222222224,31
134.15693666666667,34.79840083333333,31
134.15594472222222,34.798408611111114,32
134.155075,34.798343611111115,32
134.15481555555556,34.798255833333336,33
134.15443416666668,34.79801944444444,32
134.15386972222223,34.797535,34
134.153,34.797000833333335,29
134.15238944444445,34.79649361111111,39
134.15231333333332,34.79636,44
134.1532136111111,34.795719166666665,35
134.15267944444443,34.79595944444444,30
134.1527252777778,34.79598222222222,30
134.15267944444443,34.796031944444444,31
134.15293888888888,34.79592888888889,35
134.15289305555555,34.795970833333335,38
134.1528625,34.795879444444445,45
134.15289305555555,34.79597861111111,54
134.1528625,34.795879444444445,61
134.1529236111111,34.795902222222225,59
134.15281666666667,34.795852777777775,58
134.1527252777778,34.795856388888886,55
134.15287777777777,34.795856388888886,44
134.15289305555555,34.79591,43
134.15295416666666,34.79586416666667,48
134.1529236111111,34.795814444444446,53
134.15295416666666,34.79589083333333,51
134.15275583333334,34.796009166666664,31
134.15266416666665,34.79597861111111,34
134.15220638888889,34.796524166666664,25
134.1511688888889,34.79593277777778,19
134.15094,34.7956275,20
134.15023805555555,34.7951775,20
134.14967333333334,34.79491055555555,18
134.14913944444444,34.79476916666667,20
134.14775083333333,34.79473888888889,27
134.14692694444443,34.794982777777776,30
134.14605722222223,34.795433055555556,32
134.14553833333332,34.79593666666667,33
134.14534,34.796234166666665,32
134.14509583333333,34.796928333333334,34
134.14494333333334,34.798339722222224,32
134.14471444444445,34.79962527777778,32
134.14453138888888,34.80133444444444,33
134.1445463888889,34.80225361111111,34
134.14443972222222,34.8026275,31
134.14443972222222,34.80321111111111,32
134.14425666666668,34.80445861111111,34
134.14428722222223,34.80467222222222,31
134.1440886111111,34.80576694444444,33
134.14381416666666,34.80817805555556,31
134.14340222222222,34.80951694444445,34
134.14328,34.80965055555556,34
134.14265444444445,34.8110275,39
134.14248666666666,34.811439444444446,39
134.1419525,34.81278611111111,31
134.14204416666666,34.81272138888889,27
134.14196777777778,34.81273638888889,26
134.14118944444445,34.814460833333335,31
134.13917527777778,34.81843555555555,35
134.13880916666668,34.818843888888885,34
134.13838194444443,34.81919472222222,34
134.1371002777778,34.820015,33
134.13632194444443,34.821083055555555,35
134.13471972222223,34.82456583333333,56
134.1345061111111,34.8253175,53
134.13368222222223,34.82743444444444,49
134.1334075,34.827957222222224,52
134.1328736111111,34.82865527777778,57
134.13276666666667,34.829185555555554,59
134.13201916666668,34.830734166666666,61
134.13043222222223,34.83338916666667,73
134.12963861111112,34.83483888888889,71
134.12538138888888,34.84045777777778,73
134.12527472222223,34.84045416666667,72
134.1241913888889,34.84231944444444,70
134.12323,34.84455111111111,71
134.12274166666666,34.845287222222225,68
134.12088,34.84749611111111,61
134.11985777777778,34.848888333333335,58
134.11927805555555,34.84947583333334,57
134.1184538888889,34.84990305555556,54
134.11798083333332,34.85003666666667,53
134.11705027777776,34.85012444444445,51
134.11618055555556,34.850070833333334,45
134.1133575,34.84901416666667,36
134.11096194444445,34.84766,32
134.110855,34.84759138888889,32
134.11087027777776,34.847381666666664,33
134.11006166666667,34.84690472222222,32
134.106125,34.845416944444445,25
134.10522472222223,34.8451425,25
134.10186777777778,34.84534444444444,38
134.10093694444444,34.845687777777776,43
134.10041805555556,34.84601583333333,46
134.09999083333332,34.84640888888889,49
134.09968555555557,34.846851388888886,51
134.0995025,34.84726333333333,54
134.09944166666668,34.84751888888889,54
134.09944166666668,34.8484,49
134.09964,34.849086666666665,48
134.09849555555556,34.84918972222222,36
134.09783944444445,34.849182222222225,30
134.09768666666668,34.849109722222224,32
134.09771722222223,34.849178333333334,51
134.09768666666668,34.849025833333336,62
134.09777833333334,34.84909444444445,60
134.09790027777777,34.84906388888889,60
134.0983427777778,34.84914388888889,51
134.09968555555557,34.849109722222224,40
134.09982305555556,34.84943,46
134.1004027777778,34.85013194444444,52
134.10197444444444,34.851635,54
134.1044311111111,34.85430916666667,46
134.10603333333333,34.85648722222222,66
134.1071625,34.85756305555555,58
134.10734555555555,34.85758222222222,56
134.1092072222222,34.85950861111111,64
134.11048888888888,34.86134722222222,68
134.11117555555555,34.86246111111111,73
134.1115111111111,34.86351,77
134.11155694444443,34.86419305555555,79
134.11145027777778,34.86510083333334,77
134.11125194444443,34.865989722222224,73
134.1109313888889,34.866996666666665,68
134.110855,34.86723333333333,68
134.11050416666666,34.868003888888886,67
134.10984805555555,34.86903,64
134.10769666666667,34.87183388888889,58
134.1070861111111,34.87289805555555,60
134.1066588888889,34.87379083333333,62
134.10618583333334,34.87524027777778,63
134.10574333333332,34.877769444444446,92
134.1056975,34.87857805555556,89
134.1053161111111,34.88061138888889,87
134.1051025,34.88110361111111,83
134.10475166666666,34.88156138888889,81
134.10476694444444,34.88171777777778,78
134.10462944444444,34.88176333333333,75
134.10453805555557,34.88194277777778,76
134.10414111111112,34.88231666666667,75
134.10308833333335,34.88311,71
134.1024627777778,34.883361944444445,68
134.1013947222222,34.8835525,63
134.09768666666668,34.88366694444444,42
134.09692388888888,34.88378138888889,40
134.09626777777777,34.88399111111111,41
134.0956422222222,34.884326944444446,46
134.09516916666666,34.884746666666665,48
134.09477222222222,34.885219444444445,51
134.09452833333333,34.88574972222222,54
134.09432972222223,34.88679888888889,63
134.09436027777778,34.88724138888889,69
134.09451305555555,34.887592222222224,70
134.09472666666667,34.88787472222222,74
134.0951386111111,34.888218055555555,74
134.09613027777777,34.889244166666664,77
134.0965422222222,34.8895225,75
134.09758,34.89041527777778,67
134.09855638888888,34.891391666666664,58
134.09906,34.89219666666666,55
134.09930416666666,34.89295972222222,54
134.09935,34.89315027777778,52
134.09916694444445,34.89456166666667,49
134.09880055555556,34.89528277777778,55
134.09838861111112,34.896610277777775,58
134.09815972222222,34.89758694444444,50
134.097885,34.89815138888889,45
134.0976713888889,34.89841083333334,44
134.09689333333333,34.89904027777778,44
134.09599305555557,34.89939888888889,44
134.09529111111112,34.89950944444445,46
134.09460444444446,34.89951694444444,45
134.0939788888889,34.899414166666666,46
134.0930938888889,34.89902111111111,49
134.0916138888889,34.89856722222222,48
134.09112555555555,34.89830388888889,48
134.09069833333334,34.897911111111114,48
134.08824166666668,34.89490138888889,52
134.08766166666666,34.89452361111111,60
134.0873261111111,34.89443583333333,61
134.08692944444445,34.89439388888889,62
134.08457944444444,34.894714444444446,64
134.0841063888889,34.89498888888889,63
134.08377083333335,34.895290277777775,63
134.083725,34.89540861111111,62
134.08381666666668,34.89543527777778,56
134.08403027777777,34.89517222222222,57
134.08384694444445,34.895252222222226,57
134.0838775,34.89532861111111,56
134.0837097222222,34.89543527777778,57
134.08338916666668,34.896121944444445,57
134.08325194444444,34.89673222222222,56
134.08338916666668,34.89685444444444,62
134.08383166666667,34.89676277777778,63
134.08444222222224,34.89674388888889,63
134.08450305555556,34.89697638888889,62
134.08428944444444,34.89726638888889,55
134.0841063888889,34.89785777777778,51
134.08421333333334,34.89880361111111,59
134.085495,34.90076444444444,52
134.08569333333332,34.90128694444444,53
134.08638,34.90235888888889,54
134.0894775,34.90629583333333,53
134.0900725,34.90694805555555,50
134.09123222222223,34.90793611111111,52
134.0921172222222,34.90850833333333,54
134.0924836111111,34.9088975,55
134.09432972222223,34.91121305555556,54
134.0951386111111,34.91235361111111,55
134.09692388888888,34.91587444444445,54
134.097885,34.91800694444444,58
134.0980377777778,34.91855611111111,58
134.09814444444444,34.91960527777778,64
134.0980225,34.92078027777778,59
134.09783944444445,34.921039444444446,64
134.09765638888888,34.92153166666667,62
134.09747305555555,34.921710833333336,65
134.09751888888889,34.92184833333334,66
134.09747305555555,34.921996944444444,68
134.09722888888888,34.9224625,66
134.09693916666666,34.92285527777778,67
134.09562694444443,34.924034166666665,63
134.09553527777777,34.92413333333333,65
134.09552,34.92427833333333,65
134.09559638888888,34.924415555555555,64
134.09674083333334,34.92607111111111,62
134.09468083333334,34.92718111111111,65
134.0944061111111,34.92739861111111,68
134.09443666666667,34.92747888888889,65
134.09150694444443,34.92939388888889,61
134.0907897222222,34.93011083333333,62
134.09054555555556,34.93069833333333,63
134.09048472222221,34.931289722222225,67
134.0908661111111,34.93365472222222,71
134.09120166666668,34.93426138888889,67
134.0921325,34.935474444444445,67
134.0923461111111,34.93656527777778,71
134.09216305555555,34.93822111111111,72
134.09196472222223,34.939166944444445,60
134.09173583333333,34.939746944444444,59
134.09097277777778,34.94117361111111,60
134.09040833333333,34.941902222222225,63
134.08987416666668,34.94237138888889,64
134.089325,34.942794722222224,64
134.08848583333332,34.943134444444446,64
134.0881652777778,34.94320666666667,64
134.0852661111111,34.94334027777778,61
134.08325194444444,34.943309722222224,66
134.08250416666667,34.943221944444446,67
134.08213805555556,34.94332111111111,68
134.08216861111111,34.943447222222225,68
134.08242805555557,34.94361888888889,74
134.08216861111111,34.943801944444445,74
134.08203138888888,34.943733333333334,76
134.08193972222222,34.9435425,75
134.08183277777778,34.94352722222222,77
134.0818025,34.94342805555556,79
134.0818025,34.94332888888889,82
134.08192444444444,34.94338611111111,78
134.08198555555555,34.94326777777778,78
134.08213805555556,34.94327555555556,71
134.08221444444445,34.94338611111111,67
134.08213805555556,34.94340527777778,68
134.0823975,34.94353111111111,72
134.0823975,34.94360722222222,72
134.08250416666667,34.94343555555555,72
134.0823975,34.94338611111111,72
134.08251944444444,34.94332888888889,72
134.08273305555556,34.94341277777778,71
134.08274833333334,34.94349666666667,71
134.08265694444444,34.94355777777778,71
134.08276361111112,34.943664444444444,62
134.08282472222223,34.943573055555554,62
134.08294666666666,34.943599722222224,62
134.0895538888889,34.94159694444444,279
134.0829011111111,34.94350444444444,67
134.08265694444444,34.943447222222225,67
134.08264166666666,34.94351972222222,67
134.08186333333333,34.943905,249
134.08244333333334,34.943736944444446,164
134.08259583333333,34.943866666666665,164
134.0821838888889,34.94334805555555,90
134.08226,34.94334416666667,62
134.08200083333332,34.94327166666667,63
134.083435,34.94339,49
134.0857086111111,34.94339,54
134.08773805555555,34.94324861111111,61
134.08898916666666,34.94298166666667,60
134.08924861111112,34.94287861111111,61
134.09002694444445,34.94237527777778,61
134.09083555555554,34.941360555555555,64
134.09187305555557,34.939548611111114,55
134.09217833333332,34.93861777777778,61
134.09214777777777,34.93836972222222,63
134.0922852777778,34.93787777777778,63
134.09227,34.937149166666664,73
134.09237666666667,34.93676,79
134.0924225,34.936168611111114,90
134.09222416666665,34.935943611111114,92
134.0919188888889,34.93523027777778,94
134.09107972222222,34.93416222222222,73
134.09085083333332,34.93362805555556,71
134.09054555555556,34.93124,53
134.09068305555556,34.93050777777778,56
134.09091194444446,34.930038333333336,58
134.09141527777777,34.92948916666667,59
134.09451305555555,34.92747111111111,63
134.09449777777778,34.927349166666666,63
134.09680166666666,34.926113055555554,63
134.09657277777777,34.925758333333334,66
134.09561166666666,34.92429722222222,64
134.0970763888889,34.922939166666666,62
134.09733583333335,34.92256916666667,58
134.09715277777778,34.92253888888889,54
134.0970763888889,34.922447222222225,55
134.0973663888889,34.92256166666667,60
134.09747305555555,34.92245111111111,60
134.09812916666667,34.92111194444445,58
134.09825138888888,34.9207725,57
134.0983125,34.92015083333333,58
134.09829722222221,34.91928111111111,60
134.09806833333334,34.91820527777778,60
134.09532166666668,34.91228111111111,70
134.09487916666666,34.91160583333333,72
134.09396361111112,34.91044222222222,74
134.0923613888889,34.90864944444444,63
134.09136972222223,34.908027777777775,64
134.0894622222222,34.90640638888889,55
134.08708194444444,34.903484444444445,59
134.08436583333332,34.89908611111111,52
134.08419805555556,34.898269722222224,53
134.08422861111112,34.897735555555556,56
134.08427416666666,34.897487777777776,58
134.08451833333334,34.89704888888889,57
134.08456416666667,34.89683138888889,58
134.08421333333334,34.89676277777778,57
134.0832213888889,34.89682,53
134.083435,34.89619444444445,58
134.08383166666667,34.89532472222222,61
134.08399972222222,34.89511861111111,60
134.0844727777778,34.89481361111111,60
134.08506777777777,34.89466861111111,60
134.0873413888889,34.894489166666666,56
134.08775333333332,34.8946075,56
134.0880736111111,34.89485166666667,61
134.0907136111111,34.89810194444444,54
134.09098805555556,34.89834583333333,54
134.09165944444445,34.89868166666667,53
134.0930175,34.89904777777778,55
134.09405527777778,34.89944083333334,54
134.0947875,34.89957805555556,55
134.09553527777777,34.89958583333333,57
134.09614555555555,34.89947138888889,59
134.09687805555555,34.899143333333335,61
134.09785472222222,34.89830388888889,65
134.0982361111111,34.897705,65
134.0983275,34.896926944444445,69
134.0985413888889,34.89643083333333,67
134.09878527777778,34.895485,67
134.09916694444445,34.89447777777778,71
134.09938055555557,34.8935775,74
134.09925833333332,34.89250555555556,71
134.09916694444445,34.89225,67
134.09863277777777,34.89144527777778,60
134.0952147222222,34.8883475,49
134.09474194444445,34.88784777777778,49
134.09437555555556,34.886989722222225,46
134.09445194444444,34.88635638888889,44
134.0947113888889,34.88580694444445,45
134.0947875,34.88545611111111,50
134.09516916666666,34.88488777777778,54
134.09542833333333,34.884635833333334,57
134.09599305555557,34.884235277777776,56
134.09657277777777,34.883968333333335,58
134.09718333333333,34.88381583333334,58
134.10057055555555,34.88370527777778,55
134.102295,34.88346111111111,55
134.10313416666668,34.883224444444444,55
134.10337833333332,34.88308333333333,53
134.10400388888888,34.88266,51
134.10475166666666,34.881996111111114,49
134.10514833333335,34.881485,51
134.10524,34.8812675,56
134.1051025,34.88135527777778,56
134.10520944444445,34.88119888888889,50
134.10513305555557,34.881233333333334,50
134.1051788888889,34.88117611111111,49
134.105255,34.881233333333334,50
134.10546888888888,34.8809625,61
134.1056213888889,34.88051222222222,66
134.10556027777778,34.878955833333336,90
134.10566722222222,34.87854,97
134.10556027777778,34.87804027777778,105
134.105545,34.87745666666667,108
134.10560611111111,34.877185833333336,108
134.10559083333334,34.87640388888889,117
134.10566722222222,34.87546916666667,115
134.10607916666666,34.874878055555556,111
134.10617055555556,34.87454611111111,107
134.10636888888888,34.87421805555555,102
134.1064911111111,34.87376777777778,91
134.10771166666666,34.871944444444445,69
134.11016833333332,34.86890416666667,57
134.11062611111112,34.868026666666665,62
134.11071777777778,34.86759194444444,66
134.11067194444445,34.86710361111111,68
134.11125194444443,34.86602027777778,74
134.11131277777778,34.8657875,76
134.11134333333334,34.865516666666664,78
134.11135861111111,34.86528027777778,79
134.1112672222222,34.86458972222222,76
134.11131277777778,34.8639525,74
134.11138916666667,34.86368944444445,72
134.11134333333334,34.86341861111111,72
134.1110686111111,34.862789166666666,62
134.11102305555556,34.86248027777778,59
134.11061083333334,34.86157611111111,53
134.1101836111111,34.8608475,47
134.10940555555555,34.85969166666667,41
134.10881055555555,34.85899361111111,40
134.10739138888889,34.857528611111114,35
134.10719305555557,34.857482777777776,28
134.1068725,34.85709388888889,20
134.10600277777777,34.85639583333333,10
134.10440055555554,34.85411833333333,2
134.10395805555555,34.853748333333336,8
134.10142527777776,34.85104361111111,21
134.1006775,34.85040277777778,23
134.09974666666668,34.849308055555554,22
134.09944166666668,34.848529722222224,21
134.09939583333335,34.84795,24
134.09976194444445,34.84693138888889,36
134.10050972222223,34.846134166666666,35
134.1010588888889,34.84576416666667,37
134.1017302777778,34.845485555555555,35
134.10253916666667,34.845329166666666,28
134.10519416666668,34.845195833333335,25
134.1065675,34.84560388888889,22
134.1098022222222,34.84692388888889,28
134.11079416666666,34.84741972222222,27
134.11088555555557,34.84753027777778,31
134.1108397222222,34.8475875,31
134.11088555555557,34.84769055555556,30
134.11108388888888,34.84782416666667,28
134.11328138888888,34.84907527777778,23
134.11401361111112,34.84929666666667,25
134.1160888888889,34.850120555555556,36
134.11672972222223,34.85021583333333,31
134.11764527777777,34.85014722222222,17
134.11770638888888,34.85019694444444,17
134.11766055555555,34.850208333333335,17
134.11790472222222,34.850254166666666,17
134.11790472222222,34.85019305555556,17
134.11909472222223,34.849670277777776,22
134.1194763888889,34.8493575,29
134.11982722222223,34.848884444444444,43
134.11985777777778,34.84869777777778,48
134.1203461111111,34.848354444444446,54
134.12030027777777,34.848121666666664,56
134.1206511111111,34.84772111111111,54
134.12084972222223,34.84735861111111,50
134.1219025,34.84630194444444,61
134.12210083333332,34.8459625,64
134.12255861111112,34.84542472222222,63
134.12283333333335,34.84501638888889,65
134.1235961111111,34.84343722222222,61
134.12539666666666,34.840629444444446,33
134.13053888888888,34.833885277777775,24
134.13070666666667,34.83344638888889,27
134.1309813888889,34.83305361111111,29
134.13113416666667,34.83251194444444,35
134.13143916666667,34.831787222222225,41
134.13157666666666,34.831561944444445,44
134.13206472222222,34.83110055555556,28
134.13223277777777,34.830600833333335,32
134.132965,34.82913972222222,29
134.13336194444443,34.828575,28
134.13435361111112,34.825943055555555,32
134.13507083333334,34.82427972222222,19
134.13549805555556,34.822918055555554,26
134.1361388888889,34.82125472222222,36
134.13755805555556,34.81986611111111,11
134.13891611111112,34.818866666666665,16
134.1394652777778,34.81820305555556,13
134.1397247222222,34.81773388888889,8
134.13998416666666,34.81701666666667,17
134.14120472222223,34.81438833333333,20
134.14205944444444,34.812686944444444,23
134.14198305555556,34.81273638888889,20
134.14196777777778,34.812820555555554,20
134.14257805555556,34.812828055555556,17
134.14260861111111,34.81270611111111,18
134.14271555555555,34.81268305555555,17
134.14392083333334,34.812984444444446,6
134.14422611111112,34.81316,11
134.14448555555555,34.81317138888889,11
134.1445161111111,34.813278333333336,9
134.1446075,34.813305,8
134.1449738888889,34.813339166666665,15
134.14465333333334,34.813118055555556,11
134.1446075,34.81279361111111,17
</coordinates>
</LineString>
</Placemark>
</Document>
</kml>
