<?xml version="1.0" encoding="UTF-8"?>
<kml xmlns="http://www.opengis.net/kml/2.2" xmlns:atom="http://www.w3.org/2005/Atom">
<Document>
<name>ＷＣＣ片鉄ロマン２</name>
<atom:author>
<atom:name>まるふく</atom:name>
</atom:author> 
<atom:link href="https://latlonglab.yahoo.co.jp/route/watch?id=f1d8595f274e5624aee39e2fd9b25d4f" />
<description><![CDATA[二日目の軌跡です。]]></description>
<tags><![CDATA[自転車]]></tags>  
<Placemark>
<Style>
<LineStyle>
<color>99ff0000</color>
<width>6</width>
</LineStyle>
</Style>
<LineString>
<coordinates>
134.14436333333333,34.8130875,106
134.14463805555556,34.81312166666667,79
134.14462277777778,34.81321333333333,58
134.1446838888889,34.81325916666667,57
134.144745,34.81314472222222,60
134.1445463888889,34.81304166666666,62
134.1446075,34.81306083333333,43
134.14465333333334,34.813205833333335,41
134.14479055555555,34.81324,39
134.1449888888889,34.81324388888889,38
134.14509583333333,34.81312555555556,40
134.14465333333334,34.81253805555556,42
134.14436333333333,34.812305555555554,42
134.14456166666668,34.81147,36
134.14456166666668,34.81120694444444,34
134.14434805555555,34.81039416666667,29
134.14404305555556,34.8099975,32
134.1438447222222,34.809845,32
134.1434325,34.80963138888889,33
134.14329527777778,34.8096275,32
134.14340222222222,34.80965805555556,29
134.14355472222223,34.80933388888889,25
134.14393611111112,34.80813972222222,19
134.14410388888888,34.80661777777778,21
134.1443786111111,34.80495444444445,19
134.14440916666666,34.80419166666667,17
134.14456166666668,34.803131111111114,15
134.14457694444445,34.802440555555556,10
134.1446838888889,34.801677777777776,5
134.1446075,34.80117027777778,1
134.14479055555555,34.800468333333335,-5
134.14483638888888,34.799549166666665,-7
134.14492805555557,34.79947666666666,0
134.14550777777777,34.79953388888889,37
134.14608777777778,34.799392777777776,48
134.14671333333334,34.799385,46
134.14823916666666,34.79918277777778,39
134.14965833333332,34.799129444444446,56
134.15017694444444,34.798995833333336,62
134.15037527777778,34.79884722222222,64
134.1508025,34.79910666666667,63
134.151245,34.799568055555554,67
134.151245,34.79976277777778,66
134.15177916666667,34.800399722222224,59
134.15184027777778,34.8005525,58
134.15179444444445,34.80071638888889,58
134.15208444444445,34.80150972222222,38
134.15533444444443,34.80363083333334,25
134.15658555555555,34.8043175,31
134.15695194444444,34.804611111111114,34
134.15748583333334,34.80491638888889,37
134.15850833333334,34.80577861111111,31
134.16055305555557,34.806621666666665,37
134.16156,34.807231944444446,35
134.16270444444444,34.8077125,26
134.1644286111111,34.80764388888889,31
134.16432194444445,34.80657583333333,25
134.1648711111111,34.806579722222224,26
134.16537472222223,34.80649944444445,26
134.16455083333332,34.80654916666667,27
134.16441333333333,34.80662916666667,27
134.16441333333333,34.8068275,32
134.1644897222222,34.80750277777778,40
134.16464222222223,34.807605833333334,42
134.1654663888889,34.807521944444446,33
134.16654972222221,34.80730444444445,29
134.1690827777778,34.806556666666665,33
134.17005916666668,34.806400277777776,29
134.17086805555556,34.80636972222222,29
134.17295833333333,34.806446111111114,28
134.1746672222222,34.80668638888889,42
134.1753236111111,34.80683527777778,44
134.17591861111111,34.807224166666664,43
134.17634583333333,34.807720277777776,46
134.1764677777778,34.80801777777778,46
134.17655944444445,34.80889888888889,42
134.17649833333334,34.80979527777778,46
134.17639166666666,34.810272222222224,50
134.17617805555557,34.81058888888889,44
134.1772613888889,34.810855833333335,49
134.17855833333334,34.81102,38
134.18054194444446,34.81166833333333,37
134.18254083333332,34.811985,31
134.18368527777778,34.81209194444445,28
134.184845,34.81203083333333,25
134.18693555555555,34.811794166666665,26
134.1879425,34.811535,28
134.19058222222222,34.810405833333334,38
134.192215,34.80986027777778,35
134.19267277777777,34.80974972222222,33
134.1931763888889,34.80972666666667,33
134.19393916666667,34.80979527777778,33
134.19439694444443,34.809925,35
134.1947175,34.810215,39
134.1950836111111,34.8108025,68
134.19583138888888,34.81142416666667,83
134.19654833333334,34.81186666666667,70
134.19691472222223,34.81194694444444,71
134.19763194444445,34.811973611111114,47
134.19828805555557,34.811885833333335,45
134.19895944444445,34.811885833333335,43
134.2000275,34.811660833333335,46
134.20426944444444,34.811187777777775,45
134.20524583333332,34.81118388888889,53
134.20759583333333,34.81153111111111,40
134.2087097222222,34.81158833333333,39
134.20877083333335,34.811435833333334,38
134.20890805555555,34.81139,38
134.20867916666666,34.81044388888889,39
134.20845027777779,34.80989833333334,41
134.20800777777777,34.80840305555556,43
134.20793138888888,34.80710222222222,40
134.20787055555556,34.80688083333333,41
134.20802305555554,34.80540083333333,40
134.20794666666666,34.8048325,49
134.20782472222223,34.8046075,43
134.20733638888888,34.80408083333333,29
134.20727527777777,34.80393222222222,33
134.20722972222222,34.80297083333333,47
134.20713805555556,34.80274194444444,51
134.20713805555556,34.80246361111111,60
134.20677194444445,34.801586111111114,56
134.2065736111111,34.80074305555556,66
134.20661916666666,34.80057138888889,69
134.20655833333333,34.8004075,70
134.2068786111111,34.79991916666667,74
134.20703138888888,34.799484166666666,80
134.206665,34.79858388888889,94
134.2066497222222,34.79839694444444,93
134.20715333333334,34.79753111111111,83
134.20729055555555,34.79736333333334,86
134.2077025,34.79708472222222,93
134.20831305555555,34.79701222222222,89
134.20962527777777,34.797065833333335,83
134.2107697222222,34.79718777777778,76
134.21121222222223,34.79731,76
134.21206666666666,34.79736722222222,82
134.21377555555554,34.79769888888889,98
134.21420277777779,34.797718055555556,93
134.21470638888889,34.79762638888889,100
134.21504222222222,34.79770666666667,107
134.2154236111111,34.797515833333335,120
134.21574388888888,34.797535,119
134.21617138888888,34.797401388888886,125
134.21658333333335,34.797382222222225,136
134.21714777777777,34.79692083333333,137
134.2179261111111,34.79683305555555,136
134.21829222222223,34.79687888888889,134
134.21876527777778,34.79648972222222,128
134.21928416666665,34.79623027777778,122
134.21922305555555,34.79593277777778,112
134.2192536111111,34.79576111111111,108
134.21989444444444,34.79562,88
134.22012333333333,34.79541777777778,87
134.22010805555556,34.79515083333333,84
134.21986388888888,34.79512027777778,85
134.21966555555557,34.79519666666667,89
134.21931444444445,34.79547111111111,92
134.21931444444445,34.79569638888889,94
134.22006222222223,34.795845,91
134.2198486111111,34.79574972222222,90
134.2194825,34.79576111111111,92
134.21951305555555,34.795612222222225,92
134.21974194444445,34.79549027777778,92
134.2196502777778,34.79530722222222,91
134.2195738888889,34.79532611111111,90
134.21966555555557,34.795475,94
134.2197875,34.795433055555556,95
134.2200163888889,34.795612222222225,96
134.22029111111112,34.79543694444445,99
134.2200775,34.795494166666664,112
134.2201538888889,34.795631388888886,115
134.22009277777778,34.795898333333334,119
134.2201538888889,34.79604333333333,123
134.22006222222223,34.796058611111114,122
134.2203675,34.79606638888889,123
134.22035222222223,34.79613111111111,122
134.2202147222222,34.79611972222222,119
134.2203675,34.79616166666667,117
134.22004694444445,34.79625333333333,117
134.21951305555555,34.79619972222222,108
134.21923833333332,34.79636,112
134.21913138888888,34.79634083333333,113
134.21836861111112,34.796684166666665,114
134.21833805555556,34.79682527777778,115
134.21826166666668,34.79684833333334,116
134.2183227777778,34.79684833333334,117
134.21804805555556,34.79702,117
134.2180938888889,34.79702388888889,116
134.21813972222222,34.79701222222222,116
134.2182463888889,34.79715361111111,116
134.21850583333332,34.7968675,117
134.2185211111111,34.79691694444445,117
134.21835333333334,34.797042777777776,117
134.21829222222223,34.796821666666666,118
134.21856694444443,34.79696277777778,117
134.21862805555557,34.79693972222222,118
134.21850583333332,34.79708111111111,119
134.21865833333334,34.797134444444445,118
134.21826166666668,34.796932222222225,119
134.2182463888889,34.79679111111111,119
134.21833805555556,34.79660416666667,120
134.21827694444445,34.796798611111114,112
134.2185211111111,34.79692083333333,115
134.21850583333332,34.796978055555556,116
134.2185822222222,34.7969475,115
134.2185975,34.79701222222222,113
134.21861277777776,34.796932222222225,112
134.21855166666666,34.797088611111114,112
134.21846,34.797130555555555,111
134.21841444444445,34.79703527777778,112
134.21849055555555,34.79701222222222,111
134.21846,34.79687111111111,108
134.21841444444445,34.797000833333335,106
134.2185211111111,34.79695888888889,104
134.2185822222222,34.79711916666667,102
134.21821583333335,34.79687888888889,101
134.21823111111112,34.79693972222222,101
134.21833805555556,34.796928333333334,99
134.2183075,34.796795,99
134.2183838888889,34.79696666666667,98
134.21836861111112,34.79711916666667,98
134.2182463888889,34.79720694444445,97
134.2183227777778,34.797061944444444,98
134.21829222222223,34.79695888888889,98
134.21813972222222,34.79685583333333,98
134.21817027777777,34.796817777777775,98
134.21800222222222,34.79693972222222,99
134.21804805555556,34.796909444444445,99
134.21804805555556,34.796974166666665,98
134.2180175,34.79693611111111,97
134.21791083333332,34.79698944444444,97
134.2179413888889,34.796928333333334,98
134.21789555555554,34.7969475,100
134.2179413888889,34.79697027777778,100
134.2177886111111,34.79689777777778,100
134.21810916666666,34.79691305555556,96
134.21820055555557,34.797176388888886,95
134.21806333333333,34.79729472222222,95
134.2183227777778,34.797420555555554,97
134.21829222222223,34.79730611111111,97
134.21835333333334,34.7972375,97
134.21870416666667,34.79705416666667,97
134.21849055555555,34.79718388888889,97
134.21820055555557,34.79700861111111,99
134.21842944444444,34.796886388888886,96
134.21856694444443,34.796932222222225,94
134.21826166666668,34.796932222222225,92
134.2183227777778,34.797065833333335,93
134.21821583333335,34.797225833333336,92
134.21829222222223,34.79734027777778,93
134.218155,34.797264166666665,92
134.2180938888889,34.7968025,95
134.2182463888889,34.796932222222225,93
134.2185211111111,34.79690166666666,92
134.21818555555555,34.797245,92
134.2180786111111,34.797264166666665,92
134.218155,34.79715361111111,92
134.21806333333333,34.79689027777778,92
134.218155,34.796707222222224,92
134.21826166666668,34.79666888888889,92
134.218155,34.79683305555555,92
134.21820055555557,34.796932222222225,92
134.21813972222222,34.79701222222222,92
134.21820055555557,34.79700472222222,92
134.21788027777777,34.796840555555555,92
134.21804805555556,34.79700472222222,89
134.21812444444444,34.79700472222222,89
134.21817027777777,34.79684833333334,89
134.21818555555555,34.796905555555554,90
134.2180786111111,34.79703527777778,89
134.21783444444443,34.79698944444444,89
134.21774305555556,34.79703138888889,91
134.2176513888889,34.79694361111111,94
134.217575,34.797000833333335,98
134.21754444444446,34.79692083333333,99
134.2177886111111,34.79689777777778,97
134.21791083333332,34.796951388888886,90
134.2180175,34.79714583333333,88
134.2180786111111,34.79715361111111,87
134.21795666666668,34.79718027777778,87
134.21810916666666,34.797222222222224,87
134.21823111111112,34.79708111111111,88
134.21817027777777,34.79689777777778,88
134.2182463888889,34.796554444444446,89
134.21844472222222,34.79650111111111,88
134.21853638888888,34.796329444444446,89
134.21867361111111,34.796256944444444,89
134.2188111111111,34.79627222222222,90
134.21914666666666,34.796260833333335,89
134.2191772222222,34.796306666666666,90
134.21922305555555,34.79618833333333,90
134.2192536111111,34.79627222222222,90
134.21937555555556,34.79629138888889,90
134.21949777777778,34.79619972222222,90
134.21943666666667,34.79618444444444,90
134.2194825,34.79611583333333,90
134.21960444444446,34.79607,90
134.219635,34.79626472222222,90
134.21981805555555,34.796325555555555,90
134.21997083333332,34.7962875,90
134.21997083333332,34.796367777777775,90
134.21980277777777,34.79650111111111,90
134.21954333333332,34.79653944444444,90
134.21929944444443,34.79626472222222,91
134.2194061111111,34.79618083333333,90
134.22003166666667,34.796256944444444,89
134.22026055555557,34.79632194444444,89
134.22045888888888,34.79647055555556,92
134.22026055555557,34.796661388888886,93
134.22032166666668,34.796505,96
134.2203063888889,34.79629138888889,95
134.2203827777778,34.796215,95
134.22026055555557,34.79622277777778,94
134.2203063888889,34.796256944444444,101
134.22029111111112,34.79593666666667,96
134.22035222222223,34.795875555555554,96
134.22032166666668,34.79593277777778,97
134.2202147222222,34.79582583333333,99
134.22003166666667,34.79544833333333,104
134.2201538888889,34.79510111111111,107
134.22009277777778,34.794982777777776,108
134.2202147222222,34.79504,109
134.22019972222222,34.795105,109
134.22029111111112,34.7951125,109
134.21994027777777,34.79513166666667,119
134.219925,34.79508972222222,119
134.219345,34.79542166666667,115
134.2192536111111,34.79560861111111,115
134.21943666666667,34.795723055555555,114
134.21928416666665,34.79578388888889,111
134.2192536111111,34.79567333333333,111
134.21936027777778,34.79526527777778,110
134.22004694444445,34.79486083333333,116
134.22019972222222,34.79470055555556,117
134.22026055555557,34.7945175,118
134.2202147222222,34.79435361111111,118
134.2200163888889,34.79422,117
134.21989444444444,34.79396055555556,117
134.21994027777777,34.793727777777775,116
134.21987916666666,34.793525833333334,116
134.2196502777778,34.793170833333335,117
134.21931444444445,34.79298027777778,117
134.2191161111111,34.79245,115
134.21862805555557,34.79185861111111,113
134.21696472222223,34.79089361111111,94
134.21672055555555,34.79060361111111,92
134.2167511111111,34.790260277777776,84
134.21730027777778,34.789836944444446,79
134.2180175,34.78911222222222,69
134.21844472222222,34.7886125,65
134.21856694444443,34.78837194444444,63
134.21875,34.786746944444445,55
134.21900944444445,34.78577416666667,65
134.21894833333334,34.78554916666667,70
134.21861277777776,34.785175277777775,62
134.2185975,34.78475944444445,64
134.21882638888889,34.78440472222222,64
134.2191772222222,34.78406916666667,64
134.21937555555556,34.78369138888889,63
134.2194061111111,34.78338611111111,65
134.219345,34.78312694444445,64
134.2188111111111,34.78223416666667,66
134.2185211111111,34.78122722222222,84
134.217575,34.7787475,46
134.21763611111112,34.778225,42
134.21789555555554,34.777809166666664,42
134.218155,34.77753055555556,46
134.21821583333335,34.77729027777778,46
134.21823111111112,34.77648555555555,46
134.21844472222222,34.775035833333334,38
134.21836861111112,34.77450944444445,37
134.2180786111111,34.77388,39
134.21800222222222,34.77350611111111,37
134.21791083333332,34.77195361111111,40
134.21795666666668,34.77137,42
134.21820055555557,34.77083583333334,50
134.21952833333333,34.76983638888889,58
134.22006222222223,34.76908111111111,56
134.2209625,34.76813888888889,47
134.221115,34.767898611111114,43
134.22129833333332,34.76712027777778,38
134.22151194444444,34.766601666666666,28
134.22151194444444,34.76589194444445,31
134.22175611111112,34.764495833333335,27
134.222,34.76404194444444,29
134.22230527777776,34.76365277777778,29
134.22225944444443,34.76376722222222,29
134.22230527777776,34.763668055555556,30
134.2223663888889,34.76367555555556,31
134.22241222222223,34.763511666666666,33
134.2230377777778,34.76277916666667,30
134.2232361111111,34.76231388888889,25
134.22245777777778,34.761158055555555,22
134.222,34.76065055555556,19
134.2217863888889,34.76023861111111,25
134.2215422222222,34.7600175,24
134.22132861111112,34.759677777777775,27
134.22100833333334,34.75953666666667,33
134.22084055555555,34.759235277777776,33
134.22137444444445,34.75761416666667,31
134.22175611111112,34.756904722222224,26
134.22187805555555,34.75622166666667,17
134.22187805555555,34.75599666666667,14
134.22135916666667,34.75474166666667,13
134.2213136111111,34.75448611111111,13
134.22138972222223,34.753143333333334,12
134.22137444444445,34.751308333333334,15
134.22129833333332,34.749515555555554,22
134.221115,34.747772222222224,19
134.22114555555555,34.746074722222225,32
134.22108472222223,34.74575055555555,37
134.22129833333332,34.74509805555556,39
134.22149666666667,34.74478527777778,41
134.22189333333333,34.74439611111111,35
134.2222747222222,34.74414055555555,30
134.22265638888888,34.74357611111111,30
134.22282416666667,34.74309916666667,22
134.222885,34.74238583333333,21
134.2231138888889,34.74129861111111,17
134.2235261111111,34.740810277777776,16
134.223755,34.740291666666664,17
134.2239686111111,34.74003611111111,18
134.22428888888888,34.73919305555555,22
134.2244263888889,34.73847972222222,23
134.22438055555557,34.7377625,23
134.2244263888889,34.73682027777778,29
134.22425833333332,34.73594666666666,30
134.2241975,34.735752222222224,31
134.2236938888889,34.73513805555555,11
134.22319027777777,34.73430638888889,12
134.22305305555557,34.733558611111114,13
134.22305305555557,34.73336416666667,10
134.22325138888888,34.732910277777776,8
134.223465,34.73215861111111,10
134.22329722222221,34.731746666666666,9
134.22187805555555,34.73179638888889,17
134.22099305555557,34.731681944444446,15
134.22090138888888,34.73175805555555,16
134.21972666666667,34.73136888888889,11
134.21902472222223,34.730850277777776,10
134.21876527777778,34.73073194444444,13
134.218155,34.73059472222222,17
134.21746833333333,34.730644166666664,15
134.21614083333333,34.730896111111115,10
134.21479805555555,34.73073194444444,19
134.21443166666666,34.73074722222222,16
134.21162416666667,34.731739166666664,14
134.21127305555555,34.731769444444446,13
134.2094575,34.73152916666667,22
134.20619194444444,34.731990833333334,25
134.20494083333332,34.73225027777778,21
134.20286555555555,34.73240666666667,22
134.20249944444444,34.73233027777778,23
134.2018586111111,34.7323075,27
134.20147694444444,34.73215472222222,29
134.20076,34.732235,29
134.19995111111112,34.7324525,32
134.19927972222223,34.732528611111114,32
134.19891361111112,34.732685,29
134.19741833333333,34.733596666666664,15
134.19689944444445,34.73399361111111,15
134.19654833333334,34.73451611111111,15
134.19610583333332,34.7349625,15
134.19552611111112,34.735351666666666,14
134.19487,34.73596194444445,12
134.19462583333333,34.73610305555555,12
134.1929475,34.736755277777775,10
134.19126888888889,34.73703,17
134.19062805555555,34.737071944444445,24
134.18798833333332,34.738464444444446,3
134.18753055555555,34.738841944444445,5
134.18742361111111,34.739086111111114,4
134.18746944444445,34.739330277777775,6
134.1879272222222,34.73999777777778,8
134.18827833333333,34.74068833333333,13
134.18814083333334,34.74111166666667,11
134.1864013888889,34.742855,2
134.1856077777778,34.743518888888886,11
134.18563833333334,34.743675277777776,15
134.18556222222222,34.743721111111114,15
134.18530277777776,34.743721111111114,16
134.18482972222222,34.74348055555556,20
134.1841125,34.7428475,17
134.18392944444443,34.74260722222222,17
134.18373111111111,34.742755833333334,14
134.18254083333332,34.74332416666667,20
134.18179333333333,34.74335111111111,28
134.1814575,34.74353027777778,31
134.18106083333333,34.74354944444445,34
134.1809538888889,34.74345777777778,25
134.18023694444443,34.74353416666667,36
134.17999277777778,34.74341972222222,36
134.18000805555556,34.74324027777778,33
134.1797486111111,34.742965833333336,27
134.1790925,34.74304583333333,32
134.17883305555554,34.742961944444446,34
134.1784211111111,34.74312222222222,34
134.1782227777778,34.74306111111111,35
134.1777952777778,34.74314888888889,32
134.1773225,34.74308027777778,33
134.1769713888889,34.742916111111114,34
134.17671194444443,34.74263,41
134.17547611111112,34.742378333333335,76
134.175415,34.74227527777778,77
134.17523194444445,34.74227527777778,71
134.17517083333334,34.74216472222222,67
134.175125,34.742355277777776,52
134.17518611111112,34.74221027777778,45
134.17477416666668,34.74221416666666,48
134.1744688888889,34.74209222222222,44
134.17422472222222,34.74217222222222,42
134.17372138888888,34.74216083333334,43
134.1723786111111,34.74194333333333,49
134.17099,34.74142444444445,32
134.16687,34.74043666666667,11
134.16436777777778,34.739936944444445,28
134.16375722222222,34.73970805555555,33
134.16291805555556,34.739581944444446,28
134.16131583333333,34.73920444444445,33
134.16093444444445,34.73917388888889,33
134.16075138888888,34.73907083333334,30
134.16085805555556,34.73899083333333,31
134.16087333333334,34.73909,31
134.16070555555555,34.73905194444445,31
134.16069027777777,34.738975555555555,30
134.1605988888889,34.73894888888889,28
134.1603088888889,34.739128055555554,29
134.1601713888889,34.73914722222222,30
134.16009527777777,34.73892583333333,31
134.1603088888889,34.7389375,31
134.1603088888889,34.73901361111111,31
134.16020194444445,34.73907472222222,30
134.16024777777778,34.739063333333334,30
134.16018666666668,34.73925027777778,30
134.16024777777778,34.73946,30
134.16026305555556,34.73888777777778,30
134.16027833333334,34.73899472222222,30
134.1603088888889,34.73889916666667,30
134.1603088888889,34.73894888888889,30
134.16035472222222,34.738910555555556,30
134.1603088888889,34.73916638888889,27
134.16021722222223,34.73925027777778,26
134.16026305555556,34.738883888888886,26
134.1603088888889,34.738975555555555,25
134.16035472222222,34.73891444444445,25
134.16032416666667,34.73904805555556,25
134.1602325,34.7390975,25
134.16009527777777,34.7394525,25
134.16018666666668,34.73904805555556,25
134.1602325,34.739002222222226,25
134.16018666666668,34.73920833333333,6
134.16024777777778,34.73934166666667,13
134.1604461111111,34.738979444444446,19
134.16027833333334,34.739551666666664,22
134.16032416666667,34.73938,22
134.16029361111111,34.7390175,23
134.16041555555555,34.73847583333333,24
134.16032416666667,34.73902138888889,26
134.16021722222223,34.73927694444444,27
134.16037,34.73889527777778,27
134.16037,34.73898305555556,27
134.16021722222223,34.739177777777776,28
134.16026305555556,34.73929972222222,29
134.16018666666668,34.739292222222225,29
134.16026305555556,34.73932638888889,30
134.16018666666668,34.73943722222222,29
134.16029361111111,34.739292222222225,29
134.16015638888888,34.73939138888889,29
134.16024777777778,34.73925777777778,30
134.16032416666667,34.73889527777778,30
134.16040027777777,34.7389375,29
134.16015638888888,34.73919305555555,27
134.1602325,34.73915861111111,29
134.16040027777777,34.73885333333333,36
134.16018666666668,34.73966222222222,31
134.16033944444445,34.739292222222225,39
134.16012583333332,34.73928444444444,40
134.16003416666666,34.73921583333333,42
134.16003416666666,34.739105277777774,42
134.16009527777777,34.73907472222222,42
134.16018666666668,34.73915111111111,40
134.1602325,34.738971666666664,40
134.16027833333334,34.739066944444446,40
134.1601411111111,34.73913944444445,37
134.16020194444445,34.73907861111111,35
134.16024777777778,34.739177777777776,27
134.16026305555556,34.739109166666665,25
134.16015638888888,34.73923111111111,28
134.16008,34.73979194444444,53
134.16008,34.73974611111111,55
134.16012583333332,34.73972333333333,58
134.16018666666668,34.73984138888889,60
134.16043083333332,34.73976527777778,60
134.16056833333334,34.739650833333336,60
134.1606138888889,34.73950194444444,60
134.16050722222224,34.739261666666664,60
134.16043083333332,34.739353055555554,59
134.16040027777777,34.73925027777778,59
134.16026305555556,34.73921583333333,18
134.1604461111111,34.7390975,9
134.16055305555557,34.73889166666667,50
134.160675,34.73851388888889,60
134.16064444444444,34.73831555555556,60
134.1608275,34.737922777777776,61
134.1605225,34.73928444444444,62
134.1602325,34.73971944444445,47
134.16015638888888,34.73959361111111,33
134.1601411111111,34.73917,37
134.16021722222223,34.73917,45
134.16033944444445,34.73885333333333,48
134.16049194444443,34.73881138888889,48
134.16029361111111,34.73865888888889,48
134.16024777777778,34.73873527777778,48
134.16035472222222,34.7387925,48
134.16037,34.738746666666664,47
134.16027833333334,34.73881138888889,42
134.16032416666667,34.73876583333333,42
134.16026305555556,34.73875805555556,41
134.1603088888889,34.7387925,40
134.16015638888888,34.738906944444444,42
134.16009527777777,34.73883055555556,47
134.16020194444445,34.73882305555556,52
134.16011055555555,34.73881138888889,56
134.1601713888889,34.73878861111111,62
134.16009527777777,34.738903055555554,61
134.16020194444445,34.739135833333336,66
134.16018666666668,34.73927305555556,66
134.16006472222222,34.73939527777778,66
134.16015638888888,34.73931888888889,66
134.1601411111111,34.73924638888889,66
134.16026305555556,34.739219722222224,66
134.15998833333333,34.74036777777778,65
134.15998833333333,34.7399025,65
134.16020194444445,34.73902888888889,65
134.16018666666668,34.73850638888889,66
134.16015638888888,34.738865,66
134.16001888888889,34.73912416666667,66
134.16006472222222,34.7390175,66
134.1601411111111,34.73907472222222,66
134.16020194444445,34.73876583333333,66
134.16033944444445,34.738655,66
134.16046138888888,34.738685555555556,66
134.16062916666667,34.738575,66
134.16062916666667,34.73878111111111,66
134.16035472222222,34.73962777777778,65
134.16033944444445,34.73957055555555,64
134.16033944444445,34.73972694444444,64
134.1604461111111,34.73957055555555,64
134.16037,34.73748027777778,126
134.16046138888888,34.73730861111111,141
134.1604461111111,34.7373925,151
134.16046138888888,34.737140555555555,155
134.16024777777778,34.73843,70
134.16033944444445,34.739128055555554,67
134.1603088888889,34.73928083333333,64
134.16029361111111,34.73920444444445,59
134.16040027777777,34.73925027777778,54
134.16040027777777,34.739315,54
134.16024777777778,34.739620277777775,54
134.1604461111111,34.73963916666667,53
134.1605225,34.73934555555556,52
134.16046138888888,34.73948277777778,52
134.16056833333334,34.739509444444444,52
134.16040027777777,34.73969638888889,52
134.16021722222223,34.739494444444446,51
134.16032416666667,34.73934944444444,51
134.16024777777778,34.73936833333333,51
134.16020194444445,34.739269166666666,51
134.160385,34.739040277777775,50
134.160385,34.73912055555556,49
134.160385,34.73900611111111,50
134.16033944444445,34.739109166666665,50
134.16069027777777,34.73876194444444,38
134.16058361111112,34.73862833333333,20
134.1605377777778,34.7391625,41
134.1605225,34.73907083333334,42
134.1606138888889,34.73909,41
134.1601411111111,34.73920833333333,0
134.16018666666668,34.73921194444444,31
134.16004944444444,34.738975555555555,32
134.16037,34.739036666666664,32
134.16040027777777,34.739128055555554,1
134.16049194444443,34.73888027777778,25
134.1605225,34.738998333333335,25
134.1608427777778,34.738998333333335,26
134.16091916666667,34.73905555555555,26
134.16098027777778,34.7390175,28
134.16055305555557,34.738865,29
134.16070555555555,34.73902138888889,29
134.16085805555556,34.73898694444444,29
134.16091916666667,34.73909,29
134.16099555555556,34.73907472222222,30
</coordinates>
</LineString>
</Placemark>
</Document>
</kml>
