<?xml version="1.0" encoding="UTF-8"?>
<kml xmlns="http://www.opengis.net/kml/2.2" xmlns:atom="http://www.w3.org/2005/Atom">
<Document>
<name>ＷＣＣ９月走行会</name>
<atom:author>
<atom:name>まるふく</atom:name>
</atom:author> 
<atom:link href="https://latlonglab.yahoo.co.jp/route/watch?id=4ab20970a2360662ade885e9ed0d3201" />
<description><![CDATA[]]></description>
<tags><![CDATA[自転車]]></tags>  
<Placemark>
<Style>
<LineStyle>
<color>99ff0000</color>
<width>6</width>
</LineStyle>
</Style>
<LineString>
<coordinates>
135.18973805555555,34.22128194444444,367
135.18988805555554,34.221001944444446,368
135.19027805555555,34.220911944444445,367
135.19049805555557,34.220751944444444,368
135.19121805555557,34.22054194444444,367
135.19128805555556,34.22045194444444,368
135.19121805555557,34.220081944444445,368
135.19081805555555,34.21890194444445,368
135.19073805555556,34.218831944444446,368
135.19056805555556,34.21882194444444,368
135.19061805555555,34.218451944444446,369
135.19034805555555,34.21812194444445,368
135.19048805555556,34.21805194444445,368
135.19049805555557,34.217951944444444,369
135.1890488888889,34.21418194444445,368
135.1890788888889,34.21407194444444,369
135.1892288888889,34.21396194444444,369
135.1896188888889,34.21288305555556,368
135.1901088888889,34.212313055555555,368
135.19062888888888,34.21183305555556,369
135.19212805555554,34.21091305555556,369
135.19284805555554,34.21100305555556,368
135.19327805555557,34.211123055555554,368
135.19350805555555,34.21082305555556,367
135.19390805555557,34.21051305555556,369
135.19415805555556,34.210163055555554,368
135.19511805555555,34.21011305555555,369
135.19561805555554,34.209603055555554,369
135.19626805555555,34.209153055555554,369
135.19649805555557,34.20906305555555,369
135.19735805555555,34.20832305555555,369
135.19740805555554,34.208303055555554,370
135.19831805555555,34.20787305555555,369
135.19943805555556,34.20769305555555,368
135.20055805555555,34.207323055555555,368
135.20296805555554,34.20719305555556,369
135.20315805555555,34.20711305555555,368
135.20365805555556,34.20657388888889,369
135.20437694444445,34.20643388888889,371
135.20534694444444,34.20647388888889,370
135.20680694444445,34.20616388888889,370
135.20825694444446,34.20632388888889,371
135.20999694444444,34.20665388888889,369
135.21068694444443,34.20662388888889,370
135.21122694444443,34.20632388888889,370
135.21172694444445,34.20588388888889,369
135.21195694444444,34.20585388888889,369
135.21199694444445,34.205753888888886,370
135.21193694444443,34.20568388888889,371
135.21387694444445,34.20366388888889,6
135.21486694444445,34.20282388888889,6
135.21515694444443,34.202663888888885,5
135.21536694444444,34.20263388888889,5
135.21604694444446,34.20263388888889,6
135.2176861111111,34.20281388888889,10
135.2189361111111,34.20304388888889,8
135.22103611111112,34.20345388888889,9
135.22239611111112,34.20357388888889,10
135.2236561111111,34.20345388888889,9
135.2257161111111,34.20308388888889,6
135.22597611111112,34.20310388888889,5
135.2262561111111,34.20301388888889,5
135.229085,34.202595,6
135.230215,34.202505,5
135.230695,34.202405,6
135.232025,34.201865,7
135.232365,34.201785,7
135.233055,34.201775,8
135.236265,34.202125,10
135.239065,34.201995,9
135.239615,34.202085,10
135.239965,34.202305,9
135.24029388888889,34.202695,9
135.2404138888889,34.203105,10
135.2404838888889,34.203165,10
135.24125388888888,34.203215,9
135.2431638888889,34.203655,13
135.24350388888888,34.203715,17
135.2439138888889,34.203765,22
135.24493388888888,34.203645,23
135.2454938888889,34.203645,20
135.2464838888889,34.203265,15
135.2466538888889,34.203115,14
135.24680388888888,34.202795,14
135.24700388888888,34.202735,14
135.25058388888888,34.202645,16
135.25227305555555,34.202695,15
135.25374305555556,34.202585,17
135.25477305555555,34.202665,17
135.25605305555555,34.202585,18
135.25955305555556,34.202645,21
135.26096305555555,34.203535,23
135.26264194444445,34.203605,23
135.26282194444445,34.203705,25
135.26293194444443,34.203955,24
135.26312194444444,34.204115,24
135.26438194444444,34.204775,20
135.26528194444444,34.205025,20
135.26787194444444,34.205585,26
135.26796194444444,34.205625,27
135.26800194444445,34.205825,28
135.26822194444443,34.206045,28
135.26855194444445,34.206135,30
135.26875194444443,34.206105,31
135.26902194444443,34.206075,33
135.26959194444444,34.205825,38
135.26974194444443,34.206085,37
135.27055194444443,34.206165,37
135.27162194444443,34.206065,33
135.27237194444444,34.206195,39
135.27338111111112,34.206165,42
135.27375111111112,34.206005,43
135.2742311111111,34.205445,42
135.2746511111111,34.205105,43
135.2751111111111,34.204885,43
135.2762011111111,34.204545,44
135.2767611111111,34.204205,46
135.27786111111112,34.20402611111111,49
135.27812111111112,34.204076111111114,50
135.28026111111112,34.204056111111115,59
135.2808811111111,34.20423611111111,61
135.28108111111112,34.20421611111111,62
135.2816611111111,34.20479611111111,62
135.28214111111112,34.20479611111111,61
135.2822111111111,34.20482611111111,61
135.2822711111111,34.205005,61
135.2824811111111,34.204996111111114,62
135.28261111111112,34.20467611111111,63
135.28286111111112,34.20460611111111,64
135.2830711111111,34.20482611111111,63
135.2831811111111,34.205345,62
135.28332111111112,34.205495,64
135.2836311111111,34.205445,62
135.28404111111112,34.20509611111111,63
135.28465111111112,34.20498611111111,62
135.28677,34.20511611111111,62
135.28698,34.20489611111111,61
135.28706,34.20489611111111,61
135.28792,34.20523611111111,62
135.28808,34.205286111111114,63
135.28819,34.20543611111111,60
135.28873,34.206865,59
135.28939,34.206795,58
135.28987,34.207325,60
135.2907,34.207635,60
135.29147,34.208615,58
135.29185,34.208945,57
135.2937,34.210055,57
135.2949088888889,34.210355,56
135.29574888888888,34.211075,57
135.2967788888889,34.212085,57
135.29817888888888,34.212955,57
135.29861888888888,34.212975,58
135.2988188888889,34.212825,59
135.29933888888888,34.212605,57
135.3000888888889,34.212065,50
135.3002888888889,34.212075,51
135.30041888888888,34.211935,52
135.30049888888888,34.211975,52
135.3004488888889,34.211955,56
135.30039888888888,34.211885,57
135.3005488888889,34.211555,56
135.3005288888889,34.210675,52
135.30065888888888,34.210215,52
135.3002688888889,34.209805,52
135.3009888888889,34.209285,51
135.30137888888888,34.209085,52
135.3043788888889,34.20813611111111,53
135.30506888888888,34.207836111111114,55
135.3058188888889,34.20739611111111,59
135.30623888888888,34.207256111111114,59
135.3066988888889,34.20724611111111,60
135.30759805555556,34.20737611111111,54
135.30941805555557,34.207366111111114,54
135.31240805555555,34.20748611111111,41
135.31257805555555,34.20742611111111,41
135.31293805555555,34.20711611111111,43
135.31447805555555,34.206316111111114,41
135.31456805555555,34.20617611111111,42
135.31420805555555,34.20568611111111,36
135.31421805555556,34.20530611111111,35
135.31431805555556,34.20504611111111,37
135.31458805555556,34.20489611111111,40
135.31475805555556,34.20465611111111,41
135.31486805555556,34.20348611111111,50
135.31499805555555,34.203046111111114,52
135.31515805555554,34.20288611111111,52
135.31587805555554,34.20243694444444,54
135.31638805555556,34.202016944444445,57
135.32266694444445,34.197026944444445,75
135.32354694444444,34.19640694444445,82
135.32379694444444,34.19607694444444,82
135.32404694444443,34.19586694444445,82
135.32459694444444,34.195548055555555,86
135.32516694444445,34.19531805555555,88
135.32523694444444,34.195348055555556,88
135.32520694444443,34.19524805555555,84
135.32572694444445,34.195008055555554,87
135.32653694444446,34.194828055555554,91
135.32757694444444,34.19488805555556,97
135.32834694444443,34.19481805555556,99
135.32873694444444,34.194498055555556,101
135.32877694444446,34.19421805555555,102
135.32870694444443,34.193758055555556,100
135.32886694444446,34.193418055555554,98
135.32974694444445,34.192948055555554,93
135.33021694444443,34.192568055555554,92
135.33063694444445,34.192368055555555,91
135.33102694444443,34.192368055555555,92
135.33148694444444,34.192728055555555,94
135.33197694444445,34.192748055555555,97
135.33226694444446,34.19282805555556,97
135.33237694444443,34.19295805555556,99
135.33238694444444,34.193308055555555,100
135.33250694444445,34.193488055555555,101
135.33280694444446,34.19362805555556,102
135.33308694444443,34.193648055555556,102
135.33317694444443,34.193648055555556,102
135.33341694444445,34.193778055555555,103
135.33368694444445,34.19423805555556,104
135.33401694444444,34.194468055555554,101
135.3357861111111,34.195008055555554,98
135.3368661111111,34.195058055555556,101
135.3370461111111,34.195118055555554,102
135.3373761111111,34.19542805555555,103
135.3376561111111,34.19555805555556,103
135.3392661111111,34.195928055555555,105
135.34032611111112,34.19626805555556,110
135.3409161111111,34.19620805555556,110
135.3418061111111,34.19591805555556,110
135.34199611111111,34.195768055555554,110
135.34220611111112,34.195388055555554,111
135.34253611111112,34.195258055555556,111
135.3431261111111,34.19530805555556,111
135.3436861111111,34.195728055555556,111
135.3438461111111,34.19609805555555,111
135.34407611111112,34.196288055555556,110
135.3446661111111,34.196558055555556,108
135.345795,34.19682805555556,109
135.346115,34.19712805555555,103
135.346785,34.19680805555556,102
135.347415,34.19691805555556,102
135.348005,34.196848055555556,102
135.348575,34.196418055555554,100
135.348965,34.19635805555556,100
135.349205,34.196198055555556,100
135.349505,34.19615805555556,101
135.349465,34.19616805555555,100
135.349405,34.19546805555556,102
135.349225,34.194698055555556,101
135.348925,34.19430805555555,100
135.348365,34.193848055555556,100
135.348195,34.19362805555556,100
135.348055,34.19329805555556,103
135.348035,34.192798055555556,106
135.348155,34.192208055555554,111
135.348265,34.191988055555555,111
135.348495,34.19177805555555,113
135.349315,34.19135888888889,119
135.349575,34.19113888888889,121
135.349745,34.19084888888889,122
135.349835,34.19043888888889,126
135.350115,34.18970888888889,130
135.350385,34.18938888888889,133
135.351115,34.18883888888889,139
135.351325,34.188338888888886,142
135.351385,34.18792888888889,145
135.351595,34.18764888888889,146
135.351975,34.18737888888889,149
135.352735,34.18699888888889,155
135.353225,34.18647888888889,159
135.353455,34.18595888888889,162
135.353895,34.18422888888889,173
135.354445,34.18312,181
135.354425,34.18299,183
135.354925,34.18185,207
135.355345,34.18143,211
135.355535,34.18131,206
135.356575,34.18056,214
135.357115,34.17987,218
135.357515,34.17951,220
135.359045,34.17851,224
135.359135,34.17839,224
135.359055,34.17832,223
135.359045,34.17842,221
135.359095,34.17842,220
135.359025,34.17838,223
135.359015,34.17844,224
135.359125,34.17847,220
135.360195,34.1781,221
135.360795,34.17843,218
135.36573388888888,34.1776,203
135.3667638888889,34.17733111111111,198
135.3676638888889,34.17684111111111,189
135.36806388888888,34.17648111111111,186
135.3682838888889,34.17619111111111,183
135.36932388888889,34.17438111111111,161
135.36949388888888,34.17388111111111,153
135.36958388888888,34.17327111111111,149
135.36967388888888,34.171171111111114,127
135.36958388888888,34.17086111111111,125
135.36929388888888,34.17049111111111,120
135.3686338888889,34.17017111111111,114
135.3684438888889,34.17011111111111,115
135.3682638888889,34.17016111111111,113
135.36831388888888,34.17021111111111,112
135.3679838888889,34.17063111111111,109
135.3679438888889,34.17077111111111,108
135.3681038888889,34.17134111111111,107
135.36822388888888,34.17252111111111,106
135.3679938888889,34.17289111111111,107
135.3677238888889,34.17297111111111,107
135.3669538888889,34.172781111111114,108
135.3664838888889,34.17274111111111,110
135.3660338888889,34.17255111111111,109
135.365915,34.17236111111111,109
135.365815,34.17199111111111,110
135.365495,34.17141111111111,109
135.365105,34.17092111111111,109
135.364675,34.17051111111111,110
135.364555,34.17013111111111,108
135.364505,34.17008111111111,108
135.364215,34.16971111111111,107
135.363855,34.16886111111111,108
135.362965,34.16827111111111,107
135.362635,34.16824111111111,107
135.360135,34.16872111111111,96
135.359845,34.16880111111111,96
135.359455,34.16904111111111,99
135.358815,34.16917111111111,100
135.358295,34.16908111111111,100
135.357385,34.16852111111111,100
135.356645,34.16827111111111,97
135.3553261111111,34.168351111111114,94
135.35392611111112,34.16860111111111,95
135.35222611111112,34.16917111111111,95
135.3508261111111,34.16918111111111,92
135.34987611111112,34.16875111111111,87
135.3491161111111,34.16863111111111,88
135.34880611111112,34.16836111111111,86
135.3486761111111,34.16816111111111,87
135.3485261111111,34.16762111111111,87
135.3485261111111,34.16751111111111,87
135.34871611111112,34.16730111111111,87
135.3488661111111,34.16643111111111,85
135.34880611111112,34.16597111111111,84
135.34882611111112,34.165261944444445,86
135.3487861111111,34.16485194444444,85
135.3483961111111,34.16428194444445,86
135.34837611111112,34.16406194444444,87
135.34854611111112,34.163601944444444,88
135.3486761111111,34.163581944444445,88
135.3487861111111,34.163401944444445,88
135.3489561111111,34.16328194444444,88
135.3495961111111,34.163001944444446,87
135.34971611111112,34.162621944444446,86
135.34971611111112,34.162391944444444,86
135.34962611111112,34.16218194444444,86
135.3491461111111,34.16173194444445,86
135.3488461111111,34.16120194444444,85
135.34819611111112,34.16070194444445,93
135.34783611111112,34.16066194444444,91
135.34665694444445,34.16081194444445,89
135.34429694444444,34.160601944444444,81
135.34349694444444,34.16037194444444,81
135.34316694444445,34.160201944444445,81
135.34239694444443,34.159571944444444,84
135.34234694444444,34.159511944444446,83
135.34204694444443,34.159331944444446,86
135.34171694444444,34.15931194444445,84
135.34131694444446,34.159441944444445,82
135.34079694444443,34.15950194444444,81
135.34003694444445,34.15945194444444,81
135.33779694444445,34.15887194444444,84
135.33725694444445,34.15880194444444,83
135.33706694444444,34.158811944444444,81
135.33663694444445,34.15916194444444,75
135.33629805555555,34.159301944444444,74
135.33586805555555,34.15931194444445,76
135.33455805555556,34.159151944444446,75
135.33345805555555,34.158831944444444,75
135.33168805555556,34.158501944444446,75
135.33030805555555,34.15846194444445,81
135.32968805555555,34.15851194444444,80
135.32888805555555,34.158881944444445,77
135.32850805555555,34.158971944444446,77
135.32687805555557,34.159081944444445,76
135.32635805555554,34.15923194444444,75
135.32608805555554,34.159241944444446,75
135.32527805555554,34.159061944444446,72
135.3240688888889,34.15865194444444,72
135.3233488888889,34.15824194444444,71
135.32205888888888,34.157831944444446,71
135.32063888888888,34.15788194444445,74
135.31957888888888,34.15784194444444,80
135.31838888888888,34.157381944444445,85
135.31714888888888,34.15761194444445,86
135.3156788888889,34.15748194444444,82
135.3146188888889,34.157651944444446,77
135.31368,34.15768194444444,73
135.31288,34.15802194444444,71
135.31189,34.15882111111111,67
135.31175,34.15909111111111,67
135.31146,34.15969111111111,70
135.31076,34.16034111111111,75
135.31047,34.16087111111111,77
135.30991,34.16133111111111,81
135.30952,34.161971111111114,80
135.30919,34.16237111111111,79
135.30834,34.16399111111111,73
135.30733,34.16482111111111,73
135.30631,34.16612,65
135.30592,34.16637,73
135.30595,34.16632,72
135.30578,34.16636,72
135.30549,34.16631,71
135.30472,34.16608,66
135.30383,34.16633,67
135.30346,34.16629,67
135.30305,34.16612,67
135.30186,34.16583,66
135.30083,34.16529,65
135.3005,34.16526,65
135.2995711111111,34.16535,65
135.2984811111111,34.16527,66
135.2983211111111,34.16487,64
135.2974411111111,34.16462,63
135.28634194444444,34.16262,53
135.28323194444445,34.16205,52
135.28228194444443,34.16201,54
135.28130194444444,34.16212,52
135.28000194444445,34.1625,50
135.27954194444445,34.16275,49
135.27793194444445,34.16327,49
135.27702305555556,34.16346,52
135.27659305555557,34.16348,54
135.27587305555556,34.1633,55
135.27524305555556,34.163,56
135.27410305555554,34.162,58
135.27338305555554,34.16171,56
135.27159305555554,34.16131,53
135.27028305555555,34.16129,53
135.26920305555555,34.16116,51
135.26739305555554,34.16058,47
135.2669238888889,34.1605,44
135.26688388888888,34.16042,44
135.2649438888889,34.15994,42
135.26365388888888,34.15996,41
135.26213388888888,34.16025,41
135.26166388888888,34.16036,40
135.25881388888888,34.16102,40
135.2580738888889,34.16114,41
135.2576038888889,34.16108,41
135.25685388888888,34.16083,41
135.2564638888889,34.16049,42
135.2562538888889,34.16014,41
135.256125,34.15955,43
135.256125,34.15846,46
135.255875,34.15704,50
135.255885,34.15596,53
135.255645,34.15529111111111,52
135.255195,34.15487111111111,50
135.254835,34.15469111111111,50
135.253805,34.15432111111111,48
135.252205,34.15395111111111,45
135.251895,34.15381111111111,45
135.21376805555556,34.1544,50
135.21354805555555,34.15452,51
135.21345805555555,34.15467,50
135.21319805555555,34.1548,51
135.21326805555555,34.15541,51
135.21325805555554,34.15627888888889,51
135.21334805555554,34.15697888888889,51
135.21331805555556,34.15810888888889,52
135.21320805555555,34.15837888888889,52
135.21308805555554,34.15848888888889,52
135.21282805555555,34.15861888888889,52
135.21249805555556,34.15863888888889,53
135.2107488888889,34.158318888888886,52
135.20969888888888,34.15824888888889,52
135.20888888888888,34.158408888888886,50
135.2088588888889,34.15861888888889,52
135.2089188888889,34.15860888888889,50
135.2091188888889,34.158588888888886,51
135.21033888888888,34.158788888888886,51
135.21032888888888,34.15906888888889,52
135.2101988888889,34.15940888888889,52
135.2098088888889,34.15992888888889,52
135.20952888888888,34.159998888888886,52
135.2087688888889,34.16045888888889,52
135.20835888888888,34.16060888888889,52
135.2084088888889,34.161228888888886,55
135.20835888888888,34.16133888888889,56
135.2081388888889,34.16154888888889,57
135.20780888888888,34.16156888888889,59
135.2072388888889,34.16197888888889,57
135.2071688888889,34.16250888888889,53
135.2068088888889,34.16297888888889,51
135.2063588888889,34.16278888888889,51
135.20424888888888,34.16153888888889,52
135.2039488888889,34.16116888888889,52
135.2021988888889,34.16072888888889,51
135.1998288888889,34.16001888888889,52
135.1991788888889,34.15988888888889,51
135.19579,34.15944888888889,52
135.19522,34.15945888888889,53
135.19481,34.15937888888889,52
135.19428,34.15954888888889,53
135.19293,34.16027888888889,54
135.19274,34.16034888888889,54
135.19228,34.16048888888889,54
135.19085,34.16126805555555,56
135.18939,34.16265805555555,52
135.18889,34.16370805555555,53
135.18863,34.16587805555555,53
135.18853,34.168348055555555,52
135.18845,34.16864694444445,55
135.18847,34.16894694444444,55
135.18833,34.170206944444445,53
135.18824,34.171526944444444,53
135.18827,34.171796944444445,54
135.18804,34.17418694444444,53
135.18803,34.17505694444444,53
135.18795,34.17547694444445,53
135.18795,34.176206944444445,53
135.18781,34.17731694444444,53
135.18775,34.17857611111111,52
135.18843,34.18030611111111,52
135.1885,34.18060611111111,53
135.18854,34.180796111111114,53
135.1885,34.18309611111111,53
135.18839,34.183996111111114,53
135.18844,34.18418611111111,53
135.1884,34.18454611111111,53
135.18863,34.185006111111115,54
135.18907,34.185496111111114,55
135.1890788888889,34.18592611111111,53
135.18929888888889,34.18624611111111,52
135.18953888888888,34.186785,51
135.18991888888888,34.187265,51
135.1902388888889,34.187465,51
135.1903788888889,34.187705,51
135.1905088888889,34.188235,51
135.1904788888889,34.188675,52
135.19054888888888,34.189375,54
135.1904288888889,34.189865,53
135.1899588888889,34.190815,53
135.18980888888888,34.190855,52
135.18953888888888,34.190805,51
135.1894888888889,34.190865,52
135.18926888888888,34.192455,53
135.1893288888889,34.193495,53
135.18971888888888,34.194495,52
135.1895988888889,34.195175,53
135.19000888888888,34.19736388888889,53
135.1897088888889,34.19835388888889,54
135.18812888888888,34.20036388888889,55
135.1879788888889,34.200673888888886,53
135.18801888888888,34.201143888888886,-2
135.1880688888889,34.201613888888886,-2
135.1882588888889,34.202463888888886,-1
135.18812888888888,34.20351388888889,-1
135.1882788888889,34.20456305555555,-1
135.1882688888889,34.20511305555556,-1
135.18802888888888,34.20652305555556,3
135.1874388888889,34.209023055555555,-1
135.1875288888889,34.20916305555556,-1
135.1879688888889,34.20946305555555,3
135.1881588888889,34.210213055555556,1
135.1881488888889,34.21056305555555,-1
135.18810888888888,34.21076305555555,-1
135.1877288888889,34.211283055555555,-1
135.1875588888889,34.211663055555555,3
135.18729888888888,34.212511944444444,-1
135.1870688888889,34.213701944444445,-2
135.1872488888889,34.21384194444445,-1
135.1883288888889,34.21394194444444,-2
135.18890888888888,34.214081944444445,-1
135.18902888888888,34.21418194444445,-2
135.19046805555556,34.21797194444444,1
135.19047805555556,34.21805194444445,3
135.19032805555557,34.21817194444444,3
135.19059805555557,34.21843194444445,2
135.19053805555555,34.218781944444444,3
135.19074805555556,34.21884194444444,-1
135.19082805555556,34.21895194444444,3
135.19133805555555,34.220331944444446,-1
135.19135805555555,34.220461944444445,3
135.19122805555557,34.22090194444444,-1
135.19122805555557,34.22090194444444,4
</coordinates>
</LineString>
</Placemark>
</Document>
</kml>
