<?xml version="1.0" encoding="UTF-8"?>
<kml xmlns="http://www.opengis.net/kml/2.2" xmlns:atom="http://www.w3.org/2005/Atom">
<Document>
<name>ＷＣＣ８月走行会</name>
<atom:author>
<atom:name>まるふく</atom:name>
</atom:author> 
<atom:link href="https://latlonglab.yahoo.co.jp/route/watch?id=feb68ae252a23295188a4c6829226f31" />
<description><![CDATA[]]></description>
<tags><![CDATA[自転車]]></tags>  
<Placemark>
<Style>
<LineStyle>
<color>99ff0000</color>
<width>6</width>
</LineStyle>
</Style>
<LineString>
<coordinates>
135.1753488888889,34.23397,8
135.17032,34.22913,8
135.17038,34.22915,8
135.17041,34.22908,8
135.17038,34.22951,9
135.17012,34.22964,9
135.16986,34.22967,8
135.16925,34.2297,9
135.1691,34.22958,8
135.16898,34.22957,9
135.16617,34.22963,11
135.1657,34.22957,11
135.16462,34.22959,13
135.16212,34.23003,13
135.16145,34.23045,16
135.15902111111112,34.23159,13
135.15573111111112,34.23326888888889,13
135.1563111111111,34.233868888888885,9
135.1564711111111,34.23388888888889,9
135.1566411111111,34.23401888888889,9
135.15866,34.23679888888889,8
135.1601,34.23832888888889,8
135.1604,34.238728888888886,8
135.16088,34.23916888888889,10
135.16162,34.23991888888889,10
135.16192,34.24050888888889,7
135.16233,34.24204888888889,8
135.16258,34.24243888888889,7
135.1631,34.24292805555555,6
135.1643,34.24350805555556,6
135.16513,34.24420805555555,5
135.1661,34.244888055555556,6
135.16733888888888,34.245558055555556,5
135.16913888888888,34.24618805555556,7
135.1700688888889,34.24645805555556,8
135.17209888888888,34.246828055555554,8
135.17342888888888,34.24721805555556,6
135.1748188888889,34.247768055555554,7
135.1756088888889,34.24791805555556,9
135.1768788888889,34.248398055555555,10
135.17888805555555,34.24881805555555,9
135.18201805555555,34.24970805555556,11
135.18239805555555,34.24986805555555,9
135.18325805555557,34.25051805555555,11
135.18424805555554,34.250838055555555,10
135.18511805555556,34.251268055555556,10
135.18676805555555,34.252268055555554,8
135.18690805555556,34.252358055555554,9
135.18824694444444,34.25346805555556,12
135.19048694444444,34.256118055555554,8
135.19083694444444,34.25642805555555,9
135.19165694444445,34.256998055555556,8
135.19331694444443,34.25753805555556,11
135.19462694444445,34.25771805555556,12
135.19784611111112,34.25790805555555,11
135.19801611111112,34.257888055555554,12
135.1981861111111,34.25774805555555,13
135.1984961111111,34.25772805555555,10
135.19892611111112,34.25774805555555,10
135.1991461111111,34.25785805555556,10
135.19936611111112,34.257868055555555,10
135.20027611111112,34.257778055555555,9
135.2023661111111,34.25776805555556,12
135.20276611111112,34.25769805555556,11
135.20428611111112,34.25763805555555,14
135.2048761111111,34.257758055555556,17
135.2048861111111,34.25780805555556,17
135.2047961111111,34.25783805555555,17
135.2048561111111,34.25791805555556,15
135.2053361111111,34.257978055555554,10
135.2055161111111,34.25814805555556,13
135.2055961111111,34.25814805555556,13
135.20609611111112,34.257978055555554,13
135.20688611111112,34.25785805555556,20
135.20733611111112,34.257848055555556,20
135.208795,34.25798805555556,18
135.209655,34.257798055555554,16
135.211275,34.25778805555556,16
135.211895,34.257758055555556,15
135.216225,34.257398055555555,18
135.216785,34.25729805555556,17
135.217255,34.257018055555555,14
135.218235,34.256638055555555,12
135.218895,34.256188055555555,13
135.219165,34.255588055555556,15
135.219305,34.255448055555554,19
135.219755,34.25523805555556,20
135.22039388888888,34.255068055555554,19
135.2209738888889,34.25518805555556,16
135.2215038888889,34.25566805555555,20
135.22237388888888,34.256148055555556,19
135.22308388888888,34.25635805555556,15
135.2239338888889,34.256458055555555,14
135.2250338888889,34.25640805555555,12
135.23249305555555,34.25568888888889,16
135.23637305555556,34.25547888888889,16
135.23703305555554,34.25550888888889,15
135.23790305555556,34.25601888888889,14
135.23889305555556,34.25596888888889,13
135.23945305555554,34.25595888888889,14
135.23976305555556,34.25699888888889,12
135.24001305555555,34.25706888888889,13
135.24080305555555,34.25707888888889,12
135.24087305555557,34.25716888888889,12
135.24114305555557,34.259258055555556,12
135.24142305555554,34.25946805555556,11
135.24156194444444,34.25969805555555,11
135.24264194444444,34.25950805555556,11
135.24411194444446,34.259348055555556,12
135.24513194444444,34.25905888888889,11
135.24604194444444,34.25870888888889,12
135.24757194444445,34.258338888888886,15
135.24820194444445,34.25997805555556,15
135.24869194444443,34.260978055555555,19
135.25077194444444,34.26071805555556,20
135.25085194444443,34.260798055555554,20
135.25094194444443,34.26109805555556,20
135.25124194444444,34.26125805555556,20
135.25368111111112,34.26138805555556,19
135.2556811111111,34.261408055555556,17
135.2559511111111,34.26143805555556,18
135.25627111111112,34.26156805555556,18
135.25698111111112,34.261248888888886,18
135.2585611111111,34.26038888888889,19
135.2587411111111,34.26027888888889,19
135.26003111111112,34.25997888888889,18
135.26066111111112,34.25991888888889,18
135.26138111111112,34.25975888888889,18
135.2614511111111,34.259658888888886,18
135.26137111111112,34.25934888888889,14
135.2614011111111,34.25924888888889,16
135.26190111111111,34.259008888888886,15
135.2619411111111,34.25883888888889,16
135.2620411111111,34.25872888888889,15
135.2625611111111,34.258538888888886,15
135.26422,34.260238888888885,17
135.26425,34.26042888888889,15
135.26444,34.260598888888886,14
135.2645,34.26076888888889,15
135.26402,34.26111888888889,16
135.2637311111111,34.26082888888889,18
135.26380111111112,34.26078888888889,18
135.26396,34.26100888888889,18
135.26424,34.26121888888889,17
135.265,34.26210888888889,18
135.26531,34.262278888888886,17
135.26614,34.26243888888889,17
135.26652,34.26244888888889,17
135.26796,34.263238888888885,16
135.26833,34.26374888888889,14
135.26873,34.265208055555554,13
135.26891,34.265438055555556,13
135.26922,34.26548805555556,13
135.27066,34.265368055555555,13
135.27142,34.265388055555555,13
135.27333,34.265638055555556,14
135.27416888888888,34.26575805555556,13
135.27470888888888,34.265878055555554,13
135.2766088888889,34.266688055555555,15
135.2778788888889,34.26691805555556,16
135.2794188888889,34.26664805555556,16
135.27981888888888,34.266758055555556,16
135.2804688888889,34.267068055555555,16
135.2806788888889,34.267088055555554,16
135.2840388888889,34.26695888888889,19
135.28444888888887,34.26702888888889,20
135.28531805555556,34.267428055555555,21
135.28567805555556,34.267498055555556,25
135.29007805555557,34.26754888888889,27
135.29050805555556,34.26743888888889,28
135.29269805555555,34.26658888888889,21
135.29716694444446,34.264538888888886,21
135.29769694444445,34.26400888888889,23
135.29845694444444,34.26301888888889,23
135.29973694444445,34.261358888888886,20
135.30022694444443,34.26106,20
135.30117694444445,34.26085,25
135.30270694444445,34.25976,23
135.30286694444445,34.25959,24
135.30290694444443,34.25897,23
135.30331694444445,34.25901,21
135.30443694444443,34.25896,21
135.30559694444443,34.25862,21
135.3119961111111,34.2564,22
135.3123061111111,34.25619,23
135.3123161111111,34.25605,23
135.31246611111112,34.25589,25
135.3125161111111,34.25563,23
135.31245611111112,34.25529,21
135.3122561111111,34.25488111111111,22
135.31172694444444,34.254131111111114,24
135.31183694444445,34.25392111111111,23
135.31238694444446,34.253751111111114,25
135.31245694444445,34.25367111111111,25
135.31242694444444,34.25349111111111,27
135.31212694444446,34.25311111111111,29
135.31204694444443,34.25288111111111,29
135.3149461111111,34.25161111111111,30
135.31587611111112,34.25120111111111,30
135.3177861111111,34.25051111111111,30
135.3186161111111,34.25030111111111,29
135.3190661111111,34.25038111111111,29
135.31943611111112,34.25064111111111,29
135.3208461111111,34.25201111111111,31
135.3210061111111,34.25205111111111,32
135.3212861111111,34.25184111111111,32
135.3212861111111,34.25171111111111,32
135.32052611111112,34.25105111111111,29
135.3203661111111,34.25081111111111,30
135.32042611111112,34.25055111111111,31
135.3207561111111,34.25040111111111,29
135.329215,34.24984111111111,30
135.330415,34.24982194444444,31
135.334335,34.250261944444446,33
135.335095,34.25040194444444,33
135.3373838888889,34.25103194444444,33
135.33967388888888,34.25193111111111,34
135.3409638888889,34.250051944444444,34
135.34201388888889,34.24857194444444,30
135.34217388888888,34.24845194444445,30
135.34279388888888,34.24852194444444,26
135.3464338888889,34.247121944444444,29
135.3465038888889,34.246811944444445,30
135.34639388888888,34.246411944444446,29
135.34665388888888,34.246471944444444,29
135.3480138888889,34.24639194444445,31
135.3487438888889,34.246431944444446,30
135.34942388888888,34.24628194444445,30
135.35040305555555,34.24622194444444,30
135.35082305555557,34.24610194444445,29
135.35103305555555,34.24612194444445,29
135.35149305555555,34.24602194444444,29
135.35352305555554,34.24583194444445,29
135.35370305555554,34.245851944444446,29
135.35412305555556,34.24604194444444,28
135.35522305555557,34.24619194444445,30
135.35787305555556,34.24626305555555,33
135.35911305555555,34.246163055555556,31
135.35922305555556,34.246073055555556,31
135.36009305555555,34.24617305555556,32
135.36091305555556,34.24635305555555,33
135.36112194444445,34.246473055555555,33
135.36121194444445,34.246433055555556,34
135.36168194444446,34.246563055555555,35
135.36266194444445,34.24670305555556,30
135.36386194444444,34.24745305555555,32
135.36417194444445,34.24756305555555,32
135.36481194444445,34.24762305555556,32
135.36610194444444,34.24763305555555,34
135.36652194444446,34.24749305555556,31
135.36686194444445,34.247483055555556,32
135.36817194444444,34.24767305555556,33
135.36942194444444,34.24762305555556,34
135.37092194444443,34.247213055555555,35
135.37104194444444,34.247123055555555,36
135.37147194444444,34.24673305555555,38
135.37153194444446,34.24653305555555,38
135.37169194444445,34.246493055555554,37
135.37183194444444,34.24659305555556,37
135.37188194444445,34.246723055555556,37
135.37197194444445,34.247253055555554,40
135.3720911111111,34.24944194444444,40
135.3725611111111,34.25434194444444,43
135.3726211111111,34.25761194444444,45
135.3725511111111,34.258631111111114,45
135.37268111111112,34.25889111111111,44
135.3731811111111,34.25897111111111,45
135.37338111111112,34.25923111111111,47
135.37356111111112,34.25935111111111,46
135.37439111111112,34.259571111111114,46
135.3746911111111,34.25958111111111,46
135.3751411111111,34.25949111111111,45
135.3758711111111,34.259661111111114,45
135.37626111111112,34.259681111111114,46
135.3766611111111,34.26005111111111,43
135.37707111111112,34.26010111111111,41
135.37743111111112,34.26025111111111,44
135.3784511111111,34.26050111111111,43
135.3789,34.26050111111111,39
135.37916,34.26059111111111,38
135.3795,34.26082111111111,36
135.37979,34.26115111111111,35
135.38059,34.26142111111111,33
135.38087,34.26176111111111,32
135.38125,34.26195111111111,33
135.38131,34.26202111111111,33
135.38129,34.26227111111111,34
135.38146,34.26244111111111,37
135.38291,34.26312111111111,40
135.38304,34.26321111111111,40
135.38323,34.26365111111111,40
135.38351,34.26368111111111,40
135.38395,34.26385111111111,42
135.38411,34.263981111111114,42
135.38466,34.26422111111111,40
135.38611,34.26536111111111,41
135.38635,34.26545111111111,41
135.387,34.26594111111111,41
135.38717,34.26600111111111,40
135.38781,34.26600111111111,40
135.3899088888889,34.26641111111111,37
135.39076888888889,34.26649111111111,38
135.39093888888888,34.266621111111114,39
135.3909488888889,34.26739111111111,40
135.3911388888889,34.26750111111111,40
135.39181888888888,34.26757111111111,41
135.39209888888888,34.26773111111111,42
135.39254888888888,34.26769111111111,45
135.3937688888889,34.26780111111111,46
135.3939988888889,34.267741111111114,46
135.3943788888889,34.26784111111111,47
135.3949888888889,34.26785111111111,46
135.3956488888889,34.26777111111111,45
135.39604888888888,34.26785111111111,45
135.3962588888889,34.267831111111114,45
135.3967688888889,34.26797111111111,43
135.39937805555556,34.26760111111111,40
135.40042805555555,34.26764111111111,39
135.40123805555555,34.26755111111111,39
135.40172805555557,34.26762111111111,39
135.40290805555554,34.267541111111115,40
135.40342805555557,34.26758111111111,40
135.40383805555555,34.267451111111114,40
135.40387805555557,34.26716111111111,39
135.40435805555555,34.26717111111111,37
135.40617805555556,34.26740111111111,37
135.40636805555556,34.26746111111111,37
135.40669805555555,34.26760111111111,37
135.40693805555554,34.26777111111111,37
135.40728805555557,34.26784111111111,37
135.40740805555555,34.26816111111111,40
135.40729805555554,34.26876111111111,43
135.40764805555557,34.26878111111111,46
135.40774805555554,34.26866111111111,44
135.40781805555557,34.26894111111111,46
135.40981805555555,34.26898111111111,45
135.40993694444444,34.269041111111115,44
135.40999694444446,34.26929111111111,44
135.41114694444445,34.26943111111111,45
135.41264694444445,34.26940111111111,46
135.41320694444445,34.26979111111111,46
135.41466694444443,34.27043111111111,42
135.41501694444443,34.27072111111111,38
135.41533694444445,34.27087111111111,39
135.41590694444446,34.270941111111114,39
135.41655694444444,34.27090111111111,39
135.41711694444444,34.27096111111111,40
135.41776694444445,34.27086111111111,41
135.41811694444445,34.27099111111111,41
135.41884694444445,34.27111111111111,43
135.41926694444444,34.27073111111111,42
135.41928694444445,34.270651111111114,51
135.41886694444443,34.27114111111111,52
135.41776694444445,34.27093111111111,46
135.41726694444444,34.27100111111111,46
135.41660694444445,34.270921111111114,45
135.41580694444445,34.27096111111111,45
135.41545694444446,34.27091111111111,44
135.41507694444445,34.27079111111111,44
135.41460694444444,34.27043111111111,42
135.41308694444444,34.26976111111111,43
135.41268694444443,34.26945111111111,42
135.41211694444445,34.269441111111114,42
135.41099694444443,34.269441111111114,44
135.41008694444446,34.26932111111111,41
135.40998694444446,34.269061111111114,41
135.40983805555555,34.26901111111111,42
135.40730805555555,34.26891111111111,43
135.40744805555556,34.268031111111114,43
135.40740805555555,34.26753111111111,42
135.40746805555557,34.267091111111114,39
135.40740805555555,34.26692111111111,39
135.40721805555555,34.26675111111111,37
135.40454805555555,34.265861111111114,40
135.40077805555555,34.26500111111111,40
135.4000388888889,34.26467111111111,40
135.39995888888888,34.26472111111111,38
135.39995805555554,34.26494111111111,37
135.40010805555556,34.26545111111111,37
135.39995805555554,34.26609111111111,38
135.40004805555554,34.26658111111111,39
135.39947805555556,34.26658111111111,39
135.3986988888889,34.26638111111111,39
135.39852888888888,34.26640111111111,40
135.3985088888889,34.266331111111114,40
135.3990388888889,34.265681111111114,38
135.39899888888888,34.26515111111111,39
135.3991188888889,34.26419111111111,40
135.39906888888888,34.264091111111114,40
135.3987688888889,34.26397111111111,41
135.3982288888889,34.263601111111115,40
135.39601888888888,34.26264194444445,42
135.39192888888888,34.26137194444444,42
135.3908888888889,34.26106194444444,41
135.38591,34.25972194444444,40
135.38491,34.25929194444444,41
135.38306,34.257961944444446,40
135.38165,34.25725194444444,40
135.38097,34.25667194444444,39
135.37976111111112,34.25546194444444,40
135.3789111111111,34.25432194444444,41
135.37822111111112,34.25313194444445,40
135.3777411111111,34.25251194444444,35
135.37753111111113,34.25253194444444,35
135.3772911111111,34.25288194444445,35
135.37714111111111,34.25345194444444,35
135.37715111111112,34.25383194444444,35
135.37699111111112,34.25387194444444,36
135.3765011111111,34.25371194444445,35
135.37618111111112,34.25371194444445,38
135.3761111111111,34.253661944444445,38
135.3760211111111,34.25353194444445,39
135.37600111111112,34.253301944444445,42
135.3757511111111,34.25302194444444,44
135.37483111111112,34.25260194444444,47
135.37429111111112,34.25175194444444,40
135.3733511111111,34.25063194444444,37
135.37277111111112,34.24978194444444,40
135.3726111111111,34.249671944444444,39
135.3719311111111,34.24971194444444,37
135.3714011111111,34.249581944444444,39
135.37109194444446,34.24960194444444,38
135.37043194444445,34.249791944444446,36
135.36956194444446,34.250141944444444,34
135.36906194444444,34.25049194444444,32
135.36900194444445,34.25054194444444,33
135.36429194444443,34.25327194444444,31
135.36392194444446,34.25354194444444,32
135.36287194444444,34.25405194444444,30
135.36005194444445,34.25499194444444,30
135.35591305555556,34.25587111111111,27
135.35584305555557,34.255921111111114,27
135.35582305555556,34.25607111111111,28
135.35607305555556,34.25705111111111,27
135.35608305555556,34.25745111111111,27
135.35536305555556,34.25732111111111,27
135.35467305555557,34.25734111111111,28
135.35356305555555,34.25764111111111,31
135.35295305555556,34.25746111111111,32
135.35093305555554,34.25712111111111,35
135.34768305555556,34.25694111111111,37
135.3449338888889,34.25655111111111,37
135.34306388888888,34.25674111111111,34
135.3412338888889,34.256951111111114,32
135.3409938888889,34.25692111111111,32
135.3407938888889,34.25697111111111,31
135.3407238888889,34.257131111111114,31
135.34084388888888,34.25756111111111,33
135.3407738888889,34.257711111111114,34
135.3411438888889,34.25951111111111,34
135.34110388888888,34.25984111111111,33
135.3404138888889,34.26001111111111,34
135.33940388888888,34.26044,33
135.33555388888888,34.26273,37
135.3346138888889,34.26318,36
135.3337838888889,34.26346,36
135.3331038888889,34.26359,37
135.33168388888888,34.26368,35
135.330485,34.26358,36
135.329335,34.26334,36
135.329345,34.2628,33
135.329585,34.26271,33
135.329605,34.26261,33
135.329525,34.2627,34
135.329495,34.26298,33
135.329345,34.26333,34
135.328515,34.26323,34
135.326805,34.26287,33
135.326825,34.26281,33
135.326905,34.26283,34
135.326895,34.26289,36
135.326795,34.26279,36
135.326645,34.26284,37
135.326295,34.26275,37
135.326045,34.26145,34
135.325645,34.26062,33
135.325535,34.26024,33
135.325345,34.26013,33
135.325265,34.25999,32
135.325565,34.25906,32
135.325585,34.25858,30
135.325505,34.25834,30
135.325555,34.25817,29
135.325735,34.258,30
135.326345,34.25796,29
135.326295,34.257711111111114,30
135.326345,34.25670111111111,31
135.3209161111111,34.25208111111111,34
135.3195861111111,34.25081111111111,31
135.31927611111112,34.25068111111111,32
135.3193161111111,34.25074111111111,33
135.3193161111111,34.250751111111114,33
135.31925611111112,34.25065111111111,32
135.31898611111112,34.25071111111111,31
135.31871611111112,34.25032111111111,32
135.31845611111112,34.25033111111111,32
135.31766611111112,34.25054111111111,32
135.31516611111113,34.251511111111114,31
135.31204694444443,34.25287111111111,30
135.31201694444445,34.25298111111111,31
135.3124961111111,34.253661111111114,24
135.31204694444443,34.25383111111111,24
135.31151694444443,34.254241111111114,23
135.31081694444444,34.25457111111111,24
135.31077694444446,34.25468111111111,24
135.31089694444444,34.25494,24
135.31085694444445,34.25509,24
135.30999694444444,34.25548,24
135.30884694444444,34.25569,27
135.30878694444445,34.25574,26
135.30881694444443,34.25609,27
135.30871694444446,34.25641,26
135.30844694444446,34.25658,26
135.30807694444445,34.25656,24
135.30794694444444,34.25668,22
135.30745694444445,34.25689,22
135.30741694444444,34.25701,22
135.30745694444445,34.25733,25
135.30789694444445,34.25757,27
135.30802694444444,34.25773,30
135.30564694444445,34.25857,25
135.30437694444444,34.25894,26
135.30318694444443,34.259,23
135.30290694444443,34.25886,26
135.30273694444443,34.25886,26
135.30267694444444,34.25888,25
135.30190694444445,34.25917,24
135.29968694444443,34.25962,24
135.29701805555555,34.26042,24
135.29411805555554,34.26141888888889,23
135.28844805555556,34.26317888888889,20
135.28706805555555,34.26349888888889,19
135.2856788888889,34.26373888888889,20
135.2852988888889,34.263778888888886,18
135.28498888888888,34.26372888888889,18
135.28471888888888,34.26387888888889,20
135.2830988888889,34.26399888888889,25
135.2808188888889,34.26401888888889,24
135.2796888888889,34.26394888888889,19
135.2760288888889,34.263778888888886,18
135.27134,34.26371888888889,13
135.27043,34.26364888888889,15
135.26941,34.26345888888889,16
135.26868,34.263238888888885,15
135.26775,34.26284888888889,14
135.26661,34.26214888888889,12
135.26535,34.26102888888889,17
135.26327111111112,34.25883888888889,15
135.26318111111112,34.258808888888886,15
135.2629511111111,34.259008888888886,17
135.2625011111111,34.25855888888889,16
135.2620311111111,34.258718888888886,16
135.2619511111111,34.25878888888889,15
135.26192111111112,34.25897888888889,17
135.2614111111111,34.25921888888889,16
135.26137111111112,34.25937888888889,16
135.2614511111111,34.259658888888886,16
135.26139111111112,34.25975888888889,17
135.2606211111111,34.25991888888889,15
135.26048111111112,34.259928888888886,15
135.2599711111111,34.25997888888889,16
135.25869111111112,34.260308888888886,15
135.25628111111112,34.26156805555556,17
135.2559811111111,34.261468055555554,15
135.2554511111111,34.26141805555555,16
135.25128194444446,34.261268055555554,18
135.25099194444445,34.26110805555555,15
135.25088194444444,34.26076805555556,15
135.25081194444445,34.26072805555555,14
135.24945194444444,34.26096805555556,10
135.24875194444445,34.260998055555554,11
135.24817194444444,34.25978888888889,15
135.24769194444445,34.25846888888889,14
135.24753194444443,34.25829888888889,14
135.24592194444443,34.258718888888886,13
135.24398194444444,34.259348055555556,13
135.24227194444444,34.259548055555555,11
135.24158194444445,34.25971805555555,12
135.24149305555557,34.25948805555556,14
135.24122305555557,34.25930805555556,13
135.24106305555554,34.25819888888889,14
135.24088305555554,34.25709888888889,12
135.24074305555555,34.25702888888889,13
135.23987305555556,34.25702888888889,12
135.23975305555555,34.25682888888889,11
135.23957305555555,34.25606888888889,11
135.23948305555555,34.255918888888885,11
135.23924305555556,34.25588888888889,11
135.23794305555555,34.256008888888886,8
135.23714305555555,34.255518888888886,9
135.23664305555556,34.25550888888889,9
135.23627305555556,34.25528888888889,10
135.23162305555556,34.25555888888889,8
135.22953388888888,34.25575888888889,10
135.2291338888889,34.25572888888889,11
135.2285138888889,34.25585888888889,10
135.2238638888889,34.25628805555556,8
135.2231538888889,34.256188055555555,10
135.2224938888889,34.255918055555554,14
135.2217638888889,34.25539805555555,16
135.2214938888889,34.255068055555554,19
135.2210638888889,34.255138055555555,18
135.22040388888888,34.254978055555554,21
135.219475,34.25521805555555,17
135.219245,34.25534805555556,18
135.219075,34.25554805555556,16
135.219005,34.25566805555555,16
135.218785,34.256118055555554,13
135.218525,34.256298055555554,13
135.216925,34.25706805555556,15
135.216295,34.25724805555556,15
135.211125,34.257688055555555,16
135.209665,34.25769805555556,15
135.208645,34.25787805555556,14
135.2069261111111,34.257758055555556,16
135.20544611111112,34.25801805555555,8
135.2048561111111,34.25790805555555,14
135.2047761111111,34.25783805555555,14
135.2048861111111,34.257758055555556,15
135.2047961111111,34.25772805555555,15
135.20411611111112,34.25760805555556,11
135.2023761111111,34.257758055555556,8
135.2013861111111,34.257708055555554,6
135.2000161111111,34.257758055555556,9
135.1992261111111,34.257868055555555,8
135.19884611111112,34.25772805555555,8
135.19829611111112,34.25772805555555,8
135.1981461111111,34.25774805555555,9
135.19795611111113,34.257888055555554,9
135.19398694444445,34.257648055555556,10
135.19338694444446,34.25754805555555,9
135.19209694444444,34.25716805555555,9
135.19141694444446,34.256858055555554,8
135.19063694444444,34.25621805555556,9
135.19051694444445,34.25610805555556,9
135.18815694444444,34.25333805555555,10
135.18727694444445,34.25261805555556,9
135.18637805555556,34.25198805555556,10
135.18503805555557,34.25120805555556,8
135.18422805555556,34.250818055555555,8
135.18346805555555,34.250618055555556,9
135.18270805555557,34.25004805555555,7
135.18223805555556,34.249788055555555,7
135.17863805555555,34.248738055555556,6
135.17705805555556,34.24842805555556,7
135.17558888888888,34.247908055555556,7
135.1748888888889,34.247798055555556,7
135.1731288888889,34.24712805555556,5
135.1717588888889,34.24675805555555,5
135.1699788888889,34.246448055555554,8
135.1685388888889,34.246008055555556,7
135.16743888888888,34.24558805555556,8
135.16608,34.24489805555555,10
135.16519,34.244278055555554,10
135.16427,34.24350805555556,6
135.16344,34.243118055555556,6
135.16311,34.242938055555555,6
135.16268,34.24258888888889,6
135.16231,34.24197888888889,5
135.16189,34.24045888888889,5
135.16142,34.23968888888889,5
135.16044,34.23879888888889,5
135.16018,34.23841888888889,5
135.15935,34.23757888888889,5
135.1584411111111,34.23652888888889,6
135.15669111111112,34.23410888888889,6
135.1563011111111,34.23388888888889,7
135.1558511111111,34.233398888888885,12
135.1556511111111,34.23331888888889,12
135.15555111111112,34.23334888888889,12
</coordinates>
</LineString>
</Placemark>
</Document>
</kml>
